92.32552603185346
92.32552603185346
92.32552603185346
92.32552603185346
92.32552603185346
92.32552603127058
92.32552603098597
92.32552603131774
92.32552603117618
92.32552603100632
92.32552603212645
92.32552603076967
92.32552603053706
92.32552602823596
92.32552601765
92.32552597911922
92.32552585832087
92.32552553023943
92.32552472247222
92.32552291447679
92.3255191716554
92.3255119327203
92.3254987302255
92.3254758562706
92.32543797254436
92.32537767494257
92.32528502479838
92.32514706964763
92.3249473455262
92.3246653998653
92.32427633369156
92.3237503737435
92.32305249622416
92.32214208934737
92.32097267697739
92.31949169354043
92.31764032680707
92.3153533974031
92.31255931406638
92.3091800543329
92.30513121626538
92.30032208813134
92.29465576965873
92.28802930891042
92.28033388343891
92.27145497731664
92.26127259453804
92.2496614705442
92.23649129534999
92.22162693883945
92.20492867892519
92.18625241633973
92.16544990461416
92.14236894977893
92.11685362033667
92.08874443727262
92.0578785574209
92.02408994313697
91.98720952288357
91.94706533870999
91.90348268156822
91.85628421253547
91.80529007699037
91.7503180020205
91.6911833888595
91.62769938398347
91.55967695310935
91.48692493663239
91.40925009554438
91.32645715366895
91.2383488269783
91.14472584404973
91.04538696513781
90.94012898640283
90.82874674536282
90.71103310866476
90.58677896690914
90.45577321530389
90.3178027255838
90.17265232927957
90.02010476897367
89.85994067189405
89.69193849684156
89.51587449186165
89.3315226350486
89.13865457522392
88.93703957235103
88.72644441947405
88.50663337306992
88.27736806881542
88.03840743549347
87.78950759972702
87.5304217880695
87.26090021744348
86.98068998410025
86.68953494121152
86.3871755683548
86.07334883694166
85.74778806511647
85.41022276225314
85.06037846973297
84.69797658431767
84.32273418620868
83.93436384209559
83.53257341305084
83.11706584307761
82.68753894965596
82.24368519695838
81.78519147107289
81.31173884205191
80.82300233152567
80.31865066613905
79.7983460465648
79.26174391110933
78.70849270691117
78.13823368525479
77.55060070442777
76.94522007683486
76.32171042678915
75.67968263900556
75.01873982043789
74.33847739034118
73.63848324372044
72.91833804629975
72.17761569399072
71.4158839676981
70.6327054142944
69.82763853115125
69.00023930938494
68.15006319562227
67.2766675972019
66.3796149996556
65.4584768694578
64.5128384584905
63.54230470925295
62.546507477623685
61.52511427910266
60.4778389027249
59.40445411650548
58.30480690878403
57.17883651441719
56.02659572177674
54.84827569005126
53.64423467754913
52.41503076259613
51.16145855108393
49.88458954753177
48.585815266210176
47.26689170729184
45.929982909003044
44.57770023858848
43.21313334348691
41.839867266005115
40.461979995531046
39.08401433686819
37.71091909258452
36.34795662579557
35.000577230756676
33.674265053961776
32.37436557867245
31.10590776563833
29.873437046062524
28.680874278322882
27.531413301985154
26.42746391883247
25.370641787739224
24.361800415163994
23.401096885858674
22.488080682477232
21.62179476229349
20.80087951362625
20.0236721557989
19.288296759038893
18.59274235366239
17.934927581850676
17.31275280248393
16.724140185213034
16.16706385147005
15.63957103671825
15.13979644725015
14.66597117225841
14.216426658037117
13.789596545404889
13.384014957420547
12.99831400018851
12.631219633893947
12.281547146643465
11.94819593401771
11.630144375694208
11.326444470198437
11.036216764456878
10.758645310679944
10.492972939346007
10.23849700217762
9.994564948337795
9.760570363052784
9.53594974813961
9.320178774602152
9.11276949049891
8.913267192242902
8.721248095861034
8.536316746114409
8.3581040817646
8.186265039715062
8.020476961194518
7.8604378769363965
7.705864884679173
7.556492909254097
7.412073012436225
7.2723715593138
7.137169120773404
7.0062590376492455
6.879446952706995
6.756549976661357
6.637395419720251
6.521820622237617
6.4096716952473685
6.300803589740321
6.195079115003529
6.092368422504353
5.992548560576406
5.895503111488937
5.8011217087779
5.709299771149517
5.619937790994669
5.532941600414095
5.448221295675098
5.3656917598344425
5.285272005095006
5.20688456644806
5.130456131622352
5.0559164520446975
4.983198767690179
4.91223933486532
4.842977322055198
4.775354514025755
4.709315542845162
4.644807251272051
4.581778936109624
4.520181801209165
4.459969635445926
4.401097706855906
4.343523586609785
4.28720609391851
4.2321062656675625
4.178186427043564
4.125410264482571
4.073743376964826
4.023152438508029
3.973605288994557
3.92507123885104
3.8775207867779824
3.8309255392701034
3.7852580467827757
3.7404917736064336
3.6966016002840254
3.6535631411557254
3.611352592787882
3.569947367639681
3.529325561653089
3.489466121102978
3.45034874360978
3.411953501200253
3.374261509624966
3.337254753875455
3.3009149625487173
3.2652253971705947
3.2301694262461145
3.1957311862918787
3.161894982969371
3.128645917171777
3.095969733508967
3.06385218175808
3.0322797279280764
3.0012392574607225
2.9707181404997844
2.940704093519505
2.911184949319922
2.882149460311116
2.853585768756124
2.825483767363986
2.7978322959326833
2.770621653088627
2.74384136758675
2.717482279644171
2.6915345929772383
2.665989364555793
2.640837995704705
2.6160713379496894
2.5916816866762664
2.5676608196598023
2.544000684437729
2.520693443293301
2.4977318036001557
2.47510908476953
2.452817287556314
2.430850364040803
2.409201384966244
2.3878634079183456
2.366830992567834
92.32552603185346
92.32552603185346
92.32552603098597
92.32552603059717
92.3255260309151
92.32552603132436
92.32552603152745
92.32552603116814
92.32552603017113
92.32552602827091
92.32552600595498
92.32552589627336
92.32552548050327
92.3255241823568
92.32552070761585
92.32551251896244
92.32549511708547
92.32546119092166
92.32539966486704
92.32529471258577
92.32512480649511
92.32486185156064
92.32447044912531
92.32390732716246
92.32312093388958
92.32205121452178
92.32062954296035
92.31877880974537
92.31641362894527
92.31344064865036
92.3097589440663
92.30526045917422
92.29983049165918
92.29334818869684
92.28568705005124
92.27671542113542
92.26629696138528
92.25429109534052
92.24055342253504
92.22493610441455
92.2072882040671
92.18745599286352
92.16528323024866
92.14061139188289
92.11327987801273
92.08312618493792
92.04998605380851
92.01369358080771
91.97408131509552
91.93098033162875
91.88422028420936
91.83362943529731
91.77903468422562
91.7202615674668
91.65713426026521
91.58947555518294
91.51710684398869
91.43984808300193
91.35751775887432
91.2699328412484
91.17690874047594
91.07825925066358
90.97379649940547
90.86333088690068
90.74667102661016
90.62362368571094
90.49399371335008
90.35758398334823
90.21419532265453
90.06362644107924
89.90567386302733
89.74013185291051
89.56679234650606
89.38544486820291
89.19587646193179
88.99787160064477
88.79121211665777
88.57567711208273
88.35104286496373
88.11708275257945
87.87356714793954
87.62026332547518
87.35693536118568
87.08334402288182
86.79924666785085
86.5043971192188
86.19854555096214
85.88143836096602
85.5528180410055
85.21242303581802
84.85998760495373
84.49524166938143
84.11791065897565
83.7277153481119
83.32437169610819
82.9075906673852
82.4770780593375
82.03253432437884
81.57365438274672
81.1001274471686
80.61163683586875
80.1078597996742
79.58846734467865
79.05312408371351
78.50148808309918
77.93321074224961
77.3479367017036
76.74530378696154
76.124942994379
75.48647854672095
74.82952801244532
74.15370252626069
73.45860712649728
72.74384121802409
72.00899922219234
71.25367143202898
70.47744510935267
69.67990590582804
68.86063962923521
68.01923447702742
67.15528377848028
66.26838937712185
65.35816577064456
64.42424514374312
63.46628345576441
62.48396777931619
61.47702509116753
60.445232766644445
59.3884310245206
58.30653762073555
57.1995650081048
56.06764037208649
54.911028594668956
53.73015846417217
52.52565203153144
51.29835704005647
50.04938180068077
48.780131783017424
47.4923463044564
46.188133395624654
44.86999985982767
43.540873084153155
42.204110222215625
40.86349030967351
39.52318481021746
38.18770306169837
36.86181094471045
35.55042364322101
34.258476677427744
32.9907829298711
31.751885899772347
30.545921509899376
29.376499812231067
28.246616349669278
27.1585990785239
26.114092367365316
25.11407520095074
24.15890829354954
23.248401723006186
22.381895052316356
21.558342698607802
20.776397872009763
20.034490576510994
19.33089732799557
18.66380079609109
18.031338704563048
17.43164373056673
16.862873643281347
16.323234268723493
15.810995832630168
15.324503957122484
14.862186353115911
14.422556498882816
14.004214481052422
13.605846193873143
13.226221177790034
12.864189489308753
12.518677945130543
12.188686142406999
11.873282043461453
11.571597929883978
11.282825990018432
11.006214204277487
10.74106258094473
10.486719265065556
10.242577043437914
10.008070139545234
9.782671015021313
9.56588755024012
9.357260423955374
9.156360605453973
8.962787079767384
8.776164878899303
8.59614297414105
8.422392510979918
8.254605482517459
8.092492667735263
7.93578285672273
7.784221085494907
7.637567803372444
7.495597536428959
7.358098047121347
7.224869376697271
7.095723016081738
6.970481036995185
6.848975584236525
6.731048038645476
6.616548155193902
6.505334158809269
6.397271760531441
6.292233497401963
6.190098903727155
6.0907533127542095
5.994088343497509
5.900000590178945
5.808392248618104
5.719170034736511
5.632245285188155
5.547533518014098
5.4649543991799865
5.384431453529272
5.305891500048224
5.22926502308229
5.154485221086067
5.081488973861022
5.010215469905674
4.940606634488337
4.87260715363453
4.8061639718285285
4.741226209999667
4.677745485518232
4.615674966539167
4.554970030331682
4.495588060370625
4.437487796233795
4.380629980883873
4.324976746984481
4.270491756073558
4.217140002077132
4.164888173627725
4.113703709868635
4.063555947370276
4.014414754015572
3.966251570876286
3.9190386477663517
3.872749311176682
3.8273579270713873
3.7828398831170964
3.73917099994453
3.6963285134077237
3.654290323782607
3.613034861584397
3.572541456229815
3.5327901458611914
3.493761572175628
3.45543750359186
3.417799321536159
3.380829969531221
3.34451251346695
3.308830784924427
3.273769002132171
3.2393117584114584
3.205444604687856
3.1721530109020546
3.1394229165773657
3.1072415736600427
3.0755954827243577
3.044472095885879
3.013859620275999
2.9837457747065104
2.9541191560174296
2.9249685942865744
2.8962835369961613
2.8680534464470813
2.8402679896140888
2.812917463411763
2.7859919470881307
2.7594823656784833
2.733379834931119
2.707675133203058
2.682360417679115
2.6574264605791593
2.632865764815702
2.60867036177811
2.584832399501845
2.561344988132264
2.5382001581672027
2.515391543943399
2.4929117424024225
2.4707545791592955
2.4489133132734917
2.4273816264851167
2.4061531226276713
2.3852220986344315
2.3645826387493556
2.3442294682874314
2.3241561842657874
2.3043579126739173
2.2848292588978545
2.2655649862616927
92.32552603124807
92.32552603149253
92.32552603137363
92.32552603079793
92.32552602982116
92.32552598433551
92.3255253855453
92.32552131729865
92.32550342512233
92.32544545385625
92.325294892193
92.32496330737453
92.32431948693129
92.32318639443012
92.32134184364203
92.31852216054033
92.31442780481663
92.3087299964747
92.30107755503082
92.29110341326738
92.27843044529081
92.26267644803484
92.24345822301528
92.22039479921725
92.19310985394628
92.1612334634123
92.1244032653022
92.08226514758297
92.03447357115643
91.98069158035965
91.92059061139123
91.85385011208653
91.78015706525335
91.69920542452077
91.6106954908101
91.51433328242216
91.4098298733565
91.29690074932495
91.17526516692597
91.04464553617655
90.90476681967493
90.75535596215683
90.59614133861741
90.42685223581461
90.24721835476811
90.05696933944775
89.85583432939029
89.64354153520874
89.41981783752756
89.18438839884188
88.93697630504364
88.67730221582214
88.40508403468849
88.12003659207548
87.82187135102541
87.51029611758416
87.1850147691328
86.84572699740345
86.49212806471304
86.12390857214189
85.74075425033078
85.34234575210618
84.9283584853492
84.49846244573598
84.05232208301791
83.5895961993304
83.10993786450791
82.61299438304057
82.0984072978219
81.56581245047516
81.01484009562803
80.44511509765226
79.85625720585055
79.24788143489003
78.61959856728646
77.97101579883854
77.30173754479883
76.61136646003217
75.8995046799621
75.16575533398813
74.40972439981624
73.6310229084377
72.82926961360015
72.00409414836291
71.15514079271072
70.2820729264935
69.3845782503292
68.46237494237526
67.51521881704227
66.54291165926557
65.54531085385531
64.52234046066486
63.474003864253966
62.40039812017771
61.3017300643415
60.178334256939515
59.03069266698214
57.85945596200836
56.66546612303118
55.44977983551838
54.21369194929113
52.958758007877094
51.68681443092244
50.39999485271649
49.10074050019626
47.79180261576582
46.47623467634896
45.157372398280465
43.83879992055839
42.52430159916807
41.21779943305709
39.92327815327723
38.64470082799163
37.38591942694682
36.15058578501155
34.94206837763748
33.763380435363985
32.61712371194087
31.505450640894438
30.43004605545548
29.392128006794472
28.392465074991655
27.431407759411215
26.508929438621443
25.6246738643523
24.778005343465615
23.96805888268518
23.193788084844847
22.45400895104753
21.747439310784767
21.07273268162455
20.428507095576894
19.813368868485842
19.225931593455112
18.664831443976347
18.128738507393564
17.616365322509598
17.12647291652667
16.657874722257016
16.209438844190668
15.780089113005243
15.368804994794713
14.97462079503637
14.596624389239691
14.233955273912644
13.885802706775205
13.551403277014407
13.230038744381785
12.921033524485726
12.62375237972362
12.337598116917455
12.062009087286317
11.796457554215399
11.540446885138191
11.293510223613481
11.05520805889823
10.825126969164192
10.602877486036574
10.38809287970441
10.180427416266786
9.979555303910319
9.785169051488078
9.596978590459928
9.414709932077757
9.238104236453943
9.06691692449607
8.900916569063815
8.739884157996114
8.583612427608866
8.431904964963516
8.284575646094286
8.141447893522566
8.002354215141922
7.867135567193768
7.735640924551022
7.6077266381263415
7.483256314935626
7.362099948432957
7.244134064759457
7.129240809932339
7.017308061667772
6.908228833590508
6.801901228813005
6.698227866557267
6.597115856143722
6.498476440991327
6.402224922160173
6.30828010782911
6.216564564468445
6.127004137327015
6.039527792260559
5.954067603275645
5.870558377621639
5.788937679733299
5.709145664041996
5.631124970283763
5.554820410649498
5.480179190584109
5.40715046611588
5.335685559087995
5.265737441362735
5.197261154960506
5.130213327622665
5.064552249808914
5.000237666000314
4.937231245080631
4.875495548514044
4.814994760325973
4.7556944258742835
4.69756121486722
4.640563103460701
4.584668954187935
4.52984903437892
4.476074535670123
4.423317525776949
4.3715512321681205
4.320749652879272
4.270887643945269
4.221941105467507
4.173886494331153
4.126701206900159
4.0803632462645965
4.034851565748227
3.99014541991184
3.9462251626021874
3.903071518254931
3.8606657379576026
3.8189897163008113
3.7780262310345725
3.7377582384964607
3.6981693413025405
3.659243489436097
3.620965552740761
3.5833200830845486
3.546292752291433
3.5098697136284205
3.474036970005017
3.438781293536038
3.4040899657454706
3.3699501241910457
3.3363498903760793
3.303277265848552
3.270720831069448
3.238669537241753
3.207112250913482
3.176038602549267
3.1454383745465813
3.1153013441825057
3.085618090788899
3.0563788247211954
3.0275746258831013
2.999196534176495
2.9712355449016834
2.943683540379173
2.9165319622510673
2.88977287745068
2.8633985516223714
2.8374009568116145
2.811772981132785
2.786507643505371
2.761597264266948
2.7370352979139185
2.7128147366130446
2.6889294012386884
2.665372645871037
2.6421386252312598
2.619220426229706
2.5966128835055846
2.574309868637114
2.5523057883527396
2.5305950701016195
2.509172461060947
2.4880326009517435
2.4671703132322165
2.446580373153168
2.4262585474801828
2.406199359336108
2.3863983439598613
2.366851018899625
2.347553274460091
2.3284996708422674
2.3096869373570534
2.2911105475834828
2.2727662805689164
2.2546504477091007
2.2367589937948833
2.2190882067732414
2.2016338712612216
2.184393025908761
2.16736199744389
2.1505366230750944
2.1339138097560855
2.1174905387660456
2.1012634684744236
2.0852292622689843
2.0693843726241554
2.0537264958765364
2.038252003587606
2.022958298324739
2.0078422010242134
92.32552603178887
92.32552603176643
92.32552601507808
92.32552438483465
92.32549787963674
92.32532949416637
92.32470931386904
92.32308324999023
92.31967469615186
92.31355122644756
92.30370003283124
92.2890908571094
92.26871962190087
92.24163405958588
92.20694553565431
92.16383154745525
92.11153251010137
92.04934542301373
91.9766161406538
91.8927313079508
91.79711055353708
91.68919924935376
91.56846196483116
91.43437664053559
91.2864294246716
91.12411012544231
90.94690818392094
90.75430910684564
90.54579118794129
90.32082296184413
90.07885986320244
89.81934246050811
89.54169379330054
89.24531724953148
88.92959443068247
88.5938830774161
88.23751502151484
87.85979413466038
87.45999429349982
87.03735731707684
86.59109090232388
86.12036655034308
85.6243175009796
85.1020367054479
84.55257485479935
83.97493854946069
83.36808865389672
82.73093895007078
82.06235523399958
81.36115501234636
80.62610805600964
79.85593809523573
79.04932607581142
78.20491542795736
77.32131995825213
76.39713571473807
75.43095620107977
74.42139447975978
73.36711173200246
72.26685476275068
71.11950413079542
69.92413488590765
68.68009174798269
67.38708006301366
66.04527258118875
64.65543285804709
63.219045870266996
61.738455172616135
60.21698899667668
58.6590601935614
57.07021865522879
55.457134046516856
53.82749023604351
52.189782226283015
50.553021403201065
48.926372432433304
47.31876039576851
45.73849477060969
44.19295383409655
42.68836289918279
41.22967543493464
39.82055857072974
38.4634604887236
37.15973637445507
35.90980742691505
34.71333064711313
33.569363792907815
32.476514751588724
31.43307056927961
30.437104349097066
29.486561010903493
28.579324070629784
27.71326628248079
26.88628678827899
26.096337717902784
25.341442257222216
24.619706338925234
23.929325455844303
23.26858789008946
22.635875202060472
22.029661013631074
21.448508401476065
20.891066435380758
20.356066300650852
19.842316978295305
19.34870087309051
18.87416950454434
18.417739144750872
17.978486806427075
17.555546099728065
17.148103659008818
16.755395435632877
16.376703501795795
16.011352857566532
15.658708537040477
15.318172939265997
14.989183235549953
14.67120907862882
14.363750394686356
14.066335404481169
13.778518783960108
13.499879783239539
13.230020766027124
12.968565696160125
12.715158695422133
12.46946276572453
12.23115866071207
11.999943722081243
11.775530916699333
11.55764772355316
11.346035410367167
11.140448227589156
10.940652469948757
10.746425872746132
10.55755693378184
10.37384422959831
10.19509601629024
10.021129421236816
9.851770135377889
9.686851802704432
9.526215746750962
9.369710428604074
9.21719107117121
9.068519229416603
8.923562687851694
8.782194875391518
8.64429470410456
8.509746224494796
8.378438456384155
8.250265002121935
8.12512389158971
8.002917361365801
7.88355172198257
7.766936951830218
7.65298667734319
7.541617902193231
7.432751134964784
7.326309664688526
7.222219999584336
7.120411324827854
7.020815649737699
6.923367443674457
6.828003687062538
6.73466368541733
6.643289004152846
6.553823361256586
6.466212438171932
6.380404015035845
6.296347567935811
6.21399443102064
6.133297782794342
6.054212246396057
5.976694067876418
5.900701101429009
5.826192478780239
5.753128913631634
5.681472210429848
5.6111856691956286
5.542233591795898
5.4745816372426255
5.408196618663574
5.343046105514358
5.279098998982673
5.216325317724674
5.154695641180152
5.094181765823578
5.03475619043596
4.976392451699897
4.919064839925045
4.862748326055502
4.807418800718158
4.753052800139117
4.699627378976063
4.647120750565079
4.595511443725279
4.544778673108529
4.494902079133338
4.4458623050711825
4.397640301360466
4.350217653909378
4.303576111387318
4.257698557517576
4.212568038038583
4.168167922169324
4.124482364910225
4.081495634256473
4.039192738505509
3.997558937980011
3.956579965445675
3.916241677122368
3.876530699342158
3.83743381588642
3.7989381291503923
3.7610313564004327
3.723700946715574
3.6869353056538046
3.650722776478711
3.615052265368863
3.579912667399448
3.5452932070632146
3.511183853030018
3.477574083411417
3.4444541616253725
3.411814363038939
3.3796453683868295
3.3479379546975556
3.3166833531528357
3.285872471536898
3.255497175710086
3.225548894743254
3.1960197423851455
3.166901610135728
3.1381868837218985
3.109868107365644
3.081937595190259
3.0543884030805772
3.0272135744012942
3.0004059731441552
2.9739592295062653
2.9478666037504677
2.922121716391098
2.896718391863099
2.8716506050543793
2.846912004412344
2.822497014946342
2.798399961256788
2.7746153944279195
2.7511374758249585
2.7279610297211545
2.7050809568776257
2.6824921685592518
2.660189503483081
2.6381682053099635
2.6164233900867466
2.5949504765613884
2.573744788496227
2.5528019939143465
2.532117422587242
2.511687361634387
2.4915070290696564
2.471572428127483
2.451879641768892
2.4324246574764135
2.4132036723404764
2.394212729238425
2.375448509034513
2.3569068288804425
2.338584670806126
2.3204783534622258
2.3025841551264503
2.2848989786069613
2.2674195821544934
2.2501427120998376
2.2330652284558314
2.216183887727398
2.199496174725098
2.1829982540945965
2.16668806276969
2.1505619541354943
2.1346179201021878
2.1188524252045617
2.1032634640479646
2.0878478984233992
2.072603365822277
2.05752722951827
2.0426168914515417
2.027870072283009
2.013284825045795
1.9988580224463617
1.984587561475744
1.9704709670635892
1.9565067167973291
1.9426918071799193
1.92902446961498
1.9155027535589817
1.9021238081792817
1.888886682502448
1.875788683623506
1.8628279292866545
1.8500028186442425
92.32552363966326
92.32449180041039
92.31536461538734
92.28924097549498
92.24108427977224
92.16863136022286
92.07080824018972
91.94693605330005
91.79639157822149
91.61846436239657
91.41229342581065
91.17683459966423
90.91083773402818
90.612824475651
90.28106189794093
89.9135288742795
89.50787244443126
89.06135092531007
88.57075950238217
88.03233227449141
87.44161184909939
86.7932737064045
86.0808853382871
85.2965683516887
84.43051379150124
83.47026465578328
82.39961582098034
81.19685314045215
79.83178065448996
78.26035803839432
76.41415655556794
74.17709359596698
71.32508114860781
67.32817761954128
60.58738218721862
51.79057314008334
46.90385623801141
43.84198197458807
41.56744897165275
39.72943201733533
38.170999326066024
36.808408974785
35.59156010646074
34.48800669728955
33.4754762889783
32.537982926704466
31.66364115080314
30.843357917442745
30.070009925291732
29.33790453135535
28.64241425622399
27.979721633697267
27.346636541924997
26.7404626391021
26.158897773727166
25.59995849205387
25.061921851530577
24.543280140852282
24.04270507881006
23.55901915694611
23.091172671752826
22.638224893314586
22.1993287340191
21.773717888608665
21.36069636389245
20.959629474746425
20.569936339471138
20.19108350286384
19.822579499031047
19.463983561886806
19.114846868032636
18.77479319634383
18.44345812392258
18.120501315762958
17.805604273216325
17.498468240081653
17.198812385265274
16.90637222913017
16.62089827157824
16.34215464058632
16.069918061367694
15.803976805990338
15.544129717789167
15.290185562340431
15.041962173008056
14.799285806911797
14.561990592947637
14.32991794145773
14.102916086813186
13.88083966127742
13.66354915656059
13.450910760453676
13.242795848534355
13.039080755229445
12.839646367626708
12.644378138167424
12.453165479163378
12.265901819045068
12.082484279892258
11.902813473668013
11.72679341494562
11.554331271684562
11.38533722351745
11.219724357476538
11.057408510913065
10.898308144673765
10.742344286969914
10.589440274971123
10.439521880926291
10.292517026148085
10.148355735152093
10.006970134690016
9.868294277239682
9.73226408165867
9.598817401154832
9.467893672440947
9.339434189888383
9.213381768172361
9.089680798009793
8.968277307666071
8.849118609389896
8.73215360237176
8.617332485943296
8.504606764946725
8.393929294700914
8.285254093423962
8.178536533050135
8.073732896731324
7.970800864581321
7.869699132216032
7.770387370558682
7.672826407944977
7.57697792794994
7.4828047800155115
7.39027055962247
7.299339975160544
7.209978445714891
7.122152395711098
7.035828968241805
6.950976218900428
6.867562928301709
6.785558716380963
6.70493388278204
6.625659551515702
6.547707420045251
6.471050041751726
6.395660407465725
6.3215124045170485
6.248580390795491
6.176839461449643
6.1062651935481576
6.036833821181573
5.968522068515188
5.901307369022366
5.835167512742214
5.770080937085636
5.70602653203358
5.642983675555091
5.580932296334581
5.519852728257927
5.459725739768532
5.400532735564082
5.342255190838694
5.284875349337798
5.228375747638387
5.172739172677594
5.11794917010707
5.06398927300329
5.010843627322727
4.958496547575237
4.906932960303804
4.856137886143401
4.806096863646482
4.756795575751174
4.7082202448742745
4.660357134790109
4.613193107768938
4.566715138759099
4.520910488279381
4.475766693450679
4.431271668349684
4.387413511123536
4.344180633350691
4.301561528446682
4.259545214323394
4.218120598166143
4.177277263952358
4.137004679998455
4.097292739149915
4.058131297166518
4.01951058694259
3.981421212543447
3.9438537250894505
3.906798856142248
3.870247659148395
3.834191521400986
3.7986216945703335
3.763529844266689
3.728907659718595
3.6947471073872937
3.6610402337574186
3.6277792505628543
3.594956610919224
3.5625649890075732
3.530596864321864
3.4990454254129597
3.467903470414085
3.437164075234597
3.4068207790611513
3.37686676454294
3.347295771619125
3.3181013395834187
3.2892773866054497
3.260817817936537
3.232716651996974
3.204968006414792
3.1775662893621406
3.150505868629511
3.1237812071333937
3.0973869814884285
3.0713178927527744
3.045568686104604
3.0201342131016236
2.9950097079939138
2.97019015671103
2.9456708546916457
2.9214469726159176
2.8975139294776366
2.8738672835614683
2.850502411706196
2.8274152463750104
2.804601266715802
2.782056343242579
2.759776502604676
2.737757350709355
2.7159953094314524
2.69448621770644
2.673226142850615
2.652211964123533
2.6314393802793514
2.6109048723838564
2.5906050406217895
2.5705364173314833
2.550695526975516
2.5310790011253923
2.5116834566422623
2.4925057793541585
2.4735426787177928
2.454791247387039
2.4362481054856744
2.4179103078671242
2.3997752011239553
2.381839426247024
2.3641004956612237
2.3465553491734203
2.329201319814666
2.3120356096198496
2.295055723935645
2.2782588648292994
2.261642754531341
2.245204538079541
2.228941777971663
2.2128518460244946
2.1969332879929007
2.1811825935139186
2.165597907788758
2.150176961154285
2.1349172118019264
2.119817005303557
2.1048737143914167
2.0900853102227046
2.0754498377894324
2.060965436931537
2.04662963168646
2.032440479870982
2.0183961416886147
2.0044949066443407
1.9907342110851887
1.9771129080945786
1.9636287046523104
1.950280036594697
1.9370650970352465
1.9239819154578564
1.9110290551242406
1.8982043939956454
1.885507067079841
1.872934609091671
1.8604859250213435
1.8481591958511832
1.835952711831793
1.8238651362079594
1.8118952574912408
1.8000406272253422
1.788301053996191
1.776674578363245
1.7651585929428266
1.7537538939384345
1.7424572062798998
1.7312679824949981
1.7201851206800656
92.2796656278627
92.18439860312189
92.05053997661432
91.8802607791881
91.67369379267454
91.42990080084425
91.14716175016767
90.82304793338791
90.45438799673792
90.03715347705398
89.56625874924016
41.86928746193815
40.68308837151636
39.6823915169822
38.79106360535186
37.973805558019244
37.211051615226964
36.49072552053542
35.80480939874557
35.147688780425085
34.51526875828546
33.90446463972987
33.31289077166366
32.73866104425638
32.18025625981479
31.636432665218408
31.106157461426392
30.588562032558883
30.082907361204594
29.58855805722474
29.104962451171595
28.63163714284148
28.168154922661696
27.714135128035164
27.26923592571245
26.833148099110094
26.40558995214829
25.986303153250788
25.575049299616097
25.17160707648868
24.77576988959344
24.38734391890815
24.00614600547337
23.632004225221134
23.26475346079852
22.90423690952066
22.550304516827467
22.202812302034147
21.861621737247024
21.526599253666177
21.19761584942508
20.87454664871878
20.55727071743511
20.245670654829592
19.93963240874256
19.639045134938666
19.343800900234886
19.05379463779366
18.76892394404553
18.489088954517488
18.21419225677558
17.944138794400345
17.678835723480567
17.41823645329153
17.162155364786486
16.91056075341098
16.66336754441604
16.420473907609065
16.181839283625237
15.947361514556633
15.716963064844961
15.4905680066871
15.268102012871628
15.049492311830285
14.834667562316877
14.623557919102335
14.416094945662433
14.212211537151369
14.011841898039277
13.81492157234101
13.621387266579978
13.431177020743275
13.244229946882141
13.060475768220853
12.879875710999494
12.702363144069027
12.527881676298673
12.35637596806297
12.18779165569302
12.022075384573153
11.859174808405148
11.699038463607293
11.541615866844138
11.386857416277367
11.234714411692908
11.085139022405077
10.938084276605592
10.793504054940628
10.651353001150156
10.51158661980231
10.374161211771902
10.239033835890977
10.10616232514346
9.97550526029296
9.847021980668261
9.720672531412195
9.596417674473678
9.474218867141497
9.35403829769843
9.235838814210624
9.119583937994323
9.005237844462862
8.892765335918797
8.782131949437257
8.673303748404235
8.566247441945594
8.46093039583713
8.357320494582757
8.255386329472312
8.155096979272614
8.056422094730957
7.959332002142927
7.8637974381841635
7.769789790084285
7.677280887171933
7.586243233544421
7.496649711918196
7.408473814935576
7.321689414801315
7.2362710084131265
7.1521935560818095
7.069432442329821
6.987963574354735
6.907763250905356
6.828808342911798
6.751076017175081
6.67454404567801
6.59919045767224
6.524993898323057
6.451933270528572
6.3799878886710175
6.309137582228916
6.239362544857537
6.170643194248575
6.102960583493433
6.036295941161961
5.9706309736386
5.905947667171715
5.842228422214532
5.779455934109342
5.717613262674361
5.656683778736318
5.596651293644617
5.537499680334599
5.479213411538348
5.421777093579244
5.365175687075072
5.309394399477387
5.254418828947928
5.200234819824691
5.146828347685863
5.094185936352748
5.042294079905773
4.991139858921294
4.940710271096921
4.890992797341632
4.841974990393878
4.7936448820574515
4.745990532949273
4.699000239926824
4.6526628112792565
4.606966902970377
4.56190155565491
4.517455917110899
4.473619661773225
4.430382262563276
4.387733574192901
4.345663748492119
4.304162970583909
4.263221764026705
4.222830690726562
4.182980488410375
4.143662122357736
4.104866828654797
4.066585947701334
4.0288108196189985
3.991533173606662
3.9547448395786953
3.9184378376667857
3.8826041487674594
3.8472360333159217
3.8123260155592864
3.7778666433702752
3.7438504969228403
3.7102705013784485
3.6771195515145862
3.644390892945922
3.612077581496097
3.5801729956634682
3.5486707279382914
3.5175643813891715
3.486847579578122
3.456514258280529
3.4265581922973922
3.3969735951363065
3.3677546241238683
3.3388954947083618
3.3103907622040913
3.2822345891552858
3.2544220175159357
3.226947349263281
3.1998055478724723
3.1729914859347876
3.146499988597597
3.12032636427243
3.0944656430576436
3.0689130802007014
3.0436639354380035
3.0187136845170675
2.994057748658556
2.9696918640253096
2.9456114859298523
2.9218125553779366
2.898290785996913
2.8750418157465667
2.8520619255115083
2.8293471050017662
2.8068932826870836
2.784696892693914
2.7627536473214467
2.741060565023903
2.7196134647045045
2.6984087678885533
2.6774433837057443
2.656713544391388
2.636215742536868
2.615946902310789
2.595903673618189
2.5760827810832803
2.5564812239737775
2.537095448679597
2.517923035760749
2.498960548149432
2.480205043129253
2.4616537279682973
2.4433035316432106
2.425152230948393
2.4071963039810305
2.3894336412654145
2.3718611259733486
2.3544764814560986
2.3372768338926524
2.32025995822882
2.3034229903313626
2.2867637904936498
2.2702796786030435
2.2539684193428187
2.2378279300890282
2.2218553132724903
2.2060487609338297
2.190405897666228
2.1749247785882453
2.1596025237242538
2.1444380198741975
2.1294286552952215
2.1145718759381387
2.099866814962442
2.085310247288916
2.0709014444760827
2.0566375850367637
2.0425170217891737
2.028538053072256
2.014698774052027
2.0009970518349074
1.987431612099587
1.9740004410795675
1.9607015912904877
1.9475339541500714
1.934495318988854
1.9215846189439107
1.908799381929277
1.896138813117915
1.8836007546819096
1.8711841941240468
1.858887184855444
1.84670856345273
1.8346467266597863
1.822699975266593
1.810867194761696
1.7991471024287988
1.787537741014448
1.7760382509660277
1.7646471709384852
1.753362757029525
1.7421842765409923
1.731110395697236
1.7201397301299712
1.7092708257606466
1.6985027415789964
1.687833822237586