281629.229463391
281562.040897281
281379.12570827117
281082.0728723033
280671.14557553164
280146.7094718029
279509.23216940963
278759.284559084
277897.54140252376
276924.78232315567
275841.8929636455
274649.8664688725
273349.8046159734
271942.9199071195
270430.53703621356
268814.09520376567
267095.1501733657
265275.37691986
263356.5720986363
261340.65754092365
259229.68241285926
257025.82777067632
254731.4095319798
252348.883171924
249880.8476998283
247330.0505977537
244699.3929372539
241991.9347436578
239210.90262170866
236359.69299797303
233441.88257795162
230461.23442023128
227421.706568249
224327.4611509661
221182.87429303772
217992.546811467
214761.31599371103
211494.26839039833
208196.75382158617
204874.4009391749
201533.13310474783
198179.18901545936
194819.14093501508
191459.91882475733
188108.8346752463
184773.61104967652
181462.411852105
178183.8777258219
174947.1651281014
171761.99042943193
168638.68060445137
165588.23045019948
162622.3682603667
159753.6315210627
156995.45468735864
154362.27169602248
151869.63660730008
149534.36679213174
147374.71429102003
145410.57316741627
143663.73250131274
142158.18880922007
140920.53559281962
139980.454213708
139371.33864479812
139131.09538605815
139303.1760411714
139937.90877677908
141094.20924162192
142841.74717887165
145263.60557066748
148459.34543047997
152548.08026414257
157670.4936401844
163987.43108663397
171670.5144611823
180877.49582550395
191704.15181689212
204111.7132980344
217851.71005623147
232441.1156885852
247239.09271588572
261608.26123734956
275066.0461165146
287344.5732156737
298360.66778784257
308148.5936835807
316798.9349995088
324418.7582077274
331110.8614996156
336965.2789689582
342057.29320460773
346448.3830014422
350188.20999170706
353316.7533491539
355866.2309443187
357862.6994066796
359327.3353927941
360277.44115998974
360727.22636697965
360688.41812063113
360170.7198945284
359182.18580257404
357729.5178524895
355818.2772481286
353453.0838174202
350637.75416378304
347375.411318618
343668.59610024176
339519.3433783421
334929.24941316596
329899.5284933152
324431.06106937863
318524.43540281896
312179.9583727729
305397.7535754419
298177.70593667636
290519.5296159234
282422.7778812519
273886.8603564615
264911.0581960449
255494.53733111126
245636.36061441991
235335.4980374407
224590.83624247322
213401.1868869583
201765.29409805266
189681.84117937833
177149.4566841852
164166.7198057603
150732.16529511032
136844.28789337492
122501.54633984412
107702.3669977854
92445.147176367
76728.2581029383
60550.04768188391
43908.84296989767
26802.952454011887
9230.668132464169
-8809.732600762742
-27319.98520499328
-46301.836407028604
-65757.04273318849
-85687.3691832812
-106094.58798861178
-126980.47749189846
-148346.82109667012
-170195.4063223435
-192528.02391992626