281629.2341667558
281562.6314579358
281381.4864878778
281087.9546392689
280683.21738136455
280168.9075075425
279547.10447850043
278820.33051896817
277991.54493207554
277064.1378261661
276041.9230790513
274929.1307653866
273730.39844121505
272450.76267820795
271095.6493390043
269670.8641503905
268182.5825514209
266637.3397504488
265042.0203035367
263403.8485005214
261730.3772753475
260029.4794486426
258309.33739426403
256578.4345060085
254845.54608259702
253119.73136991696
251410.32602885665
249726.9351447548
248079.428833453
246477.9338350726
244932.83272380524
243454.7591612432
242054.5961539815
240743.4752424305
239532.77697238346
238434.13263345123
237459.42756255614
236620.8059455007
235930.67731231442
235401.72506304734
235046.91577493088
234879.51371310846
234913.09338979275
235161.55845320158
235639.16119179295
236360.52664931977
237340.6793471322
238595.0750020006
240139.63626830987
241990.7938351787
244165.53442817566
246681.45563380772
249556.82945825785
252810.67616901392
256462.85046217448
260534.1425948482
265046.3978600269
270022.65880556323
275487.33580831555
281466.4138146185
287987.70487721567
295081.16026419034
302779.2598297341
311117.5028341361
320135.03274740896
329875.43732769403
340387.7814447995
351727.938873932
363960.3036241538
377159.9570279821
391415.32742405543
406831.25554188807
423532.06960342487
441663.6035763499
461391.789791064
482893.27406336216
506330.77034913364
531804.9559201184
559281.9018377619
588517.918492993
619034.7013452747
650196.0769007488
681369.2722389768
712076.2630761708
742053.6708801044
771222.7621437134
799622.1884729159
827346.8691138693
854508.1539574233
881213.0737529406
907555.8451552714
933615.8841740534
959458.754733184
985138.1561417407
1.0106980586280602e6
1.036174625314698e6
1.0615978130894806e6
1.0869926546712902e6
1.1123802649697736e6
1.1377786236637004e6
1.1632031859956495e6
1.1886673424598798e6
1.2141827938001142e6
1.2397598489901908e6
1.2654076372477193e6
1.2911343081605243e6
1.3169471705237217e6
1.3428528026650404e6
1.368857164482363e6
1.3949656742846076e6
1.4211832768674244e6
1.4475145007079705e6
1.4739635067239425e6
1.5005341305199116e6
1.527229893779435e6
1.554054102937773e6
1.5810097943559873e6
1.6080998027747609e6
1.6353267717278306e6
1.6626931713162246e6
1.6902013138992744e6
1.7178533678456815e6
1.7456513701730135e6
1.7735972372487104e6
1.8016927747758662e6
1.8299396866210946e6
1.8583395827227638e6
1.8868939862417122e6
1.9156043400688772e6
1.9444720126408706e6
1.9734983032737335e6
2.0026844470025096e6
2.032031618987721e6
2.0615409385311236e6
2.09121347277924e6
2.121050240069096e6
2.1510522130525783e6
2.1812203215294336e6
2.2115554550754153e6
2.242058465465854e6
2.272730168895635e6
2.303571348058513e6
2.334582754054375e6
2.3657651081718896e6
2.3971191035226164e6
2.4286454065846433e6
2.460344658618025e6
2.4922174770045932e6
2.5242644564761007e6
2.556486170275883e6