1.332185200924088
1.3321921165604045
1.3322035888706476
1.3322195369312142
1.332239846842009
1.3322643711326587
1.3322929278490119
1.3323252997787254
1.3323612330561332
1.3324004360020152
1.3324425772192843
1.3324872840785742
1.3325341404761746
1.3325826847075157
1.332632406682639
1.3326827448774492
1.3327330840664946
1.3327827505198981
1.3328310090887785
1.3328770586948386
1.3329200273790538
1.3329589672175175
1.3329928488680989
1.333020555002748
1.3330408727845218
1.3330524879088874
1.3330539733833988
1.3330437832014543
1.3330202390297101
1.3329815191221264
1.3329256464700816
1.332850471592228
1.3327536570235028
1.332632656569287
1.3324846929844922
1.3323067311888181
1.3320954462442256
1.3318471844656692
1.3315579151624697
1.331223169320905
1.3308379582319563
1.3303966619604215
1.3298928691822165
1.329319134296607
1.328666587569626
1.3279242690798847
1.3270779085952666
1.3261075371171835
1.324982485210141
1.3236503933317603
1.3220133965692522
1.3198884106587958
1.3170165181500448
1.3133126237564077
1.3091056984546574
1.3048285635084007
1.300729954474956
1.2969012419186572
1.2933584049950593
1.2900874988444255
1.2870651953638124
1.2842662047187616
1.2816666700021622
1.2792451314510302
1.2769826566253653
1.274862782500269
1.2728711480465815
1.2709952675221015
1.2692242509301288
1.2675485708363086
1.2659598616872394
1.264450782524128
1.2630147101005553
1.2616459476332353
1.2603392901275976
1.2590901118028317
1.2578942498994874
1.2567479532469215
1.2556478535033133
1.2545908508158983