216005.74466589227
216039.40570815292
216129.40078643744
216276.39599936316
216481.32506007532
216745.67898137966
217071.24148524378
217460.19632972812
217915.07971330604
218438.75979024504
219034.53185729572
219705.94557360612
220456.93715577095
221291.67704407655
222214.71943249513
223230.8153792062
224345.0104586407
225562.5873523862
226889.1560334204
228330.1279499833
229891.68355981045
231579.79423065216
233400.6637713167
235360.6293616554
237466.14555256633
239723.6702351087
242139.87655284937
244721.37548194634
247474.83768675826
250406.9233088374
253524.31696804834
256833.65945917554
260341.53040597914
264054.4683325624
267978.9133951797
272121.2378191732
276487.6850876524
281084.3475165531
285917.225597302
290992.1365673041
296314.4738735936
301890.50323311205
307724.7264538685
313822.5130411135
320188.7132367918
326828.0076118662
333744.8454894698
340943.4269621986
348427.7295442428
356201.4666040887
364268.1342892666
372630.9620258429
381292.9277343976
390256.75379115145
399524.9168169326
409099.6289028928
418982.8538243212
429176.3001579888
439681.431921312
450499.4597005589
461631.35516061285
473077.8522336995
484839.4519234867
496916.4261784201
509308.82728926424
522016.49312497233
535039.0553213181
548375.9444398369
562026.4038139009
575989.4869452452
590264.0820813616
604848.9071565769
619742.5249827221
634943.3513628485
650449.6655534501
666259.6192378424
682371.2444698291
698782.464693757
715491.1011772492
732494.8931374142
749791.4887316162
767378.466981213
785253.3417767157
803413.5823785901
821856.5966696446
840579.7565767493
859580.4317439713
878855.8813175533
898403.472389218
918220.4794865382
938304.1934850097
958651.9092495766
979260.9306169952
1.0001285739875739e6
1.0212521819313163e6
1.0426291124788132e6
1.0642567579519846e6
1.0861325410703055e6
1.1082539206066984e6
1.1306183971677297e6
1.1532235130571239e6
1.1760668530363915e6
1.1991460613065702e6
1.2224588131450748e6
1.2460028613297038e6
1.2697759876681967e6
1.293776045504996e6
1.3180009332522266e6
1.3424486287149466e6
1.3671171380135622e6
1.3920045447483468e6
1.4171089898862662e6
1.4424286722208143e6
1.4679618471180154e6
1.4937068321151184e6
1.5196620040454017e6
1.5458258010635858e6
1.5721967066817982e6
1.5987732731940672e6
1.6255541059659815e6
1.652537876158137e6
1.6797232926463112e6
1.707109130318577e6
1.734694212525244e6
1.7624774151150263e6
1.7904576650713012e6
1.8186339401476874e6
1.8470052624918818e6
1.8755707135484945e6
1.9043293973565376e6
1.9332804902325482e6
1.9624231863512527e6
1.9917567314427572e6
2.0212804408346287e6
2.0509936143502523e6
2.08089562345562e6
2.1109858832955444e6
2.1412638253426114e6
2.171728937812142e6
2.2023807179249837e6
2.2332187058949023e6
2.2642424771221783e6
2.295451621868291e6
2.326845787906999e6
2.3584246223056186e6
2.3901878109974237e6
2.4221350609814366e6
2.4542661066117e6
2.486580703709311e6
2.519078632590289e6
2.551759692423042e6
2.584623704107227e6
2.6176705082409047e6
2.6508999637961164e6
2.684311947062622e6
2.717906351335191e6
2.751683086560106e6
2.785642129703073e6
2.8197832634634846e6
2.854106598801663e6
2.8886120478424085e6
2.923299590273351e6
2.9581692213778356e6
2.993220937261252e6
3.0284547527461085e6
3.063870690548879e6
3.09946879330731e6
3.135249069516512e6
3.171211601592564e6
3.2073564353534016e6
3.2436836360013178e6
3.2801932749418234e6
3.3168854309915113e6
3.353760187666194e6
3.390817635643133e6
3.4280578704720936e6
3.465480992281255e6
3.5030871055715363e6
3.540876321563612e6
3.5788487519063745e6
3.617004513660621e6
3.6553437269240785e6
3.6938665059157005e6
3.732573007885454e6
3.7714633296326715e6
3.8105376125059985e6
3.8497959879562e6
3.8892385991492784e6
3.9288655748057794e6
3.9686770559438663e6
4.00867318216277e6
4.0488540944891153e6
4.0892199343954185e6
4.129770844820643e6
4.170506968754148e6
4.211428535817412e6
4.252535433487911e6
4.2938280621192325e6
4.335306487275614e6
4.376970836276758e6