36543.840419567015
36660.27052315936
36970.83179586753
37475.744556569494
38175.36501563652
39070.18271371271
40160.81701594367
41448.012699683604
42932.63468273933
44615.661947428336
46498.18072338178
48581.37764420116
50866.5284411711
53354.99581022849
56048.214058097044
58947.68269895669
62054.9549762627
65371.63324798929
68899.35128552243
72639.76976157987
76594.56640706255
80765.42219751005
85154.01802443372
89762.01756270207
94591.06961737672
99642.79214207848
104918.75891072047
110420.50178465841
116149.50553986718
122107.19179209875
128294.9184234745
134713.9737663663
141365.57435216825
148250.8563424269
155370.8748519913
162726.60075706517
170318.9179235103
178148.62184324398
186216.41862274913
194522.92366913156
203068.66070683274
211854.06812291057
220879.4873769135
230145.1764341082
239651.30508975236
249397.9580446899
259385.137276612
269612.7634867871
280080.68070944643
290788.6572085508
301736.38898063905
312923.50618160004
324349.57013632846
336014.0813293075
347916.484359965
360056.1669967921
372432.46679587173
385044.6741750093
397892.0359957028
410973.75904507353
424289.0136597946
437836.9375515375
451616.63888952014
465627.19988414773
479867.6799411136
494337.1189968853
509034.54079928773
523958.9542010785
539109.3593798277
554484.7472143893
570084.1035384674
585906.4112085826
601950.6523163274
618215.8106861716
634700.8737732193
651404.8344028943
668326.6930052815
685465.4587815255
702820.1515681319
720389.8034105534
738173.459118889
756170.1786569522
774379.0371824388
792799.1265289446
811429.5558481396
830269.4525860703
849317.9631229542
868574.2533157638
888037.5089370629
907706.936193724
927581.7620908272
947661.2348894167
967944.6237660161
988431.2195022684
1.0091203343876512e6
1.0300113025090678e6
1.0511034789660135e6
1.0723962404031241e6
1.0938889842151373e6
1.1155811333959345e6
1.137472124180567e6
1.1595614206525558e6
1.1818485032360689e6
1.204332875235577e6
1.2270140567986898e6
1.2498915917699847e6
1.2729650407653162e6
1.296233984100211e6
1.3196980204589963e6
1.3433567668353564e6
1.367209858265224e6
1.3912569468896545e6
1.415497700766804e6
1.4399318095302167e6
1.4645589713874618e6
1.4893789053758709e6
1.5143913446146478e6
1.539596036682554e6
1.5649927446790754e6
1.590581244237765e6
1.6163613255446595e6
1.6423327916478189e6
1.6684954583786814e6
1.6948491537658493e6
1.7213937181279003e6
1.7481290025196779e6
1.7750548699405284e6
1.8021711935289025e6
1.8294778570501453e6
1.856974754279253e6
1.8846617876135237e6
1.9125388700095075e6
1.9406059224793226e6
1.9688628750661295e6
1.9973096643280685e6
2.0259462372199714e6
2.0547725464027235e6
2.0837885522274273e6
2.112994221808168e6
2.1423895288787726e6
2.17197445359017e6
2.201748987486405e6
2.231713105506746e6
2.261866821814621e6
2.292210133159574e6
2.322743046892603e6
2.3534655751883583e6
2.384377734656726e6
2.415479546026158e6
2.446771035077764e6
2.4782522278923267e6
2.5099231590732536e6
2.541783864078592e6
2.573834381545206e6
2.6060747537612584e6
2.6385050247387546e6
2.6711252427863865e6
2.7039354588978416e6
2.736935724112716e6
2.7701260938885943e6
2.8035066249234234e6
2.837077376109319e6
2.870838408011175e6
2.9047897830506745e6
2.938931564966248e6
2.9732638190704384e6
3.007786612085286e6
3.042500011676628e6
3.0774040871753707e6
3.1124989084464945e6
3.1477845463958737e6
3.183261072822653e6
3.218928560283362e6
3.2547870819601226e6
3.290836711642176e6
3.3270775236074156e6
3.36350959256869e6
3.400132993778053e6
3.4369478024645047e6
3.473954094878271e6
3.5111519456817703e6
3.5485414315851033e6
3.58612262892182e6
3.62389561333838e6
3.661860460967751e6
3.7000172478912733e6
3.738366049912882e6
3.7769069426782066e6
3.8156400019996613e6
3.8545653031159127e6
3.8936829210827174e6
3.9329929305946864e6
3.972495406269964e6
4.0121904221961843e6
4.052078051972633e6
4.092158369262376e6
4.132431446476112e6
4.1728973564518522e6
4.213556171290653e6
4.2544079622635115e6