33998.91913482151
34116.85460392476
34431.42070474062
34942.81195434087
35651.3427988319
36557.44528442065
37661.6658704392
38964.66141986428
40467.19441152149
42170.12742607726
44074.417041821
46181.106485190685
48491.320004603855
51006.252499153605
53727.16371515041
56655.36816648193
59792.22852970543
63139.142785368225
66697.5414384341
70468.87324655527
74454.59899343169
78656.18184590517
83075.08048297206
87712.74025136011
92570.58562745881
97650.00908197823
102952.3701091879
108478.98642575307
114231.12806228091
120210.0079182642
126416.78501565629
132852.5505937833
139518.33273404266
146415.08366696464
153543.68931774638
160904.9554368656
168499.61039401972
176328.3053179002
184391.61058199193
192690.01722929365
201223.93556099778
209993.6968789728
218999.5527496117
228241.67862808533
237720.17290565502
247435.05995205525
257386.29113838705
267573.750304412
277997.2501641136
288656.54207139555
299551.31319225486
310681.19244047964
322045.7529432492
333644.514672371
345476.9481528837
357542.47751027055
369840.48346115695
382370.30713834363
395131.252736422
408122.5909773556
421343.5622050293
434793.3794906951
448471.23160502256
462376.2859837346
476507.6915781324
490864.58153107506
505446.0760225202
520251.2845779713
535279.3086690542
550529.2439903652
566000.181260419
581691.2155882411
597601.4336781647
613729.9306373869
630075.8042271108
646638.157759135
663416.1026117941
680408.7577930711
697615.2529957765
715034.729115765
732666.3410715576
750509.2495477262
768562.6410907387
786825.7095454625
805297.6655991982
823977.7393445319
842865.1747191829
861959.2319227658
881259.1938042304
900764.3579093491
920474.0417853137
940387.5810573242
960504.3303603274
980823.6633372023
1.0013449728864182e6
1.0220676709535228e6
1.0429911882943066e6
1.0641149749617816e6
1.0854384998195162e6
1.1069612503862656e6
1.1286827324731979e6
1.1506024718472878e6
1.172720010031514e6
1.1950349079182646e6
1.2175467439536047e6
1.2402551135180828e6
1.2631596294953644e6
1.2862599211949697e6
1.3095556343884007e6
1.3330464309696467e6
1.3567319885794343e6
1.3806119999982577e6
1.4046861734150827e6
1.4289542307494697e6
1.4534159093574774e6
1.4780709596135241e6
1.5029191457068743e6
1.527960244711168e6
1.553194046904301e6
1.5786203544782952e6
1.6042389813806233e6
1.6300497536473696e6
1.6560525084855722e6
1.682247094016087e6
1.708633368702488e6
1.7352112009316133e6
1.761980469062192e6
1.7889410621201487e6
1.816092875950736e6
1.8434358169658114e6
1.8709697989938178e6
1.898694744861747e6
1.9266105847099747e6
1.9547172563089714e6
1.983014704646959e6
2.011502881776747e6
2.0401817461425103e6
2.0690512627616148e6
2.0981114026327664e6
2.127362142614941e6
2.156803465242853e6
2.186435358300527e6
2.2162578145742146e6
2.246270831901825e6
2.2764744128247434e6
2.3068685637642965e6
2.337453295979942e6
2.36822862453904e6
2.3991945674862955e6
2.4303511480031116e6
2.4616983915948137e6
2.4932363273428623e6
2.524964986627684e6
2.556884405363145e6
2.588994618346468e6
2.621295673376734e6
2.6537876266785827e6
2.686470462322202e6
2.719344290992009e6
2.7524091404805398e6
2.785665061786621e6
2.819112107735488e6
2.852750332680727e6
2.8865797923613386e6
2.920600544328329e6
2.954812646942187e6
2.9892161601724806e6
3.023811144382332e6
3.0585976627788045e6
3.0935757771306946e6
3.128745551431859e6
3.1641070501300516e6
3.199660338117579e6
3.235405481691386e6
3.271342546863497e6
3.3074716004336695e6
3.3437927095925165e6
3.380305941771148e6
3.4170113648800775e6
3.453909047122392e6
3.490999056229379e6
3.5282814606920592e6
3.5657563294103676e6
3.60342373034289e6
3.6412837321787905e6
3.6793364031633735e6
3.717581811760964e6
3.7560200260918355e6
3.7946511143002e6
3.8334751441862015e6
3.8724921834019003e6
3.9117022993317805e6
3.951105559092313e6
3.9907020293948622e6
4.0304917769036405e6
4.070474867826852e6
4.1106513674887083e6
4.151021341616608e6
4.1915848552506324e6
4.2323419727008315e6