30393.410653251136
30513.2117921163
30832.738096998713
31352.14349536455
32071.676750943254
32991.67952613381
34112.58373205041
35434.90819724732
36959.25469377564
38686.303199498696
40616.807341942826
42751.58795250808
45091.52866945272
47637.5660441705
50390.686695278535
53351.91978810077
56522.32668829922
59902.99822050103
63495.043649673025
67299.5867300341
71317.75610874608
75550.68097298921
79999.48173593113
84665.2644402059
89549.11518549177
94652.09402539456
99975.23294457764
105519.52052247606
111285.91003883554
117275.30700171084
123488.56844221635
129926.49863340227
136589.84728775406
143479.30566761637
150595.50574052407
157939.01771549202
165510.35030008806
173309.9484946459
181338.19334026694
189595.40251782155
198081.83049859188
206797.66942426452
215743.04924606485
224918.0393851329
234322.64982058445
243956.8339477679
253820.4882142839
263913.4560404472
274235.5289316147
284786.4492003376
295565.91237632127
306573.5687109303
317809.0268406224
329271.85636175383
340961.5892781025
352877.7234829676
365019.72490896465
377387.03057102155
389979.0506279657
402795.1710718941
415834.75626242586
429097.1511799376
442581.683819283
456287.6674467233
470214.402768342
484361.18008936115
498727.2812225724
513311.98150843766
528114.5516950635
543134.2595455478
558370.3716654503
573822.154950267
589488.8780894575
605369.8130005976
621464.2361623608
637771.4294923607
654290.6821050944
671021.2910374901
687962.5609894868
705113.8081957392
722474.358072467
740043.547683772
757820.7258807074
775805.2538284101
793996.5061775406
812393.87020081
830996.7475920906
849804.5539730818
868816.7196463065
888032.6887289865
907451.9211752301
927073.8917371118
946898.0899593206
966924.0205898238
987151.2037903052
1.0075791746091035e6
1.0282074832811621e6
1.0490356952456816e6
1.0700633907417408e6
1.0912901648541302e6
1.1127156278971871e6
1.1343394026405653e6
1.1561611293853926e6
1.1781804598130388e6
1.2003970613443186e6
1.2228106137531018e6
1.2454208111679675e6
1.2682273602869003e6
1.2912299810620812e6
1.3144284060703567e6
1.3378223800097434e6
1.3614116600686542e6
1.3851960148872817e6
1.409175224802021e6
1.4333490793298297e6
1.4577173868755768e6
1.4822799545292226e6
1.5070366076351062e6
1.5319871796833924e6
1.5571315139791665e6
1.58246946271546e6
1.6080008881415194e6
1.6337256607246168e6
1.659643659751275e6
1.6857547728835202e6
1.7120588962444204e6
1.7385559310570671e6
1.765245790803266e6
1.7921283917892864e6
1.8192036601164322e6
1.846471526934727e6
1.873931930802417e6
1.9015848156232382e6
1.92943013219677e6
1.957467836607068e6
1.9856978903895325e6
2.0141202606028994e6
2.042734919154944e6
2.0715418429774796e6
2.1005410135332895e6
2.1297324168751696e6
2.159116043232237e6
2.1886918868323173e6
2.218459946070054e6
2.2484202227151203e6
2.2785727222046494e6
2.3089174535082597e6
2.3394544284229595e6
2.3701836621401706e6
2.4011051726690764e6
2.4322189806126263e6
2.463525109365528e6
2.4950235846710755e6
2.5267144324690043e6
2.5585976898739813e6
2.590673382367251e6
2.6229415467507336e6
2.655402219188437e6
2.6880554376904634e6
2.7209012417719937e6
2.753939672660959e6
2.787170772901366e6
2.820594586305345e6
2.854211158102837e6
2.8880205346271177e6
2.922022762748317e6
2.956217891986804e6
2.990605970468783e6
3.0251870487779775e6
3.059961177708761e6
3.0949284089440494e6
3.13008879472271e6
3.1654423875914444e6
3.2009892411227105e6
3.2367294089792897e6
3.2726629453471643e6
3.3087899047533786e6
3.3451103419976784e6
3.3816243120515626e6
3.4183318705897266e6
3.4552330725997426e6
3.4923279738269383e6
3.5296166298668124e6
3.5670990965059577e6
3.604775429418768e6
3.642645684334995e6
3.6807099169778135e6
3.7189681825250434e6
3.757420536857158e6
3.7960670351788728e6
3.83490773260676e6
3.8739426841423716e6
3.9131719445068743e6
3.9525955682242634e6
3.9922136096825115e6
4.0320261229316127e6
4.0720331608494082e6
4.1122347782224165e6
4.1526310276409676e6
4.193221961766471e6