68629.74586552213
68726.94649658684
68986.29644111992
69408.1991984665
69993.30778644723
70742.5208799789
71656.97732479329
72738.04908401909
73987.34111409931
75406.66426722333
76998.04529473715
78763.69051982724
80706.02037039935
82827.59034816647
85131.13765536726
87619.52536643093
90295.75048107776
93162.91761020408
96224.22738462413
99482.9529818024
102942.44233775407
106606.07735455612
110477.2738045085
114559.46436787967
118856.0766470551
123370.52434318262
128106.18388269102
133066.3843911292
138254.43126538437
143673.4975038407
149326.71031929288
155217.10185068942
161347.58334432903
167720.9644095735
174339.92121017986
181207.00210062857
188324.6147115737
195695.02228264877
203320.33676869472
211202.517762662
219343.36123780557
227744.51056007243
236407.44069632795
245333.46267140884
254523.72877637384
263979.22481200506
273700.774997105
283689.0448055031
293944.54144377034
304467.6186287276
315258.4787238721
326317.1784366521
337643.6315815116
349237.6160038997
361098.77682785003
373226.63385937025
385620.5859676694
398279.91792526736
411203.80637536
424391.32617953554
437841.4568225357
451553.0888728783
465525.0305935477
479756.0140827571
494244.7022137897
508989.6945378505
523989.5334916129
539242.7112103516
554747.6745427491
570502.8321881989
586506.557888493
602757.1993447454
619253.08073623
635992.508527369
652973.7767342795
670195.1710001191
687654.9734589123
705351.4702098112
723282.9339204179
741447.672672139
759843.9865253833
778470.1952544628
797324.6346850947
816405.6619531495
835711.6563275319
855241.0198454247
874992.1839847527
894963.6071768107
915153.7794746011
935561.2189870492
956184.4813138472
977022.1535068678
998072.8579803109
1.0193352541918425e6
1.0408080360283834e6
1.0624899354003419e6
1.0843797221599424e6
1.1064762026130422e6
1.1287782216051389e6
1.1512846565692823e6
1.1739944437894912e6
1.1969065238234883e6
1.2200198985345752e6
1.24333360051601e6
1.2668466985773118e6
1.290558298143809e6
1.314467540790166e6
1.3385736033585763e6
1.3628756972128523e6
1.3873730672701166e6
1.412064992963573e6
1.4369507865677082e6
1.4620297912875162e6
1.4873013825305076e6
1.5127649662522203e6
1.5384199772254224e6
1.564265880738962e6
1.5903021696440307e6
1.6165283643058743e6
1.6429440208846186e6
1.6695486834784413e6
1.6963419792630505e6
1.7233235219074243e6
1.7504929550892618e6
1.7778499459491118e6
1.8053941883653195e6
1.8331253934637404e6
1.861043291177117e6
1.889147634315489e6
1.917438193451041e6
1.9459147493419216e6
1.9745771328852451e6
2.0034251420982888e6
2.0324586251180817e6
2.0616774368652883e6
2.0910814472918767e6
2.120670540251812e6
2.150444614258939e6
2.180403578794724e6
2.2105473583479505e6
2.2408758970311955e6
2.2713891140557323e6
2.302086994179341e6
2.332969496235975e6
2.3640365980947595e6
2.3952882861870043e6
2.426724557830183e6
2.458345416444164e6
2.4901508747628927e6
2.522140953007779e6
2.554315678585316e6
2.5866750866284017e6
2.6192192151752464e6
2.651948113207551e6
2.6848618328798153e6
2.7179604319937197e6
2.751243973589816e6
2.784712525387896e6
2.81836615980805e6
2.8522049504586933e6
2.886228983172137e6
2.920438340548411e6
2.954833112275569e6
2.989413383986454e6
3.0241792496034065e6
3.0591308087949026e6
3.0942681595314397e6
3.129591402785552e6
3.1651006425340595e6
3.2007959840963976e6
3.2366775345461345e6
3.272745401636782e6
3.308999697786153e6
3.3454405355483424e6
3.382068024522732e6
3.418882279490883e6
3.4558834167743437e6
3.493071548090631e6
3.530446791836982e6
3.568009265427492e6
3.6057590869122813e6
3.6436963706216062e6
3.6818212349049677e6
3.720133798931926e6
3.7586341791036106e6
3.7973224953710553e6
3.8361988623556322e6
3.8752634003607086e6
3.914516222380541e6
3.953957449775958e6
3.9935871976212137e6
4.0334055820931043e6
4.0734127188858236e6
4.1136087232355396e6
4.1539937114694626e6
4.194567793912347e6
4.235331086063143e6
4.2762836999148335e6
4.317425747988515e6
4.358757340963585e6