28364.63526558451
28485.243075067483
28806.911482755124
29329.769876292732
30054.027319866378
30979.97086868208
32107.96326472357
33438.44004170512
34971.90607395573
36708.93140959901
38650.14753708342
40796.24152273833
43147.95212309566
45706.06198344412
48471.394515302934
51444.80686584448
54627.18239407032
58019.42721795957
61622.462525345676
65437.21816285761
69464.62589926929
73705.6208176036
78161.1199294997
82832.03464747134
87719.2564079304
92823.64538016252
98146.03965484495
103687.24883159775
109448.0393403207
115429.14054698261
121631.2385024984
128054.9743478902
134700.94161771622
141569.68351389607
148661.69316377418
155977.41098924135
163517.2245499869
171281.468942701
179270.421868685
187484.31002372366
195923.31072113483
204587.54347376092
213477.0781639453
222592.4873395447
231932.08241782797
241497.44533905108
251287.90011912645
261303.2797252732
271543.3741943438
282007.9346926569
292696.6739238377
303609.2634901967
314745.35008009017
326104.5421116629
337686.420050914
349490.53693790844
361516.4203180287
373763.5749851708
386231.48458727344
398919.61345040845
411827.4097722802
424954.30628827284
438299.7229346219
451863.0685149
465643.7425028765
479641.13676717575
493854.6372134675
508283.6253690758
522927.4798571352
537785.5778357969
552857.2962910268
568142.0134387598
583639.1097148943
599347.9690121245
615267.9792837561
631398.5355717049
647739.0367659342
664288.8905202358
681047.5119793613
698014.3249218087
715188.7622389562
732570.2667336506
750158.2913913375
767952.3000453751
785951.7673931445
804156.1801033269
822565.0360573345
841177.8457192639
859994.1314381056
879013.4281607129
898235.2833610608
917659.2571171215
937284.92173513
957111.8644464014
977139.6820559446
997367.9858986838
1.017796400418032e6
1.0384245614150139e6
1.0592521179995087e6
1.0802787315620494e6
1.1015040756930045e6
1.1229278361763111e6
1.1445497108780881e6
1.1663694090725211e6
1.1883866521650972e6
1.2106011726522322e6
1.233012714650709e6
1.2556210323706176e6
1.2784258919171267e6
1.301427069310625e6
1.3246243510301285e6
1.3480175336733693e6
1.3716064236102856e6
1.3953908369510858e6
1.4193705990394016e6
1.4435455443945362e6
1.467915516468737e6
1.492480367241462e6
1.5172399571106625e6
1.542194154647248e6
1.5673428362974825e6
1.5926858860010926e6
1.6182231956986445e6
1.6439546637597599e6
1.6698801956959346e6
1.6959997040863659e6
1.7223131077723845e6
1.748820332004876e6
1.7755213075282748e6
1.8024159717739697e6
1.8295042671744649e6
1.85678614202774e6
1.8842615490482615e6
1.91193044696437e6
1.9397927987663161e6
1.9678485720793197e6
1.9960977391613948e6
2.0245402763732607e6
2.053176164494667e6
2.0820053873935407e6
2.111027933429043e6
2.1402437946726014e6
2.1696529660977027e6
2.1992554462679494e6
2.2290512367735184e6
2.259040342102742e6
2.289222769784398e6
2.319598529872957e6
2.350167635630393e6
2.380930100615326e6
2.4118859439643263e6
2.4430351847997652e6
2.4743778451617234e6
2.505913948037415e6
2.5376435198642323e6
2.569566587778468e6
2.601683181089187e6
2.6339933298320295e6
2.6664970667036856e6
2.699194425041921e6
2.732085439733609e6
2.765170146784537e6
2.798448583344778e6
2.831920787761541e6
2.865586799273513e6
2.899446657620527e6
2.9335004048580923e6
2.967748081760296e6
3.002189730719623e6
3.036825396543818e6
3.071655121374808e6
3.106678950155097e6
3.141896926304055e6
3.177309099144841e6
3.2129155104343733e6
3.2487162075244067e6
3.284711236753542e6
3.320900644769015e6
3.3572844784091646e6
3.3938627849326227e6
3.430635611015182e6
3.467603004463766e6
3.504765012443046e6
3.5421216822187398e6
3.579673061566352e6
3.6174191978651714e6
3.6553601384479636e6
3.693495930770263e6
3.7318266220912198e6
3.770352259618311e6
3.8090728903487986e6
3.8479885610694718e6
3.8870993188014403e6
3.926405209937066e6
3.9659062809720803e6
4.005602577806198e6
4.0454941463995613e6
4.085581032563119e6
4.1258632813613396e6
4.1663409382250076e6