33316.039299072276
33434.358086008884
33749.943671608824
34262.98323539428
34973.779348143216
35882.74771135638
36990.41406416349
38297.41029245325
39804.46978350083
41512.42207713924
43422.18684255477
45534.76713757409
47851.243583147516
50372.76402565476
53100.53880479056
56035.829894906274
59179.94643788412
62534.22863817957
66100.04980650978
69878.7987284706
73871.87577362232
78080.68265760358
82506.61602000272
87151.05907576627
92015.37414550615
97100.89236542946
102408.91218273164
107940.6912634371
113697.44038982005
119680.3166861718
125890.42026370126
132328.79094931734
138996.4032800039
145894.16332403375
153022.90616746913
160383.39390558755
167976.31388300165
175802.27703977877
183861.81788795957
192155.39402337052
200683.3854461961
209446.09616446696
218443.75358830736
227676.51200046428
237144.4516735944
246847.5819325484
256785.8430215354
266959.1076375501
277367.18462949677
288009.82038188
298886.7025442888
309997.4621659615
321341.67604785634
332918.8723204958
344728.53069127933
356770.0870485693
369042.9359297112
381546.4344177641
394279.90444849967
407242.6362821525
420433.8914044158
433852.90554672224
447498.8915095195
461371.0420783608
475468.5325788362
489790.5236764831
504336.1638640256
519104.59183055756
534094.9388669996
549306.3310777447
564737.8915018709
580388.742073724
596258.0054076114
612344.8068840613
628648.2760413073
645167.5482003174
661901.7660191574
678850.0805069573
696011.652957143
713385.655475039
730971.271650808
748767.6987668417
766774.1475994531
784989.8448700174
803414.0275287543
822045.9559267219
840884.9029075643
859930.1553744012
879181.0238216878
898636.8312926161
918296.9211886997
938160.6541648775
958227.4090855544
978496.5832276794
998967.59104711
1.0196398705932145e6
1.0405128701984896e6
1.0615860619976697e6
1.082858934898368e6
1.1043309957983005e6
1.1260017695779623e6
1.147870798695638e6
1.169937643453748e6
1.1922018801570558e6
1.2146631038928125e6
1.2373209250692092e6
1.2601749712654261e6
1.283224885601424e6
1.306470327251019e6
1.3299109708251548e6
1.3535465060235665e6
1.3773766372599422e6
1.4014010824511175e6
1.4256195772984826e6
1.4500318656948372e6
1.4746377084228005e6
1.4994368784813876e6
1.5244291613568077e6
1.5496143548320192e6
1.5749922687628919e6
1.6005627237353583e6
1.6263255527171358e6
1.652280598492837e6
1.6784277149376213e6
1.7047667657288378e6
1.7312976241532785e6
1.7580201729985145e6
1.7849343054247205e6
1.8120399210766018e6
1.8393369297210085e6
1.8668252485645004e6
1.8945048030746605e6
1.9223755259968336e6
1.9504373573770877e6
1.978690244240783e6
2.0071341403143737e6
2.0357690056457599e6
2.0645948064962958e6
2.0936115149348953e6
2.1228191086711837e6
2.1522175708856457e6
2.181806889820263e6
2.211587058543709e6
2.241558074987125e6
2.271719941903126e6
2.302072664691443e6
2.332616255061137e6
2.36335072727215e6
2.394276098799962e6
2.425392392006437e6
2.4566996315326616e6
2.48819784547853e6
2.5198870634449683e6
2.551767322215845e6
2.583838655842642e6
2.616101103576568e6
2.648554706968147e6
2.6811995093309926e6
2.714035556212502e6
2.747062895000871e6
2.7802815748717114e6
2.8136916469969214e6
2.8472931619448727e6
2.8810861792164147e6
2.9150707487842e6
2.949246928910784e6
2.9836147775924047e6
3.0181743531356268e6
3.052925716627627e6
3.0878689277992207e6
3.1230040484536695e6
3.1583311410015714e6
3.1938502683557263e6
3.229561494119095e6
3.2654648823678982e6
3.3015604976885007e6
3.337848405064854e6
3.374328669352411e6
3.41100135689445e6
3.4478665297255986e6
3.4849242641654857e6
3.5221746158465506e6
3.5596176544519183e6
3.5972534462861014e6
3.635082057572681e6
3.6731035544738756e6
3.711318003210806e6
3.7497254693992673e6
3.788326019267864e6
3.8271197183922795e6
3.8661066321486137e6
3.9052868259308147e6
3.944660364525772e6
3.984227312548525e6
4.023987734530755e6
4.063941694568536e6
4.1040892559037996e6
4.144430482152251e6
4.1849654362882483e6
4.225694180584559e6