28811.847341074434
28932.297815197293
29253.54867826932
29775.734804074542
30499.074131324378
31423.86592075278
32550.488372189255
33879.39563025147
35411.114214307396
37146.238716686086
39085.42790104952
41229.398683299776
43578.92209821046
46134.81517615415
48897.93774949116
51869.18515071798
55049.48033065858
58439.77062263373
62041.01916103263
65854.19865038982
69880.28383910783
74120.25534302455
78575.07310809483
83245.69102176487
88133.04333470226
93238.04063880083
98561.55804646347
104104.44069053269
109867.50381156885
115851.51226481819
122057.1901437427
128485.21424077942
135136.21185967338
142010.75941085038
149109.37929811855
156432.5402557039
163980.6563642253
171754.08548106428
179753.1308879299
187978.0347383724
196428.9922942989
205106.14044801096
214009.55501421192
223139.27222448052
232495.2686893308
242077.47308623214
251885.7656361991
261919.98083774178
272179.9085340374
282665.296443174
293375.8502915173
304311.2447248249
315471.1082241453
326855.0426811796
338462.61704012024
350293.37122253893
362346.81856536004
374622.4476185343
387119.7251687109
399838.0975187369
412776.9933973942
425935.82531481533
439313.99213203427
452910.88076182816
466725.86809091654
480758.32278755
495007.6070238401
509473.07814608514
524154.09023566125
539049.9955834686
554160.1460977136
569483.8947575111
585020.596652952
600769.6103011733
616730.2987061627
632902.0304308737
649284.1804096459
665876.1308078356
682677.2723339328
699687.0039304264
716904.7344089665
734329.8826525994
751961.8781898897
769800.1611958805
787844.1850985154
806093.4127960564
824547.3210644112
843205.3986630714
862067.1475476804
881132.0821775307
900399.7296744987
919869.6314762901
939541.3413007308
959414.4269869498
979488.4688415998
999763.0608455687
1.0202378103454914e6
1.0409123376190063e6
1.061786276127483e6
1.0828592722897157e6
1.104130985329012e6
1.1256010871167013e6
1.1472692622134432e6
1.1691352069812275e6
1.191198630619904e6
1.2134592537700147e6
1.2359168092701416e6
1.2585710404853527e6
1.2814217032118817e6
1.3044685635994868e6
1.3277113987255308e6
1.3511499962387881e6
1.3747841539995468e6
1.3986136799971922e6
1.422638391959997e6
1.4468581171256213e6
1.4712726920841075e6
1.4958819623264137e6
1.5206857821530958e6
1.5456840143870383e6
1.5708765300815888e6
1.5962632081170066e6
1.6218439357225336e6
1.6476186067324404e6
1.6735871228495985e6
1.6997493926071036e6
1.7261053313982196e6
1.752654861291854e6
1.779397909906904e6
1.8063344120834381e6
1.8334643077141508e6
1.8607875428818343e6
1.8883040682998465e6
1.9160138408843651e6
1.943916822052171e6
1.9720129780366803e6
2.0003022799078105e6
2.028784703025194e6
2.057460227345287e6
2.0863288360317054e6
2.1153905169495093e6
2.144645261847338e6
2.1740930654722378e6
2.203733926331421e6
2.23356784606846e6
2.2635948293742416e6
2.2938148840796365e6
2.3242280203922032e6
2.354834252353196e6
2.385633595013679e6
2.4166260668597645e6
2.447811688367873e6
2.479190482234283e6
2.510762473207987e6
2.5425276880160826e6
2.5744861551844333e6
2.6066379052418717e6
2.6389829694542834e6
2.6715213818789404e6
2.7042531772046373e6
2.7371783917812468e6
2.770297063075539e6
2.803609229763959e6
2.837114931763957e6
2.870814209921027e6
2.9047071056124023e6
2.938793662554793e6
2.9730739232370616e6
3.0075479323382652e6
3.0422157347380114e6
3.077077376040979e6
3.112132902412822e6
3.1473823603734127e6
3.182825797204262e6
3.2184632603875236e6
3.2542947978299274e6
3.290320457742147e6
3.326540288612662e6
3.3629543392028855e6
3.399562658597312e6
3.4363652954006623e6
3.473362299304503e6
3.5105537192375557e6
3.5479396046883687e6
3.585520004992443e6
3.623294969517826e6
3.6612645474831015e6
3.6994287882126784e6
3.7377877406915883e6
3.7763414542228617e6
3.8150899776647063e6
3.854033359665741e6
3.8931716488418803e6
3.9325048935398245e6
3.972033142093716e6
4.011756442195383e6
4.0516748416060265e6
4.0917883879200434e6
4.1320971279667746e6
4.172601108949069e6