29748.99001484402
29869.071797392055
30189.343659506616
30709.951839171044
31431.132659474446
32353.210668734653
33476.59609714808
34801.78166006357
36329.33874535031
38059.91284496196
39994.21927790111
42133.036892534205
44477.2037078374
47027.608163261524
49785.18573392072
52750.911097865945
55925.78965590798
59310.85412157596
62907.15544356979
66715.75500852297
70737.72063724285
74974.11676002102
79426.00663739315
84094.42860715829
88980.40703820458
94084.94428950825
99409.00644533285
104953.52588578046
110719.39711738843
116707.46941368596
122918.54671588767
129353.38073383915
136012.66828823835
142897.0560478125
150007.1281564664
157343.4190093644
164906.39506051654
172696.46565583767
180713.9790963148
188959.22353256703
197432.42743827906
206133.7630196308
215063.3289119035
224221.18928628933
233607.33679241792
243221.71431813715
253064.21089580524
263134.6656521032
273432.8687718669
283958.56394858006
294711.45076081867
305691.1868689168
316897.3902929827
328329.6420787352
339987.4886684701
351870.44431112724
363977.9935323369
376309.59362156567
388864.67700345593
401642.6535001574
414642.9129606174
427864.8271887891
441307.7523134974
454971.03089353
468853.99396873347
482955.9630821547
497276.2521203695
511814.16913073894
526569.0181760575
541540.1008297156
556726.7177632195
572128.1703828434
587743.7619283965
603572.7990239637
619614.5927570744
635868.4599218844
652333.7239083783
669009.7157927041
685895.7751726168
702991.2510725844
720295.502504352
737807.8993774235
755527.822899719
773454.6662591735
791587.8349329967
809926.7473629719
828470.8352292175
847219.5432129994
866172.3304485099
885328.6696923829
904688.047791241
924249.9659684368
944013.9397840603
963979.4991154793
984146.1884992495
1.0045135665345578e6
1.0250812065326292e6
1.0458486958263756e6
1.0668156360684675e6
1.0879816429628748e6
1.109346346635282e6
1.1309093890925236e6
1.1526704288891861e6
1.174629135540184e6
1.196785193049281e6
1.2191382977381602e6
1.241688159338586e6
1.2644344992512763e6
1.2873770553724633e6
1.3105155627480736e6
1.3338497902149141e6
1.3573795033945525e6
1.3811044826822025e6
1.4050245195295692e6
1.4291394150237439e6
1.4534489842508044e6
1.4779530470375249e6
1.502651436522831e6
1.5275439978748502e6
1.5526305721592836e6
1.577911029052224e6
1.603385234385841e6
1.6290530650878397e6
1.6549144064577252e6
1.6809691517125464e6
1.7072172014955236e6
1.7336584640487896e6
1.7602928549444512e6
1.7871202954362044e6
1.8141407152061588e6
1.8413540488179468e6
1.8687602379125066e6
1.8963592290147142e6
1.9241509754460421e6
1.9521354354208196e6
1.9803125717898516e6
2.0086823548287621e6
2.03724475621993e6
2.0659997545335589e6
2.0949473321370403e6
2.124087475748997e6
2.15342017602025e6
2.1829454275195957e6
2.212663228848469e6
2.2425735811444265e6
2.2726764901167843e6
2.302971964111966e6
2.333460014361249e6
2.3641406552902614e6
2.3950139040540075e6
2.4260797802506657e6
2.457338306172365e6
2.488789506316462e6
2.5204334074529265e6
2.552270038542979e6
2.5842994303128948e6
2.616521615865639e6
2.648936628944023e6
2.681544506457841e6
2.714345285814339e6
2.747339006290786e6
2.7805257084219716e6
2.8139054339558836e6
2.8474782259939117e6
2.8812441286907303e6
2.9152031867154655e6
2.949355447274787e6
2.9837009562447066e6
3.0182397618476506e6
3.052971912539918e6
3.0878974575178185e6
3.123016446670943e6
3.1583289300495796e6
3.193834958885141e6
3.22953458420874e6
3.265427855370083e6
3.301514831558737e6
3.3377955578672625e6
3.3742700892696567e6
3.410938478671577e6
3.4478007786251297e6
3.484857042338592e6
3.5221073227300234e6
3.5595516734323893e6
3.597190147097579e6
3.63502279728276e6
3.6730496768010333e6
3.711270839116742e6
3.7496863367951456e6
3.788296222771326e6
3.827100549791082e6
3.8660993702611914e6
3.905292736487345e6
3.944680700536902e6
3.984263314387831e6
4.0240406295742756e6
4.0640126972119818e6
4.10417956870969e6
4.1445412945629926e6
4.1850979253088934e6