31638.334415845165
31757.540968874382
32075.487044391877
32592.341081578532
33308.37532454661
34223.963741196465
35339.57917630942
36655.78977162007
38173.254693632975
39892.71910563517
41815.00901475444
43941.02465328714
46271.73551056556
48808.16999779269
51551.41200507044
54502.59248846075
57662.87939605137
61033.47367639704
64615.59740321862
68410.48994765848
72419.39812800991
76643.56870664217
81084.24170162754
85742.64386263015
90619.97981608367
95717.42695019545
101036.13100423003
106577.19893673957
112341.6928299139
118330.62654153784
124544.9617261494
130985.60359652185
137653.39802385418
144549.12788004728
151673.51168841327
159027.2014722267
166610.78128389202
174424.76635449016
182469.60261064098
190745.66640221066
199253.2646121585
207992.63596762778
216963.95106623482
226167.31322735688
235602.76121739368
245270.2698921487
255169.75383362878
265301.06604744366
275664.0036937189
286258.3086973961
297083.6709499322
308139.7304845919
319426.0804407109
330942.2697800334
342687.8060871491
354662.15845975047
366864.76000405115
379295.011189547
391952.28214411583
404835.91560336587
417945.22961891757
431279.52015612257
444838.0636711954
458620.1196688625
472624.9329782415
486851.73628629674
501299.75215896824
515968.1955000509
530856.2751674103
545963.1963188172
561288.1621397014
576830.3755279463
592589.0407052978
608563.3651034972
624752.5603692709
641155.844047925
657772.4406267684
674601.5829713172
691642.5130871435
708894.4833935159
726356.7573224176
744028.61068247
761909.331220662
779998.2211435814
798294.5959769099
816797.7858616745
835507.1360990467
854422.0073857561
873541.7753121891
892865.8327477195
912393.5877860615
932124.4651584777
952057.9060854744
972193.3682270311
992530.3259699345
1.0130682701786621e6
1.0338067081939002e6
1.0547451640201744e6
1.0758831778867682e6
1.0972203062240016e6
1.1187561216608407e6
1.14049021264896e6
1.162422183614993e6
1.1845516535247988e6
1.2068782579947524e6
1.229401646530821e6
1.2521214841011749e6
1.275037449494801e6
1.2981492360686436e6
1.321456551026999e6
1.3449591148681338e6
1.3686566617196281e6
1.3925489384163395e6
1.4166357045076322e6
1.4409167318330212e6
1.4653918041216643e6
1.490060716939946e6
1.5149232770207077e6
1.539979302166149e6
1.5652286210401542e6
1.5906710719358067e6
1.6163065043086018e6
1.6421347764919526e6
1.6681557565334649e6
1.6943693216757372e6
1.7207753575317485e6
1.7473737587914197e6
1.7741644279733037e6
1.8011472754356544e6
1.8283222195793802e6
1.8556891855359883e6
1.8832481060459106e6
1.9109989204610456e6
1.938941574456255e6
1.967076020350866e6
1.995402216246558e6
2.0239201260576642e6
2.0526297192476562e6
2.0815309706785267e6
2.1106238601175565e6
2.1399083723863764e6
2.1693844968492854e6
2.1990522273005135e6
2.228911561782701e6
2.2589625027213413e6
2.2892050552532636e6
2.31963922991891e6
2.3502650393109126e6
2.381082499952822e6
2.4120916315673026e6
2.443292456644254e6
2.474685000423578e6
2.506269291186067e6
2.538045359569275e6
2.5700132386326496e6
2.6021729634196507e6
2.634524571557256e6
2.6670681024585115e6
2.6998035974091324e6
2.7327310994072426e6
2.765850653300513e6
2.799162305354982e6
2.8326661021619374e6
2.8663620960088028e6
2.9002503341536443e6
2.9343308685283773e6
2.968603752996972e6
3.00306903901041e6
3.0377267839442855e6
3.072577040576825e6
3.107619865653121e6
3.1428553160856753e6
3.178283449046624e6
3.2139043224423965e6
3.2497179946023966e6
3.2857245243199794e6
3.3219239707699544e6
3.358316393392422e6
3.3949018519536904e6
3.4316804065751866e6
3.468652117030759e6
3.505817043715891e6
3.543175247011271e6
3.5807267872961718e6
3.6184717249404355e6
3.6564101203000457e6
3.694542033592923e6
3.7328675253330735e6
3.7713866548013263e6
3.8100994829348945e6
3.8490060690366705e6
3.8881064726245054e6
3.9274007530055274e6
3.9668889691942385e6
4.0065711800491973e6
4.046447444027277e6
4.086517819010248e6
4.126782363262486e6
4.167241133979104e6
4.207894188312847e6