306236.3927335026
306241.1716170916
306254.15971326333
306276.03463361954
306307.9115927298
306351.28747574013
306408.07984090276
306480.665891783
306571.71816969576
306684.3903340126
306822.1452933503
306988.90097319597
307188.832126383
307426.49756374746
307706.80259956256
308034.93192175153
308416.41386908415
308856.9001637862
309362.5078130039
309939.5697847469
310594.4565364332
311334.0166185384
312165.0156828001
313094.6098838451
314129.9715692409
315278.4595706134
316547.54826121166
317945.4161375263
319477.8158406438
321154.30077835545
322981.9970772926
324968.66334904527
327121.99348579923
329449.77960835735
331959.70399941877
334659.4399958581
337556.57090929657
340658.6026411365
343972.95732808206
347506.9410482715
351267.73193647095
355262.37558904657
359497.7577089118
363980.6209185172
368717.47384090157
373714.71463353053
378978.4938239323
384514.76237957476
390329.25819902756
396427.48691927444
402814.71451357316
409495.97958218167
416476.0524446178
423759.45724305726
431350.45797664055
439253.052183105
447470.9670565239
456007.6507037752
464866.29330463015
474049.79744923726
483560.7913499425
493401.6297590826
503574.39017797116
514080.8764595406
524922.621666661
536100.8905565089
547616.6835555411
559470.7411208856
571663.5487242563
584195.3424981765
597066.1167530315
610275.6279714593
623823.4058245802
637708.7573167972
651930.7786764284
666488.3608151234
681380.2006627609
696604.808667876
712160.5190083027
728045.5021150678
744257.7720931002
760795.1855751537
777655.4794160326
794836.2594460321
812335.0106085173
830149.1118145062
848275.847822688
866712.4282108985
885455.97268703
904503.5342921802
923852.1294158051
943498.6958811663
963440.1513226415
983673.3815830916
1.0041952788321448e6
1.0250025718477628e6
1.0460922179002161e6
1.0674610200813736e6
1.08910581875021e6
1.1110234719319595e6
1.1332108593511998e6
1.1556648771458515e6
1.1783824620913283e6
1.2013605748997359e6
1.224596230894942e6
1.2480864695254776e6
1.2718283968307609e6
1.29581915415509e6
1.320055946039024e6
1.3445360395061262e6
1.3692567392342002e6
1.3942154329284066e6
1.4194095633657835e6
1.444836637501706e6
1.470494225160673e6
1.496379983435444e6
1.522491598898204e6
1.5488268520594132e6
1.5753836034012146e6
1.6021597616199942e6
1.6291533118282333e6
1.656362307985101e6
1.6837848662088395e6
1.7114191817590825e6
1.7392635106756138e6
1.7673161756787347e6
1.7955755659049377e6
1.8240401367479837e6
1.8527084019077264e6
1.88157895037002e6
1.9106504143343256e6
1.9399215015915297e6
1.9693909644224455e6
1.9990576291323996e6
2.0289203662709345e6
2.0589781022960735e6
2.089229822345967e6
2.1196745538453255e6
2.15031138461469e6
2.181139442468509e6
2.2121579125794135e6
2.2433660124283917e6
2.274763013111934e6
2.306348226127867e6
2.3381210053131348e6
2.370080741034046e6
2.402226866179618e6
2.4345588468246916e6
2.4670761874298677e6
2.4997784239283903e6
2.532665130850195e6
2.565735902724739e6
2.59899037569742e6
2.6324282197125433e6
2.666049112418066e6
2.699852774590205e6
2.7338389464614457e6
2.7680073987060585e6
2.8023579153614664e6
2.8368903103314596e6
2.871604344582245e6
2.9065000864143334e6
2.9415771957041034e6
2.9768356316628833e6
3.012275301526629e6
3.0478961379611604e6
3.0836980739487163e6
3.1196810683109e6
3.155845091084487e6
3.1921901236627833e6
3.2287161639373116e6
3.2654232258926714e6
3.3023113194814725e6
3.3393804795541074e6
3.376630745824593e6
3.4140621685592625e6
3.4516748073172676e6
3.489468728540381e6
3.527444007938738e6
3.5656007275066017e6
3.6039389772264645e6
3.642458851164611e6
3.6811604570031334e6
3.7200438974761916e6
3.7591092856511893e6
3.7983567405616567e6
3.837786386579981e6
3.8773983416544264e6
3.917192744577742e6
3.957169725810797e6
3.9973294217059417e6
4.037671972638772e6
4.0781975198626183e6
4.118906216484718e6
4.1597981833608365e6
4.200873599220238e6
4.242132599859285e6
4.283575339191552e6
4.325201969763449e6
4.367012645890107e6