163297.54877599634
163351.02562447477
163493.8455635805
163726.59816242484
164050.20523168004
164466.02718997354
164975.62097945655
165581.18315125603
166284.878415324
167089.44583210637
167997.86489346586
169013.43325606748
170139.7237938744
171380.60008873462
172740.154304082
174222.78463177526
175842.39853747675
177575.84906013476
179456.0127570665
181478.75836666205
183649.38749537905
185973.33663868593
188456.16633855252
191103.50737310053
193921.07455224844
196914.6180765586
200089.96527592614
203452.90504249066
207009.2559451949
210764.7970666331
214725.27314813403
218896.36551561035
223283.69198674682
227892.75529036557
232728.9712386535
237797.63249634168
243103.9018866654
248652.7744840622
254449.10748458092
260497.56160893475
266802.6434430445
273368.6538815369
280199.69705315144
287299.6596130184
294672.2328706484
302320.878816104
310248.83523253934
318459.1132160827
326954.4947346655
335737.5165941246
344810.5005599157
354175.52377646137
363834.42679165024
373788.82256817445
384040.09177410055
394589.3883899038
405437.63896116754
416585.5572592161
428033.6349720495
439782.15773449617
451831.20765144075
464180.66859477456
476830.2354583143
489779.4194041686
503027.55757720175
516573.81828590087
530417.2121696305
544556.598317422
558990.6953870406
573718.0842508768
588737.2291800256
604046.4711340335
619644.047970989
635528.0981561707
651696.6710630811
668147.7352499405
684879.1863281862
701888.8551876736
719174.5181691742
736733.9017569411
754564.6917687942
772664.5383655473
791031.073133661
809661.8973847826
828554.605066091
847706.7824691458
867116.0135490674
886779.8859974641
906696.0004176814
926861.9653224405
947275.414169558
967933.999800699
988835.4005968153
1.0099773287715353e6
1.0313575268644919e6
1.052973781212994e6
1.0748239064080557e6
1.09690576674971e6
1.119217270761879e6
1.1417563613038412e6
1.1645210468000597e6
1.187509371500813e6
1.210719435611063e6
1.2341493853109083e6
1.2577974235603902e6
1.2816618024198432e6
1.3057408273540891e6
1.3300328619911883e6
1.3545363143693914e6
1.3792496505372226e6
1.4041713898225361e6
1.429300102893374e6
1.4546344136925817e6
1.4801729991813963e6
1.5059145829714783e6
1.5318579432021487e6
1.55800190549747e6
1.5843453489207756e6
1.6108871902524484e6
1.637626398491447e6
1.6645620051167149e6
1.6916930585098993e6
1.7190186687759142e6
1.7465379842619214e6
1.7742501959260977e6
1.8021545351184835e6
1.8302502723024657e6
1.858536718247387e6
1.8870132178190716e6
1.9156791581167558e6
1.944533953934556e6
1.9735770550397604e6
2.002807959393521e6
2.0322261685513742e6
2.0618312315819042e6
2.0916227313548326e6
2.121600271572126e6
2.151763484989768e6
2.1821120304547227e6
2.2126455933011007e6
2.2433638805619003e6
2.2742666248297943e6
2.3053535808682977e6
2.336624525584597e6
2.368079253980536e6
2.3997175793404933e6
2.4315393511961172e6
2.463544408899798e6
2.495732626294294e6
2.5281038912901855e6
2.5606581064477093e6
2.5933951893722224e6
2.6263150721338624e6
2.6594177001274647e6
2.6927030314957653e6
2.726171048876726e6
2.7598216918992847e6
2.7936550087384726e6
2.827670972182993e6
2.861869603014758e6
2.896250920790336e6
2.9308149606141434e6
2.9655617582489257e6
3.0004913679228923e6
3.035603842269029e6
3.070899249557421e6
3.106377643423634e6
3.1420391116887513e6
3.1778837196373893e6
3.2139115691124834e6
3.250122745699929e6
3.2865173540372136e6
3.3230954781951383e6
3.359857227559207e6
3.3968027116959654e6
3.4339320417958456e6
3.4712453325212575e6
3.5087427012023674e6
3.5464242679996016e6
3.5842901555836312e6
3.6223404883348243e6
3.660575386728528e6
3.698994999091724e6
3.7375994357507443e6
3.7763888350912537e6
3.815363316251789e6
3.8545230410996685e6
3.8938681303701987e6
3.9333987178049553e6
3.973114946561625e6
4.013016947097215e6
4.0531048587214556e6
4.0933788184527326e6
4.1338389650505073e6
4.1744854357748693e6
4.215318354203051e6
4.256337886461388e6
4.297544159659899e6
4.338937298820273e6
4.380517452624456e6