30767.9452038249
30887.574253991348
31206.643278445175
31725.310620408578
32443.832188129163
33362.55947317678
34481.93683997294
35802.49811812682
37324.86253688502
39049.729894836826
40977.87583265062
43110.14531898487
45447.44809432661
47990.74860955737
50741.06301035959
53699.45146749097
56867.00761992895
60244.85574515394
63834.13935131552
67636.01725313645
71651.65381542085
75882.21417820205
80328.85490580933
84992.7179336725
89874.92612057636
94976.57431149782
100298.73007419085
105842.4161734156
111608.61961140878
117598.27850387071
123812.28143617554
130251.46291769254
136916.60176336192
143808.416701862
150927.56600804752
158274.64376712503
165850.18147188093
173654.64949424975
181688.43628301495
189951.88857624508
198445.27254921838
207168.79422183958
216122.59536086363
225306.7622910355
234721.29297628603
244366.16722853418
254241.28030436637
264346.4775384205
274681.5520907407
285246.24581739557
296040.25223272375
307063.21777153964
318314.7467459995
329794.4015936581
341501.7067646682
353436.1510858296
365597.19022249477
377984.24980735994
390596.7275572049
403433.9960465268
416495.40532480343
429780.2852285473
443287.947860113
457017.6899130789
470968.7949138288
485140.5354463146
499532.1751410852
514142.9707392064
528972.1740474836
544019.0336371101
559282.796659361
574762.71040266
590458.0238487793
606367.9891512519
622491.8629952548
638828.9075306249
655378.3921750566
672139.5941437309
689111.7995772848
706294.3046035614
723686.4159072913
741287.4519482559
759096.7425213954
777113.6314278427
795337.4746805532
813767.6424174428
832403.5190668216
851244.5034007891
870290.0090332783
889539.464876317
908992.3143983958
928648.0174228335
948506.0487028814
968565.8977208638
988827.0733644464
1.0092890945091299e6
1.0299514991973657e6
1.0508138402258172e6
1.071875685623469e6
1.093136618692489e6
1.1145962384163605e6
1.1362541565287397e6
1.158110003008214e6
1.1801634186539133e6
1.2024140630841388e6
1.2248616049739318e6
1.247505730178642e6
1.2703461368671241e6
1.2933825368771355e6
1.3166146550393836e6
1.3400422286583213e6
1.3636650079136337e6
1.3874827547458862e6
1.4114952431322811e6
1.4357022586852177e6
1.4601035979546285e6
1.4846990687854085e6
1.50948848944727e6
1.5344716885885056e6
1.5596485050891237e6
1.5850187868273223e6
1.6105823922092381e6
1.6363391879748611e6
1.66228904998128e6
1.6884318626745224e6
1.7147675193121892e6
1.741295918224997e6
1.7680169704692184e6
1.7949305900046958e6
1.8220367008703547e6
1.8493352322564109e6
1.8768261210097903e6
1.9045093094538995e6
1.9323847470205366e6
1.960452388567566e6
1.9887121945647285e6
2.0171641311544008e6
2.0458081694645719e6
2.0746442858015727e6
2.103672461109927e6
2.132892681067314e6
2.1623049356369297e6
2.1919092188925627e6
2.221705529187902e6
2.251693868363274e6
2.2818742419968997e6
2.312246659314868e6
2.342811132438339e6
2.3735676769840284e6
2.404516311459461e6
2.435657057030367e6
2.466989937747722e6
2.498514980040228e6
2.5302322105684546e6
2.5621416674561e6
2.5942433768691197e6
2.626537376593772e6
2.659023703839126e6
2.6917023975729337e6
2.7245734983909884e6
2.7576370486230487e6
2.7908930920005566e6
2.824341672518212e6
2.8579828394540856e6
2.891816637559852e6
2.9258431159023745e6
2.960062325284555e6
2.994474315146524e6
3.0290791374055934e6
3.0638768441815563e6
3.09886748853988e6
3.1340511240966716e6
3.16942780476214e6
3.2049975855342704e6
3.240760521476699e6
3.2767166680832184e6
3.3128660815160777e6
3.349208817904792e6
3.385744933712014e6
3.422474486005646e6
3.4593975311423214e6
3.4965141263575386e6
3.5338243286958e6
3.571328195385975e6
3.6090257836547913e6
3.646917150296374e6
3.6850023528462434e6
3.723281448500394e6
3.7617544923767103e6
3.8004215432710974e6
3.839282657005217e6
3.878337889973957e6
3.91758729829053e6
3.9570309373863665e6
3.996668863953704e6
4.036501132967472e6
4.0765277991741057e6
4.1167489178092983e6
4.157164543045275e6
4.197774729110856e6