28058.634536673475
28179.342361271003
28501.27608930916
29024.561335746228
29749.40106221754
30676.07393132447
31804.932056977705
33136.39817819654
34670.962290465715
36409.17757386337
38351.65677108761
40499.06644014438
42852.12316371144
45411.58597386384
48178.253273625596
51152.9559406184
54336.55029428538
57729.913916958525
61333.93979665644
65149.52648641479
69177.5816616676
73419.00168928617
77874.67954871616
82545.49494823623
87432.30945976752
92535.95187402327
97857.23830027493
103396.94285334555
109155.80707665483
115134.53481394038
121333.76528316738
127754.17317632026
134396.2725509267
141260.60352499192
148347.64031434627
155657.7987265737
163191.45354064746
170948.9216977881
178930.46834393652
187136.30765410978
195566.60171497648
204221.46206313273
213100.95009246038
222205.07884347066
231533.8136814324
241087.07528687207
250864.73333809333
260866.62521903665
271092.54044524435
281542.23184279824
292215.4140106663
303111.76827565406
314230.9422345948
325572.55305906537
337136.18938675395
348921.41427474323
360927.7647066059
373154.7543685809
385601.88244383875
398268.6248702968
411154.44297210977
424258.78371380374
437581.08174730226
451120.7611216068
464877.2370219873
478849.91745538375
493038.2048131343
507441.4974141355
522059.19092364225
536890.6797414275
551935.3582719363
567192.6221566845
582661.8694577293
598342.5016268251
614233.9245768436
630335.5496502062
646646.7943477206
663167.0832129627
679895.8485360135
696832.5310087284
713976.5837629181
731327.4557720686
748884.6266063626
766647.5726534674
784615.7843249717
802788.7636789555
821166.0238647716
839747.0895714464
858531.4980807676
877518.7982262564
896708.5511866792
916100.3303791224
935693.7211055381
955488.3231208337
975483.7455046007
995679.6116008658
1.0160755568147766e6
1.0366712285389764e6
1.057466286109313e6
1.0784604021526724e6
1.0996532593430798e6
1.1210445533526763e6
1.1426339912716453e6
1.1644212912520557e6
1.186406183212243e6
1.2085884078156115e6
1.2309677169870823e6
1.2535438724390094e6
1.2763166474203705e6
1.299285824765634e6
1.3224511974778469e6
1.3458125683415583e6
1.3693697496284205e6
1.393122562101277e6
1.417070839235739e6
1.441214417744421e6
1.4655531468156062e6
1.490086882876824e6
1.5148154905731936e6
1.5397388424529114e6
1.5648568187027671e6
1.5901693069618407e6
1.6156762018744908e6
1.6413774054101186e6
1.6672728257780496e6
1.6933623781802817e6
1.7196459839308562e6
1.7461235704457117e6
1.7727950705661892e6
1.7996604236613517e6
1.8267195738470848e6
1.8539724708011374e6
1.8814190692108085e6
1.9090593284722443e6
1.936893212829226e6
1.9649206909417573e6
1.993141735843158e6
2.0215563246142492e6
2.0501644386185664e6
2.0789660622022455e6
2.107961183913557e6
2.1371497965146545e6
2.166531894684317e6
2.196107477182115e6
2.2258765455581e6
2.255839104176058e6
2.2859951603411837e6
2.3163447238282063e6
2.3468878074811557e6
2.37762442457092e6
2.4085545935792164e6
2.4396783331146827e6
2.470995664572061e6
2.5025066103082886e6
2.5342111959729954e6
2.5661094479328655e6
2.598201394463668e6
2.630487065323235e6
2.6629664916925495e6
2.6956397061615745e6
2.728506742587894e6
2.7615676359874615e6
2.7948224224418784e6
2.828271139210941e6
2.8619138247921676e6
2.89575051667254e6
2.9297812568439255e6
2.9640060845552925e6
2.998425041000246e6
3.033038169740841e6
3.067845511682478e6
3.1028471105510765e6
3.1380430098052123e6
3.1734332535735993e6
3.209017886253701e6
3.244796952591529e6
3.2807704976472766e6
3.3169385667613535e6
3.353301205464252e6
3.389858459706726e6
3.426610374835909e6
3.4635569973951955e6
3.5006983730745134e6
3.5380345481810733e6
3.5755655688348603e6
3.613291481210017e6
3.651212331362233e6
3.6893281654094937e6
3.7276390293217157e6
3.766144969007055e6
3.80484603017501e6
3.8437422584796096e6
3.882833699360521e6
3.9221203979219752e6
3.9616023996986565e6
4.0012797491962747e6
4.0411524911028226e6
4.0812206700022616e6
4.121484329724671e6
4.1619435144633674e6