29473.808123128227
29594.00328907183
29914.576288149503
30435.670042120124
31157.515509080753
32080.429857461626
33204.81396913402
34531.14930131062
36059.99414418684
37791.979128390696
39727.80306169507
41868.22670571906
44214.06851606087
46766.19606816265
49525.522736260915
52493.000007109964
55669.60930109362
59056.35801368402
62654.27191157501
66464.38586957709
70487.74141416412
74725.37820815216
79178.32645165897
83847.60377458895
88734.2058877718
93839.10865283434
99163.25222041819
104707.5435747675
110472.85533142692
116460.00685637858
122669.78065525109
129102.90390436667
135760.06038553495
142641.87202603262
149748.90720980597
157081.67867149232
164640.63462951258
172426.16878796794
180438.62144731966
188678.26544527063
197145.31815879428
205839.93827483416
214762.22767541494
223912.23186593113
233289.94239619168
242895.29735609944
252728.18310863673
262788.43721651065
273075.8495368245
283590.16473803634
294331.0851435842
305298.26967643114
316491.3426878552
327909.88996448525
339553.46431441867
351421.587304926
363513.75178059016
375829.42369522393
388368.04562235565
401129.03782091825
414111.80123002373
427315.7195027601
440740.16102711065
454384.48118969344
468248.0242803399
482330.1254744601
496630.1126322412
511147.30807196774
525881.0303503191
540830.5957333564
555995.3197530952
571374.5187728346
586967.511067473
602773.6183291139
618792.1667100925
635022.4880364325
651463.9206655709
668115.8105436713
684977.5120206757
702048.3887200933
719327.8140814442
736815.1722784352
754509.8585219784
772411.2798507216
790518.8551726777
808832.0163509464
827350.207922692
846072.8876883823
864999.5268532872
884129.6104158956
903462.6371493593
922998.1197173411
942735.5849043775
962674.5734806507
982814.6405323215
1.0031553548975391e6
1.0236962997818319e6
1.0444370720968734e6
1.0653772827437734e6
1.0865165563509117e6
1.1078545316232904e6
1.1293908589076514e6
1.151125204658571e6
1.173057246076671e6
1.1951866744940244e6
1.2175131933398284e6
1.240036519055441e6
1.2627563791962774e6
1.2856725145676055e6
1.3087846769486477e6
1.3320926297445146e6
1.3555961464471552e6
1.379295015977348e6
1.4031890311192563e6
1.4272779987203572e6
1.4515617381107947e6
1.4760400732731486e6
1.5007128411526082e6
1.5255798872037705e6
1.5506410659905123e6
1.5758962403514981e6
1.6013452822158397e6
1.6269880718566412e6
1.6528244967000887e6
1.678854452569809e6
1.7050778423528217e6
1.731494576396014e6
1.758104572113894e6
1.7849077526559732e6
1.8119040491557715e6
1.8390933977489988e6
1.866475741367343e6
1.8940510277317185e6
1.921819211208675e6
1.949780250933404e6
1.9779341111486289e6
2.0062807611951185e6
2.0348201749521403e6
2.0635523309381797e6
2.0924772119366652e6
2.1215948049218804e6
2.150905100789221e6
2.1804080941843865e6
2.2101037835455816e6
2.2399921706155054e6
2.270073260336443e6
2.3003470610712348e6
2.330813583824903e6
2.361472842679715e6
2.392324854416723e6
2.4233696382044917e6
2.4546072158443397e6
2.486037611286206e6
2.517660850735621e6
2.5494769624954904e6
2.5814859766442706e6
2.613687925540026e6
2.6460828422184526e6
2.67867076276775e6
2.7114517237914586e6
2.744425763729799e6
2.7775929222088363e6
2.8109532401077654e6
2.8445067596020233e6
2.8782535238828757e6
2.9121935766677842e6
2.9463269641444683e6
2.9806537312351177e6
3.0151739251067345e6
3.0498875931954375e6
3.0847947836448704e6
3.119895545288056e6
3.155189927175438e6
3.190677979285668e6
3.226359751739709e6
3.2622352951247673e6
3.2983046603537956e6
3.334567898612598e6
3.3710250613712994e6
3.407676200432983e6
3.444521367236349e6
3.4815606138748666e6
3.5187939923229525e6
3.55622155456518e6
3.593843352891056e6
3.631659439272859e6
3.66966986554318e6
3.707874684061802e6
3.7462739463026626e6
3.7848677041088305e6
3.823656009119834e6
3.86263891271249e6
3.901816466066921e6
3.941188720196793e6
3.9807557260720935e6
4.0205175339830704e6
4.0604741942813266e6
4.100625757113303e6
4.140972271866503e6
4.18151378828761e6