147116.27337088232
147176.37364310544
147336.8493681273
147598.2667904806
147961.53004460025
148427.93101119617
148999.04714103468
149676.83936355298
150463.51973452355
151361.7259813486
152374.30960557616
153504.44731499394
154755.58649704535
156131.4579961655
157636.01139499206
159273.4205323201
161048.11819922767
162964.67691424023
165027.9001162484
167242.71800242167
169614.17935067374
172147.47291464376
174847.96642073285
177720.95885097497
180771.8887307676
184006.2480741777
187429.5340036495
191047.2351816896
194864.8423714859
198887.8009913675
203121.51566214237
207571.31113595917
212242.45056777482
217140.06200419506
222269.19845716667
227634.7568761611
233241.51589657273
239094.08310568018
245196.91348807182
251554.2814128333
258170.2797086463
265048.8099562453
272193.5763113815
279608.06384784693
287295.5690888929
295259.145004765
303501.64340031287
312025.68463290716
320833.665412235
329927.75772925105
339309.90109060647
348981.8195484223
358945.003423806
369200.72507703723
379750.03725189983
390593.77683934296
401732.5689245318
413166.8330474983
424896.78721179924
436922.45453833137
449243.6697301044
461860.0856685884
474771.1806160016
487976.2669405895
501474.49555202783
515264.8696120824
529346.2472096634
543717.3524739826
558376.7849265249
573323.023993268
588554.4433917094
604069.31642989
619865.8228741331
635942.0592389596
652296.0488876593
668925.7467196549
685829.0489396501
703003.8001540386
720447.801690142
738158.8181880991
756134.583061157
774372.8099834363
792871.1927929956
811627.4165762769
830639.1612532691
849904.1079807258
869419.9442156019
889184.3687379321
909195.0922217144
929449.8640317493
949946.3938043697
970682.5149874149
991656.0242461041
1.0128647695513652e6
1.0343066360492276e6
1.0559795454499992e6
1.077881464027144e6
1.1000103986319548e6
1.1223643992029154e6
1.1449415664009429e6
1.167740046534799e6
1.1907580300971635e6
1.2139937713896153e6
1.2374455433295337e6
1.2611117091905887e6
1.2849906586245243e6
1.3090808378016383e6
1.333380744366013e6
1.3578889266897035e6
1.3826039835309451e6
1.407524566160496e6
1.4326493738142936e6
1.4579771562497737e6
1.483506713106515e6
1.5092368893580516e6
1.5351665795087013e6
1.5612947252981567e6
1.5876203142073285e6
1.614142373901575e6
1.6408599815199047e6
1.6677722558083716e6
1.694878358814354e6
1.722177489012111e6
1.749668891400074e6
1.7773518422091745e6
1.8052256596719243e6
1.8332896985317993e6
1.861543346231881e6
1.8899860280655175e6
1.9186172037311906e6
1.9474363586773905e6
1.9764430164468435e6
2.0056367255074559e6
2.0350170653841712e6
2.0645836398969626e6
2.0943360910843909e6
2.124274076194335e6
2.154397279309893e6
2.184705411544434e6
2.215198205774039e6
2.245875414325098e6
2.2767368148082662e6
2.307782201252539e6
2.3390113915143493e6
2.3704242175640995e6
2.4020205337167354e6
2.4338002074685968e6
2.465763124567136e6
2.497909188828823e6
2.5302383067947514e6
2.5627504166578976e6
2.5954454595102025e6
2.6283233908431493e6
2.6613841789400754e6
2.6946278028898337e6
2.728054253542362e6
2.761663531714055e6
2.7954556480932287e6
2.829430622885864e6
2.8635884847110636e6
2.8979292704254054e6
2.9324530259836875e6
2.9671597996452614e6
3.002049657291137e6
3.037122661843561e6
3.0723788833520915e6
3.107818399796589e6
3.1434412973177633e6
3.1792476651004218e6
3.2152375841852804e6
3.251411164596126e6
3.287768503059813e6
3.3243097047036598e6
3.361034877713399e6
3.3979441342821256e6
3.435037588588991e6
3.4723153583015846e6
3.5097775631080186e6
3.5474243251633104e6
3.5852557687885086e6
3.6232720194987026e6
3.6614732052474776e6
3.699859470216089e6
3.73843090991392e6
3.777187680990247e6
3.816129910818685e6
3.855257732661671e6
3.894571278870696e6
3.934070689462254e6
3.973756106937932e6
4.0136276431923853e6
4.053685446286967e6
4.0939296516424315e6
4.134360395439931e6
4.1749778126412034e6
4.215782039059361e6
4.256773209708136e6
4.297951458727987e6
4.339316921736743e6
4.380869736621904e6