446904.80254573125
446873.6882494493
446791.06922712195
446657.5626618645
446474.34748632385
446242.96337542805
445965.40277418395
445644.1274444081
445281.93789255834
444882.08588203875
444448.110879196
443984.12988681445
443494.5374611809
442984.0251975811
442457.75096245325
441921.14051568747
441379.9322784709
440840.22069586307
440308.2701658692
439790.8345266096
439294.86813440087
438827.29713435407
438395.5866005901
438007.29614241846
437669.43764278834
437392.15114191076
437181.27333390334
437045.90998001763
436994.3186259033
437034.9364081907
437176.363909009
437427.2076370789
437796.1655069475
438291.964435589
438923.3544155447
439698.63205741154
440628.0452602646
441718.85669133934
442980.28943661944
444421.00661776355
446049.6361711232
447874.72387043195
449904.7244589526
452148.0117299795
454612.7989441263
457307.24664976826
460239.33710624784
463416.89908056526
466847.6617841193
470539.09687655146
474498.554471535
478733.1878948591
483249.94071575033
488055.55550642795
493156.5357833759
498559.1924966718
504269.57740751415
510293.5077323594
516636.5424524245
523303.9916417852
530300.8987688676
537632.0380085208
545301.9172286901
553314.7533926007
561674.4879786398
570384.7724794962
579448.9755461123
588870.1771126699
598651.1535147752
608794.4022638709
619302.1210541421
630176.2177807181
641418.3103929383
653029.7293129638
665011.5190192179
677364.4440485472
690088.9897981188
703185.3709559783
716653.5345740636
730493.1668055861
744703.7006710689
759284.322434041
774233.9746415518
789551.3819065725
805235.027074602
821283.2077753778
837693.9791167111
854465.2481198701
871594.7090873572
889079.8908926158
906918.1680711808
925106.7446381752
943642.7051212278
962522.9912793454
981744.4340525835
1.0013037584386786e6
1.0211975843967893e6
1.0414224447901759e6
1.0619748074270878e6
1.0828510678893533e6
1.1040475658116096e6
1.1255606003445722e6
1.1473864330926973e6
1.16952129683698e6
1.1919614090703167e6
1.2147029802625938e6
1.2377422214551591e6
1.2610753401075029e6
1.2846985817279099e6
1.3086081843964243e6
1.3328004312226842e6
1.3572716448639552e6
1.3820181842440928e6
1.4070364444167519e6
1.43232288199485e6
1.4578740214353227e6
1.4836863934428275e6
1.5097566996490597e6
1.5360815265337941e6
1.5626577449900564e6
1.5894821670473171e6
1.6165517069941517e6
1.6438633511177495e6
1.6714141827662212e6
1.6992013442614945e6
1.727222082452724e6
1.7554736995068465e6
1.7839535960746321e6
1.812659250948312e6
1.8415882304759312e6
1.8707381709082297e6
1.900106807155551e6
1.929691935072812e6
1.9594914592856034e6
1.9895033367428738e6
2.0197256363519174e6
2.0501564363663902e6
2.0807939856949223e6
2.1116365450862064e6
2.142682467513226e6
2.173930176348173e6
2.205378163710602e6
2.2370249963639746e6
2.2688693088509487e6
2.300909796732774e6
2.333145220673185e6
2.3655744035737333e6
2.398196234186405e6
2.4310096535179443e6
2.464013661602987e6
2.4972073157222904e6
2.53058971856042e6
2.564160049129207e6
2.5979175051048477e6
2.6318613360315505e6
2.6659908631662237e6
2.700305435536814e6
2.734804429540118e6
2.769487300989128e6
2.804353511973818e6
2.8394025802209345e6
2.874634058406534e6
2.910047510984218e6
2.9456425781877255e6
2.9814189005359e6
3.017376161148809e6
3.0535140697401543e6
3.0898323656494697e6
3.1263308114449787e6
3.163009205843688e6
3.199867357252611e6
3.23690510630132e6
3.274122314734635e6
3.3115188642649148e6
3.34909465672158e6
3.3868496144525385e6
3.424783676445608e6
3.4628967807118436e6
3.5011889489691737e6
3.539660116819721e6
3.5783103441531616e6
3.6171395732320226e6
3.6561478672595783e6
3.6953352679258552e6
3.7347018254508297e6
3.774247630264766e6
3.8139726837996175e6
3.853877121532406e6
3.893961034793614e6
3.934224513906974e6
3.974667664566576e6
4.015290601944799e6
4.0560934474107088e6
4.097076326196118e6
4.1382393736828943e6
4.1795827258972307e6
4.221106558616489e6
4.262810954187391e6
4.304696097300261e6
4.34676214118618e6