197759.87276130661
197800.1114903669
197907.40236733106
198083.1052528531
198327.44086407332
198642.0874744363
199028.78956335827
199489.6762163771
200027.23437162684
200644.25825133183
201343.96904974003
202129.83095696222
203005.67234249457
203975.58096636712
205043.97095296063
206215.4772694327
207495.00677445976
208887.6980308024
210398.89766518652
212034.15300500774
213799.16663934223
215699.81398685186
217742.01986077966
219932.16971173146
222162.85129276747
224780.50038671118
227451.42002814435
230295.3416295201
233318.66585836498
236527.78232594198
239929.07505097045
243528.89277153727
247333.49503058064
251349.104641213
255581.83980137002
260037.7170999278
264722.6357693899
269642.34432640346
274802.4654526918
280208.4469480687
285865.56642802537
291778.92342333274
297953.4074459998
304393.7370476654
311104.3715018042
318089.5816536087
325353.4231035466
332899.6925021112
340731.9609410872
348853.55695172935
357267.5630504157
365976.8228042092
374983.919326746
384291.1961914693
393900.7473393965
403814.4165224015
414033.80443776096
424560.26880021824
435394.9269438401
446538.6612377153
457992.12299854145
469755.7387866179
481829.71484492195
494214.044586485
506908.51465730707
519912.712204456
533226.0349040434
546847.6949637566
560776.7325339774
575012.0165677371
589552.2637290254
604396.0407564393
619541.7741091147
634987.7610767193
650732.1773548846
666773.0882137575
683108.4546683719
699736.148065787
716653.9509902362
733859.5736119978
751350.65776903
769124.7887344164
787179.4991023417
805512.2834050842
824120.596456096
843001.8711577058
862153.5154222787
881572.9279563529
901257.5071972689
921204.6366169264
941411.7145839639
961876.1484139668
982595.359619045
1.0035667922745759e6
1.0247879196536309e6
1.0462562368562336e6
1.067969277705227e6
1.0899246101548325e6
1.1121198419645494e6
1.1345526177263886e6
1.157220656368759e6
1.1801216782863652e6
1.2032534863245264e6
1.2266139230790425e6
1.2502008859061329e6
1.2740123290282595e6
1.2980462567571024e6
1.3223007316323358e6
1.3467738747024566e6
1.371463860012684e6
1.3963689193356256e6
1.421487346176364e6
1.446817480425501e6
1.4723577498298234e6
1.4981065876737682e6
1.5240625266655316e6
1.5502241408449812e6
1.576590050466734e6
1.6031589420962941e6
1.6299295500786197e6
1.6569006691817562e6
1.68407113519784e6
1.711439844615811e6
1.739005732607053e6
1.7667677902185677e6
1.7947250535265307e6
1.822876606066973e6
1.8512215755876768e6
1.8797591331806714e6
1.9084884926136518e6
1.9374089098883027e6
1.9665196809272186e6
1.9958201425240836e6
2.025309660538331e6
2.054987637268755e6
2.0848535367841378e6
2.114906822055323e6
2.1451470093462626e6
2.1755736443034834e6
2.2061862874256494e6
2.236984547594484e6
2.2679680547075677e6
2.2991364740210185e6
2.3304894743475732e6
2.362026770900551e6
2.393748098129489e6
2.425653216117233e6
2.4577418838701127e6
2.4900139204665087e6
2.5224691359541034e6
2.555107370669971e6
2.5879284720560303e6
2.620932332709294e6
2.6541188340528063e6
2.6874878833943084e6
2.721039402764811e6
2.7547733196521546e6
2.788689603325602e6
2.822788225244125e6
2.8570691098306943e6
2.891532295942557e6
2.9261777640771144e6
2.9610055282719955e6
2.9960156030408186e6
3.0312080188376196e6
3.066582811693002e6
3.102140033013008e6
3.13787973035493e6
3.1738019687358746e6
3.2099068152174787e6
3.246194345225986e6
3.2826646396608534e6
3.3193177855319474e6
3.356153874558815e6
3.39317300436122e6
3.4303752762635867e6
3.4677607967062797e6
3.5053296754596327e6
3.543082026885578e6
3.581017967575859e6
3.6191376179309417e6
3.6574411006077407e6
3.6959285433670552e6
3.7346000832679663e6
3.773455818931316e6
3.8124959147974346e6
3.8517204944186388e6
3.8911296931194933e6
3.9307236479631932e6
3.970502496844208e6
4.010466379065262e6
4.050615434364371e6
4.0909498034068327e6
4.1314696277667936e6
4.1721750487840585e6
4.213066208594202e6
4.254143249040246e6
4.2954063122054385e6
4.336855541335278e6
4.3784910772272395e6