434298.345716547
434270.08184408967
434195.0825595682
434073.9501129243
433907.86140667845
433698.3667248839
433447.4592765898
433157.5522481124
432831.4803625016
432472.52285726427
432084.17167068436
431670.53959180997
431236.0207962331
430785.3018971799
430323.5300263603
429856.1155038456
429388.794259586
428927.64094180404
428478.9145627313
428049.3494985553
427645.86301732296
427275.38695748313
426945.35584820434
426663.3025382196
426436.2183987305
426274.1984602915
426183.0658727635
426171.87222515605
426248.8509166391
426422.3907050417
426701.0463120503
427093.37546031806
427608.0225238295
428253.65607202274
429038.96126117103
429972.1973951751
431063.4582743315
432320.0200198508
433750.97935638495
435364.93511005084
437170.4062430629
439175.8469255875
441389.6089380755
443819.9554580371
446474.9933034604
449362.7536239133
452491.099257317
455867.7224501091
459500.2194001479
463395.9171190538
467562.01793203596
472005.51852364
476733.20486592234
481751.64751615
487067.19834556244
492685.9786427597
498613.8526172361
504856.4671374615
511419.18822172214
518307.1336743905
525525.156177763
533077.8181562867
540969.4343643513
549204.0182919899
557785.305449068
566716.7460238991
576001.4968080793
585642.4244723023
595642.1040846676
606002.8287321997
616726.5898445488
627815.0928125556
639269.7558691809
651091.7127179317
663281.8151088897
675840.6389207427
688768.4861952625
702065.3929848236
715731.1346400117
729765.2302418543
744166.954651745
758935.3419445547
774069.1906176908
789567.0885595912
805427.3922051094
821648.2768437905
838227.6930204189
855163.4395540179
872453.1188602628
890094.1826139615
908083.9289018041
926419.4984964258
945097.9185433567
964116.0919961045
983470.8106450769
1.0031587709526856e6
1.0231765774142641e6
1.0435207546074328e6
1.064187769286897e6
1.0851740260462137e6
1.106475880674079e6
1.1280896577889351e6
1.1500116863850378e6
1.172238126934269e6
1.1947653427090556e6
1.2175895942827086e6
1.2407071151920308e6
1.2641141888134342e6
1.2878071287257024e6
1.3117822468942266e6
1.3360359058945952e6
1.3605645166979427e6
1.385364502829988e6
1.4104323700780976e6
1.4357646594820758e6
1.461357996705112e6
1.4872089887075736e6
1.5133144237107118e6
1.5396710797435548e6
1.5662758549328512e6
1.5931256208571754e6
1.620217471041912e6
1.647548464204748e6
1.6751157898631813e6
1.7029167010645817e6
1.7309485290909007e6
1.7592086890420865e6
1.787694681006572e6
1.8164040819393268e6
1.845334550397669e6
1.8744890119547958e6
1.9038497445987568e6
1.9334301832356039e6
1.963223141896869e6
1.9932266697018016e6
2.0234389203262182e6
2.0538580708305945e6
2.0844824199914772e6
2.1153103426429173e6
2.1463402594700595e6
2.177570670864425e6
2.209000147925986e6
2.240627327266938e6
2.2724509079544465e6
2.3044696603609193e6
2.3366824083754653e6
2.3690880404271963e6
2.4016855009764726e6
2.434473794960908e6
2.467451977747175e6
2.5006191701806244e6
2.5339745049994136e6
2.567517215009089e6
2.6012465721268286e6
2.635161856083931e6
2.669262427929699e6
2.7035476826436785e6
2.7380170394586544e6
2.772669987230313e6
2.807506029822105e6
2.8425247183385747e6
2.8777256388397156e6
2.913108388120863e6
2.9486726353788325e6
2.9844180519964267e6
3.0203443457049495e6
3.0564512531656506e6
3.0927385379702477e6
3.1292059855918046e6
3.165853416503326e6
3.20268065963814e6
3.2396875750642493e6
3.2768740426923456e6
3.3142399609768637e6
3.351785248026809e6
3.3895098411183082e6
3.4274136917708805e6
3.465496756617989e6
3.5037590625079535e6
3.542200560565302e6
3.580821285757731e6
3.619621258464969e6
3.6586005171379815e6
3.6977591116890037e6
3.737097099830354e6
3.776614614837658e6
3.8163115848298525e6
3.856188212588686e6
3.8962445685371445e6
3.9364807561917943e6
3.9768968857103386e6
4.017493075877339e6
4.058269451524096e6
4.0992261335566933e6
4.14036328162183e6
4.181681010867487e6
4.223179475869037e6
4.264858823946949e6
4.306719208679317e6
4.348760784401234e6