78850.10506216771
78941.84793106632
79186.65560459581
79584.96362588051
80137.47700556056
80845.16639117277
81709.26251569318
82731.24600878768
83912.84084988109
85256.04377046219
86763.01115010606
88436.1562545734
90278.08430693051
92291.59065287324
94479.63325392545
96845.33551469175
99391.94834891867
102122.88669990856
105041.62033801866
108151.74378935937
111456.91957479037
114960.91196599297
118667.3368611197
122580.11217563975
126702.96851228425
131039.74027631452
135594.11741598256
140369.8366815483
145370.55418596315
150599.85829142315
156061.25611441434
161758.15688785908
167693.86608820243
173871.57260488588
180294.33614241218
186965.08218647158
193886.59116907374
201061.49038502204
208492.25323076735
216181.1878249354
224130.43637409652
232341.96839561433
240817.58347140506
249558.90280598102
258567.37453343804
267844.2688197504
277390.6841103991
287207.5377221559
297295.5831043788
307655.4002246496
318287.4044036454
329191.8491600512
340368.8301606802
351818.2912538089
363540.02558860485
375533.68972566887
387798.80066044175
400334.7465031381
413140.7921732927
426216.0858784844
439559.6658003143
453170.4670793138
467047.328587346
481188.99990902457
495594.14836017473
510261.36541764974
525189.1741593771
540376.0358572301
555820.3556230164
571520.4902189892
587474.7532077243
603681.4216516865
620138.7420176098
636844.9351447638
653798.2020915498
670996.7289942236
688438.6942054026
706122.2687703659
724045.624134443
742206.9358358874
760604.386292641
779236.16938406
798100.4940856965
817195.5867207315
836519.6947028097
856071.088609105
875848.064567463
895848.948245493
916072.0940245468
936515.8890499622
957178.7535940222
978059.1425376202
999155.5488104597
1.0204665003649765e6
1.0419905637172268e6
1.0637263451035132e6
1.0856724895994398e6
1.1078276815770136e6
1.1301906449936612e6
1.1527601491773757e6
1.1755349957621293e6
1.1985140328215081e6
1.2216961443184572e6
1.2450802580462205e6
1.2686653394072214e6
1.2924503930276823e6
1.3164344631544454e6
1.34061663140131e6
1.364996017730704e6
1.389571778851741e6
1.4143431078299605e6
1.439309234417156e6
1.4644694219006733e6
1.4898229688542844e6
1.5153692069522112e6
1.5411075004448013e6
1.5670372458827235e6
1.5931578699291362e6
1.6194688298366915e6
1.6459696236965985e6
1.6726576967820944e6
1.6995387370621518e6
1.7266061895918187e6
1.753861685475554e6
1.7813048533573146e6
1.80893532858792e6
1.8367527831002304e6
1.8647569066152687e6
1.8929474123940906e6
1.9213240341792535e6
1.9498865248382112e6
1.978634657550189e6
2.007568223168411e6
2.0366870328973066e6
2.0659909110681196e6
2.095479703821941e6
2.1251532690942064e6
2.155011482135864e6
2.185054230114246e6
2.215281417623923e6
2.245692960169992e6
2.276288786784242e6
2.307068837809653e6
2.3380330661665145e6
2.3691814352113e6
2.4005139180015074e6
2.432030500322574e6
2.463731173495095e6
2.4956159408282745e6
2.527684813125145e6
2.559937808626808e6
2.592374954835387e6
2.6249962857123506e6
2.6578018404249754e6
2.6907916673964155e6
2.7239658198577836e6
2.7573243557693376e6
2.790867341553661e6
2.8245948447187752e6
2.85850694126793e6
2.8926037066966696e6
2.926885228234739e6
2.9613515893006744e6
2.996002881295715e6
3.0308391976817884e6
3.0658606361495187e6
3.101067296031128e6
3.13645928098842e6
3.172036693322302e6
3.2077996418233756e6
3.243748234660982e6
3.2798825855365987e6
3.3162028049544226e6
3.352709007599946e6
3.389401308467928e6
3.426279826972356e6
3.463344680096697e6
3.500595988878357e6
3.53803386895554e6
3.575658441413359e6
3.61346982880494e6
3.651468154250375e6
3.689653536366754e6
3.7280260978501905e6
3.7665859633514276e6
3.805333253545738e6
3.8442680909954403e6
3.883390599587919e6
3.922700895798525e6
3.9621991070288923e6
4.0018853527212758e6
4.04175975417961e6
4.0818224316759724e6
4.122073504618844e6
4.162513094510615e6
4.203141319098005e6
4.243958297556337e6
4.2849641465910105e6
4.3261589834087035e6
4.367542924180046e6