84496.43607346778
84585.27142865519
84822.33141776366
85208.06694030913
85743.20812345447
86428.760284752
87265.99374991131
88256.45565103908
89401.92987722275
90704.45571399317
92166.30595120392
93789.97441942856
95578.15128987888
97533.75746182661
99659.85487445229
101959.6913694159
104436.65842382784
107094.28153477877
109936.19572962349
112966.15111679741
116187.95546086895
119605.4967748808
123222.69992690248
127043.5165207911
131071.91935931705
135311.86750229128
139767.29696789617
144442.1145002381
149340.1670205472
154465.23752099497
159821.02872008807
165411.15179206966
171239.10259079025
177308.26907955395
183621.91085501068
190183.1379055241
196994.9354630325
204060.1165178201
211381.3445241683
218961.11200811988
226801.74161205743
234905.38061510574
243273.99813661276
251909.38755403663
260813.150666537
269986.72227566066
279431.3403312324
289148.0709714227
299137.79946067475
309401.2352361482
319938.91061037924
330751.2035685804
341838.3042498437
353200.25703522714
364836.9479434542
376748.112390236
388933.34273701976
401392.09321286285
414123.6871189157
427127.3233233241
440402.08305243205
453946.93696463155
467760.7565848868
481842.299729698
496190.2608413542
510803.23472828727
525679.7458826951
540818.2502557314
556217.1424394508
571874.7627528424
587789.4031007902
603959.3135955664
620382.7102077713
637057.7772092161
653982.66903614
671155.5507553946
688574.5303076217
706237.7374350721
724143.290006543
742289.3082960655
760673.9168869959
779295.2497908815
798151.4547942344
817240.6997776651
836561.1537132609
856111.0361154196
875888.5729229536
895892.021184956
916119.6716179603
936569.8442840858
957240.8894774169
978131.1966553129
999239.1922070464
1.0205633377410066e6
1.0421021346505289e6
1.0638541241734703e6
1.085817887414628e6
1.1079920486547318e6
1.130375262571089e6
1.1529662422366433e6
1.1757637304169629e6
1.1987665147226728e6
1.2219734245825121e6
1.2453833288097237e6
1.268995139522097e6
1.2928078083196352e6
1.3168203274847367e6
1.3410317287542648e6
1.365441082526677e6
1.390047499095798e6
1.4148501251788174e6
1.4398481465620124e6
1.4650407813656377e6
1.490427272555352e6
1.516006966881956e6
1.5417791311344404e6
1.567743144909332e6
1.593898399429291e6
1.6202443183967625e6
1.6467803546118725e6
1.6735059919755422e6
1.7004207431544743e6
1.727524148758087e6
1.7548157774782116e6
1.7822952213235702e6
1.8099621000863975e6
1.8378160583463705e6
1.8658567639820338e6
1.8940839048334865e6
1.9224971969472133e6
1.9510963724910934e6
1.9798811857460125e6
2.0088514094232288e6
2.0380068382009154e6
2.0673472798973257e6
2.096872565768815e6
2.126582539389111e6
2.1564770589751042e6
2.1865560092913383e6
2.2168192725479696e6
2.2472667566880933e6
2.277898379805507e6
2.308714072713483e6
2.3397137786979945e6
2.3708974527945146e6
2.402265059719988e6
2.4338165776873636e6
2.4655519919202942e6
2.4974712982813716e6
2.529574501167632e6
2.5618616172150755e6
2.5943326643612855e6
2.626987672439967e6
2.659826683081635e6
2.692849724962434e6
2.726056863682689e6
2.7594481507795695e6
2.793023645373552e6
2.8267834157394986e6
2.86072753521214e6
2.8948560774120307e6
2.929169127130765e6
2.9636667685113978e6
2.998349090919991e6
3.0332161872950667e6
3.0682681540892967e6
3.1035050908948546e6
3.138927099526848e6
3.174534283716847e6
3.210326754143898e6
3.246304617524054e6
3.2824679889383246e6
3.3188169782563625e6
3.3553517018483463e6
3.3920722750746543e6
3.428978821316642e6
3.466071450980285e6
3.503350290849207e6
3.540815465312519e6
3.578467088403756e6
3.6163052849167916e6
3.65433018079427e6
3.6925418963388996e6
3.7309405576844765e6
3.769526287634042e6
3.808299210690339e6
3.8472594512653155e6
3.8864071337289037e6
3.925742381608568e6
3.965265318202154e6
4.0049760682006627e6
4.0448747544354787e6
4.084961499483593e6
4.1252364257923476e6
4.165699654703129e6
4.206351307686592e6
4.247191505646682e6
4.288220367975114e6
4.329438013831597e6
4.370844561699404e6