103245.97317513073
103325.59705339558
103538.10892997432
103884.00284869072
104364.07896506769
104979.43869950628
105731.48255965934
106621.89450886112
107652.64220005128
108825.97043168131
110144.37291845528
111610.595280963
113227.61124821659
114998.64911246783
116927.09041293239
119016.52837053599
121270.72810771415
123693.61059005838
126289.23183290794
129061.76021975488
132015.4675238327
135154.71164873271
138483.92843683803
142007.55092473724
145730.07465851668
149656.01105988165
153789.8338401916
158136.17767746118
162698.95238951093
167483.05081835
172492.5406222958
177731.66573894944
183204.50888772053
188915.0468974079
194867.14683411538
201064.52085250994
207510.73850217246
214209.20800617134
221163.18213940127
228375.73318041558
235849.75248147518
243587.95069752308
251592.8500568219
259866.76163704554
268411.83219763334
277229.99003351224
286322.9668944513
295692.30217813177
305339.3325725825
315265.2006852119
325470.85565194633
335957.0547923764
346724.36857535306
357773.1835533923
369103.70914756774
380715.980879027
392609.86678162933
404785.0734409506
417241.15254624235
429977.50772912713
442993.4013187451
456287.9616412609
469860.19083331514
483708.97199043457
497833.0761235666
512231.17183846206
526901.8306220755
541843.5363277404
557054.691752448
572533.625907674
588278.6029238635
604287.8277850912
620559.4538466708
637091.5897009161
653882.30560874
670929.6405991205
688231.6074848494
705786.2008216663
723591.3984502024
741645.173525143
759945.4922455513
778490.3239815028
797277.6433629253
816305.4355270596
835571.6995916036
855074.4523291091
874811.7314746897
894781.6000406127
914982.1477907632
935411.4923876275
956067.7916795864
976949.2261479093
998054.0206343649
1.019380435955945e6
1.040926772088298e6
1.0626913707648758e6
1.0846726142996748e6
1.1068689299021992e6
1.1292787849147115e6
1.1519006941065697e6
1.1747332147748885e6
1.1977749497482302e6
1.2210245472953008e6
1.244480697350847e6
1.2681421392966306e6
1.292007653911794e6
1.3160760682022485e6
1.3403462513207323e6
1.3648171170238303e6
1.3894876217873767e6
1.41435676276418e6
1.4394235824227445e6
1.464687161721384e6
1.490146618316779e6
1.515801117322513e6
1.5416498555930462e6
1.5676920698191803e6
1.5939270338567088e6
1.6203540574573444e6
1.6469724829074345e6
1.67378168891078e6
1.7007810880017132e6
1.7279701221482898e6
1.7553482674139263e6
1.7829150256324578e6
1.8106699306597218e6
1.8386125460879682e6
1.8667424572402837e6
1.8950592847557825e6
1.9235626666560783e6
1.9522522674310114e6
1.9811277788263978e6
2.0101889097952745e6
2.0394353947208493e6
2.068866990235448e6
2.0984834704795675e6
2.128284630005765e6
2.1582702812126456e6
2.188440254585824e6
2.218794400857918e6
2.2493325825294387e6
2.2800546802012334e6
2.310960588300819e6
2.342050217407761e6
2.373323489629235e6
2.404780340331087e6
2.436420720238079e6
2.4682445880007357e6
2.5002519149572146e6
2.5324426840602458e6
2.5648168866508002e6
2.597374525593925e6
2.630115611596167e6
2.6630401645937776e6
2.6961482119014976e6
2.729439789574369e6
2.762914940587158e6
2.7965737146921046e6
2.830416167581745e6
2.8644423623735975e6
2.898652366854903e6
2.9330462549570943e6
2.9676241042340524e6
3.0023859996771365e6
3.0373320282235416e6
3.0724622804413196e6
3.1077768537522904e6
3.143275846310254e6
3.1789593614212656e6
3.2148275045252414e6
3.25088038298575e6
3.287118108995797e6
3.323540795725615e6
3.3601485578041743e6
3.3969415135419504e6
3.433919781996371e6
3.4710834839626504e6
3.50843274164424e6
3.5459676785802213e6
3.5836884196131574e6
3.621595089972244e6
3.6596878168936246e6
3.6979667252636408e6
3.7364319449630207e6
3.7750836034472757e6
3.8139218290761434e6
3.8529467507462394e6
3.8921584969827863e6
3.931557196456875e6
3.9711429783270485e6
4.010915970995353e6
4.0508763030524296e6
4.091024102482487e6
4.1313594973349622e6
4.171882613894639e6
4.2125935798546765e6
4.253492521721939e6
4.294579564459678e6
4.33585483337198e6
4.377318452637685e6