56306.721402816096
56410.91917133969
56688.90998272566
57141.04818604945
57767.9058093878
58570.27110776864
59549.14225773394
60705.72161316429
62041.40851826346
63557.79342790946
65256.63784477292
67139.88155643083
69209.61404432036
71468.07262774222
73917.62733158888
76560.76796949998
79400.0621143241
82438.2425568233
85678.01506722422
89122.22273467918
92773.72651684744
96635.42120405816
100710.22707912792
105001.04069119834
109510.78486589715
114242.33511667821
119198.52501245876
124382.17556999109
129795.9885957943
135442.63739869904
141324.69130882117
147444.6383420118
153804.86406980755
160407.62909558904
167255.10134915894
174349.3115689477
181692.16492600951
189285.43339581325
197130.75448563485
205229.62334501272
213583.39448155352
222193.27964967812
231060.34414563066
240185.5111597999
249569.5619805972
259213.12836636027
269116.7123912794
279280.67049070966
289705.226892879
300390.4731277898
311336.3735289235
322542.76833048125
334009.3789724837
345735.81265457935
357721.5670189546
369966.0358341922
382468.5143550789
395228.20484381553
408244.2222384481
421515.59993694955
435041.29552447714
448820.19656624214
462851.12628765614
477132.8493712167
491664.0773557144
506443.4728708337
521469.6622360449
536741.2260572064
552256.7190669482
568014.6674081356
584013.5754850677
600251.9295835568
616728.2030869323
633440.860197264
650388.3598651716
667569.1599337053
684981.719752732
702624.5048719443
720495.9890346203
738594.6573924026
756919.0090502681
775467.5587389399
794238.8451688809
813231.420406401
832443.8643803204
851874.7804034111
871522.7980941054
891386.5742762665
911464.7957959955
931756.1763964973
952259.4646777273
972973.437360727
993896.9053596086
1.0150287113992836e6
1.0363677315908112e6
1.057912875428747e6
1.079663086229808e6
1.1016173403961565e6
1.1237746488476424e6
1.1461340557415243e6
1.1686946388035289e6
1.1914555086014525e6
1.2144158095423502e6
1.237574718465782e6
1.2609314439867656e6
1.284485226979008e6
1.3082353403553846e6
1.3321810837707585e6
1.3563217940630768e6
1.380656832650317e6
1.4051855912572802e6
1.4299074908789815e6
1.4548219789813485e6
1.479928531100252e6
1.5052266486578982e6
1.5307158594249457e6
1.5563957152327327e6
1.5822657932346058e6
1.6083256938618235e6
1.6345750409069946e6
1.661013479147918e6
1.6876406763939443e6
1.7144563206523582e6
1.7414601194297501e6
1.7686518021775135e6
1.796031113390474e6
1.8235978188954566e6
1.851351700095848e6
1.87929255611815e6
1.9074202028546159e6
1.9357344703071504e6
1.9642352050255914e6
1.9929222655431454e6
2.0217955272758366e6
2.050854877161293e6
2.0801002154107064e6
2.109531453542129e6
2.139148515791134e6
2.168951336678249e6
2.198939862240753e6
2.2291140479713455e6
2.259473859299015e6
2.2900192710579983e6
2.3207502662692172e6
2.3516668374367114e6
2.382768983421672e6
2.414056712376644e6
2.4455300386851826e6
2.4771889837198257e6
2.509033575339933e6
2.541063848799307e6
2.5732798398878905e6
2.605681597907747e6
2.6382691719078515e6
2.671042617086609e6
2.704001993432872e6
2.7371473648789353e6
2.770478799713024e6
2.803996366289504e6
2.837700150914118e6
2.871590221558486e6
2.9056666637244583e6
2.9399295621364433e6
2.974379004732184e6
3.009015079997689e6
3.043837881735584e6
3.078847503430991e6
3.114044041107838e6
3.149427593126522e6
3.184998259398558e6
3.2207561396440603e6
3.256701337359678e6
3.292833954681487e6
3.3291540981005975e6
3.365661872060995e6
3.4023573830763004e6
3.4392407380907387e6
3.476312044648133e6
3.5135714117951375e6
3.551018945688285e6
3.588654756093428e6
3.6264789520135256e6
3.664491642517527e6
3.702692936747433e6
3.741082943611169e6
3.7796617722165356e6
3.818429531340647e6
3.8573863303574366e6
3.896532275462436e6
3.935867476737494e6
3.97539204104488e6
4.015106075619332e6
4.055009687076979e6
4.0951029816317935e6
4.1353860648532114e6
4.175859041899935e6
4.216522016786262e6
4.2573750937354695e6
4.298418375468016e6
4.339651964378556e6