180185.32141214664
180232.67781015686
180357.83117354903
180561.90196839956
180845.8372449927
181210.88837726167
181659.12355671168
182192.25695718025
182812.81734180034
183523.55692837728
184327.5743179743
185228.25817485337
186229.30922526217
187334.7171940795
188548.69780404135
189875.95293996608
191320.94064961546
192888.86510805492
194584.80835687762
196414.13990656877
198382.36429797558
200495.17982633898
202758.3488784239
205177.76409255582
207759.41065699354
210509.28364399428
213433.51626391613
216538.19702829982
219829.4409277709
223313.3416988566
226995.9712841777
230883.3544232298
234981.44279913508
239296.1006905615
243833.1073255247
248598.12217133076
253596.6780486308
258834.1452238422
264315.80857002654
270046.6879842329
276031.6885055838
282275.5150681486
288782.6654222292
295557.44541702804
302603.9318939656
309926.0013832818
317527.271295281
325411.16501399537
333580.84951069707
342039.2578349457
350789.082816781
359832.77922338725
369172.5542067662
378810.3782011514
388747.97876504064
398986.8468855013
409528.2373982036
420373.1732239461
431522.44952836586
442976.63819072116
454736.09362928313
466800.9586978315
479171.1707204828
491846.4686932084
504826.4006910813
518110.3311515703
531697.4502299346
545586.7792980784
559777.1828873274
574267.3760393737
589055.9300936852
604141.2886432074
619521.7690151948
635195.577006571
651160.812449724
667415.4799928842
683957.4964855055
700784.700317779
717894.8622104493
735285.6879133211
752954.8333047914
770899.8915599314
789118.4816528128
807608.0980727377
826366.2729556424
845390.5090805925
864678.2970937858
884227.1261944885
904034.4857149483
924097.8735363411
944414.7988851079
964982.7894867335
985799.3935265039
1.0068621857275498e6
1.0281687759047797e6
1.0497167989498635e6
1.0715039325519938e6
1.0935278914500617e6
1.115786433235852e6
1.138277360583024e6
1.1609985224935035e6
1.1839478186577177e6
1.207123190576136e6
1.2305226428954494e6
1.2541442261142875e6
1.2779860456834296e6
1.3020462607112867e6
1.3263230843633441e6
1.3508147874935642e6
1.3755196922061678e6
1.4004361795483883e6
1.4255626830782602e6
1.4508976944830415e6
1.4764397560981538e6
1.5021874663697416e6
1.5281394766358421e6
1.5542944943326707e6
1.580651267456499e6
1.6072086045637843e6
1.6339653705739344e6
1.6609204695079336e6
1.6880728535331427e6
1.7154215289069698e6
1.7429655422366995e6
1.7707039885702902e6
1.7986360052702224e6
1.826760773137873e6
1.8550775465013424e6
1.8835854940302554e6
1.9122840113437271e6
1.9411724086150131e6
1.9702500628008759e6
1.9995163858930734e6
2.028970831882097e6
2.0586128665881571e6
2.0884420184918977e6
2.1184578260567253e6
2.1486598653504057e6
2.179047739793283e6
2.2096210818135776e6
2.240379546712637e6
2.2713228192672255e6
2.30245060823875e6
2.33376264685864e6
2.365258687883836e6
2.396938510923215e6
2.428801911326297e6
2.460848707789069e6
2.493078736423973e6
2.5254918523963084e6
2.5580879280185793e6
2.5908668599193804e6
2.623828537500388e6
2.656972888426383e6
2.6902998463876145e6
2.7238093686514604e6
2.7575013966773367e6
2.7913759164290386e6
2.8254329713353794e6
2.8596723719878215e6
2.8940943091971413e6
2.928698739887414e6
2.963485688987392e6
2.9984551908804835e6
3.033607288489439e6
3.0689420310502877e6
3.104459481667021e6
3.1401596965862527e6
3.1760427496510004e6
3.2121087297942936e6
3.248357713417465e6
3.284789789145663e6
3.3214050512541393e6
3.3582035983079374e6
3.395185521788902e6
3.4323509520032397e6
3.469699987753211e6
3.5072327436386957e6
3.544949336993479e6
3.582849887890997e6
3.620934519220197e6
3.659203356268661e6
3.6976565265196804e6
3.7362941692534154e6
3.775116387063061e6
3.8141233412157055e6
3.8533151566659147e6
3.8926919687006427e6
3.9322539139054986e6
3.9720011297337543e6
4.011933754153953e6
4.0520519263158645e6
4.092355785064306e6
4.132845470442487e6
4.17352112199846e6
4.214382879455707e6
4.25543088316812e6
4.2966652725680955e6
4.338086188038834e6
4.379693768263093e6