41642.48189689664
41755.71836000623
42057.77963547228
42548.93062365288
43229.59971795019
44100.37587256543
45162.00458867167
46415.382861508115
47861.55313921234
49501.696350533835
51337.12406472114
53369.26985623443
55599.68028860603
58030.003464579
60661.9744222491
63497.43229863368
66538.26257658057
69786.41050834581
73243.88102744945
76912.70704563224
80794.94874568054
84892.67719144779
89207.96542225874
93742.87708323222
98499.45690648249
103479.71790331809
108685.634650146
114119.13107383202
119782.07656642265
125676.27323499526
131803.4518538475
138165.26230065324
144763.27207303452
151598.95595841855
158673.6952449897
165988.7725046226
173545.3667673495
181344.5551787446
189387.30549346408
197674.4801749764
206206.8321057382
214985.00586375166
224009.53784871587
233280.8572708547
242799.2873980018
252565.04782493348
262578.25602226943
272838.9304741483
283346.9933247539
294102.27378055936
305104.511340408
316353.3591331295
327848.3894737018
339589.09558064106
351574.8974206261
363805.14532374335
376279.124003763
388996.0579060257
401955.11459736625
415155.4095690226
428596.01054007217
442275.94178786466
456194.18823426706
470349.6997318794
484741.3950461467
499368.1657271781
514228.88001529814
529322.387457867
544647.5180335012
560203.0941018977
575987.9252558886
592000.8155513759
608240.565612249
624705.9754334665
641395.8472594214
658308.9874642487
675444.2096904619
692800.3360936394
710376.1986341543
728170.647877422
746182.539596832
764410.7525990616
782854.1809391759
801511.737554153
820382.3557125323
839464.9881750221
858758.61380253
878262.228491762
897974.8552836499
917895.540025109
938023.3535674373
958357.3912472001
978896.7747911531
999640.6475226497
1.0205881840989231e6
1.0417385811700862e6
1.0630910620964875e6
1.084644875399864e6
1.1063992960543819e6
1.1283536240531115e6
1.1505071846654208e6
1.1728593281555711e6
1.195409429796612e6
1.2181568889366044e6
1.2411011294757368e6
1.2642415991192022e6
1.287577766155675e6
1.311109127231885e6
1.334835196352907e6
1.3587555124665773e6
1.382869634815908e6
1.4071771804759614e6
1.4316776403847462e6
1.4563707455147933e6
1.4812560998986051e6
1.5063333629178328e6
1.5316022124547702e6
1.557062344420039e6
1.5827134723737044e6
1.6085553262306082e6
1.6345876523556456e6
1.660810213264791e6
1.6872227867137387e6
1.713825165309686e6
1.7406171558575435e6
1.767598578883884e6
1.7947692687388847e6
1.8221290721640382e6
1.8496778485653761e6
1.8774154696080212e6
1.9053418168715176e6
1.9334567851620337e6
1.9617602786083524e6
1.990252212277261e6
2.0189325081361944e6
2.0478011039005772e6
2.0768579394008717e6
2.1061029665459236e6
2.1355361450253166e6
2.165157441894828e6
2.1949668321772814e6
2.2249642981329784e6
2.2551498283453006e6
2.2855234184667985e6
2.316085069249324e6
2.3468347893887013e6
2.3777725911596045e6
2.408898493158946e6
2.440212518966374e6
2.47171469643386e6
2.50340505876987e6
2.5352836428822866e6
2.567350489977485e6
2.599605645028509e6
2.632049156521941e6
2.6646810765122417e6
2.697501460177101e6
2.730510365636571e6
2.763707859877406e6
2.797093988686644e6
2.83066883585639e6
2.8644324639254864e6
2.8983849432225614e6
2.932526346834471e6
2.966856748308802e6
3.001376223967207e6
3.0360848508431045e6
3.0709827093653977e6
3.1060698785004346e6
3.141346440191773e6
3.1768124768489352e6
3.212468072137865e6
3.2483133104355494e6
3.284348276843081e6
3.320573057202881e6
3.3569877379594087e6
3.3935924060631236e6
3.4303871488126866e6
3.4673720538093317e6
3.5045472093140287e6
3.5419127032575924e6
3.579468623688477e6
3.617215059614584e6
3.6551520988438698e6
3.6932798299556114e6
3.731598341163706e6
3.77010772060745e6
3.808808055950216e6
3.8476994352207454e6
3.886781945651588e6
3.926055674360656e6
3.965520708124821e6
4.005177133197055e6
4.045025036840298e6
4.085064500665825e6
4.1252956135170124e6
4.1657184585963367e6
4.206333119771197e6
4.247139680664963e6
4.288138223817623e6