31181.62885607357
31301.060833993557
31619.606106807943
32137.427846069215
32854.78977237866
33772.05412588132
34889.678890212715
36208.21430203589
37728.29868618265
39450.653528260606
41376.07855015242
43505.44513653149
45839.69159079675
48379.812921719364
51126.85760428509
54081.91976536518
57246.12840648736
60620.64446815339
64206.64899069286
68005.33922247845
72017.91877344016
76245.59214229611
80689.55359900507
85350.99066078303
90231.06048613909
95330.89808101869
100651.61008132793
106194.25700346135
111959.86323667428
117949.40242606329
124163.79798564498
130603.91819618168
137270.57352356956
144164.5133707678
151286.4244027697
158636.9287323943
166216.5823315903
174025.8786490134
182065.22747872974
190334.99629726404
198835.46796549196
207566.8635997332
216529.3387089122
225722.98428160851
235147.8281167076
244803.83664779947
254690.91760955064
264808.92038969905
275157.6389706078
285736.8157748507
296546.1419914767
307585.2612155815
318853.77184490045
330351.229818162
342077.15135503997
354031.0156709554
366212.26749415917
378620.3202704402
391254.5583731972
404114.33995414106
417198.999650135
430507.8509653949
444040.1888346474
457795.292042815
471772.4255089904
485970.8426403147
500389.7873577989
515028.4961998407
529886.2004749522
544962.1278357337
560255.5043597752
575765.5560165958
591491.5103431549
607432.5980246806
623588.054107943
639957.1194758861
656539.0418877404
673333.0773409458
690338.4908056273
707554.5575222746
724980.5633886304
742615.8064483501
760459.596396031
778511.2569830983
796770.1249519913
815235.5512423624
833906.9015351997
852783.5562905581
871864.9111575732
891150.3774600739
910639.3820424029
930331.3676914568
950225.7931815551
970322.1331939423
990619.8787694011
1.0111185366986796e6
1.0318176298615208e6
1.0527166973254874e6
1.0738152937405626e6
1.0951129895789584e6
1.1166093714650841e6
1.1383040391636891e6
1.16019661122789e6
1.1822867173929438e6
1.204574006826301e6
1.2270581379806171e6
1.2497387870480944e6
1.272615642919406e6
1.2956884085825188e6
1.318956800424337e6
1.342420547706744e6
1.3660793929103874e6
1.3899330907447648e6
1.4139814082317385e6
1.438224124485945e6
1.4626610298769432e6
1.487291926299434e6
1.512116626565611e6
1.537134954108971e6
1.5623467429127982e6
1.5877518362725067e6
1.6133500882938216e6
1.6391413616940547e6
1.6651255285941067e6
1.6913024699672766e6
1.7176720750148322e6
1.7442342415612813e6
1.770988873490264e6
1.7979358889627198e6
1.8250752037807535e6
1.852406747065435e6
1.8799304535741056e6
1.9076462645034841e6
1.935554127210876e6
1.9636539953889071e6
1.9919458284287816e6
2.0204295913518353e6
2.049105254522527e6
2.077972793552161e6
2.1070321888126545e6
2.1362834255753187e6
2.165726493515807e6
2.195361386613476e6
2.225188102959263e6
2.2552066446730876e6
2.2854170174291134e6
2.315819230741907e6
2.346413297060702e6
2.3771992324721343e6
2.4081770560406046e6
2.4393467907613683e6
2.4707084576805797e6
2.502262087700917e6
2.5340077094203294e6
2.5659453548594406e6
2.598075058115448e6
2.630396855682381e6
2.662910785822205e6
2.695616888617355e6
2.7285152058181027e6
2.7616057809731425e6
2.794888659005452e6
2.828363885200088e6
2.8620315102159022e6
2.895891580082495e6
2.92994414518015e6
2.9641892578332685e6
2.9986269680208554e6
3.0332573314856677e6
3.06808039947961e6
3.1030962272440013e6
3.138304869885899e6
3.173706383041103e6
3.209300821322865e6
3.245088246255483e6
3.281068710231603e6
3.3172422723065508e6
3.353608990247283e6
3.3901689221403766e6
3.4269221264208304e6
3.463868661186982e6
3.501008585174812e6
3.5383419569952115e6
3.575868835430827e6
3.613589279135884e6
3.6515033468117137e6
3.6896110969584743e6
3.7279125884668976e6
3.7664078793963706e6
3.805097028166892e6
3.8439800928245084e6
3.88305713081601e6
3.9223282006832827e6
3.9617933594258744e6
4.0014526642646855e6
4.0413061720729535e6
4.0813539391434053e6
4.121596022148026e6
4.1620324767299425e6
4.202663358472989e6