29006.921016997614
29127.298930593795
29448.35717413391
29970.233002734443
30693.14820734618
31617.40734712727
32743.39533261482
34071.57438864579
35602.48043306741
37336.71871757305
39274.959850626736
41417.933714631115
43766.425367301534
46321.26678197841
49083.333619679484
52053.53781272976
55232.81955104877
58622.144022364475
62222.492684564815
66034.85686429539
70060.23011201169
74299.61260982766
78753.9829792552
83424.31438865555
88311.55948868513
93416.64673972549
98740.4759810768
104283.90547279968
110047.76268336008
116032.8378635312
122239.86808878058
128669.54647380326
135322.51507589268
142199.36421191832
149300.63010274206
156626.7934300937
164178.27990258212
171955.4579395114
179958.63903712956
188188.07993559184
196643.973646502
205326.46859290818
214235.65093560578
223371.5548559237
232734.16281991263
242323.40617684362
252139.16685050522
262181.2801386642
272449.5357622878
282943.68044826
293663.4199854255
304608.42069267936
315778.3133016539
327172.6936506056
338791.1258117553
350633.14416380733
362698.25595221244
374985.9428610476
387495.66449094715
400226.85935915075
413178.947853346
426351.33389473474
439743.40726074943
453354.54546034464
467184.1156707207
481231.4765823343
495495.9801589892
509976.9733200319
524673.7995780043
539585.8005195543
554712.317233802
570052.6918259049
585606.2684235963
601372.3946266541
617350.4224837065
633539.709647684
649939.6201909266
666549.5254936198
683368.8055670212
700396.8487708177
717633.0534461399
735076.828185872
752727.5923305776
770584.7760403405
788647.8230145857
806916.1864367242
825389.3336860851
844066.744422714
862947.9112110937
882032.3398854181
901319.5493476938
920809.0725768711
940500.4550330612
960393.2563443454
980487.0496941616
1.0007814214864689e6
1.0212759719007643e6
1.04197031428409e6
1.062864075402012e6
1.0839568952145048e6
1.1052484267186655e6
1.1267383357894737e6
1.1484263011634706e6
1.1703120138338804e6
1.192395177507425e6
1.2146755077778166e6
1.2371527326319646e6
1.259826590724259e6
1.2826968334048418e6
1.3057632216783809e6
1.329025531215168e6
1.3524835431465069e6
1.376137052528596e6
1.39998586388785e6
1.4240297916188822e6
1.4482686598317828e6
1.4727023021579792e6
1.497330561287976e6
1.5221532889134148e6
1.547170345304432e6
1.5723815992690467e6
1.5977869274580476e6
1.6233862150893547e6
1.6491793540487934e6
1.6751662443864143e6
1.7013467928783656e6
1.7277209134433307e6
1.7542885267592028e6
1.7810495591025995e6
1.8080039442770432e6
1.835151620985467e6
1.862492534392574e6
1.8900266343427007e6
1.9177538769605926e6
1.945674223002803e6
1.9737876381228538e6
2.0020940928552274e6
2.0305935621291618e6
2.0592860255493599e6
2.0881714657801795e6
2.1172498710785033e6
2.146521232451357e6
2.175985544751256e6
2.2056428064593812e6
2.2354930192528935e6
2.2655361878990065e6
2.295772320367546e6
2.326201427308808e6
2.356823522212856e6
2.3876386211854178e6
2.418646742770361e6
2.449847907799746e6
2.4812421393476627e6
2.512829462605185e6
2.5446099047908904e6
2.576583494822587e6
2.6087502638169704e6
2.641110243584749e6
2.673663468750712e6
2.7064099745942852e6
2.7393497980846106e6
2.7724829773253785e6
2.8058095516536753e6
2.839329561647029e6
2.873043048860467e6
2.9069500553641673e6
2.941050625609971e6
2.9753448028088002e6
3.0098326323769414e6
3.0445141599653284e6
3.0793894319320987e6
3.11445849522086e6
3.1497213971186937e6
3.185178185715058e6
3.2208289096045173e6
3.2566736164884e6
3.2927123563849893e6
3.3289451782525065e6
3.365372131660446e6
3.401993266498905e6
3.438808632188911e6
3.475818279233822e6
3.5130222573692244e6
3.5504206169027355e6
3.5880134079720755e6
3.6258006807455937e6
3.6637824851497165e6
3.701958871543349e6
3.7403298897491633e6
3.7788955895810598e6
3.8176560208374294e6
3.856611233690467e6
3.895761275346358e6
3.9351061971316705e6
3.9746460474343416e6
4.0143808747271295e6
4.0543107275348776e6
4.0944356542173675e6
4.134755702365441e6
4.175270919941027e6