50118.03783401052
50225.96026555318
50513.87172088734
50982.09408666022
51631.14805561444
52461.74976773994
53474.80622426304
54671.40953757
56052.83008239529
57620.50892099945
59376.0479801856
61321.19850923732
63457.85797582529
65788.04597179187
68313.90311550992
71037.67494670485
73961.70063544295
77088.38768819475
80420.2207296681
83959.72471016986
87709.46837625527
91672.04973725084
95850.05929271728
100246.10384713497
104862.75579401004
109702.5709787434
114768.10106064685
120061.77091822424
125585.99864417611
131343.11726182836
137335.38278161868
143564.95662395787
150033.90439300446
156744.20380417575
163697.69466647855
170896.1247266294
178341.11321297975
186034.15686489787
193976.62714720098
202169.76551409328
210614.68504456762
219312.36141890904
228263.64853079952
237469.2622424069
246929.79142043096
256645.69468095488
266617.3051859609
276844.83220550505
287328.3644729374
298067.8726507948
309063.2139869926
320314.1370440043
331820.2838026248
343581.1966510934
355596.32179989415
367865.01476623904
380386.5453165873
393160.1025594367
406184.8003812058
419459.68261321035
432983.7282803691
446755.85691093886
460774.9338171618
475039.77484795096
489549.15195122804
504301.79792518716
519296.41092049266
534531.6600283168
550006.1869672824
565718.6161956082
581667.5525357391
597851.5892949385
614269.3107583913
630919.2958461219
647800.1221880901
664910.367905733
682248.6167407348
699813.4594105759
717603.4966067497
735617.3420712219
753853.6222068237
772310.9844068915
790988.0913901674
809883.6280906263
828996.3016082769
848324.8426033906
867868.0068452347
887624.5760692942
907593.3604590045
927773.1943499636
948162.9462696945
968761.5104895527
989567.8124864704
1.0105808073679345e6
1.0317994812677653e6
1.0532228509398447e6
1.0748499643779325e6
1.096679899738023e6
1.1187117667373323e6
1.1409447059195712e6
1.163377887983007e6
1.1860105138875581e6
1.208841815331626e6
1.2318710563614173e6
1.2550975177016542e6
1.2785205280615245e6
1.3021394317189604e6
1.325953604720188e6
1.349962449922669e6
1.374165397014969e6
1.3985619020438632e6
1.4231514475605502e6
1.4479335399051693e6
1.47290771079791e6
1.4980735155282933e6
1.5234305327745073e6
1.5489783635859434e6
1.574716631464546e6
1.6006449805073994e6
1.6267630751049027e6
1.653070603951652e6
1.6795672681635018e6
1.7062527925239536e6
1.7331269202752807e6
1.7601894061361167e6
1.7874400299450122e6
1.8148785843356098e6
1.8425048750615222e6
1.87031872750494e6
1.8983199796161742e6
1.9265084828818704e6
1.9548841033273216e6
1.9834467188773653e6
2.0121962211500788e6
2.041132512936288e6
2.0702555083867272e6
2.0995651331299497e6
2.1290613227627394e6
2.1587440232673064e6
2.188613189955115e6
2.218668787496512e6
2.2489107891673883e6
2.279339177078344e6
2.309953939995344e6
2.3407550755112697e6
2.371742587519803e6
2.402916488258358e6
2.4342767940297206e6
2.46582352905234e6
2.4975567229772788e6
2.5294764103481155e6
2.561582632096601e6
2.5938754329840764e6
2.6263548631235887e6
2.6590209765812624e6
2.6918738315911302e6
2.7249134905820484e6
2.758140015424816e6
2.791553486330424e6
2.825153965006849e6
2.8589415303140176e6
2.8929162604737096e6
2.927078236235801e6
2.961427540791725e6
2.995964258927217e6
3.030688478531327e6
3.0656002882213118e6
3.100699780541769e6
3.135987046426319e6
3.1714621806568634e6
3.207125277867489e6
3.2429764351273333e6
3.279015749602414e6
3.315243319836214e6
3.351659245058114e6
3.3882636249360186e6
3.42505656030791e6
3.462038152169986e6
3.4992085026461277e6
3.5365677114856145e6
3.574115882726044e6
3.6118531177841607e6
3.6497795188885867e6
3.6878951890480486e6
3.726200229753882e6
3.764694743376356e6
3.803378832320754e6
3.842252598026413e6
3.881316141000384e6
3.920569564101822e6
3.9600129674011604e6
3.9996464513426595e6
4.039470115822922e6
4.079484060284806e6
4.1196883838273003e6
4.160083184269004e6
4.200668559904765e6
4.24144460737345e6
4.282411423672214e6
4.32356910426994e6