171654.85209031418
171705.01433307971
171838.9986154949
172057.40626171444
172361.1707320631
172751.58207419064
173230.5517917788
173799.86053061564
174461.9895839348
175219.6438210377
176075.86767447347
177034.0068159287
178097.70424241418
179270.87055109578
180557.72003412017
181962.67086922764
183490.40867719133
185145.80980116068
186933.98394404145
188860.12737911745
190929.6933285556
193148.2522591524
195521.39664066434
198055.05539316768
200754.91900524168
203626.92503806888
206677.04586842025
209911.22539764785
213335.43424317086
216955.61117660414
220777.66521950808
224807.45177864048
229050.75969194729
233513.2709430174
238200.58498817033
243118.1816661211
248271.4111579115
253665.46234861595
259305.3895561374
265196.04667998815
271342.1420626583
277748.1762904036
284418.4471927675
291357.06263146095
298567.8934533888
306054.6124654367
313820.6532903947
321869.22450404183
330203.3010517298
338825.62046738225
347738.685064788
356944.76031393325
366445.8678833322
376243.7981557577
386340.10238674155
396736.10059127863
407432.8819748913
418431.31032146583
429732.02751238295
441335.45889276604
453241.81952932186
465451.11973364337
477963.17207360733
490777.59816301323
503893.8376636327
517311.15296422166
531028.6411442546
545045.2389663116
559359.7350726795
573970.7714885122
588876.8668523858
604076.4068662594
619567.6673232564
635348.8164189082
651417.9263450311
667772.9798459855
684411.8810900822
701332.4633908875
718532.4919783953
736009.6880196955
753761.7158571128
771786.2043454335
790080.7513679805
808642.9280647116
827470.2878949482
846560.3735005801
865910.7207002871
885518.8677279248
905382.3568743686
925498.7421341927
945865.5926937992
966480.498608437
987341.0731079474
1.0084449595545054e6
1.0297898306379993e6
1.051373402470673e6
1.0731934174160114e6
1.0952476656974244e6
1.1175339823489338e6
1.1400502358611966e6
1.1627943598187189e6
1.1857643247098809e6
1.2089581534544183e6
1.2323739180062925e6
1.2560097540608377e6
1.2798638327801088e6
1.3039343914967594e6
1.3282197164520882e6
1.3527181506185725e6
1.377428088020524e6
1.4023479800975998e6
1.4274763295777391e6
1.4528116958988807e6
1.4783526881665713e6
1.5040979699447467e6
1.5300462564913793e6
1.5561963171997895e6
1.5825469612364478e6
1.609097059204249e6
1.6358455261130654e6
1.6627913242498743e6
1.689933466817665e6
1.7172710053118085e6
1.7448030394733604e6
1.7725287151458273e6
1.800447216053219e6
1.8285577689981756e6
1.8568596445964908e6
1.8853521406684034e6
1.9140346074680435e6
1.9429064237657015e6
1.9719670054005198e6
2.001215804492814e6
2.0306522983415432e6
2.0602759997034245e6
2.0900864642122698e6
2.1200832620716095e6
2.1502659991983576e6
2.180634307003219e6
2.2111878466375014e6
2.2419262963590287e6
2.272849368604876e6
2.3039567948481916e6
2.335248330744925e6
2.3667237506518364e6
2.39838285437631e6
2.4302254567090785e6
2.4622513947580564e6
2.4944605221183207e6
2.526852710317866e6
2.5594278473626943e6
2.592185836717893e6
2.6251265974866557e6
2.6582500625998145e6
2.691556178372352e6
2.725044904468234e6
2.7587162113473625e6
2.7925700866525513e6
2.8266065290753855e6
2.8608255297927344e6
2.895227108191394e6
2.92981129164821e6
2.964578112927479e6
2.9995276209515496e6
3.034659851267638e6
3.069974864092929e6
3.105472725794618e6
3.1411535114159524e6
3.1770172807076722e6
3.213064132993227e6
3.249294149783525e6
3.285707423689953e6
3.3223040517115453e6
3.3590841355860825e6
3.396047780847198e6
3.433195096702073e6
3.4705261829235693e6
3.508041181280665e6
3.545740197798665e6
3.583623353898636e6
3.621690773434654e6
3.6599425825402616e6
3.6983789093709514e6
3.736999884091068e6
3.7758056252114577e6
3.8147962914166143e6
3.853972004104129e6
3.8933328984498978e6
3.932879110650055e6
3.9726107776843095e6
4.0125280372187e6
4.0526310271628313e6
4.0929198858672697e6
4.1333947525396748e6
4.1740557656424334e6
4.214903063874476e6
4.2559367864770265e6
4.297157076637189e6
4.338564058154614e6
4.380157883694866e6