40125.90642538454
40240.10366508074
40544.722484770115
41040.01546176858
41726.39103434389
42604.41066821752
43674.7849776315
44938.36884207846
46396.15556858151
48049.27015685596
49898.961731925985
51946.595217594295
54193.6423355818
56641.67235447472
59292.34029720517
62147.377422667196
65208.590919201844
68477.82498565654
71956.98239857305
75647.99089400735
79552.80513786635
83673.38551679355
88011.6954785095
92569.6867322003
97349.2874136862
102352.40670013239
107580.90330662703
113036.77087648184
118721.23041443175
124636.51813055133
130784.06418806926
137165.43286697485
143782.0842873354
150635.396921781
157726.65808061042
165057.05986514396
172627.70266546414
180439.56330107822
188493.55114694114
196790.45077119893
205330.9475471752
214115.62377421424
223144.95900341865
232419.33037806815
241939.0149448352
251704.1902979518
261714.93826293328
271971.2461784187
282473.01109764085
293220.0401570644
304212.0581908048
315448.70787976455
326929.55483498576
338654.09128820524
350621.74005615147
362831.8588562848
375283.7439150186
387976.6349724645
400909.71867890656
414082.1331256955
427492.97190955584
441141.28824914654
455026.0989584923
469146.38838559296
483501.11226200446
498089.20134475967
512909.56513898395
527961.0952163469
543242.669195161
558753.1525965822
574491.403348554
590456.2738308848
606646.6142290414
623061.2740629669
639699.1063309521
656558.9683337677
673639.7247686152
690940.249156107
708459.4259218937
726196.1522629589
744149.3387562463
762317.9153529672
780700.8233683092
799297.025958113
818105.5056236694
837125.2634140358
856355.3229162053
875794.728990806
895442.5492585903
915297.8741069797
935359.8177074207
955627.5179082479
976100.1368018587
996776.8607425243
1.0176569006912124e6
1.0387394923062222e6
1.0600238956708077e6
1.0815093950289302e6
1.1031952998706265e6
1.1250809434738555e6
1.1471656832701422e6
1.169448900632394e6
1.1919300006373683e6
1.21460841125831e6
1.2374835830316455e6
1.2605549924141509e6
1.2838221325658862e6
1.3072845227927617e6
1.3309417011586265e6
1.3547932287710232e6
1.3788386846723994e6
1.4030776737796338e6
1.4275098118480197e6
1.4521347395280655e6
1.4769521146802814e6
1.5019616132701286e6
1.5271629285849435e6
1.5525557712451238e6
1.578139868755395e6
1.6039149637200236e6
1.6298808151706944e6
1.6560371969826852e6
1.682383897974464e6
1.7089207197570936e6
1.735647479754113e6
1.7625640067602873e6
1.7896701433140007e6
1.816965743556408e6
1.8444506739979605e6
1.872124812653971e6
1.8999880472447537e6
1.9280402769285562e6
1.9562814116360992e6
1.984711370416455e6
2.01333008009704e6
2.0421374794695799e6
2.0711335137183869e6
2.100318136743732e6
2.1296913104459206e6
2.1592530039337403e6
2.1890031942781433e6
2.2189418634783113e6
2.2490690026447913e6
2.279384607595957e6
2.3098886796926307e6
2.3405812272332506e6
2.371462262867578e6
2.4025318048363947e6
2.4337898757046307e6
2.465236503102657e6
2.4968717188049178e6
2.528695558853819e6
2.5607080629819487e6
2.5929092746649706e6
2.625299240739733e6
2.657878011419073e6
2.69064563941879e6
2.7236021823494313e6
2.756747697473277e6
2.7900822466192725e6
2.8236058934446634e6
2.857318703798755e6
2.891220745427636e6
2.9253120886970116e6
2.9595928045459767e6
2.9940629648772296e6
3.0287226482943804e6
3.0635719278167374e6
3.098610880914789e6
3.1338395864590867e6
3.169258123905754e6
3.2048665736836693e6
3.240665017031591e6
3.2766535358848977e6
3.3128322128614844e6
3.3492011311761253e6
3.385760374514957e6
3.422510026943416e6
3.459450172863751e6
3.4965808970949654e6
3.5339022843232523e6
3.5714144193364712e6
3.609117387817117e6
3.6470112743970235e6
3.685096164154856e6
3.723372142341589e6
3.761839293441444e6
3.8004977022937066e6
3.8393474533338365e6
3.878388630775453e6
3.9176213184450963e6
3.957045599907275e6
3.996661558154321e6
4.036469276296804e6
4.0764688363567465e6
4.1166603203318357e6
4.1570438095903373e6
4.197619384935459e6
4.238387126947468e6
4.279347115173295e6