28258.35501049884
28378.998283358087
28700.76077903177
29223.770576418334
29948.234622703167
30874.437061614764
32002.736948075355
33333.56537698093
34867.42206063194
36604.87119465954
38546.5377635936
40693.101717702026
43045.29411923497
45603.88941905198
48369.70234974606
51343.58096109655
54526.39916725822
57919.053314069344
61522.45455372565
65337.52103397038
69365.18027140926
73606.34772567963
78061.93610960501
82732.84481860971
87619.95493250935
92724.11410049681
98046.15757812398
103586.87789596083
109347.03429513355
115327.3481340697
121528.49322057862
127951.10575958889
134595.76946930014
141463.02054292255
148553.34480108728
155867.17593681527
163404.89723567932
171166.83255657286
179153.2582927776
187364.40025011252
195800.42613954507
204461.45388930946
213347.55033013792
222458.73287145907
231794.9721440911
241356.18367615598
251142.24958380376
261153.00066492407
271388.2271867318
281847.68101572595
292531.0743556098
303438.08541166637
314568.3579067
325921.50435177644
337497.10803708585
349294.72517473967
361313.8868324774
373554.10163198126
386014.8572523526
398695.62271645176
411595.85057463543
424714.9785404615
438052.43163509056
451607.62393423927
465379.96034153766
479368.83830992255
493573.6494475284
507993.78109096293
522628.6177603491
537477.5425808552
552539.938582115
567815.1899663482
583302.6833163503
599001.8085894545
614911.9602167036
631032.5381030261
647362.9483654078
663902.6042439323
680650.9268183213
697607.3457384205
714771.2996941706
732142.2372106566
749719.6169061295
767502.9081532548
785491.5910913441
803685.1577204495
822083.111151642
840684.9669515409
859490.2524665149
878498.5075119819
897709.2843086768
917122.1475552092
936736.6740599069
956552.4553881522
976569.0926061487
996786.201306688
1.0172034092499667e6
1.0378203570542717e6
1.0586366967565748e6
1.079652093892534e6
1.1008662250996851e6
1.122278779236811e6
1.1438894585152243e6
1.1656979741356452e6
1.1877040508326506e6
1.2099074239309975e6
1.232307840209564e6
1.2549050566063202e6
1.2776988415655722e6
1.3006889735223318e6
1.3238752412022955e6
1.3472574433526201e6
1.370835388383283e6
1.3946088943429028e6
1.4185777884115037e6
1.4427419068609977e6
1.467101094759498e6
1.4916552056727803e6
1.516404101449681e6
1.5413476520404217e6
1.5664857351859247e6
1.5918182360401182e6
1.6173450476692123e6
1.6430660695150492e6
1.668981208064691e6
1.695090376811007e6
1.7213934954871018e6
1.747890489975022e6
1.7745812918997542e6
1.8014658392715557e6
1.8285440751285527e6
1.8558159481042782e6
1.8832814120010287e6
1.9109404253748097e6
1.9387929517921829e6
1.9668389592285387e6
1.9950784202114556e6
2.023511311350978e6
2.0521376136225476e6
2.080957311178994e6
2.109970392156727e6
2.1391768490480348e6
2.168576676766905e6
2.198169873891505e6
2.227956442000118e6
2.257936385537711e6
2.288109711952384e6
2.3184764312005923e6
2.349036556381094e6
2.3797901010198197e6
2.4107370839572023e6
2.44187752416037e6
2.473211443446283e6
2.504738864583644e6
2.536459813737257e6
2.568374317776115e6
2.6004824057190972e6
2.6327841073056953e6
2.6652794549072008e6
2.697968481532522e6
2.730851221723955e6
2.763927711132931e6
2.797197986543677e6
2.830662085926558e6
2.8643200481340396e6
2.898171912517423e6
2.9322177207188983e6
2.966457513115779e6
3.0008913316841857e6
3.0355192207980584e6
3.070341222186209e6
3.1053573803535644e6
3.140567738299578e6
3.17597234487005e6
3.211571241414063e6
3.2473644748259783e6
3.283352090996778e6
3.3195341361266975e6
3.3559106565993843e6
3.3924816992211672e6
3.4292473101945906e6
3.466207536931263e6
3.503362425973754e6
3.5407120244832323e6
3.578256379446969e6
3.615995537906002e6
3.6539295467392807e6
3.6920584529508916e6
3.730382303349986e6
3.768901144695276e6
3.8076150235382193e6
3.8465239862268125e6
3.8856280793275437e6
3.9249273487998447e6
3.9644218406961276e6
4.0041116004876993e6
4.0439966736990423e6
4.0840771057122997e6
4.124352941165808e6
4.1648242250626967e6