373675.46817992604
373661.78377640154
373625.8779270557
373568.25159147487
373490.0446852336
373392.7858437336
373278.4963566618
373150.61732794007
373008.7749490631
372859.3506065891
372704.7552275212
372549.1853436837
372396.7162457119
372252.17622335
372120.59903774725
372007.3035057761
371917.95257754624
371858.50439406745
371835.16522474575
371854.52074000146
371923.2921819193
372048.46326510864
372237.15706787736
372496.7750752751
372834.8329104403
373259.13315511646
373777.4013613481
374397.70019822416
375128.08526024455
375976.64427448576
376951.63449842297
378061.33888617496
379314.011197702
380718.0142995389
382281.6465877298
384013.07826206053
385921.0099845496
388013.22561414517
390298.0274428483
392783.5038051455
395477.6389891306
398388.3229197365
401523.0121511166
404890.2570965588
408496.62988595455
412349.76199693093
416456.81884293025
420824.75986842776
425460.42693249346
430370.3559894635
435560.93483571406
441038.32486248063
446808.4429406184
452876.977961667
459249.3724508425
465930.81481822836
472926.23193497024
480240.29193907767
487877.3858747418
495841.6352137127
504136.8860663726
512766.6985627392
521734.35227522603
531042.8418747857
540694.875940499
550692.8778819403
561038.9849293769
571735.051809228
582782.6504422267
594183.0738432838
605937.3392880498
618046.192510442
630510.1114309686
643329.3152529171
656503.7641372791
670033.1718707925
683917.0092207377
698154.5156239236
712744.694766091
727686.3471908176
742978.0566646222
758618.209292912
774604.9988371963
790936.4486978627
807610.3983757794
824624.5460670487
841976.417004899
859663.4263973124
877682.8433836256
896031.8250241934
914707.425409649
933706.5893570664
953026.2013460065
972663.0362263902
992613.8337757183
1.01287526466021e6
1.0334439486807531e6
1.0543164773527274e6
1.0754894097839934e6
1.0969592855010293e6
1.1187226345063027e6
1.1407759799363702e6
1.1631158510119957e6
1.1857387868934856e6
1.2086413467951596e6
1.231820104575084e6
1.2552716825984027e6
1.2789927175872438e6
1.3029799065469713e6
1.3272299731258957e6
1.3517396994676446e6
1.3765059300895175e6
1.4015255510508819e6
1.426795516479542e6
1.4523128459420674e6
1.4780746327116925e6
1.504077995510849e6
1.5303201874570195e6
1.5567984890280077e6
1.5835102677347646e6
1.610452987875381e6
1.637624094007154e6
1.6650212379445115e6
1.6926420710139552e6
1.7204843324363562e6
1.7485458375842709e6
1.776824475934393e6
1.8053182220807574e6
1.8340251119520103e6
1.8629432599129702e6
1.892070857095412e6
1.921406161136213e6
1.9509474971310021e6
1.9806932729544719e6
2.0106419510062824e6
2.0407920793218215e6
2.0711422232454477e6
2.1016910748408986e6
2.132437355041232e6
2.163379846515977e6
2.1945174005744522e6
2.225848915177715e6
2.257373352851853e6
2.2890897261245605e6
2.3209971021953626e6
2.3530946016218103e6
2.3853813874008236e6
2.417856675991323e6
2.4505197294238694e6
2.4833698537808843e6
2.5164063967052e6
2.549628749409073e6
2.5830363492231146e6
2.616628647381117e6
2.6504051641145125e6
2.6843654378879955e6
2.7185090431568003e6
2.752835588442062e6
2.7873447122596037e6
2.822036083747095e6
2.856909403613801e6
2.8919643985223575e6
2.9272008110973453e6
2.962618425359351e6
2.9982170430990234e6
3.033996503895973e6
3.0699565993857947e6
3.1060972495559407e6
3.142418320469257e6
3.1789197220996977e6
3.2156013710031216e6
3.2524632084200764e6
3.289505188753321e6
3.326727283197503e6
3.364129475653774e6
3.401711765674152e6
3.439474161982708e6
3.477416690257723e6
3.515539383248844e6
3.55384228688697e6
3.5923254563679113e6
3.630988956722678e6
3.669832861247594e6
3.7088572536368775e6
3.7480622215990494e6
3.7874478643119843e6
3.8270142902898653e6
3.86676159407933e6
3.9066899081818773e6
3.9467993499613437e6
3.987090045076853e6
4.0275621251370707e6
4.0682157271160153e6
4.1090509875056283e6
4.1500680576854222e6
4.1912670767916734e6
4.23264819740499e6
4.2742115715215e6
4.315957354407908e6
4.357885703158293e6