350551.47908543306
350544.0517089785
350524.15665352275
350492.63154279883
350450.56350846065
350399.50738463586
350341.42001052306
350278.69123268896
350214.06249624677
350150.74856972066
350092.27907970967
350042.59786774265
350006.05430761224
349987.21844737977
349991.1432318975
350023.110448012
350088.738707302
350193.93643829017
350344.83786677103
350547.9638210855
350809.96242863033
351137.76744483877
351538.3723496912
352019.1452496927
352587.516201698
353251.0866204701
354017.57597008976
354894.90840844007
355890.93663786375
357013.69259829976
358271.2667019514
359671.7850935446
361223.3403229639
362934.114044809
364812.22154711495
366865.6656677615
369102.86891412904
371531.47124576615
374159.51926993055
376994.8650852228
380045.2425060966
383318.270360728
386821.46243936714
390562.1582765484
394547.5473180341
398784.65511148993
403280.3305368604
408041.20699527906
413073.78786692646
418384.26740018144
423978.67668323376
429862.81409048446
436042.2261166323
442522.2389640652
449307.8783607944
456403.9547307354
463815.0070077218
471545.2877606675
479598.7981396122
487979.2490067079
496690.0790950668
505734.4410013658
515115.2058410447
524834.9643262677
534896.0220329522
545300.4036509101
556049.8529119662
567145.8371391594
578589.5479850274
590381.9062047803
602523.5675773709
615014.9242654811
627856.1146803938
641047.027043814
654587.307448177
668476.3681471196
682713.3917522733
697297.3447535641
712226.9817162508
727500.8569169209
743117.3342899309
759074.5952908376
775370.6463304528
792003.3420870649
808970.3732159497
826269.2976875033
843897.5336455717
861852.3970745639
880131.0784780364
898730.669185801
917648.1918445932
936880.5585750663
956424.6329283586
976277.2088166261
996435.0441477529
1.0168948445371707e6
1.0376532868205493e6
1.0587070181887401e6
1.0800526865262152e6
1.1016869128729291e6
1.1236063327921676e6
1.1458075803631577e6
1.1682873120555275e6
1.1910421834723083e6
1.214068931987558e6
1.2373642493324676e6
1.2609249194830847e6
1.2847477449983484e6
1.3088295912876318e6
1.3331673503633826e6
1.3577579465949559e6
1.3825985380150247e6
1.4076860587580013e6
1.4330176916648622e6
1.4585906492942437e6
1.4844022134765992e6
1.5104496930678464e6
1.5367305324764065e6
1.5632422028213865e6
1.5899822629527724e6
1.6169483397188173e6
1.6441381372261592e6
1.6715494227304424e6
1.699180054403008e6
1.7270279484550953e6
1.7550910960630975e6
1.7833675834525418e6
1.811855530410231e6
1.8405531538693327e6
1.8694587311242293e6
1.8985706137871202e6
1.9278872187167348e6
1.9574070236247596e6
1.9871285857396384e6
2.0170505085503343e6
2.047171493675653e6
2.077490228896345e6
2.1080055354941487e6
2.1387162865837747e6
2.169621375763816e6
2.20071977720401e6
2.2320104983665072e6
2.2634926199751934e6
2.295165296188401e6
2.3270275886517595e6
2.3590788282778664e6
2.3913182367179925e6
2.4237451231951653e6
2.4563588547261856e6
2.489158786019707e6
2.5221443671349925e6
2.555315063373062e6
2.58867038109637e6
2.6222098598620556e6
2.655933068049531e6
2.689839621189631e6
2.723929147745757e6
2.758201316940753e6
2.792655822275112e6
2.827292382590325e6
2.862110758218175e6
2.897110712765159e6
2.9322920387066007e6
2.967654562982882e6
3.003198124088698e6
3.0389226002540584e6
3.0748278212329284e6
3.1109137386655468e6
3.147180250484503e6
3.183627293240993e6
3.22025481955202e6
3.2570627889171764e6
3.294051182588734e6
3.3312199972813926e6
3.3685692300197743e6
3.406098907321028e6
3.443809055392967e6
3.4816997143944292e6
3.519770934035208e6
3.5580227745173443e6
3.5964553031447297e6
3.6350685997196604e6
3.673862746095038e6
3.712837836534706e6
3.7519939680131357e6
3.79133124765924e6
3.8308497904890915e6
3.870549700049259e6
3.9104311122891093e6
3.9504941487508602e6
3.9907389410925275e6
4.0311656242097877e6
4.0717743365135742e6
4.112565221975553e6
4.1535384225162314e6
4.1946940896309605e6
4.236032371845499e6
4.277553422254826e6
4.319257395541361e6
4.361144448487098e6