32699.73902118193
32818.3937028091
33134.87252038765
33649.355884649514
34362.135412188785
35273.611728945165
36384.29146496847
37694.78347453338
39205.79432399958
40918.12309743698
42832.655470249185
44950.35746333584
47272.26948375767
49799.49612389074
52533.201795978355
55474.6014248955
58624.95267564886
61985.546261179625
65557.69882591996
69342.74656408477
73342.03366913456
77556.9054623437
81988.7019584044
86638.75030922625
91508.3527748581
96598.78717673851
101911.29526741491
107447.0819654414
113207.30085924755
119193.05788059422
125405.40310463021
131845.32691173765
138513.75664511105
145411.5533012031
152539.50935125872
159898.3464011138
167488.7137745524
175311.18733451082
183366.26873720938
191654.38553140906
200175.8911015496
208931.06403750583
217920.11166601363
227143.1686519194
236600.29969890852
246291.50072350417
256216.7024493312
266375.76979043643
276768.50647271815
287394.656917871
298253.90858312685
309345.8950569839
320670.1991585026
332226.355329977
344013.85302094184
356032.13953418174
368280.62295857805
380758.6754591488
393465.63594580477
406400.8132415374
419563.4887394443
432952.9196356378
446568.3413139249
460408.9703161754
474474.006726656
488762.6369374151
503274.03591047646
518007.3695308333
532961.7969005344
548136.4724420866
563530.5479200042
579143.1742830717
594973.5034581808
611020.6903072873
627283.8938181743
643762.2788990506
660455.0175719827
677361.2904035356
694480.2874147164
711811.2100350221
729353.2703319279
747105.6938627958
765067.7193096529
783238.5996021426
801617.6023936302
820204.0108653955
838997.1241006793
857996.2578631837
877200.7429942931
896609.9298839737
916223.1843759534
936039.8904622559
956059.4494358018
976281.2803651572
996704.8201561277
1.0173295233934291e6
1.0381548622003193e6
1.059180326575681e6
1.0804054239337929e6
1.1018296790707712e6
1.1234526340582888e6
1.145273847954092e6
1.1672928964171675e6
1.189509372788554e6
1.2119228851414304e6
1.2345330610261238e6
1.257339533988931e6
1.2803419675008426e6
1.3035400306095886e6
1.32693340964114e6
1.3505218054753647e6
1.3743049333593445e6
1.398282520774696e6
1.4224543135106587e6
1.4468200644376162e6
1.471379542906331e6
1.4961325300816721e6
1.521078819095481e6
1.5462182149218845e6
1.5715505342392565e6
1.5970756040005297e6
1.6227932631033699e6
1.6487033599396476e6
1.6748057535336667e6
1.7011003124241598e6
1.7275869142968596e6
1.7542654466193416e6
1.781135805058482e6
1.8081978938703802e6
1.8354516257510015e6
1.8628969206883556e6
1.8905337068136833e6
1.9183619193119635e6
1.946381500167096e6
1.974592398366585e6
2.0029945692044897e6
2.0315879741434928e6
2.0603725805758042e6
2.089348361588641e6
2.118515295659689e6
2.147873366549301e6
2.1774225628928924e6
2.2071628780543446e6
2.2370943099942445e6
2.2672168614148567e6
2.297530537550502e6
2.3280353498062314e6
2.3587313114829673e6
2.3896184432445164e6
2.420696757083543e6
2.4519662864399003e6
2.483427054892281e6
2.5150790912898663e6
2.5469224311735807e6
2.5789571074689124e6
2.6111831581566124e6
2.643600623401948e6
2.67620954507831e6
2.7090099672713173e6
2.7420019357670574e6
2.7751854982264275e6
2.80856070399808e6
2.842127603873825e6
2.8758862499929657e6
2.909836696036126e6
2.9439789967214083e6
2.9783132080929717e6
3.0128393865658753e6
3.047557591292415e6
3.082467879941405e6
3.1175703124727695e6
3.152864949214249e6
3.188351851068166e6
3.2240310796114216e6
3.259902697340818e6
3.295966765308197e6
3.332223347939686e6
3.3686725078167613e6
3.4053143085409743e6
3.442148814082135e6
3.4791760876049683e6
3.516396193310724e6
3.5538091958647217e6
3.5914151591073046e6
3.6292141471907175e6
3.6672062241894077e6
3.705391453967525e6
3.7437699005551464e6
3.782341628407262e6
3.821106700194497e6
3.860065179619799e6
3.8992171301030456e6
3.93856261425974e6
3.978101694904763e6
4.01783443446398e6
4.0577608949596076e6
4.0978811378616705e6
4.1381952247415963e6
4.1787032166279764e6
4.21940517389458e6