53020.92758845157
53127.0841771343
53410.29254420946
53870.89043942388
54509.42425043526
55326.645526668115
56323.50624192113
57501.15287859342
58860.919418851
60404.31980099689
62133.03791998519
64048.912045571866
66153.9411011883
68450.24683374906
70940.0831348683
73625.81454654774
76509.90235522485
79594.89983561909
82883.41112468432
86378.11216883088
90081.71524941144
93996.96349540274
98126.60815995061
102473.40456268442
107040.08613067196
111829.3701682922
116843.93999488954
122086.41654550473
127559.36223308335
133265.26958947364
139206.54957601224
145385.5201978452
151804.40002499698
158465.30505685604
165370.23455305083
172521.07096532753
179919.5711712781
187567.3642494167
195465.94978912052
203616.68944238627
212020.81075831293
220679.40461907978
229593.42182723156
238763.67847168518
248190.85220500868
257875.48584827478
267817.9887679877
278018.63953556714
288477.5869747534
299194.8650145811
310170.371195722
321403.89886458835
332895.1246299307
344643.6190239242
356648.84986045957
368910.18768062117
381426.91167027317
394198.2135695699
407223.20461623743
420500.92029352067
434030.32602832466
447810.32272510673
461839.752085253
476117.40225786227
490642.01294998697
505412.28074423736
520426.8640536937
535684.388456518
551183.4506114183
566922.6242411496
582900.4634382973
599115.5072841907
615566.2841879851
632251.3152953723
649169.1185817953
666318.2124108903
683697.1180331763
701304.3639502263
719138.4879607942
737198.0395917197
755481.5818190968
773987.6981282098
792714.9872828058
811662.0706699488
830827.5921378931
850210.219632306
869808.6469059805
889621.5942978684
909647.8112796943
929886.0739561536
950335.1902466626
970993.998666822
991861.3679232298
1.0129361981079744e6
1.0342174220807507e6
1.0557040039232182e6
1.077394940614112e6
1.0992892607862116e6
1.121386026083304e6
1.1436843301214378e6
1.1661832984748427e6
1.1888820880886288e6
1.211779888337868e6
1.234875919343908e6
1.2581694317930266e6
1.281659706828362e6
1.3053460552864422e6
1.3292278180637462e6
1.3533043643145282e6
1.3775750909720454e6
1.402039424016157e6
1.4266968153384863e6
1.451546743189326e6
1.4765887121288134e6
1.5018222519160965e6
1.52724691621833e6
1.5528622827445767e6
1.5786679527644855e6
1.604663549331328e6
1.6308487179418933e6
1.6572231245056787e6
1.6837864561780705e6
1.7105384151509504e6
1.7374787388774361e6
1.7646071612607008e6
1.791923446008788e6
1.8194273738516588e6
1.8471187399881661e6
1.8749973563204743e6
1.9030630507654638e6
1.931315664458527e6
1.9597550544835047e6
1.988381089498099e6
2.0171936535825357e6
2.046192642102129e6
2.0753779629254383e6
2.1047495348024927e6
2.1343072882768186e6
2.1640511640239554e6
2.1939811132583013e6
2.2240970962660853e6
2.2543990830216575e6
2.28488705198762e6
2.315560989791938e6
2.3464208915548273e6
2.377466759654779e6
2.4086986037940104e6
2.440116439517526e6
2.471720290939681e6
2.5035101859827777e6
2.5354861596545586e6
2.5676482527545495e6
2.5999965103562525e6
2.632530982937556e6
2.665251725441263e6
2.698158797017314e6
2.7312522611533958e6
2.7645321813581316e6
2.7979986394725447e6
2.8316516985635776e6
2.8654914396398272e6
2.8995179428155827e6
2.9337312914812337e6
2.9681315676671243e6
3.0027188666581e6
3.0374932715373877e6
3.072454876639208e6
3.107603775216e6
3.142940063033472e6
3.178463837172842e6
3.2141751950062923e6
3.250074236976127e6
3.286161063139699e6
3.3224357742565502e6
3.3588984746323037e6
3.3955492666550884e6
3.4323882541995957e6
3.469415542653542e6
3.506631235321258e6
3.5440354365942786e6
3.58162825341724e6
3.619409791205372e6
3.657380155661809e6
3.695539452586887e6
3.73388778754406e6
3.772425266339515e6
3.8111519944691067e6
3.8500680772698964e6
3.889173618408509e6
3.928468724342942e6
3.9679534985643686e6
4.007628044941113e6
4.0474924668063433e6
4.08754686697813e6
4.1277913497912125e6
4.16822601103524e6
4.208850957768476e6
4.2496662880964745e6
4.290672102324611e6
4.331868499251297e6