28030.437212644683
28151.15392686479
28473.111232540105
28996.43439630972
29721.325816391472
30648.06338056155
31776.998221556452
33108.55189725348
34643.21302967009
36381.53324194216
38324.12354648911
40471.64860861737
42824.82296473565
45384.40346812252
48151.18621440213
51125.99966363949
54309.69762347714
57703.15508203959
61307.262362173205
65122.91532536286
69151.01885474364
73392.46602520785
77848.14872762014
82518.944433339
87405.70582511765
92509.2659194129
97830.43532704512
103369.9861439556
109128.65720114548
115107.14989644077
121306.11932762223
127726.18330957399
134367.9083906475
141231.81628266547
148318.3738753926
155628.00032065166
163161.0680186135
170917.89135943475
178898.73451036622
187103.8104615417
195533.2802438933
204187.25449615414
213065.79385870235
222168.91076093525
231496.57010124347
241048.6904459041
250825.14665879833
260825.77069857196
271050.35395220574
281498.6494491114
292170.37212350155
303065.203742522
314182.79246367724
325522.75612350035
337084.68412825407
348868.14039235655
360872.66139882023
373097.76624930586
385542.95083261444
398207.6938035809
411091.4576702183
424193.69073212903
437513.82900819427
451051.2979623979
464805.51423923403
478775.88734269806
492961.8211936093
507362.71566808014
521977.96801149327
536806.9742223776
551849.1303159274
567103.833556435
582570.4836323154
598248.4836239652
614137.2410707573
630236.1689360014
646544.6863330883
663062.2194065802
679788.2020335079
696722.0764744263
713863.293975661
731211.315350727
748765.6113642086
766525.6633212876
784490.9630881408
802661.014067118
821035.3310452513
839613.4398367992
858394.879136798
877379.1990802288
896565.9621144619
915954.742891452
935545.1279138646
955336.71810135
975329.1236657049
995521.9690470994
1.0159148907117274e6
1.0365075370785436e6
1.0572995684763566e6
1.0782906584854517e6
1.099480490705422e6
1.1208687616957622e6
1.1424551794004994e6
1.1642394627952003e6
1.1862213425840996e6
1.2084005601879992e6
1.2307768682547617e6
1.2533500291915408e6
1.2761198169080745e6
1.2990860148714404e6
1.3222484166871314e6
1.3456068257140093e6
1.3691610547696908e6
1.3929109251384248e6
1.4168562707783352e6
1.4409969288774438e6
1.4653327490700253e6
1.4898635881729464e6
1.5145893112501313e6
1.5395097912097913e6
1.564624908585153e6
1.5899345513398037e6
1.6154386144226147e6
1.6411370000850966e6
1.6670296168016158e6
1.6931163800178855e6
1.7193972112812873e6
1.7458720381950054e6
1.7725407938161362e6
1.7994034176778956e6
1.8264598540576445e6
1.8537100527766824e6
1.8811539686525217e6
1.9087915611970727e6
1.936622794756197e6
1.9646476380795725e6
1.992866064277462e6
2.0212780504961782e6
2.0498835781519099e6
2.0786826316372226e6
2.107675199532438e6
2.136861274619152e6
2.1662408515937887e6
2.195813929219122e6
2.2255805090417154e6
2.2555405954137594e6
2.285694195620279e6
2.3160413194105728e6
2.3465819795921384e6
2.377316189400173e6
2.4082439672656544e6
2.4393653317462625e6
2.470680304177512e6
2.502188906856798e6
2.5338911653618803e6
2.56578710598793e6
2.5978767569333976e6
2.630160147874932e6
2.662637309908517e6
2.6953082755352748e6
2.7281730785208284e6
2.761231753785789e6
2.794484337314063e6
2.827930866264421e6
2.8615713790297518e6
2.8954059129963913e6
2.929434510042057e6
2.963657209311794e6
2.998074051883602e6
3.0326850812067655e6
3.0674903380753812e6
3.1024898660976863e6
3.137683708616652e6
3.17307190964199e6
3.2086545134527353e6
3.244431564676729e6
3.2804031082501314e6
3.316569189396432e6
3.352929853523701e6
3.389485146461385e6
3.426235113434876e6
3.463179800864901e6
3.500319254320539e6
3.5376535199864996e6
3.575182643860997e6
3.6129066719964487e6
3.650825650327193e6
3.688939624849876e6
3.7272486414148663e6
3.765752745806472e6
3.8044519836176806e6
3.8433464003817025e6
3.8824360414197673e6
3.921720951719645e6
3.9612011766939242e6
4.000876760734415e6
4.040747748412346e6
4.0808141841962156e6
4.121076111801037e6
4.1615335753081157e6