37599.66889692636
37715.449909722345
38024.283943886054
38526.40130849066
39222.17438701462
40112.11498964371
41196.87072887254
42477.22045736018
43954.06881605988
45628.4399488295
47501.47044744951
49574.40279146115
51848.57101312885
54325.403910274676
57006.40273412442
59893.14058384238
62987.24412742292
66290.39503900515
69804.30752724266
73530.72542103584
77471.41017441906
81628.12971799471
86002.65115690001
90596.72781275993
95412.08991349585
100450.44991612065
105713.46405005798
111202.75379427715
116919.88316969844
122866.35967555578
129043.62131640833
135453.03595046682
142095.89415248297
148973.40579246738
156086.6959842443
163436.8018494182
171024.6709634448
178851.15760377675
186917.02483961216
195222.93681548323
203769.46889477872
212557.0982754167
221586.20950900545
230857.09462964677
240369.95367823972
250124.89873589115
260121.9538256948
270361.05816785246
280842.0708819444
291564.7708715748
302528.8570402145
313733.9471026227
325179.6544759889
336865.4225957239
348790.70408625924
360954.87635979493
373357.2623718167
385997.1354348668
398873.7221557159
411986.2066618956
425333.7342850803
438915.41525462444
452730.3283080976
466777.5242511569
481056.0293915019
495564.8488938421
510302.9700970071
525269.365325094
540462.995357477
555882.8119315743
571527.7606156911
587396.783275887
603488.820767327
619802.814837149
636337.7109915983
653092.4594520086
670066.0186856954
687257.3554973034
704665.4475765388
722289.2851350061
740127.8713849278
758180.2251981586
776445.3810596404
794922.3906820682
813610.3237525019
832508.26885732
851615.3342056023
870930.648288399
890453.3603123331
910182.6407071424
930117.6816502878
950257.6972977573
970601.9237168295
991149.6195283512
1.0119000657231365e6
1.0328525661035448e6
1.0540064463845375e6
1.075361054732373e6
1.096915762439361e6
1.1186699618967497e6
1.1406230688749945e6
1.1627745192576242e6
1.1851237716169455e6
1.2076703060181304e6
1.2304136205972736e6
1.2533532384401937e6
1.276488700054206e6
1.2998195666235979e6
1.3233454185195966e6
1.347065855177933e6
1.3709804950830976e6
1.3950889729929443e6
1.4193909474282495e6
1.4438860857370975e6
1.4685740777900713e6
1.4934546284410472e6
1.5185274586159284e6
1.5437923047636969e6
1.5692489187945619e6
1.5948970664273556e6
1.6207365281846928e6
1.646767098278203e6
1.672988584439999e6
1.6994008060910848e6
1.7260035971323717e6
1.7527968014933872e6
1.7797802761325785e6
1.8069538882834683e6
1.834317516549636e6
1.8618710498557969e6
1.8896143860708787e6
1.9175474342649668e6
1.94567011180084e6
1.9739823455541853e6
2.0024840691198348e6
2.0311752216090218e6
2.0600557675090584e6
2.0891256553785529e6
2.118384849968412e6
2.1478333254867713e6
2.177471062038464e6
2.2072980431628902e6
2.2373142614376475e6
2.2675197134976625e6
2.297914401479965e6
2.328498333410076e6
2.3592715209491197e6
2.390233981898451e6
2.421385737403378e6
2.4527268134146696e6
2.4842572395648416e6
2.5159770492822467e6
2.547886279891544e6
2.5799849716582745e6
2.612273168438868e6
2.6447509160777847e6
2.677418264270363e6
2.710275266318544e6
2.743321975082592e6
2.7765584482803023e6
2.809984744643758e6
2.843600912188792e6
2.877407053300642e6
2.9114031933651557e6
2.945589411640853e6
2.979965775975406e6
3.014532355647531e6
3.0492892209367706e6
3.084236443717957e6
3.1193740966607356e6
3.154702253300012e6
3.1902209882088876e6
3.2259303766923994e6
3.261830494723083e6
3.2979214186673476e6
3.334203226201999e6
3.3706759943165565e6
3.4073398013089406e6
3.444194725227623e6
3.481240845260572e6
3.5184782387343817e6
3.555906985252702e6
3.5935271642580093e6
3.6313388540296047e6
3.6693421336082914e6
3.707537081901007e6
3.7459237775329747e6
3.784502299096163e6
3.823272725013143e6
3.8622351333784317e6
3.9013896020754348e6
3.9407362086419645e6
3.980275030231074e6
4.0200061437917394e6
4.0599296256744587e6
4.100045552209873e6
4.140353998478715e6
4.180855039975622e6
4.221548751452263e6
4.26243520677671e6