409567.19916261354
409544.6859342752
409485.0702535464
409389.05408256216
409257.710034804
409092.5235977703
408895.60035820695
408669.32043285674
408416.43731877924
408140.25818296167
407844.296568872
407532.63104326633
407209.63311090536
406879.9529326128
406548.74920295406
406221.3745619178
405903.55666132324
405601.3371376433
405320.94764261117
405069.0740190696
404852.582820401
404678.36719575495
404553.80552229955
404486.3834725081
404483.75929617434
404553.7476170719
404704.31585241825
404943.6706393157
405279.9943313823
405721.56495160755
406276.8134453642
406954.2139227348
407762.28145412967
408709.5529423687
409804.58262317063
411055.76161959034
412472.1737890504
414061.77649892046
415833.21565019514
417794.8951396453
419955.1422853757
422322.194072897
424904.18237631046
427709.1318122597
430744.933360969
434019.3321590926
437539.93393840065
441314.1544049796
445349.2971557516
449652.3970042222
454230.32968861435
459089.77983975515
464237.1983256456
469678.8129875458
475420.62144319725
481468.37926264055
487827.5921423374
494503.5197653359
501501.1419779792
508825.18603552337
516480.10145439405
524470.0637198058
532798.9651893026
541470.4148090372
550487.7362722507
559853.9657372686
569571.8475241745
579643.8400126367
590072.1106577342
600858.5412844222
612004.7237583494
623511.9615890956
635381.2942512082
647613.4704191446
660208.9699599976
673168.006744175
686490.5321296786
700176.2429765332
714224.5883206936
728634.7762667306
743405.7836922104
758536.3625616501
774025.0465244717
789870.1739379391
806069.8682887217
822622.0917839555
839524.6003767811
856775.0107700359
874370.7740271557
892309.1916507282
910587.4479004692
929202.5803827152
948151.5344062033
967431.1262844756
987038.1230422504
1.0069692565117746e6
1.0272209005089795e6
1.0477898028855716e6
1.0686723750709787e6
1.089865050917699e6
1.111364265662912e6
1.1331663807286439e6
1.155267781163749e6
1.1776648264068447e6
1.200353888318543e6
1.2233313483211547e6
1.2465936005617576e6
1.2701370567790302e6
1.293958177142716e6
1.3180534295494568e6
1.3424193417917257e6
1.367052489740748e6
1.3919494849659232e6
1.4171070052976906e6
1.4425217803606447e6
1.4681906594195107e6
1.49411036224177e6
1.5202779513818924e6
1.5466903755956432e6
1.5733447131486284e6
1.6002381101456052e6
1.6273677867987645e6
1.6547310324260292e6
1.6823252336936689e6
1.710147843727537e6
1.7381963930682873e6
1.766468494370963e6
1.7949618426722935e6
1.823674206622785e6
1.8526034326172124e6
1.8817474524680697e6
1.911104270008175e6
1.9406719555036214e6
1.9704486793504066e6
2.0004326631079512e6
2.0306222256486071e6
2.0610157050870145e6
2.0916115747358631e6
2.1224083455345966e6
2.1534045950774243e6
2.184598970377691e6
2.215990183256427e6
2.2475770075031472e6
2.279358273849793e6
2.311332881980867e6
2.3434997780142706e6
2.375857969910735e6
2.4084065166738266e6
2.441144534161571e6
2.4740711843832256e6
2.507185679845256e6
2.540487279157716e6
2.5739752913212343e6
2.607649057610655e6
2.6415079727572347e6
2.675551473900657e6
2.7097790307374587e6
2.7441901367781367e6
2.7787843589498573e6
2.813561263671086e6
2.84852047056593e6
2.8836616187344124e6
2.918984375442062e6
2.95448845643141e6
2.9901735889257267e6
3.02603954167276e6
3.0620860827049017e6
3.098313026313823e6
3.1347202007326093e6
3.1713074654884366e6
3.2080746877304222e6
3.2450217633693507e6
3.2821486034916104e6
3.3194551399164386e6
3.3569413191176737e6
3.394607105584669e6
3.4324524763591834e6
3.4704774252318563e6
3.5086819603456003e6
3.5470660960681024e6
3.585629868769983e6
3.624373319888437e6
3.663296502674844e6
3.702399482264055e6
3.7416823300143545e6
3.781145154070407e6
3.820787977211468e6
3.860610950341982e6
3.9006141768963644e6
3.9407977605189234e6
3.9811618197164545e6
4.0217064790833304e6
4.062431868917792e6
4.1033381197385667e6
4.1444253777509304e6
4.1856938273630645e6
4.227143528815434e6
4.26877467530036e6
4.31058742169018e6
4.352581925003555e6