254478.81412015506
254499.46992049646
254554.79189130163
254645.44090522995
254772.47130983643
254937.35869858705
255141.96240945393
255388.55685752718
255679.76150900486
256018.59333133942
256408.4469382579
256853.1402229442
257356.39469564403
257922.97981176322
258557.4663598254
259264.95517736062
260050.38527912204
260919.63100338384
261878.338750166
262932.5312223965
264088.38825626066
265352.3083320528
266730.8424687735
268230.701476052
269858.7115381017
271621.79651124973
273527.0000853713
275581.4327729909
277792.20946652733
280166.51424395276
282711.53845352476
285434.4855850657
288342.45970422437
291442.6171312704
294742.0043633426
298247.61473525845
301966.3294498398
305904.9246533372
310070.07084167656
314468.28669392056
319105.94841467915
323989.0174906568
329124.3909653367
334516.867840702
340172.6209491361
346097.0276727092
352295.311876924
358772.4927780351
365533.27736250643
372582.26545168465
379923.7069432253
387561.65068450855
395499.8659302833
403741.8724478475
412290.9283446667
421150.0239441063
430321.8876147424
439808.9797144226
449613.49726167764
459737.3710127133
470182.2718561578
480949.6114080814
492040.54540319403
503455.97652942536
515196.56182718684
527262.7164108717
539654.6207547294
552372.2237098011
565415.2556260342
578783.2306662321
592475.4570147502
606491.0437325295
620828.9122321223
635487.8013091977
650466.2808908653
665762.7579466855
681375.4881627136
697302.580135836
713542.0179925491
730091.6538963644
746949.2346212328
764112.3991167897
781578.698369731
799345.5777909138
817410.4426330711
835770.6039103561
854423.3223997051
873365.8255549149
892595.2809533868
912108.848812597
931903.606229823
951976.7009879482
972325.2116976355
992946.22789396
1.0138368528972018e6
1.0349941888858696e6
1.0564153582758761e6
1.0780975054002935e6
1.1000377989818098e6
1.1222334421227062e6
1.1446816691855008e6
1.167379758524505e6
1.1903250216255877e6
1.213514830472483e6
1.2369465952055263e6
1.2606177819115492e6
1.2845259113615279e6
1.3086685556083054e6
1.3330433536791736e6
1.3576479923543516e6
1.3824802292263564e6
1.4075378807594883e6
1.4328188253856155e6
1.4583209956205143e6
1.484042400113196e6
1.5099811098340089e6
1.5361352528897203e6
1.5625030243045243e6
1.589082676688739e6
1.6158725392275718e6
1.6428709988913091e6
1.6700764929614638e6
1.6974875288949194e6
1.7251026679329185e6
1.7529205385978331e6
1.780939819408689e6
1.8091592540054657e6
1.8375776247327232e6
1.866193790973337e6
1.8950066500721648e6
1.924015155940662e6
1.9532183142081238e6
1.982615172277322e6
2.0122048369492758e6
2.041986461655518e6
2.071959213657279e6
2.102122353868248e6
2.1324751556567727e6
2.1630169356074836e6
2.1937470517999097e6
2.224664908059411e6
2.2557699305178276e6
2.2870615988845304e6
2.3185394091144037e6
2.3502029056402496e6
2.382051655627884e6
2.414085259628392e6
2.4463033468527487e6
2.4787055755524957e6
2.511291631546473e6
2.544061225810022e6
2.577014093371245e6
2.6101499952778425e6
2.643468714543479e6
2.67697005381466e6
2.710653839671161e6
2.744519916594318e6
2.7785681502481657e6
2.8127984211213873e6
2.847210629457567e6
2.8818046886051097e6
2.9165805338994763e6
2.951538106470976e6
2.986677370280984e6
3.0219982970166784e6
3.057500872222007e6
3.093185092442026e6
3.129050971123756e6
3.1650985251471023e6
3.20132778431153e6
3.237738788516168e6
3.2743315860193125e6
3.311106233593501e6
3.3480627957641063e6
3.3852013446792476e6
3.4225219594916343e6
3.4600247256175345e6
3.497709735504408e6
3.5355770853032432e6
3.5736268786875266e6
3.611859222033315e6
3.6502742286446276e6
3.688872013966787e6
3.7276526992337615e6
3.7666164069940723e6
3.8057632654849156e6
3.845093404472127e6
3.88460695672081e6
3.9243040580265173e6
3.964184845409771e6
4.0042494590308997e6
4.04449804009896e6
4.08493073166546e6
4.125547678804114e6
4.1663490261372016e6
4.207334921595067e6
4.248505511628285e6
4.289860945552731e6
4.331401370386014e6
4.373126937153595e6