34757.186378749786
34874.684504688776
35188.08727573865
35697.59715250798
36403.54143800281
37306.369875809876
38406.651363085635
39705.069814680784
41202.41922352585
42899.59797046328
44797.60266458671
46897.52003717399
49200.52159633298
51707.85340327042
54420.82917537313
57340.819246406434
60469.24603079175
63807.56873715753
67357.28120770853
71119.89692819939
75096.94237553509
79289.94841744262
83700.44081761187
88329.93184688932
93179.92267841464
98251.84922916611
103547.16044092513
109067.23357893279
114813.40149066711
120786.94062397626
126989.07105564023
133420.94333497644
140083.64149324517
146978.17576991205
154105.48067591977
161466.41249592294
169061.74590654016
176892.175571233
184958.31236089658
193260.68374157374
201799.7354056757
210575.82770671623
219589.240704231
228840.17302877133
238328.74394804874
248054.9951791751
258018.89203801277
268220.3293647191
278659.1277400488
289335.04195521696
300247.7619674414
311396.9147583613
322782.06938733533
334402.7391122712
346258.3847308924
358348.418597833
370672.20711742673
383229.0749811678
396018.3078490502
409039.1559634571
422290.8374078076
435772.5413007965
449483.43094677705
463422.64691350167
477589.3100205357
491982.52414204687
506601.3791890838
521444.9535204796
536512.3166643926
551802.5340628746
567314.6580308133
583047.7524513796
599000.8723962819
615173.0772896078
631563.4308197171
648171.002120407
664994.8679201717
682034.1135457149
699287.8346210778
716755.1384343395
734435.1444156624
752326.9863493486
770429.8122810747
788742.7859205538
807265.0871222134
825995.9130222299
844934.477921237
864080.0150051531
883431.7744487089
902989.027628233
922751.062441038
942717.1889175775
962886.7350117092
983259.0489053889
1.0038334986184388e6
1.0246094722472278e6
1.0455863772700548e6
1.0667636409687009e6
1.0881407108316647e6
1.1097170532952354e6
1.1314921539698364e6
1.1534655192574745e6
1.1756366718676412e6
1.1980051547967992e6
1.2205705292553515e6
1.2433323740871414e6
1.2662902863463205e6
1.2894438803485762e6
1.3127927873146902e6
1.336336655350005e6
1.360075149046556e6
1.3840079486743012e6
1.4081347504040734e6
1.4324552653463301e6
1.4569692197173466e6
1.4816763540080492e6
1.5065764228150994e6
1.5316691942385265e6
1.5569544500872607e6
1.58243198437799e6
1.6081016040012091e6
1.633963127973017e6
1.66001638651483e6
1.686261221917825e6
1.7126974870308496e6
1.7393250448656115e6
1.766143769443185e6
1.7931535440290298e6
1.820354261592426e6
1.847745824409113e6
1.875328142875593e6
1.9031011367497053e6
1.9310647333879257e6
1.9592188680969956e6
1.9875634836880704e6
2.016098530207067e6
2.0448239633183193e6
2.0737397503280248e6
2.1028458573306315e6
2.132142261507781e6
2.161628944649526e6
2.191305894048188e6
2.2211731021788665e6
2.251230566725011e6
2.281478290305054e6
2.311916279536481e6
2.342544546045674e6
2.3733631052338015e6
2.404371976425349e6
2.4355711830145097e6
2.4669607515665996e6
2.4985407118771747e6
2.5303110976659125e6
2.5622719448514753e6
2.594423290055858e6
2.6267651826932724e6
2.6592976591194156e6
2.692020791911899e6
2.724934560346708e6
2.758039084605497e6
2.7913343944341554e6
2.82482054455442e6
2.8584975912800347e6
2.8923655923504997e6
2.9264246073956233e6
2.9606746968652103e6
2.995115921800036e6
3.029748347705989e6
3.0645720373311583e6
3.099587055386327e6
3.1347934682487636e6
3.1701913426270722e6
3.2057807460095477e6
3.24156174647777e6
3.27753441264401e6
3.313698813684224e6
3.350055019139354e6
3.386603098784533e6
3.423343122973857e6
3.460275162373884e6
3.4973992867970983e6
3.5347155673876093e6
3.5722240753578753e6
3.609924881162929e6
3.6478180557058663e6
3.6859036696779313e6
3.7241817939007287e6
3.7626524988612975e6
3.801315855046244e6
3.8401719326055716e6
3.8792208015217124e6
3.91846253146366e6
3.957897191882882e6
3.99752485176295e6
4.037345580047794e6
4.077359445200238e6
4.1175665147889876e6
4.1579668566497588e6
4.198560538251936e6
4.239347625984186e6