64107.04326457827
64206.75265584927
64472.78658623999
64905.53209105524
65505.61547739769
66273.8985566856
67211.47393450292
68319.65639491536
69599.98291865017
71054.18723679727
72684.2139030974
74492.17787259346
76480.38951132545
78651.2959437414
81007.51139711557
83551.77443270327
86286.94490253372
89215.98564804235
92341.94634004383
95667.95188515956
99197.18071893472
102932.85399668562
106878.21859227837
111036.52826977734
115411.0333380007
120004.96650367792
124821.52301492984
129863.85544138664
135135.05012009022
140638.12328763376
146376.01821520654
152351.54930262623
158567.4687320466
165026.39142023574
171730.81370799278
178683.1039853659
185885.49309187982
193340.0718423091
201048.78428236002
209013.4255756346
217235.63420974585
225716.89926237796
234458.54959308996
243461.75592285837
252727.53467119386
262256.7453409664
272050.09125763143
282108.12476543395
292431.24793616496
303019.71564837266
313873.64045823703
324992.9954956438
336377.6203794144
348027.2252933872
359941.39626563306
372119.6007547265
384561.1934665993
397265.42227198323
410231.43409585924
423458.2812058965
436944.9273734882
450690.25414418103
464693.06701211
478952.1018192872
493466.0306919502
508233.46822331613
523252.9774518889
538523.0758042127
554042.2402280733
569808.9137336437
585821.5096912719
602078.4175947101
618578.007879968
635318.636326792
652298.6491622376
669516.3873039314
686970.1886916136
704658.3953929921
722579.3549874157
740731.4235970493
759112.9703708842
777722.3789046527
796558.0523139635
815618.413259634
834901.9078814283
854407.0054003682
874132.2013194739
894076.0298513249
914237.0391723819
934613.8145641969
955204.9797628047
976009.1854178023
997025.1181331316
1.0182515004518095e6
1.0396870885681417e6
1.0613306753956205e6
1.0831810908888744e6
1.1052371993417926e6
1.127497903552516e6
1.149962141709919e6
1.1726288886929115e6
1.1954971558592715e6
1.2185659893156837e6
1.241834473058547e6
1.265301724150494e6
1.2889668955104174e6
1.3128291725858524e6
1.3368877821361935e6
1.361141972590275e6
1.3855910321803712e6
1.4102342798029953e6
1.4350710663318718e6
1.4601007721446096e6
1.4853228074106802e6
1.5107366123141123e6
1.5363416545990265e6
1.5621374303175984e6
1.5881234625401883e6
1.6142993001607526e6
1.6406645236291701e6
1.667218711279369e6
1.6939615096589131e6
1.7208925536817072e6
1.7480115138834296e6
1.7753180793203765e6
1.8028119606494163e6
1.8304928896737914e6
1.8583606151263495e6
1.8864149077722738e6
1.914655552132425e6
1.9430823546055378e6
1.9716951356753751e6
2.0004937313339498e6
2.029477994614881e6
2.058647791996377e6
2.0880030052312126e6
2.11754352892673e6
2.1472692704319125e6
2.177180148967175e6
2.20727609778963e6
2.2375570593537986e6
2.268022987829916e6
2.298673847293742e6
2.329509611684522e6
2.3605302645635214e6
2.3917357976403143e6
2.423126212770503e6
2.454701517622969e6
2.486461728734106e6
2.518406869730944e6
2.5505369708797205e6
2.5828520695034433e6
2.6153522073681355e6
2.6480374339690665e6
2.680907803335052e6
2.713963374752168e6
2.7472042121038274e6
2.780630383771782e6
2.814241963103171e6
2.8480390227948194e6
2.8820216544004492e6
2.9161899277062365e6
2.9505439394488237e6
2.985083781548888e6
3.0198095377823203e6
3.054721309047306e6
3.089819192696883e6
3.125103288271082e6
3.1605736984662544e6
3.196230527015693e6
3.232073879321425e6
3.268103861434691e6
3.30432058358422e6
3.34072415487662e6
3.377314687839292e6
3.4140922900278033e6
3.4510570760324956e6
3.488209157170454e6
3.5255486514839465e6
3.563075670242399e6
3.600790327570894e6
3.6386927388596125e6
3.676783019323879e6
3.7150612839498883e6
3.75352764804616e6
3.792182226580633e6
3.831025134600227e6
3.8700564868089147e6
3.9092763977644155e6
3.948684981681399e6
3.9882823523066575e6
4.028068623118529e6
4.0680439068923425e6
4.108208316120306e6
4.1485619623370636e6
4.1891049571632408e6
4.22983740805688e6
4.27075943294317e6
4.311871134900028e6
4.353172621125812e6