117024.62974706714
117097.84766026618
117293.2865936583
117611.46644220306
118053.22896858506
118619.73557575469
119312.46195625878
120133.1820716105
121083.96757924362
122167.18343439067
123385.47638911
124741.73477630768
126239.10881406037
127880.98343034953
129670.97738915231
131612.88523940774
133710.69181203164
135968.57442401248
138390.8473845915
140981.93981012204
143746.41027923368
146688.9169780897
149814.2021420341
153127.0207854416
156632.1949047783
160334.5730875853
164239.00355606098
168350.28803369342
172673.22206632353
177212.5525614778
181972.9380529395
186958.9680970578
192175.13518882616
197625.81368386236
203315.26300104507
209247.60681235904
215426.8086887372
221856.68728328883
228540.87933009697
235482.8814863024
242685.96069090042
250153.22397143455
257887.5797781774
265891.71862459404
274168.157958647
282719.1925493352
291546.90813210106
300653.18837409606
310039.70339865773
319707.9219354176
329659.09903004614
339894.2909008408
350414.3506902695
361219.93559467094
372311.5087837131
383689.34593114315
395353.5396558414
407304.0054138624
419540.4879206865
432062.56797561515
444869.6691510725
457961.0649315057
471335.886875583
484993.13142647326
498931.6680785761
513150.24760348105
527647.5094120925
542421.9901262645
557472.1314331755
572796.2869986844
588392.732894058
604259.6726767884
620395.2460893376
636797.5361279494
653464.577036547
670394.3606507868
687584.8423698184
705033.9503719984
722739.5889130752
740699.6462985484
758911.9987998196
777374.518308829
796085.0755584936
815041.5466778693
834241.8159238872
853683.7814978908
873365.3582723712
893284.4829362526
913439.1161691562
933827.2448108328
954446.890153096
975296.1007576688
996372.9641174565
1.0176756049346081e6
1.0392021853911488e6
1.0609509102608168e6
1.0829200260532624e6
1.1051078216365161e6
1.1275126332228887e6
1.15013283881036e6
1.172966864255616e6
1.1960131818985739e6
1.2192703107471303e6
1.2427368159396378e6
1.266411309958363e6
1.2902924533258155e6
1.3143789531947332e6
1.3386695607848554e6
1.363163076752502e6
1.3878583451396348e6
1.412754256218783e6
1.4378497448112555e6
1.4631437886165543e6
1.4886363239145787e6
1.5143236689318335e6
1.5402076737883317e6
1.5662865711070634e6
1.5925595454736296e6
1.6190258188036957e6
1.6456846548827232e6
1.6725353521126083e6
1.6995772474774239e6
1.726809708475722e6
1.7542321382802885e6
1.7818439743204096e6
1.8096446838391402e6
1.8376337667851602e6
1.865810751572022e6
1.8941751954571672e6
1.9227266888626404e6
1.9514648354844716e6
1.9803892824267254e6
2.0094996897144916e6
2.038795742951141e6
2.0682771574755455e6
2.0979436647144672e6
2.1277950199743602e6
2.157830997341118e6
2.1880513933409313e6
2.218456021825256e6
2.2490447151183486e6
2.2798173208215246e6
2.3107737067933744e6
2.3419137491199216e6
2.3732373625375433e6
2.404744440350065e6
2.436434915262838e6
2.468308725292351e6
2.5003658204276846e6
2.5326061654004487e6
2.565029733470158e6
2.5976365106678233e6
2.6304264921252364e6
2.6633996828647936e6
2.696556097196797e6
2.729895758359262e6
2.7634186972265756e6
2.797124952945308e6
2.8310145719628036e6
2.865087607219072e6
2.8993441178972893e6
2.9337841720746863e6
2.968407838595544e6
3.0032151964380653e6
3.0382063267134973e6
3.073381316302916e6
3.1087402547301133e6
3.1442832409782642e6
3.1800103710796e6
3.215921748422251e6
3.2520174788542166e6
3.2882976712291087e6
3.324762435592909e6
3.3614118910825723e6
3.3982461492779064e6
3.4352653305279375e6
3.4724695552094914e6
3.509858945812352e6
3.54743362621931e6
3.585193721616476e6
3.623139358242467e6
3.661270665238477e6
3.6995877664876017e6
3.738090795938118e6
3.776779881633287e6
3.8156551540099313e6
3.85471674392606e6
3.8939647823246536e6
3.933399400466232e6
3.9730207297309744e6
4.0128289012081265e6
4.052824046338538e6
4.0930062959242915e6
4.1333757807277753e6
4.173932631229306e6
4.214676977025142e6
4.255608951512393e6
4.296728674090572e6
4.3380362808815185e6
4.379531898430333e6