90462.07796527099
90547.91320680818
90776.97839889847
91149.73925546798
91666.949876936
92329.64843874643
93139.15395481294
94097.05307341888
95205.20161864496
96465.70394170689
97880.55679922007
99453.40248790066
101185.97726908195
103081.63552249383
105143.56964427707
107375.15083891214
109779.87516303055
112361.42326910034
115123.56691183892
118070.19999207856
121205.29606948947
124532.89151865526
128057.08566569453
131782.00841567465
135711.77930858274
139850.5504749264
144202.4979695521
148771.64164556362
153562.0558822036
158577.7097974474
163822.50611352196
169300.24849226247
175014.6342889884
180969.24957146248
187167.55051472076
193612.8543119638
200308.33127500108
207256.99336728864
214461.6979979554
221925.12582469187
229649.7865132443
237638.00954347287
245891.94368256422
254413.5516580676
263204.60985186417
272266.7072526717
281601.2453828838
291209.4392462708
301092.31617088604
311250.72346295393
321685.32731562725
332396.61601981637
343384.9057238983
354650.34392693697
366192.91603922774
378012.4488990712
390108.61806940485
402480.95325014053
415128.8450523998
428051.552251815
441248.2079161003
454717.82696622016
468459.31326553994
482471.4670170271
496752.9920645001
511302.5027438173
526118.5321092248
541199.5384326149
556543.9122969687
572149.9875393813
588016.0293126137
604140.2782674893
620520.9206296032
637156.1099456652
654043.9727882461
671182.6132305065
688570.118046957
706204.5634116081
724084.0168125163
742206.5467072267
760570.222142475
779173.1197290913
798013.3275462915
817088.9475155458
836398.1000332219
855938.9261833992
875709.5915902397
895708.2884835807
915933.238536521
936382.6948021019
957054.9429660897
977948.304995741
999061.1375901266
1.0203918383024114e6
1.041938841200582e6
1.0637006217198968e6
1.0856756961289581e6
1.1078626214900627e6
1.13025999771355e6
1.1528664670088624e6
1.1756807127497164e6
1.198701465521777e6
1.2219274937994701e6
1.2453576067721334e6
1.2689906632033428e6
1.2928255589160759e6
1.3168612326876572e6
1.3410966624496893e6
1.3655308727332053e6
1.3901629197778725e6
1.4149919043403696e6
1.4400169655401804e6
1.4652372797357012e6
1.4906520406552441e6
1.5162605554817584e6
1.5420620531855724e6
1.5680558727190956e6
1.5942413677038436e6
1.6206179260431742e6
1.6471849654122577e6
1.6739419364058264e6
1.7008883198073707e6
1.7280236262751813e6
1.755347392424273e6
1.7828591847513462e6
1.8105585950796576e6
1.8384452424864704e6
1.8665187702804098e6
1.8947788436687556e6
1.9232251522357387e6
1.9518574114507404e6
1.980675353841857e6
2.0096787323118092e6
2.0388673237875993e6
2.0682409186037944e6
2.097799331241302e6
2.1275423901515575e6
2.1574699422482494e6
2.1875818471100293e6
2.217877987171055e6
2.2483582487498745e6
2.279022544500644e6
2.3098707905326122e6
2.34090292106016e6
2.372118881286976e6
2.40351862857501e6
2.435102129078819e6
2.4668693626872394e6
2.4988203174950536e6
2.530954991999275e6
2.5632733931488357e6
2.5957755365592157e6
2.6284614478170546e6
2.661331154642038e6
2.694384699394266e6
2.727622127012565e6
2.7610434881712883e6
2.794648843665894e6
2.828438256313655e6
2.8624117968325526e6
2.8965695364086735e6
2.9309115576957287e6
2.9654379418392903e6
3.000148779000937e6
3.035044159990884e6
3.070124179767851e6
3.10538893751089e6
3.140838534016583e6
3.1764730745527167e6
3.212292666082412e6
3.248297418169301e6
3.2844874425716773e6
3.32086285309584e6
3.3574237631676197e6
3.3941702967693657e6
3.431102565919851e6
3.4682206928922413e6
3.5055247936741295e6
3.543015006393376e6
3.580691438190211e6
3.61855421731464e6
3.6566034707949897e6
3.6948393206438776e6
3.733261894476665e6
3.7718713165016985e6
3.810667712944912e6
3.8496512098492915e6
3.8888219329994377e6
3.928180008272944e6
3.967725561302988e6
4.0074587174152033e6
4.04737960189382e6
4.087488339270612e6
4.127785053946105e6
4.168269869430557e6
4.208942908701306e6
4.249804295317275e6
4.2908541503495155e6
4.332092595313939e6
4.373519750687135e6