295560.9526243621
295568.8680907327
295590.21994670306
295625.6920317797
295676.3678417405
295743.30882825947
295829.75359719933
295936.73224819056
296067.35306085646
296224.7793546063
296412.3548309242
296634.07023597404
296894.04902620905
297196.80291472527
297547.247878682
297950.7957491297
298411.9990004174
298937.50547719595
299532.9749242272
300204.67561234767
300958.9898399217
301802.68336805434
302742.4676181702
303785.4216556236
304938.6625546786
306209.468166688
307605.24216104555
309133.4478456875
310801.61998240964
312617.3604129028
314588.3074311424
316722.1115319636
319026.3926234165
321508.79038850334
324176.88084092014
327038.21259898564
330100.2378216677
333370.32492838975
336855.42701494123
340563.6890941643
344501.15125993127
348675.0361124475
353092.0568492026
357758.7936164893
362681.5826046993
367866.64833548374
373319.95965464995
379047.282897354
385054.1675622382
391345.92790571286
397927.6419353032
404804.14047981205
411980.00310353504
419459.552112986
427246.8504116697
435345.6937870869
443759.24853721086
452491.83747706714
461545.37391627475
470922.91940969916
480626.9050051926
490659.4903897621
501022.561014727
511717.73225821194
522746.3527615868
534109.5073759984
545808.0216435457
557842.466444378
570213.1641959159
582920.1939651943
595963.3991254565
609342.393787485
623056.571173958
637105.1106682809
651486.9851401908
666200.9802338511
681245.689985356
696619.5230808533
712320.7311214006
728347.4073036399
744697.4915851009
761368.7975450718
778358.9948028841
795665.6523778713
813286.2207983154
831218.0546186715
849458.4213064985
868004.5211856305
886853.4729602055
906002.3349285129
925448.140295292
945187.8446855058
965218.3929357708
985536.6997448448
1.0061396698782571e6
1.0270241920523134e6
1.0481871700713226e6
1.069625456500144e6
1.0913359896832271e6
1.1133156796359508e6
1.1355614795095744e6
1.158070353772575e6
1.1808393182870008e6
1.2038654124842796e6
1.2271457262637785e6
1.2506773862194149e6
1.274457580157919e6
1.2984835361836595e6
1.3227525483861913e6
1.3472619643653864e6
1.3720091854824454e6
1.396991685557005e6
1.4222069963352517e6
1.4476527155133956e6
1.4733265026599606e6
1.4992261010877988e6
1.5253492869183656e6
1.5516939282084275e6
1.5782580046626767e6
1.6050394088342323e6
1.6320363126065664e6
1.6592468157500396e6
1.6866691188350592e6
1.7143014953305218e6
1.7421422795959334e6
1.770189870409856e6
1.7984427295278388e6
1.8268993914506251e6
1.8555584364074392e6
1.8844185161832497e6
1.913478340069836e6
1.9427366764866e6
1.9721923417155428e6
2.0018442227661088e6
2.0316912494366984e6
2.061732405177861e6
2.0919667316271751e6
2.122393312103156e6
2.153011275694888e6
2.1838198101197113e6
2.214818144705631e6
2.2460055437987386e6
2.277381320864923e6
2.308944831108531e6
2.3406954674942913e6
2.372632662145353e6
2.4047558829251854e6
2.437064631529846e6
2.469558447293518e6
2.50223689566891e6
2.5350995920612765e6
2.5681461456394857e6
2.601376234744857e6
2.634789542963252e6
2.66838578368684e6
2.702164698490416e6
2.736126050789492e6
2.770269632452722e6
2.8045952488398748e6
2.8391027330883075e6
2.8737919356779903e6
2.9086627322838916e6
2.9437150027627205e6
2.978948660434701e6
3.014363624498094e6
3.0499598400352295e6
3.08573725380189e6
3.121695833148349e6
3.157835569343706e6
3.1941564476092723e6
3.2306584724933375e6
3.267341666577356e6
3.304206055606048e6
3.3412516785437698e6
3.3784785825930666e6
3.4158868246361343e6
3.453476470199266e6
3.491247591769263e6
3.5292002698881975e6
3.5673345917528695e6
3.605650651080799e6
3.6441485460904622e6
3.6828283867620835e6
3.721690281325807e6
3.7607343434746545e6
3.7999606951052304e6
3.8393694626159174e6
3.8789607663620245e6
3.9187347454939745e6
3.9586915294129103e6
3.9988312640765402e6
4.039154081286217e6
4.079660126619337e6
4.120349544790105e6
4.161222480186794e6
4.20227908810853e6
4.2435195113455085e6
4.284943904125848e6
4.326552417879946e6
4.368345205950071e6