274695.41207257006
274709.6605575145
274747.8988105225
274810.7987868686
274899.42972381227
275015.28976827196
275160.2514689361
275336.65541639377
275547.1233754527
275794.7819298316
276082.9737716762
276415.5150671706
276796.5952088146
277230.50748743804
277722.4202037724
278277.04485887254
278899.86859696405
279596.52907805424
280372.91582738725
281235.15371557
282189.56808181445
283242.68624724273
284401.2106928375
285672.0088909443
287062.0790782847
288578.52383933705
290228.57570084475
292019.53205092833
293958.72731006495
296053.56328096625
298311.4687197646
300739.8720714785
303346.1612815892
306137.7254956579
309121.89696530113
312305.9532562746
315697.07031312946
319302.3480759235
323128.72153649514
327183.09010220226
331472.14442078804
336002.4485212109
340780.3860331655
345812.18263788964
351103.82578951295
356661.1698661131
362489.81615005375
368595.1535839618
374982.34702029673
381656.32290919963
388621.7619721268
395883.10451244353
403444.52458764415
411309.9445246913
419483.02552116965
427967.1531512826
436765.4563415145
445880.78708418657
455315.7297438185
465072.59629112494
475153.4318235157
485560.0150809457
496293.85730501544
507356.2096281245
518748.0644013884
530470.1620712568
542522.9933998546
554906.8060058377
567621.6144900247
580667.2022086781
594043.1309634689
607748.750288567
621783.2000466925
636145.4272083825
650834.1895129515
665848.0649820408
681185.4629745975
696844.6324186235
712823.6741355935
729120.5431964138
745733.073643523
762658.9720823313
779895.836159189
797441.1674180471
815292.3717672916
833446.7725753773
851901.622318285
870654.1222954367
889701.4062021965
909040.5658347275
928668.6656657892
948582.7301507401
968779.7695618477
989256.7778271115
1.0100107505466144e6
1.0310386801964141e6
1.052337564183376e6
1.073904416558648e6
1.0957362720006625e6
1.1178301812180937e6
1.1401832474747342e6
1.1627925793220182e6
1.1856553421081696e6
1.2087687440259436e6
1.2321300297034294e6
1.2557364913566043e6
1.279585484089915e6
1.3036744181934923e6
1.3280007501111967e6
1.3525620117253237e6
1.3773557762172264e6
1.4023796920477408e6
1.427631467120362e6
1.453108871772769e6
1.4788097426212025e6
1.5047319915530044e6
1.530873570485642e6
1.557232513112519e6
1.5838069326959741e6
1.6105949882535823e6
1.6375949109701738e6
1.6648049931048215e6
1.6922235923033764e6
1.7198491326294527e6
1.7476800980229e6
1.7757150334166943e6
1.8039525446232168e6
1.8323912960722707e6
1.8610300123961119e6
1.8898674715935579e6
1.9189025104491184e6
1.9481340159237068e6
1.977560937704709e6
2.0071822642563914e6
2.0369970512310925e6
2.0670043624378296e6
2.0972033661363097e6
2.127593242868391e6
2.1581732216988024e6
2.188942575203983e6
2.219900624950626e6
2.251046719733568e6
2.2823802609579694e6
2.313900677128455e6
2.345607439143515e6
2.3775000518828304e6
2.4095780511258347e6
2.441841006420843e6
2.474288518714193e6
2.506920218933818e6
2.5397357644923273e6
2.5727348464291138e6
2.6059171733518913e6
2.6392824848493957e6
2.6728305414973637e6
2.7065611279244185e6
2.7404740561193726e6
2.7745691507671284e6
2.8088462588886055e6
2.843305248891228e6
2.8779460056788134e6
2.912768433566786e6
2.9477724492304567e6
2.982957989101692e6
3.018325000404089e6
3.053873453744932e6
3.089603318414967e6
3.125514587481939e6
3.1616072629150706e6
3.197881355932946e6
3.2343368946232805e6
3.270973908592377e6
3.307792443027635e6
3.3447925502723767e6
3.381974290322248e6
3.4193377326059476e6
3.456882953263599e6
3.494610035705742e6
3.532519068461079e6
3.570610148119529e6
3.608883376422538e6
3.647338855384613e6
3.6859767039750298e6
3.724797033518378e6
3.7637999642095356e6
3.8029856216480364e6
3.842354133556494e6
3.8819056264142287e6
3.9216402395571466e6
3.9615581040813862e6
4.001659367836555e6
4.0419441633300646e6
4.0824126369089377e6
4.123064932918062e6
4.163901197650515e6
4.204921579955647e6
4.246126227037439e6
4.287515290036013e6
4.329088919049861e6
4.370847264677508e6