38786.62994694474
38901.67080684344
39208.535046825535
39707.46371960768
40398.846603020065
41283.21946147145
42361.26029702689
43633.78463006008
45101.739858442656
46766.19875221234
48628.352148299746
50689.50091814838
52951.04887583267
55414.48587177717
58081.39257688046
60953.41723790215
64032.27161119017
67319.71773312057
70817.55864810469
74527.62795500093
78451.77956426449
82591.87341271879
86949.76948311052
91527.31925347951
96326.34543301232
101348.66023280745
106596.00888103258
112070.10892491144
117772.6157471255
123705.1294563692
129869.17424125731
136266.20475751843
142897.59501923269
149764.63456754666
156868.5266637626
164210.38252896533
171791.21795649064
179611.95387577647
187673.4157977448
195976.32467281847
204521.31014083492
213308.89796541078
222339.51732454574
231613.4999322713
241131.0820073776
250892.40577278793
260897.52171697957
271146.3916586052
281638.8906308996
292374.8103966137
303353.8630790974
314575.684053104
326039.83596358064
337745.81217275007
349693.0405919464
361880.888791549
374308.6651948188
386975.6263152105
399880.9785801839
413023.88311080297
426403.4595278561
440018.7898049137
453868.92222860805
467952.8748201943
482269.6392873924
496818.18431596045
511597.45926628634
526606.3969721507
541843.9177729546
557308.931319512
573000.3405910266
588917.0439932153
605057.9382446981
621421.9205712475
638007.8913939936
654814.7561490773
671841.4277093424
689086.8278034229
706549.8890545419
724229.5567672097
742124.7895784632
760234.5622742232
778557.8656707612
797093.7084048401
815841.1177527133
834799.1403819644
853966.8436363892
873343.3157356963
892927.6663771062
912719.0275956277
932716.5540459743
952919.422879317
973326.8347736644
993938.0134893814
1.014752206308634e6
1.0357686842101987e6
1.056986741567986e6
1.0784056953670364e6
1.1000248874336665e6
1.1218436816247115e6
1.1438614660504074e6
1.1660776499574701e6
1.1884916662438777e6
1.211102970483696e6
1.2339110361773237e6
1.2569153667123895e6
1.2801154779637475e6
1.3035109113674667e6
1.3271012273201596e6
1.3508860065450496e6
1.3748648494785968e6
1.3990373748956556e6
1.423403221040777e6
1.4479620437410367e6
1.4727135168912637e6
1.4976573313799133e6
1.5227931950230603e6
1.5481208317400725e6
1.5736399818072454e6
1.5993503979068224e6
1.6252518561856428e6
1.6513441351731329e6
1.6776270355261017e6
1.7041003681499285e6
1.7307639591223507e6
1.7576176449486397e6
1.7846612758909138e6
1.8118947128587686e6
1.8393178287045306e6
1.8669305071169387e6
1.894732640991732e6
1.9227241350658387e6
1.9509049029167467e6
1.979274867679685e6
2.007833959751072e6
2.036582120924202e6
2.0655192992327516e6
2.0946454509247914e6
2.123960539891892e6
2.1534645367183695e6
2.183157420514242e6
2.213039173566135e6
2.2431097882268066e6
2.273369260520505e6
2.30381759248452e6
2.3344547920607664e6
2.365280871729928e6
2.396295849292297e6
2.427499746843274e6
2.458892590973177e6
2.490474412457853e6
2.522245246173721e6
2.5542051304723956e6
2.586354107278946e6
2.618692222125652e6
2.6512195194104924e6
2.6839360599750495e6
2.7168418900076705e6
2.749937067473301e6
2.783221652150334e6
2.8166957052133456e6
2.8503592901394386e6
2.884212472229821e6
2.9182553189062607e6
2.9524878988116705e6
2.986910282400167e6
3.0215225411881823e6
3.0563247495695376e6
3.091316980811714e6
3.126499310734001e6
3.1618718160530254e6
3.1974345739004817e6
3.233187662560799e6
3.269131160993667e6
3.3052651486437223e6
3.3415897055625916e6
3.3781049124694425e6
3.4148108502114103e6
3.4517076000491222e6
3.488795243688874e6
3.5260738625992574e6
3.563543538410878e6
3.6012043537469367e6
3.639056389979369e6
3.677099729130566e6
3.7153344531477364e6
3.7537606436532857e6
3.792378382038871e6
3.831187749920777e6
3.8701888283754205e6
3.9093816977930227e6
3.9487664390667193e6
3.9883431321362564e6
4.028111856780437e6
4.0680726921661627e6
4.1082257168185366e6
4.148571011003378e6
4.189108650579743e6
4.229838713877645e6
4.270761277547085e6