339231.07259138173
339226.5662389385
339214.79298005556
339196.48358116904
339172.70012978103
339145.0007220106
339115.3311056851
339086.07219261036
339059.9626063291
339040.1998681525
339029.58166897646
339034.16089301
339056.14005738485
339100.81585192296
339173.187574612
339278.5147764856
339422.4089694506
339610.7097112277
339849.53914387873
340145.37576959317
340504.8301676583
340934.79582033097
341442.2326293155
342034.43878553435
342718.8038481281
343502.8690379567
344394.32212542865
345400.94364797237
346530.57340636826
347791.16817378235
349190.7275569618
350737.3055021105
352438.8796479326
354303.5710852113
356339.3695214246
358554.3066803972
360956.3194444454
363553.3054300193
366353.06791809556
369363.33052755083
372591.6928762732
376045.6559356502
379732.55462788296
383659.596174833
387833.8156077964
392262.08087208855
396951.0723185245
401907.2730392243
407136.96481803217
412646.20819848945
418440.83917253744
424526.46576266614
430908.44943696435
437591.9035156764
444581.6892419686
451882.4012582082
459498.3870505865
467433.687832457
475692.1052734592
484277.147330554
493192.04835417296
502439.75923961226
512022.94919464114
521944.0087166424
532205.0455489431
542807.8891937241
553754.0914722201
565044.9314466526
576681.4169424621
588664.289676299
600994.0314800984
613670.8667852479
626694.7709897268
640065.4807877736
653782.4906990087
667845.0730680369
682252.278444864
697002.9484342758
712095.7193773212
727529.0392622792
743301.1718775185
759410.2104025143
775854.0734818714
792630.54903571
809737.2623380234
827171.7164446133
844931.2839115993
863013.2437593786
881414.7583794435
900132.8992805493
919164.6782518507
938507.0045495367
958156.7450377087
978110.7080327659
998365.6695105201
1.0189183647883523e6
1.0397655016269508e6
1.0609037646510443e6
1.082329852186172e6
1.1040404363862672e6
1.1260322068975384e6
1.1483018625966937e6
1.1708461245887803e6
1.1936617312097447e6
1.2167454568752986e6
1.2400941087449472e6
1.2637045393159064e6
1.2875736351509818e6
1.3116983459390223e6
1.3360756522846927e6
1.3607026165393053e6
1.3855763424823266e6
1.410694004645444e6
1.4360528233044306e6
1.461650109521593e6
1.487483237410239e6
1.513549612724058e6
1.5398467693582322e6
1.5663722735919636e6
1.5931237756131017e6
1.6200989960301048e6
1.6472957285680887e6
1.6747118280131894e6
1.7023452477266714e6
1.7301939878428997e6
1.7582561217900217e6
1.7865298226525215e6
1.8150132924913042e6
1.8437048280637786e6
1.8726027866971279e6
1.901705595286674e6
1.931011747547e6
1.9605197929476355e6
1.9902283592604466e6
2.0201361202544796e6
2.0502418420863873e6
2.0805442825853808e6
2.111042333161605e6
2.1417349007660444e6
2.172620954676672e6
2.2036995232723537e6
2.2349696700066035e6
2.266430527785428e6
2.2980812627936075e6
2.329921092300714e6
2.361949299499306e6
2.394165170786136e6
2.426568059003707e6
2.4591573706090483e6
2.4919325196254435e6
2.5248929790283935e6
2.558038252542362e6
2.591367880037782e6
2.6248814339790526e6
2.6585785144127253e6
2.692458766208308e6
2.726521844690703e6
2.760767451578391e6
2.7951953000639933e6
2.8298051440127906e6
2.8645967411969504e6
2.8995699032192873e6
2.9347244321806636e6
2.970060176909707e6
3.005576993805645e6
3.0412747764305924e6
3.077153376318766e6
3.1132127542976844e6
3.149452825826919e6
3.185873540017659e6
3.222474862145356e6
3.2592567642731834e6
3.296219238209981e6
3.333362288185137e6
3.370685929067671e6
3.408190188058082e6
3.445875102427315e6
3.483740719562272e6
3.521787096688554e6
3.5600143001194997e6
3.598422403132762e6
3.6370114907171335e6
3.6757816497550784e6
3.7147329786971314e6
3.7538655790060153e6
3.7931795607563304e6
3.83267504195703e6
3.8723521301982785e6
3.912210962144293e6
3.9522516623391453e6
3.992474363931612e6
4.0328792031720877e6
4.0734663200446926e6
4.114235857734862e6
4.1551879615363376e6
4.196322781228216e6
4.237640465568661e6
4.279141168823448e6
4.320825044254656e6
4.362692248471104e6