35601.324641415835
35718.32385035495
36030.39933135304
36537.76213282523
37240.75345841002
38139.8421877291
39235.62148311043
40528.80451943878
42020.219383216856
43710.80319509229
45601.59593391964
47693.731381058155
49988.432153726535
52486.99989362185
55190.80654974222
58101.283281715136
61219.916971346
64548.23478254351
68087.79748716542
71840.18906656456
75807.00866902906
79989.8593150568
84390.34056868708
89010.0385581448
93850.51982643256
98913.31832488491
104199.93506365981
109711.81715375306
115450.37679383102
121416.95897707036
127612.84514659284
134039.25902919332
140697.34150349878
147588.1645815759
154712.72021875938
162071.91888882336
169666.58764672972
177497.46832441003
185565.21713000606
193870.4033008035
202413.50930461317
211194.93098810816
220214.9791509795
229473.87883355853
238971.7736366912
248708.67846769054
258684.71533193358
268899.65036502713
279353.36224902543
290045.6112586922
300976.08972395473
312144.42482725764
323550.1817817913
335192.8676287264
347071.93456106016
359186.7813778441
371536.7614577568
384121.18205943983
396939.3096187032
409990.37313214946
423273.56730182044
436788.0560695402
450532.97586324986
464507.43882700143
478710.5359096405
493141.3399768879
507798.9086277097
522682.287021652
537790.5106114766
553122.6078028724
568677.6021590142
584454.5149628902
600452.3671698296
616670.1817458369
633106.9855334659
649761.8108698768
666633.6976749875
683721.6945881902
701024.8607072827
718542.2670764273
736272.9971392602
754216.149188717
772370.8361520304
790736.1871263998
809311.3479851338
828095.4822994652
847087.771642009
866287.4167385241
885693.6372569937
905305.6725358176
925122.7819454077
945144.2452602953
965369.3623353124
985797.453778104
1.0064278608374593e6
1.0272599439232113e6
1.0482930904830673e6
1.0695266983354625e6
1.0909601657835972e6
1.1125930189271972e6
1.134424639114976e6
1.156454539253028e6
1.1786822217395892e6
1.2011072101603511e6
1.2237290470815054e6
1.2465472934882948e6
1.2695615292033744e6
1.2927713522791616e6
1.3161763783554768e6
1.3397762405590927e6
1.363570589268098e6
1.3875590912214648e6
1.4117414201772783e6
1.436117294127387e6
1.4606864281775146e6
1.4854485321535948e6
1.510403360118885e6
1.535550670472199e6
1.5608902357957608e6
1.5864218414606457e6
1.61214528630359e6
1.6380603817663505e6
1.664166951144329e6
1.6904648293941086e6
1.7169538640415473e6
1.7436339121237285e6
1.770504842361009e6
1.797566533172958e6
1.824818873103227e6
1.8522617603483526e6
1.879895101516274e6
1.9077188131037974e6
1.9357328194307492e6
1.963937053468166e6
1.9923314544072386e6
2.0209159715560474e6
2.049690559404503e6
2.0786551801546547e6
2.1078098022856377e6
2.1371544006979503e6
2.1666889563882826e6
2.1964134560640417e6
2.2263278918680344e6
2.2564322612175373e6
2.2867265668628407e6
2.317210815552975e6
2.347885019391286e6
2.3787491941632936e6
2.409803360046574e6
2.4410475410859208e6
2.4724817650510655e6
2.5041060626601786e6
2.5359204689712506e6
2.5679250212397054e6
2.600119760186814e6
2.6325047285483624e6
2.6650799722718745e6
2.6978455408253004e6
2.7308014835389187e6
2.763947853568303e6
2.7972847056943583e6
2.830812096472911e6
2.864530084596123e6
2.8984387300321124e6
2.9325380942409732e6
2.9668282401420083e6
3.001309230926194e6
3.035981134789046e6
3.0708440163220745e6
3.1058979428002075e6
3.1411429830529713e6
3.1765792062098114e6
3.212206682234241e6
3.2480254816873614e6
3.284035675693105e6
3.3202373358850004e6
3.3566305343394526e6
3.393215343436678e6
3.4299918360038437e6
3.466960085265468e6
3.5041201634979425e6
3.541472144503005e6
3.579016102035609e6
3.616752108948417e6
3.654680238828144e6
3.6928005648139417e6
3.7311131602885723e6
3.7696180982213775e6
3.8083154516170733e6
3.847205293116931e6
3.8862876951688156e6
3.9255627299222825e6
3.9650304691529498e6
4.004690984493346e6
4.044544347221529e6
4.084590628187582e6
4.1248298973375056e6
4.165262224989242e6
4.205887680751526e6
4.246706333440771e6