285047.2131674062
285058.2854213876
285088.05460333586
285137.1987669997
285206.7894032068
285298.3416121023
285413.7464775261
285555.32719751046
285725.7577783491
285928.1681059957
286165.8980246667
286442.8891856938
286763.2572245219
287131.47704937164
287552.41851966304
288031.1724438279
288573.147550025
289184.036862345
289869.7766376013
290636.54970345076
291490.7066929839
292438.9387638542
293487.91902698163
294644.6168654478
295916.10959743435
297309.5863389255
298832.36284660944
300491.84584702965
302295.4083448804
304250.61614578945
306364.9881848539
308646.0659047864
311101.3526861653
313738.36469013244
316564.5620973833
319587.36142675707
322814.07496919535
326251.9334666823
329907.7524406491
333789.5023726718
337903.0823899783
342255.55058983597
346853.4585494104
351703.206695724
356810.9660646738
362182.7666442411
367824.4027939006
373741.45182625455
379939.27249879594
386422.9854916236
393197.4680051645
400267.36653432815
407637.0469379958
415310.6374380461
423291.9981352676
431584.72124460776
440192.13014125323
449117.27998042834
458362.94927866635
467931.6476860971
477825.6113665209
488046.80784780264
498596.93400947296
509477.4205277273
520689.4359168285
532233.8899112316
544111.4387355866
556322.487619276
568867.2028488985
581745.5124586506
594957.1158993094
608501.4908601631
622377.9037373748
636585.4047346746
651122.8670232376
665988.961738474
681182.1870784875
696700.8710864643
712543.1914047045
728707.148989637
745190.644630461
761991.4334292221
779107.1404027627
796535.2991393378
814273.3350827869
832318.591875924
850668.2997980858
869319.6838610482
888269.8576960007
907515.8967762083
927054.8354941367
946883.6829781896
966999.3971741683
987398.9287809302
1.0080792459893904e6
1.0290372684455478e6
1.050269943619133e6
1.0717742218075558e6
1.0935470736154155e6
1.1155854917326455e6
1.1378864871068755e6
1.160447105151846e6
1.183264418498734e6
1.2063355752932276e6
1.229657729723022e6
1.2532281002520947e6
1.2770439475370958e6
1.301102597030628e6
1.3254014246723896e6
1.3499378661703612e6
1.3747094114504405e6
1.3997136219799565e6
1.424948118884182e6
1.4504105857602344e6
1.476098772457856e6
1.5020104984670463e6
1.5281436536969915e6
1.5544961660395376e6
1.581066073159096e6
1.6078514533053823e6
1.6348504579818759e6
1.6620613013367376e6
1.689482263854048e6
1.7171116948041401e6
1.7449480051284125e6
1.7729896677019738e6
1.8012352186241767e6
1.82968325489072e6
1.8583324336654039e6
1.887181470027014e6
1.916229138086016e6
1.94547426879635e6
1.9749157377068652e6
2.0045524968975435e6
2.0343835349798226e6
2.0644078663262802e6
2.0946246124132907e6
2.1250328955256343e6
2.1556319041673457e6
2.1864208633658816e6
2.2173990397636327e6
2.248565776745538e6
2.279920395444792e6
2.311462302024361e6
2.3431909290848067e6
2.375105746869511e6
2.407206255153172e6
2.4394919930739775e6
2.47196253187084e6
2.504617468104535e6
2.5374564420445357e6
2.57047909737279e6
2.603685136767151e6
2.637074268906676e6
2.6706462317455853e6
2.7044007897448414e6
2.738337728286329e6
2.7724568594464525e6
2.8067580089410716e6
2.841241026424187e6
2.8759057825504327e6
2.9107521665638657e6
2.945780073690282e6
2.9809894389979397e6
3.016380186892657e6
3.051952262600667e6
3.087705672743498e6
3.123640352303133e6
3.1597563077988024e6
3.1960535387764773e6
3.2325320696985475e6
3.269191920383828e6
3.306033127981189e6
3.3430557381454427e6
3.3802598152563833e6
3.417645392726711e6
3.455212570616221e6
3.492961417853369e6
3.5308920190959335e6
3.5690044665349307e6
3.6072988572097425e6
3.6457752931598844e6
3.684433888884549e6
3.7232747502607284e6
3.7622979989703577e6
3.8015037574201226e6
3.8408921525745606e6
3.8804633077219864e6
3.9202173680368746e6
3.960154447946214e6
4.0002747100131987e6
4.040578281280916e6
4.0810653080082154e6
4.121735934051442e6
4.1625903064569514e6
4.203628574515155e6
4.2448508854222065e6
4.286257391865126e6
4.327848244185958e6
4.369623594569257e6