139300.4080043463
139363.8103692584
139533.08807801525
139808.79412264592
140191.8268349882
140683.43330194597
141285.1789687964
141998.97359471273
142827.0056355344
143771.84148290678
144836.28498771891
146023.45189474506
147336.71276497113
148779.722162335
150356.34579814167
152070.6761581931
153927.0389648574
155929.91062467796
158083.9734835428
160394.0445935222
162865.07285200205
165502.0993853566
168310.33691201627
171294.97425297386
174461.2997587769
177814.64129735623
181360.34479929577
185103.73256178957
189050.12430546898
193204.80723648827
197572.9938664463
202159.8326132598
206970.3967692717
212009.63526191853
217282.40507058537
222793.40621988365
228547.21884592238
234548.2582409121
240800.7739412769
247308.84117669886
254076.351824196
261107.00761746906
268404.30616840854
275971.54034260014
283811.79943267046
291927.95959408407
300322.6492714723
308998.3206220567
317957.1776972099
327201.2080108779
336732.1769360892
346551.6300430272
356660.89224590565
367061.07327717985
377753.0690382285
388737.56684768223
400015.04966040654
411585.80008599337
423449.90792088443
435607.2751383548
448057.6230953945
460800.4991311102
473835.2840214015
487161.20008189697
500777.31822984386
514682.5668982326
528875.7394011058
543355.5028536478
558120.4071847579
573168.8906980209
588499.2934313905
604109.8613524528
619998.7562201944
636164.0627068563
652603.79868222
669315.920778448
686298.3330955757
703548.8941196525
721065.4249921271
738845.7151797817
756887.5293355008
775188.614275581
793746.7054665248
812559.5306217538
831624.8246877984
850940.2997148734
870503.7169419897
890312.8260034181
910365.3999273995
930659.2334286064
951192.1487748707
971961.995446205
992966.6558847612
1.0142040469215887e6
1.0356721223945596e6
1.0573688754353875e6
1.0792923444524417e6
1.1014406097501335e6
1.123811791607461e6
1.1464040599816027e6
1.1692156365312135e6
1.1922447812577942e6
1.215489817207747e6
1.2389490961389516e6
1.2626210423925468e6
1.2865041168390664e6
1.3105968326591067e6
1.334897755181813e6
1.3594054990750877e6
1.3841187217942704e6
1.4090361440219642e6
1.4341565231984758e6
1.459478670684977e6
1.485001442825567e6
1.5107237434863197e6
1.5366445223798207e6
1.562762774908911e6
1.5890775415074967e6
1.6155879007835933e6
1.6422929801795576e6
1.6691919455811614e6
1.6962840051246388e6
1.7235684034038312e6
1.7510444262513148e6
1.7787113940102146e6
1.8065686642712809e6
1.8346156306763454e6
1.862851527755307e6
1.8912763887819347e6
1.9198891351469038e6
1.9486894764553148e6
1.9776769680637813e6
2.0068511890273797e6
2.036211744852211e6
2.0657582765371117e6
2.0954904444896106e6
2.125407933082874e6
2.155510451337181e6
2.185797733768055e6
2.2162695348616224e6
2.2469256289425595e6
2.2777658123086393e6
2.3087898998282747e6
2.3399977259982135e6
2.3713891411904125e6
2.402964015050765e6
2.434722230878159e6
2.4666636888212143e6
2.498788304129733e6
2.531096005139108e6
2.5635867330467673e6
2.5962604437303897e6
2.6291171031950805e6
2.662156691188869e6
2.6953791952996715e6
2.7287846158247637e6
2.762372961951485e6
2.796144252383711e6
2.8300985145581383e6
2.8642357839829917e6
2.8985561040931623e6
2.9330595260340725e6
2.9677461051426204e6
3.0026159124320694e6
3.037669011609687e6
3.07290548119948e6
3.1083254021224394e6
3.143928862776495e6
3.179715956441142e6
3.2156867680746345e6
3.2518414089094e6
3.2881799784781104e6
3.324702583598737e6
3.3614093352970164e6
3.3983003459329302e6
3.435375732387866e6
3.4726356124714445e6
3.51008010702682e6
3.547709336508204e6
3.585523434789473e6
3.623522516193571e6
3.661706715083576e6
3.7000761640143134e6
3.7386309795504464e6
3.777371306921998e6
3.8162972736135414e6
3.855409013557775e6
3.8947066571046757e6
3.9341903413595697e6
3.9738601997822216e6
4.013716366071271e6
4.0537589859165903e6
4.093988173609888e6
4.134404073396854e6
4.175006819715852e6
4.215796546529857e6
4.256773387860414e6
4.297937476222721e6
4.339288946572899e6
4.380827929183731e6