43365.42009699697
43477.563860308815
43776.71609035091
44263.15481159021
44937.32967175852
45799.858907487156
46851.525191514054
48093.27040591312
49526.18939324457
51151.522741625115
52970.648663299246
54985.074359812366
57196.42506146422
59606.43515684226
62216.93718559973
65029.85088966039
68047.17075180198
71270.95245779259
74703.30364203462
78346.3743721726
82202.33572939056
86273.37785478085
90561.69167120862
95069.46236600273
99798.8557121598
104752.00574409982
109931.00690712332
115337.90519529628
120974.68847992932
126843.27901438932
132945.5143501493
139283.16784574813
145857.91095493507
152671.32773701247
159724.9006666573
167020.0119070629
174557.93605349213
182339.83892123555
190366.77650307264
198639.68895465013
207159.4051118888
215926.64064387602
224941.9958464063
234205.9591445608
243718.90720054085
253481.10750619374
263492.71989937616
273753.79944965744
284264.29941225296
295024.07507004746
306032.8842261436
317290.3975584851
328796.19507966074
340549.775883903
352550.5594427027
364797.89121563855
377291.0466869342
390029.2366775811
403011.6110687836
416237.26381738577
429705.23745231505
443414.5275730693
457364.0873384785
471552.8317195503
485979.6419962095
500643.3696273253
515542.8403402739
530676.8589573613
546044.2111625649
561643.669062389
577473.9937374115
593533.9386851203
609822.2528631166
626337.683938801
643078.9808152865
660044.896398199
677234.1902182042
694645.6308918851
712277.9959778207
730130.0792515562
748200.6861759496
766488.6407252782
784992.7837536192
803711.9756936916
822645.0978339106
841791.0527164354
861148.7659528699
880717.1867801845
900495.2886580607
920482.0699086012
940676.5548498374
961077.7928370289
981684.8617163799
1.0024968631716103e6
1.0235129273390153e6
1.0447322111807032e6
1.0661538983766153e6
1.0877771990041672e6
1.109601351046767e6
1.1316256185421566e6
1.1538492921448625e6
1.176271688730921e6
1.1988921513000226e6
1.2217100482117217e6
1.244724773711683e6
1.2679357459323439e6
1.291342408470594e6
1.3149442290368394e6
1.338740697370213e6
1.3627313284217492e6
1.3869156586181987e6
1.411293246628012e6
1.435863672495996e6
1.4606265371890934e6
1.4855814629377928e6
1.5107280912352176e6
1.536066083068544e6
1.561595118413807e6
1.587314895802567e6
1.6132251308496646e6
1.6393255570464837e6
1.6656159233356556e6
1.6920959966093046e6
1.7187655580758317e6
1.745624404417547e6
1.7726723463370579e6
1.7999092093202434e6
1.8273348321551837e6
1.8549490661515307e6
1.8827517762655667e6
1.910742837246613e6
1.938922138398992e6
1.9672895780424543e6
1.995845066685072e6
2.0245885226303567e6
2.0535198773371126e6
2.0826390690667848e6
2.1119460464170547e6
2.1414407661713026e6
2.1711231932601295e6
2.2009933007972334e6
2.2310510692415168e6
2.261296486163064e6
2.29172954623378e6
2.32235024959922e6
2.3531586051439205e6
2.3841546240200005e6
2.4153383253363147e6
2.446709733564776e6
2.478268877355807e6
2.5100157902530045e6
2.5419505105638397e6
2.5740730806493424e6
2.6063835469643185e6
2.6388819596646307e6
2.671568372502452e6
2.704442842704148e6
2.737505430344494e6
2.7707561987339063e6
2.804195213865976e6
2.83782254404888e6
2.8716382602025354e6
2.9056424356913944e6
2.9398351459950265e6
2.974216467272343e6
3.0087864792045867e6
3.043545261439824e6
3.078492897573296e6
3.1136294695580546e6
3.1489550624521314e6
3.184469761993819e6
3.220173654790144e6
3.25606682872673e6
3.292149372059253e6
3.328421373948993e6
3.3648829241690063e6
3.4015341130326595e6
3.438375031200557e6
3.475405769850618e6
3.512626420114436e6
3.5500370738059683e6
3.587637822389297e6
3.625428757601681e6
3.6634099714301927e6
3.7015815555262957e6
3.7399436014702283e6
3.778496201022004e6
3.817239444903179e6
3.8561734246740965e6
3.8952982309223963e6
3.9346139540163176e6
3.9741206840980863e6
4.0138185107143326e6
4.053707523101964e6
4.09378780996181e6
4.1340594595705355e6
4.174522559580663e6
4.215177197071051e6
4.256023458784509e6
4.297061430432727e6