131674.84998984504
131741.5427555022
131919.59004470424
132209.5354829701
132612.25948271275
133128.98066888194
133761.23809207705
134510.89071514606
135380.1008211828
136371.36514881972
137487.43734740684
138731.35759920094
140106.4323257374
141616.22968480937
143264.5263401209
145055.34039388885
146992.8552406022
149081.48443559467
151325.77138767936
153730.42428717526
156300.24193717996
159040.1745826458
161955.25597939253
165050.54140748692
168331.17369993098
171802.32453333933
175469.16978795963
179336.87049374686
183410.57213060206
187695.38740120255
192196.34412297173
196918.40876869365
201866.46567803956
207045.27189434794
212459.48696497045
218113.61966210816
224012.0522116232
230158.99814613498
236558.50384156962
243214.44274928587
250130.50773825144
257310.19952653765
264756.8140133135
272473.4483324847
280462.9878601213
288728.1317864079
297271.29307033843
306094.76556587603
315200.5480582322
324590.4560154639
334266.0808802537
344228.7999632248
354479.7746908363
365019.958229693
375850.0958835955
386970.7314812256
398382.2108150249
410084.68688304455
422078.1294654708
434362.3242800245
446936.8867667719
459801.2661800396
472954.7525282842
486396.48573115014
500125.4624465909
514140.5448922297
528440.4680145701
543023.848637822
557889.1939193999
573034.9077259303
588459.3022704666
604160.6034187543
620136.959884135
636386.4501502311
652907.0925095632
669696.8501179524
686753.6400186286
704075.3393502587
721659.7930311813
739504.8191264585
757608.2168626603
775967.7712635049
794581.2606144698
813446.4592195377
832561.1448035612
851923.1037589059
871530.1340429062
891380.0478621689
911470.6828711759
931799.8960963777
952365.5752185963
973165.6356178633
994198.0284661897
1.0154607397248085e6
1.0369517933200996e6
1.0586692545305304e6
1.0806112309087492e6
1.102775870165708e6
1.125161368416071e6
1.1477659670167468e6
1.1705879540393185e6
1.1936256644576313e6
1.216877484698922e6
1.2403418434836506e6
1.2640172246113666e6
1.2879021645454206e6
1.3119952350727357e6
1.3362950689647952e6
1.3608003419529623e6
1.385509781302764e6
1.4104221607311752e6
1.4355363004582583e6
1.4608510697637394e6
1.4863653813675367e6
1.512078194094536e6
1.5379885119640194e6
1.5640953823924402e6
1.5903978961424313e6
1.6168951818073585e6
1.6435864131383095e6
1.6704708031297785e6
1.697547603773958e6
1.7248161030699732e6
1.7522756279451943e6
1.779925538811439e6
1.8077652260368026e6
1.835794138386713e6
1.8640117187992316e6
1.8924174676884532e6
1.921010912885229e6
1.949791633750799e6
1.9787591273659596e6
2.007913090293238e6
2.0372531267723872e6
2.0667789042998473e6
2.0964901069792926e6
2.1263864453083063e6
2.156467650999138e6
2.186733480194888e6
2.217183708404148e6
2.2478181300135376e6
2.278636560555066e6
2.3096388325510286e6
2.340824798237213e6
2.372194322623919e6
2.4037472922766483e6
2.435483604612387e6
2.467403173675903e6
2.4995059270608737e6
2.5317918057068116e6
2.5642607630045456e6
2.596912764570939e6
2.629747785764701e6
2.6627658211922524e6
2.6959668610592764e6
2.7293509170506597e6
2.7629180057606734e6
2.796668153229133e6
2.8306013937945226e6
2.864717769293437e6
2.8990173290445968e6
2.933500129713068e6
2.9681662327941083e6
3.0030157102465765e6
3.0380486341671436e6
3.073265085084286e6
3.108665147571796e6
3.1442489141014502e6
3.18001647928699e6
3.215967932734481e6
3.2521033861104664e6
3.288422941942027e6
3.3249267092444445e6
3.3616147988579916e6
3.398487326499124e6
3.4355444088381478e6
3.472786166148311e6
3.510212717210615e6
3.5478241858443767e6
3.5856207032465665e6
3.6236023886760543e6
3.661769372512038e6
3.7001217837258046e6
3.7386597527690707e6
3.7773834103298085e6
3.8162928880748535e6
3.85538831848126e6
3.8946698342447365e6
3.9341375684584556e6
3.9737916546233306e6
4.01363222629793e6
4.0536594165690085e6
4.0938733595650056e6
4.1342741881022165e6
4.17486203556915e6
4.215637034781597e6
4.256599317960841e6
4.297749016970651e6
4.3390862638715925e6
4.380611188663e6