29227.055823052215
29347.349128977337
29668.18273621713
30189.696577690032
30912.11677627497
31835.753849518573
32961.00025486527
34288.3273047079
35818.281487730055
37551.480046144585
39488.6069118414
41630.40655515365
43977.67981115295
46531.27546942778
49292.0870043484
52261.04502573835
55439.10925480649
58827.26465037302
62426.513522631605
66237.8683642481
70262.34575201986
74500.96162414164
78954.72203475052
83624.6197375266
88511.62880890252
93616.69892013684
98940.74788607199
104484.66271021754
110249.28497569039
116235.41858250057
122443.82793619708
128875.2201920568
135530.25501992367
142409.5384528283
149513.62225258516
156843.00052856872
164398.11227436794
172179.33786721696
180187.002238113
188421.3623734623
196882.63331182167
205570.96273678547
214486.4451652126
223629.12006240006
232998.97411314823
242595.94178813067
252419.90703973442
262470.7061621272
272748.12890113617
283251.92091222294
293981.7858911818
304937.3878292515
316118.3531478635
327524.2732954026
339154.70696240565
351009.18241162365
363087.2000256582
375388.2340190876
387911.73588953377
400657.13546783396
413623.8439455936
426811.25556497165
440218.74999000056
453845.6942264262
467691.44459904556
481755.3486468395
496036.74690650846
510534.97463807
525249.3635325469
540179.2431790298
555323.9425589981
570682.7915870241
586255.1221449539
602040.2695651208
618037.5736336033
634246.3797753917
650666.0398889871
667295.9132607139
684135.3679156047
701183.7803423066
718440.5371524878
735905.0353731788
753576.6829357592
771454.8988169879
789539.1156994347
807828.7759547092
826323.3362632567
845022.2663358559
863925.0480510874
883031.1780653618
902340.1653003476
921851.5330203411
941564.8181318538
961479.5712464922
981595.3569810817
1.0019117534276429e6
1.0224283527384695e6
1.0431447604777373e6
1.0640605959085901e6
1.0851754917226317e6
1.1064890939647614e6
1.1280010617663e6
1.1497110674726367e6
1.171618795657204e6
1.1937239442645982e6
1.2160262231027023e6
1.2385253546910114e6
1.2612210724316498e6
1.2841131226802492e6
1.3072012616427974e6
1.3304852605026898e6
1.3539648959852804e6
1.3776399590654264e6
1.4015102503411258e6
1.4255755796415862e6
1.449835770145727e6
1.4742906495855893e6
1.4989400583809428e6
1.5237838452588168e6
1.548821867718827e6
1.5740539919748981e6
1.5994800922151494e6
1.625100051348569e6
1.6509137592400762e6
1.6769211138516853e6
1.7031220201537397e6
1.7295163903686707e6
1.756104143629857e6
1.7828852047340255e6
1.8098595062165738e6
1.8370269855645755e6
1.8643875868935082e6
1.8919412590186126e6
1.919687957252258e6
1.9476276415756927e6
1.9757602769745796e6
2.00408583342172e6
2.032604285335436e6
2.0613156119543826e6
2.0902197955802982e6
2.1193168242869265e6
2.1486066888744645e6
2.178089384107267e6
2.20776490843947e6
2.2376332635828503e6
2.2676944543753844e6
2.2979484890020145e6
2.3283953782494403e6
2.359035135905443e6
2.389867778408762e6
2.4208933245377885e6
2.452111795647233e6
2.483523215203305e6
2.5151276088795634e6
2.5469250044095903e6
2.57891543125456e6
2.6110989211241435e6
2.6434755063963803e6
2.67604522242446e6
2.7088081050840532e6
2.7417641920422646e6
2.774913522133564e6
2.808256135423457e6
2.8417920732460697e6
2.875521377932496e6
2.909444092332364e6
2.9435602617161297e6
2.977869930119517e6
3.0123731437747963e6
3.0470699491836107e6
3.0819603935600785e6
3.1170445247143097e6
3.1523223908031113e6
3.1877940407854673e6
3.2234595238295235e6
3.2593188895096504e6
3.2953721877506776e6
3.33161946874364e6
3.368060782953812e6
3.4046961811846644e6
3.4415257137543242e6
3.4785494320823923e6
3.5157673868094366e6
3.5531796291510314e6
3.5907862101479173e6
3.6285871807371024e6
3.6665825917543424e6
3.7047724952558586e6
3.743156940900882e6
3.7817359797926657e6
3.8205096626065206e6
3.859478040283324e6
3.8986411613571253e6
3.937999077554023e6
3.9775518383021876e6
4.017299492930826e6
4.057242090843306e6
4.097379681240366e6
4.1377123125659134e6
4.1782400336298216e6