124246.64743970861
124316.61399889682
124503.38710843938
124807.49949710057
125229.81064013668
125771.51064478056
126434.11401045727
127219.43085256961
128129.59227101607
129167.00079229826
130334.38931106825
131634.70764069192
133071.19147966293
134647.32230042733
136366.78497520674
138233.5005786715
140251.5550106239
142425.24027664468
144758.98576493308
147257.37445072128
149925.07432139353
152766.90307411048
155787.73549476164
158992.49014681685
162386.14499319743
165973.7258694777
169760.22908758526
173750.6453215606
177949.95120105744
182363.0728111523
186994.85751539344
191850.0824090944
196933.44032816586
202249.49147076826
207802.710167293
213597.3983543302
219637.7315778034
225927.73290121378
232471.2451629813
239271.93919765778
246333.30821427426
253658.65145098194
261251.06604926064
269113.45493535383
277248.51148116833
285658.7209777556
294346.354732506
303313.47567250964
312561.9309917602
322093.35267921374
331909.1654115254
342010.58231717313
352398.60703477706
363074.0420919899
374037.48811934574
385289.35212704376
396829.8493216613
408659.0103431635
420776.68958273146
433182.56595625484
445876.1556258226
458856.81625742826
472123.75487554015
485676.03581652
499512.5891336028
513632.2173831527
528033.6043225862
542715.323450509
557675.8455379832
572913.5463395433
588426.7168001028
604213.5689521222
620272.2433929708
636600.8196769021
653197.3199957055
670059.7199740701
687185.9536928813
704573.9215191132
722221.4963052219
740126.5288806383
758286.8561104259
776700.30438313
795364.6975193723
814277.858722453
833437.6186185222
852841.8182937667
872488.3129786223
892374.9780318112
912499.7107114559
932860.4326091108
953455.0980644932
974281.6909708033
995338.2281292089
1.016622765356056e6
1.0381333964346602e6
1.0598682567627497e6
1.0818255228461127e6
1.1040034152746708e6
1.1264001980440088e6
1.1490141836588068e6
1.1718437288439926e6
1.1948872382894051e6
1.2181431647107063e6
1.2416100081346147e6
1.2652863155678432e6
1.289170683445652e6
1.3132617568702972e6
1.3375582268139343e6
1.362058832225266e6
1.3867623596509947e6
1.4116676423417032e6
1.4367735592310743e6
1.4620790347377616e6
1.4875830361846196e6
1.5132845761166527e6
1.5391827100903944e6
1.5652765358352321e6
1.5915651927289334e6
1.6180478567845477e6
1.644723747256517e6
1.6715921211310118e6
1.6986522737933572e6
1.7259035342082824e6
1.7533452671915689e6
1.7809768737349515e6
1.8087977798583503e6
1.8368074697862724e6
1.8650054215998e6
1.8933911672887178e6
1.9219642676756196e6
1.9507242979090933e6
1.9796708771928223e6
2.008803639977537e6
2.0381222464470398e6
2.067626388406543e6
2.097315667164387e6
2.127190138626567e6
2.157249233883234e6
2.1874928367703194e6
2.217920743171466e6
2.2485327671971507e6
2.279328739684345e6
2.3103085125072184e6
2.3414719533309783e6
2.3728189428869463e6
2.4043493808190348e6
2.4360631794192847e6
2.467960265988944e6
2.5000405771054933e6
2.5323040705396393e6
2.564750706344761e6
2.5973804614652703e6
2.6301933237078926e6
2.663189288399396e6
2.6963683625604953e6
2.7297305621285983e6
2.7632759113896405e6
2.7970044433502257e6
2.830916198375848e6
2.865011224508717e6
2.8992895761408596e6
2.9337513152104067e6
2.968396507838857e6
3.0032252297755447e6
3.038237557062664e6
3.073433574179979e6
3.108813368617602e6
3.1443770357202743e6
3.1801246723996233e6
3.2160563715817537e6
3.2521722459325283e6
3.2884724000339224e6
3.3249569425803693e6
3.3616259914687336e6
3.398479657727997e6
3.4355180609317073e6
3.472741320686351e6
3.5101495601053913e6
3.5477429020074722e6
3.5855214717280758e6
3.6234853959132894e6
3.6616348022768167e6
3.6999698196083163e6
3.738490577571564e6
3.777197207698124e6
3.8160898396004527e6
3.855168605627554e6
3.894433637597471e6
3.933885067675902e6
3.9735230284541394e6
4.013347652113833e6
4.053359071462006e6
4.0935574184579304e6
4.1339428251256305e6
4.17451542349303e6
4.215275344806412e6
4.256222720115224e6
4.297357679693678e6
4.338680354023043e6
4.380190871781616e6