73551.896173363
73646.43442659292
73898.68970023174
74309.0835680363
74878.29445245132
75607.25741947474
76497.15746192125
77549.42126673213
78765.72283870066
80147.94227109829
81698.19402774793
83418.78802438939
85312.22670927687
87381.21960018927
89628.53856189662
92057.25296237148
94670.46431411462
97471.42057005785
100463.47235106185
103650.05145293815
107034.65995068892
110620.84906680192
114412.20559335614
118412.33737217108
122624.85392139517
127053.34682274904
131701.3837681895
136572.48864334673
141670.12730633494
146997.6941143459
152558.5003728872
158355.766371435
164392.59523962336
170671.98664515195
177196.8091593377
183969.7909883182
190993.52608117295
198270.45727857025
205802.8727553597
213592.90428967067
221642.51484727647
229953.50854931536
238527.51819507938
247366.00673119692
256470.26809796147
265841.42669077136
275480.4407113212
285388.09705928306
295565.009304969
306011.65144009516
316728.32659359416
327715.1827943331
338972.2191295874
350499.2912068373
362296.1147670611
374362.27107722114
386697.2137031647
399300.2741585858
412170.66842653824
425307.5033148263
438709.78307298804
452376.41612061346
466306.2216505924
480497.93647669314
494950.2213959787
509661.6687709837
524630.8070328427
539856.1098489006
555335.9990559827
571068.8563615861
587053.0203758097
603286.8017718485
619768.4833094913
636496.3263068516
653468.5761469838
670683.4671192076
688139.2268921908
705834.0813935815
723766.2570005537
741933.9883254926
760335.5172839996
778969.1000906159
797833.0085817905
816925.5334538405
836244.987971153
855789.7077699115
875558.0569141044
895548.4269388582
915759.2407136329
936188.9497588337
956836.0435105475
977699.0430954855
998776.5056601497
1.0200670264601473e6
1.0415692355724843e6
1.0632818032562512e6
1.0852034371267853e6
1.1073328834902549e6
1.1296689282483896e6
1.1522103952552644e6
1.1749561526347687e6
1.1979050943328484e6
1.2210561699024239e6
1.2444083566032364e6
1.2679606731465696e6
1.2917121755691161e6
1.3156619576462856e6
1.3398091503807856e6
1.3641529183558165e6
1.3886924656922393e6
1.413427028449368e6
1.4383558790657897e6
1.4634783215763876e6
1.4887936940165076e6
1.5143013659856876e6
1.540000738515511e6
1.5658912430346797e6
1.5919723404335268e6
1.6182435208308003e6
1.644704301235314e6
1.6713542268697093e6
1.6981928701078496e6
1.7252198251988068e6
1.752434715723295e6
1.7798371866933946e6
1.8074269057312831e6
1.835203564256557e6
1.863166874224732e6
1.8913165676818662e6
1.919652398284571e6
1.9481741325410246e6
1.9768815761143032e6
2.0057745213242546e6
2.034852799829007e6
2.0641162508892794e6
2.0935647340605566e6
2.123198120957045e6
2.153016298611314e6
2.1830191662419266e6
2.2132066399559504e6
2.2435786422501835e6
2.2741351149278027e6
2.3048760060779005e6
2.335801276855925e6
2.3669108981003575e6
2.398204850560072e6
2.4296831255487115e6
2.461345721624844e6
2.493192646714615e6
2.5252239168488383e6
2.5574395556593523e6
2.5898395939722112e6
2.6224240697061196e6
2.6551930259570223e6
2.688146513813311e6
2.7212845892174393e6
2.754607313228313e6
2.7881147522830213e6
2.8218069777196534e6
2.855684066311378e6
2.889746091623112e6
2.923993150391784e6
2.958425318644499e6
2.9930426920871986e6
3.027845361835426e6
3.0628334278609464e6
3.0980069885005117e6
3.133366145677762e6
3.168911003728355e6
3.2046416710047084e6
3.240558252997133e6
3.276660861731846e6
3.312949612376411e6
3.3494246113792523e6
3.3860859768455666e6
3.4229338235532246e6
3.4599682683820687e6
3.497189429089329e6
3.534597423558494e6
3.5721923673205837e6
3.6099743884164384e6
3.6479435973495487e6
3.68610011677632e6
3.724444068074694e6
3.762975570321569e6
3.801694743936441e6
3.840601709135754e6
3.879696587510871e6
3.9189794938732143e6
3.958450552689285e6
3.9981098814299116e6
4.0379575988372667e6
4.0779938231671182e6
4.118218672224001e6
4.15863226302155e6
4.199234714431709e6
4.240026135965722e6
4.281006649356983e6
4.322176364703028e6
4.36353539999024e6