328071.603788699
328070.17285283154
328066.60174935893
328061.5930222274
328056.23059131904
328052.05965215596
328051.0112878677
328055.46017749223
328068.1243814387
328092.2102319924
328131.1860508305
328189.0330894494
328270.0339000798
328378.55507615337
328519.8149490779
328698.96512745274
328921.6201095331
329193.4805360832
329520.7622948431
329909.8395896788
330367.28821690613
330899.96044882084
331514.7502049863
332218.92975460365
333019.81521504954
333924.89262311277
334941.7763301267
336078.1713053335
337341.8754084079
338740.7405469031
340282.6815926031
341975.6706846042
343827.5908892504
345846.4546141415
348040.16329166316
350416.63068046595
352983.6771853609
355749.0834516834
358720.5193351812
361905.5797776048
365311.7356184409
368946.32710886106
372816.5529043088
376929.46275169065
381291.9384409997
385910.6774924804
390792.19292433374
395942.727449588
401368.58713416895
407075.448602114
413069.028449334
419354.74782898475
425937.77018080326
432823.01712359255
440015.1520408323
447518.57253267674
455337.41527309106
463475.52821817214
471936.5074255548
480723.65789729217
489840.01125581283
499288.31669318315
509071.0451327319
519190.3876258638
529648.257494376
540446.2921286513
551585.8552843354
563068.0419246134
574893.6806740938
587063.3392863328
599577.331015749
612435.7184171055
625638.3218960224
639184.7282941195
653074.2917317125
667306.150776371
681879.2302085571
696792.2534972946
712043.7491712451
727632.0665107619
743555.3744602059
759811.6841894427
776398.8420585296
793314.5693062695
810556.4369280431
828121.8996190222
846008.2927551016
864212.8685455883
882732.7623890678
901565.0321808557
920706.6919915177
940154.6518045111
959905.7883416971
979956.9296649494
1.000304875822227e6
1.0209463946866326e6
1.0418782750508978e6
1.0630971163200429e6
1.0845998008366795e6
1.1063829992974647e6
1.128443477923343e6
1.150777993493086e6
1.1733833304566073e6
1.1962563087005913e6
1.2193937794740065e6
1.2427926879177098e6
1.2664497755344957e6
1.2903622070996761e6
1.3145269596740454e6
1.3389410983295683e6
1.3636017734314501e6
1.3885061820149869e6
1.413651587245841e6
1.4390353076317036e6
1.4646547419407363e6
1.4905073579704254e6
1.5165906567574157e6
1.5429022586710718e6
1.5694398267106148e6
1.596201100743156e6
1.6231838899706667e6
1.6503860783446825e6
1.6778056069791385e6
1.7054405195029096e6
1.7332888960527556e6
1.7613488958443466e6
1.78961877345836e6
1.8180968104818044e6
1.8467813847774654e6
1.875670921489043e6
1.904763931049492e6
1.9340589759599643e6
1.9635546760657558e6
1.9932497282088406e6
2.0231428770233248e6
2.053232938246798e6
2.0835187469500124e6
2.113999250426188e6
2.1446734128140192e6
2.175540260110026e6
2.2065988743947204e6
2.237848373704706e6
2.2692879375272663e6
2.3009167846907345e6
2.332734181580919e6
2.364739438773007e6
2.3969319047560687e6
2.4293109673520336e6
2.4618760693812678e6
2.494626665599477e6
2.5275622640462997e6
2.5606824030680126e6
2.593986654279647e6
2.627474622238612e6
2.6611459390895707e6
2.695000270333621e6
2.7290373060791185e6
2.7632567677863687e6
2.7976584015262537e6
2.8322419720616257e6
2.8670073239712287e6
2.901954125003207e6
2.9370823548463816e6
2.9723918279724303e6
3.007882418784348e6
3.043554036622914e6
3.079406550390099e6
3.1154399331565723e6
3.151654115009838e6
3.18804905748728e6
3.2246247374672554e6
3.2613811386051173e6
3.298318262942317e6
3.3354361243031467e6
3.3727347463615267e6
3.410214164881593e6
3.447874424456402e6
3.485715579874147e6
3.5237376947344127e6
3.561940841142856e6
3.6003251141033205e6
3.638890554990505e6
3.677637302836187e6
3.7165654478837987e6
3.755675088972778e6
3.794966343673477e6
3.8344393312889216e6
3.8740941630414845e6
3.9139309767035814e6
3.9539498989014914e6
3.9941510642159153e6
4.034534610276552e6
4.0751006779290047e6
4.1158494106776174e6
4.1567809515600745e6
4.197895459750629e6
4.23919307505957e6
4.280673953941871e6
4.322338249741878e6
4.364186118325513e6