32142.596038625416
32261.544961693857
32578.80613177606
33094.55372400471
33809.0692642229
34722.739492218476
35836.05343848927
37149.59874792506
38664.057291967954
40380.200037948176
42298.88163004012
44421.03374655239
46747.65986152335
49279.8248385809
52018.6511053288
54965.310136929504
58121.01188477168
61487.00132166855
65064.54468553788
68854.92906164944
72859.44645937093
77079.39145396561
81516.05163649614
86170.70147245772
91044.5931517959
96138.95094581046
101454.96682372209
106993.79482909966
112756.5401397652
118744.26058463915
124957.96021985097
131398.5845781542
138067.01841726058
144964.08175517997
152090.52822311173
159447.04298776586
167034.24098738818
174852.66630576548
182902.79119189348
191185.01627599625
199699.67060645536
208447.0111588429
217427.22580815875
226640.43330953174
236086.68447450004
245765.9633717559
255678.1927210299
265823.22977281944
276200.8755598448
286810.87258127204
297652.9093582186
308726.62264572654
320031.6002615908
331567.38402264414
343333.4725524214
355329.32428730617
367554.3601064057
380007.9670089303
392689.4991213171
405598.2835420735
418733.6203573473
432094.7867311394
445681.0392905936
459491.61680454476
473525.7425115324
487782.6267818009
502261.4692107944
516961.46119857335
531881.7875262145
547021.6289982965
562380.1640593684
577956.5705968826
593750.0277248597
609759.7176048863
625984.8265590591
642424.5468578164
659078.0777648429
675944.6270675969
693023.4118494188
710313.6598456656
727814.6107089336
745525.5139714619
763445.6361024475
781574.2547042366
799910.662463395
818454.1669291018
837204.0912714747
856159.7743321885
875320.5711107824
894685.8532105087
914255.0087368942
934027.4429568793
954002.5778583188
974179.8526183931
994558.7236471445
1.0151386644091271e6
1.0359191653541689e6
1.0568997341949232e6
1.0780798954146833e6
1.0994591902262908e6
1.1210371766709357e6
1.1428134290661542e6
1.16478753833404e6
1.1869591103101089e6
1.2093277682332057e6
1.231893149595361e6
1.2546549079227163e6
1.2776127110409052e6
1.3007662418349357e6
1.3241151974438303e6
1.3476592891145558e6
1.371398241702185e6
1.3953317926460274e6
1.4194596958405557e6
1.4437817129107984e6
1.4682976210927484e6
1.4930072090378325e6
1.5179102769542318e6
1.5430066365040052e6
1.568296110580976e6
1.5937785320453488e6
1.6194537453032937e6
1.6453216039100236e6
1.6713819715673504e6
1.6976347213568087e6
1.7240797350705273e6
1.750716904004345e6
1.7775461272944123e6
1.80456731239713e6
1.8317803750123596e6
1.859185237775781e6
1.8867818312272087e6
1.9145700927166163e6
1.9425499661631065e6
1.9707214022441087e6
1.9990843577667342e6
2.027638795445101e6
2.0563846837604265e6
2.0853219967021125e6
2.114450713445947e6
2.1437708182964893e6
2.1732823002900453e6
2.2029851528989337e6
2.2328793743144604e6
2.26296496704871e6
2.293241936202199e6
2.32371029278961e6
2.3543700497159297e6
2.3852212241233895e6
2.416263836121618e6
2.4474979095707536e6
2.4789234698511763e6
2.510540545742367e6
2.542349170777142e6
2.5743493771201926e6
2.6065412015709714e6
2.6389246829636344e6
2.671499861878174e6
2.7042668007365973e6
2.737225484605593e6
2.770376018972659e6
2.8037184317948315e6
2.8372527722684653e6
2.8709790909296656e6
2.90489743983546e6
2.939007871473801e6
2.9733104413141515e6
3.0078052031589807e6
3.0424922138292533e6
3.07737153014251e6
3.1124432094120067e6
3.1477073114293255e6
3.1831638938779742e6
3.2188130168799926e6
3.2546547405389454e6
3.2906891254394916e6
3.326916232556341e6
3.363336123133634e6
3.399948858757686e6
3.436754501314422e6
3.4737531124436622e6
3.510944754357801e6
3.5483294891892206e6
3.585907379194475e6
3.623678486530546e6
3.661642872941261e6
3.699800601208522e6
3.738151733351714e6
3.7766963308100104e6
3.8154344554641927e6
3.8543661688006e6
3.893491532103992e6
3.9328106064306414e6
3.9723234525449676e6
4.0120301310348427e6
4.051930702079842e6
4.0920252252662648e6
4.1323137605077224e6
4.1727963668498667e6
4.213473102936274e6