28105.814140972565
28226.50696645437
28548.400910969067
29071.6221720389
29796.374653618463
30722.938314217783
31851.666908791347
33182.985151874804
34717.385336169944
36455.42324590123
38397.71451783096
40544.92887579312
42897.7863252182
45457.04954272027
48223.52079103698
51198.03499187714
54381.45266657919
57774.65573733018
61378.5416509214
65194.01346303667
69221.9835217589
73463.35275498181
77919.01880238662
82589.86601458651
87476.76057076028
92580.53571823388
97902.01205194806
103441.96811694247
109201.14957311914
115180.2644147368
121379.97389802214
127800.90194852736
134443.6207726569
141308.65565171576
148396.4839748424
155707.5262751938
163242.15461094613
171000.6938628246
178983.40959173604
187190.5179755039
195622.1828542481
204278.51727938183
213159.58390626262
222265.3968043706
231595.9221243101
241151.08111130208
250930.7437041749
260934.7474368297
271162.88167567574
281614.89890930033
292290.51318600844
303189.40509627835
314311.22130375786
325655.5778719613
337222.06215958623
349010.23508218705
361019.6326835478
373249.769197202
385700.1382624964
398370.2153001244
411259.45954406075
424367.31576701975
437693.21633835905
451236.58294259344
464996.8283278785
478973.3580005986
493165.5717965183
507572.86543290433
522194.6319343536
537030.2630307826
552079.150430906
567340.687068476
582814.2682868987
598499.292816822
614395.1638495661
630501.2900219436
646817.0861393098
663341.974067565
680075.3834459728
697016.7523426977
714165.5270448788
731521.1667291697
749083.1356901354
766850.9120939149
784823.9839207612
803001.8508475365
821384.023693933
839970.0248505599
858759.389386239
877751.663832207
896946.4076112753
916343.1917116648
935941.5995470262
955741.2289356248
975741.6870539277
995942.5954172917
1.0163435876571793e6
1.0369443092928447e6
1.0577444186326321e6
1.0787435857621972e6
1.099941492439542e6
1.1213378323167614e6
1.1429323121951097e6
1.1647246477121953e6
1.186714567851275e6
1.2089018120109495e6
1.2312861309074375e6
1.2538672850918258e6
1.2766450467021936e6
1.2996191975355449e6
1.3227895295678598e6
1.346155844630951e6
1.3697179540838352e6
1.3934756787666641e6
1.4174288485023617e6
1.4415773020556022e6
1.465920886935388e6
1.490459458873738e6
1.5151928818606439e6
1.5401210278277968e6
1.5652437763831045e6
1.5905610146233842e6
1.61607263668433e6
1.6417785440630862e6
1.6676786445276344e6
1.6937728528653565e6
1.7200610900308567e6
1.7465432830743263e6
1.7732193645167798e6
1.8000892734420814e6
1.827152953706612e6
1.8544103547169133e6
1.881861430974149e6
1.909506141670609e6
1.937344450879617e6
1.965376327110752e6
1.993601743270597e6
2.0220206763288525e6
2.050633107561736e6
2.0794390212378239e6
2.108438406004432e6
2.137631254133775e6
2.1670175607331935e6
2.196597324403014e6
2.2263705467008417e6
2.256337232008797e6
2.2864973876672583e6
2.31685102349101e6
2.3473981523868814e6
2.3781387876857445e6
2.4090729479533914e6
2.440200651883512e6
2.471521920971336e6
2.5030367776711117e6
2.5347452477537445e6
2.566647357705624e6
2.5987431361247213e6
2.631032612324712e6
2.663515818208507e6
2.6961927863208116e6
2.7290635506742196e6
2.762128146442524e6
2.795386609871455e6
2.8288389783888087e6
2.862485290667669e6
2.8963255843627895e6
2.93035990165721e6
2.9645882819756046e6
2.9990107666973076e6
3.033627399570474e6
3.068438221713761e6
3.103443277019459e6
3.1386426091500497e6
3.174036262432558e6
3.2096242814621474e6
3.245406711184756e6
3.2813835968609913e6
3.317554984216057e6
3.3539209184345356e6
3.390481446218088e6
3.4272366129342034e6
3.4641864653314645e6
3.501331049305991e6
3.538670411356455e6
3.576204597819419e6
3.613933655067964e6
3.6518576293604965e6
3.689976567017551e6
3.7282905142107964e6
3.7667995170498467e6
3.805503621443871e6
3.844402873246945e6
3.883497318096981e6
3.9227870012929193e6
3.9622719685721914e6
4.0019522646318018e6
4.0418279343545935e6
4.081899022516999e6
4.1221655731393225e6
4.162627630609363e6