459671.811112218
459637.8733410567
459547.700359857
459401.9282013162
459201.73503885657
458948.67408335145
458644.6923285991
458292.32058429375
457894.2878067776
457453.9082844236
456974.6926934609
456460.79210341134
455916.5863945628
455346.77068528935
454756.5304577675
454151.2810875839
453536.7763340233
452919.2845276802
452304.58684791444
451699.96070524567
451112.19612564653
450548.23673531035
450015.5744721315
449521.78639745066
449073.9090461977
448682.1150953754
448352.2586688388
448093.4953277094
447914.1029187529
447822.56443178834
447827.5186570308
447937.62354937027
448161.62242622086
448508.297926211
448986.46183344553
449604.7163393243
450372.6184786867
451298.2731417724
452390.7112910449
453658.7002950415
455110.9328333968
456756.05794380006
458602.62355640146
460659.10879299237
462933.8357278534
465435.0794179816
468170.942661023
471149.3851219933
474378.2545706426
477865.17365526984
481617.63351588615
485642.9353903977
489948.17832654336
494540.259620086
499425.8675326552
504611.46449410013
510103.2847498847
515907.3341937024
522029.33682324947
528474.8109904691
535248.9871329705
542356.8380709477
549803.070097307
557592.0966815825
565728.0656528224
574214.8440158095
583056.0012291612
592254.8225828533
601814.2945448577
611737.1222167899
622025.7096341924
632682.1697450269
643708.3234184633
655105.700777536
666875.544038759
679018.809280635
691536.1723035455
704428.0303802157
717694.5093005612
731335.4664575219
745350.5017203912
759738.9595873344
774499.9350816645
789632.2955079649
805134.6597975248
821005.4532195467
837242.8516840077
853844.8655701734
870809.2934647381
888133.7570314269
905815.7083120727
923852.4322007513
942241.0717334121
960978.6128059927
980061.9418511167
999487.8145543241
1.0192528754282381e6
1.0393536767716121e6
1.0597866895638509e6
1.0805483084183305e6
1.1016348670761762e6
1.1230425647409847e6
1.1447678718283277e6
1.166806754219063e6
1.1891554684061282e6
1.2118101657935637e6
1.2347670269998186e6
1.2580221767436597e6
1.281571836830291e6
1.3054121233325498e6
1.3295392669060244e6
1.3539495135063492e6
1.3786391261617178e6
1.4036044206599263e6
1.4288417652547385e6
1.4543475897745653e6
1.480118325281973e6
1.5061505467047598e6
1.5324408379043029e6
1.5589858695938587e6
1.5857823851462782e6
1.6128271968689514e6
1.6401171824332026e6
1.6676493263632562e6
1.6954206699416356e6
1.7234283442655867e6
1.7516695613521147e6
1.7801416145219186e6
1.8088418835854474e6
1.8377678263728675e6
1.8669169941314065e6
1.8962870143678137e6
1.9258755895154593e6
1.955680530130718e6
1.9856997026124247e6
2.0159310824157475e6
2.0463726678788858e6
2.0770226018132167e6
2.107879079896556e6
2.1389403671671827e6
2.17020480736319e6
2.201670813968228e6
2.2333368818754945e6
2.265201566015371e6
2.2972634976161467e6
2.3295213663204727e6
2.361973932810546e6
2.3946200148924114e6
2.4274584984210394e6
2.4604883118238677e6
2.4937084860545406e6
2.527118047493492e6
2.560716106412733e6
2.5945018325371314e6
2.628474429049584e6
2.6626331606468353e6
2.696977334553057e6
2.731506285110535e6
2.7662194280928215e6
2.801116186456543e6
2.836196041325487e6
2.8714585103082894e6
2.906903123565167e6
2.9425294874253958e6
2.9783372202334176e6
3.0143259685517605e6
3.050495417285328e6
3.0868452808994986e6
3.1233752957862457e6
3.160085241161518e6
3.1969748978689676e6
3.2340440909380293e6
3.271292660739924e6
3.308720473080794e6
3.3463274251324153e6
3.38411337968181e6
3.4220783358164905e6
3.4602221427103393e6
3.498544838076502e6
3.5370463448271146e6
3.575726678468931e6
3.6145858387190825e6
3.6536238449446256e6
3.69284073019118e6
3.7322365361570395e6
3.771811346510269e6
3.8115651543806964e6
3.851498089140218e6
3.8916102373716985e6
3.9319016837175502e6
3.9723725599991367e6
4.0130229153290004e6
4.053852895222899e6
4.0948626314533274e6
4.136052247512788e6
4.1774218685743245e6
4.218971667476516e6
4.260701760124167e6
4.3026123058793135e6
4.344703459229976e6