28491.751116030297
28612.315519700947
28933.86875299344
29456.541766489026
30180.54615257759
31106.17244352729
32233.787784743356
33563.83301133977
35096.81916302288
36833.32327843639
38773.984614546236
40919.49873822756
43270.613597681266
45828.12162835477
48592.856611136434
51565.68656354392
54747.50613102724
58139.23311044811
61741.80067623721
65556.15085353632
69583.22771604852
73823.97906360269
78279.33414873155
82950.21697871687
87837.53141219809
92942.14968652159
98264.92204811849
103806.66959090003
109568.17065247035
115550.16490548605
121753.3496576741
128178.37598980723
134825.84711793505
141696.31536278783
148790.28243536252
156108.19683634056
163650.45340852527
171417.3930338638
179409.3006994671
187626.41121249783
196068.90393578526
204736.90067090007
213630.476712116
222749.6542953237
232094.40644414056
241664.6576545561
251460.28556441315
261481.12368232833
271726.96014358895
282197.54837415065
292892.59734681144
303811.7805465348
314954.7379978293
326321.0767385632
337910.37390778377
349722.1788053302
361756.01474219817
374011.3820325243
386487.7594034964
399184.6059480128
412101.3643459063
425237.46152985044
438592.31138924096
452165.3164581936
465955.869743732
479963.3564752925
494187.15576577606
508626.6422250066
523281.18746441946
538150.1615244909
553232.9342236993
568528.876565241
584037.3617405726
599757.7663936294
615689.4716297615
631831.8640752224
648184.3366298017
664746.2894130838
681517.1304973209
698496.2766552056
715683.1538879751
733077.1981540483
750677.8557328464
768484.5838553179
786496.8507274089
804714.1366653033
823135.9333160315
841761.745055645
860591.0881547187
879623.4921293928
898858.4984192261
918295.6617183415
937934.5495407812
957774.7422241013
977815.8330534055
998057.4285799585
1.0184991474951312e6
1.0391406217060441e6
1.0599814957259167e6
1.0810214266808967e6
1.1022600840439093e6
1.123697149639009e6
1.1453323175375536e6
1.1671652932983423e6
1.1891957948660438e6
1.211423551347501e6
1.2338483036358624e6
1.2564698028443195e6
1.2792878121327453e6
1.3023021047033216e6
1.3255124643480452e6
1.3489186851096782e6
1.3725205709229596e6
1.3963179355911415e6
1.4203106022662506e6
1.4444984033915207e6
1.4688811804624689e6
1.4934587836037546e6
1.5182310714684343e6
1.5431979109859758e6
1.568359177061044e6
1.5937147521869596e6
1.6192645269588127e6
1.6450083984813713e6
1.6709462710960968e6
1.697078056287263e6
1.7234036718979739e6
1.7499230422569062e6
1.776636097231237e6
1.8035427735208804e6
1.830643012810478e6
1.8579367627740593e6
1.8854239755417935e6
1.9131046093361522e6
1.9409786266919617e6
1.969045994837493e6
1.9973066856903809e6
2.0257606753216847e6
2.0544079442783857e6
2.0832484762233326e6
2.1122822593799587e6
2.1415092857206715e6
2.1709295501538143e6
2.200543051228882e6
2.2303497905527754e6
2.2603497726694588e6
2.2905430051910016e6
2.3209294982911274e6
2.351509265396327e6
2.382282320218391e6
2.413248682133231e6
2.444408370479115e6
2.4757614075668897e6
2.5073078166436353e6
2.539047624471373e6
2.570980858504929e6
2.603107548399769e6
2.6354277245439244e6
2.667941420026641e6
2.7006486685621315e6
2.7335495054639094e6
2.766643967153946e6
2.7999320912179025e6
2.8334139164519976e6
2.8670894825549126e6
2.9009588297287496e6
2.935022000521357e6
2.9692790361796967e6
3.0037299795903065e6
3.0383748760800166e6
3.073213768285352e6
3.108246701662884e6
3.1434737214420796e6
3.1788948735832586e6
3.2145102042666445e6
3.2503197600735286e6
3.2863235878736386e6
3.322521734852354e6
3.3589142483840073e6
3.395501176266648e6
3.432282565713617e6
3.469258465076701e6
3.5064289220581995e6
3.543793984463537e6
3.5813537006094074e6
3.6191081184180006e6
3.6570572857518727e6
3.695201250609928e6
3.7335400607856037e6
3.772073763975596e6
3.8108024076859048e6
3.8497260395550486e6
3.888844706728015e6
3.9281584562643785e6
3.9676673351861034e6
4.0073713899056017e6
4.0472706668985114e6
4.0873652124901917e6
4.1276550722461753e6
4.168140292107139e6