206799.49681120392
206836.4416725914
206935.1912040362
207096.2638045655
207320.83994286138
207610.466580811
207966.4263181487
208391.42682604693
208887.58947351002
209457.88840341705
210105.57173231503
210834.14386753805
211647.49398321027
212549.64341707193
213545.4190528332
214639.09424180482
215835.97788814458
217141.07168256017
218559.9496474208
220098.02066952115
221761.3035132274
223555.69187083942
225487.30903265523
227562.37510541975
229787.2499277447
232168.24065573196
234711.93205564705
237424.80304136724
240313.38894122155
243384.22159283698
246643.8332133474
250098.71866674055
253755.30732355945
257619.97631316245
261699.0099333554
265998.6009136507
270524.8277883333
275283.60662946035
280280.75554351485
285521.90731548576
291012.529096799
296757.9119027776
302763.14994199993
309033.1232857648
315572.57183235546
322385.88866092905
329477.3560138196
336850.9714224045
344510.5061717258
352459.48840612336
360701.20051929296
369238.6778060257
378074.7030020091
387211.8050936174
396652.2691678755
406398.12126059586
416451.1414940887
426812.8612790359
437484.5675106463
448467.30584346526
459761.8845400205
471368.88075543137
483288.6445370539
495521.3060547238
508066.78175237286
520924.78082302574
534094.8143041057
547576.1999914807
561368.0762839261
575469.4001324027
589878.9725243008
604595.4300602804
619617.2650194464
634942.8297779385
650570.3492251902
666497.9276158324
682723.5593531232
699245.1372808202
716060.4622758178
733167.253214869
750563.1540247388
768245.7442836595
786212.5438501909
804461.0344710196
822988.643670553
841792.7696487417
860870.7917033309
880220.0691871882
899837.9540598695
919721.7684728985
939868.8744919703
960276.6148032382
980942.3524850642
1.0018634658400228e6
1.023037362274371e6
1.0444614679585368e6
1.0661332453579695e6
1.0880501899172603e6
1.1102098343159705e6
1.132609747505669e6
1.1552475718902927e6
1.1781209558869093e6
1.201227601274591e6
1.224565301756146e6
1.2481318606342636e6
1.2719251549399956e6
1.2959431110692993e6
1.32018371342581e6
1.3446450061949156e6
1.3693250861101295e6
1.3942221091000258e6
1.4193342941311416e6
1.4446599147675703e6
1.4701973031754708e6
1.4959448448118805e6
1.5219009942117454e6
1.5480642573516322e6
1.5744331869746435e6
1.6010064043475436e6
1.627782579622167e6
1.6547604471739118e6
1.681938782118931e6
1.7093164173419115e6
1.7368922360178647e6
1.7646651720756935e6
1.792634208144189e6
1.8207983762805085e6
1.849156750768623e6
1.877708457953974e6
1.906452662564248e6
1.9353885757290726e6
1.9645154501570002e6
1.9938325797555028e6
2.0233392967430288e6
2.0530349616878328e6
2.082918977791314e6
2.112990809374476e6
2.1432499141782676e6
2.1736958049793765e6
2.204328026419287e6
2.2351461438632053e6
2.266149765134119e6
2.2973385178902606e6
2.328712059572024e6
2.3602700659203427e6
2.392012262836585e6
2.423938373523903e6
2.456048153981967e6
2.488341384715248e6
2.520817854174774e6
2.553477401085098e6
2.5863198548965603e6
2.6193450738476813e6
2.652552933563095e6
2.6859433256902033e6
2.719516159038545e6
2.7532713570636245e6
2.787208857661114e6
2.821328612715517e6
2.8556305876289885e6
2.8901147591914386e6
2.924781115516701e6
2.959629661742517e6
2.9946604039054853e6
3.029873364638337e6
3.065268574429677e6
3.1008460728575834e6
3.136605906201859e6
3.1725481320015355e6
3.208672812111274e6
3.244980017080775e6
3.2814698232055977e6
3.318142313115842e6
3.3549975757781575e6
3.3920357041841764e6
3.429256797843689e6
3.466660959597547e6
3.504248297322099e6
3.5420189227698157e6
3.5799729513228554e6
3.618110501262896e6
3.656431694410122e6
3.694936656931418e6
3.733625514416216e6
3.772498397332566e6
3.8115554353756336e6
3.850796765353715e6
3.8902225246180976e6
3.929832844756592e6
3.96962786607417e6
4.0096077284512026e6
4.0497725720546516e6
4.090122538198295e6
4.130657768843963e6
4.1713784064808497e6
4.21228459420839e6
4.253376474927902e6
4.294654191618377e6
4.3361178938456355e6
4.377767708307779e6