385478.6512111698
385461.9521458525
385418.140577534
385347.6039610213
385251.503427429
385131.44995881536
384989.41821099375
384827.7735605377
384649.29604204756
384457.2910881527
384255.1976196675
384047.1373073616
383837.4259293607
383630.70884661074
383432.1168146031
383246.9416613184
383080.8900327395
382939.96207529574
382830.3511698785
382758.6861034697
382731.77739368915
382756.4869577943
382840.11035583646
382990.0625311453
383213.89292739984
383519.4532440074
383914.50439589296
384407.1805974083
385005.5790440022
385717.86158705107
386552.34355016344
387517.3825795676
388621.30721059226
389872.5608356427
391279.5184953285
392850.4423874318
394594.1543360937
396518.5055284032
398631.9237005023
400942.5913357337
403458.62512565346
406188.0337977869
409138.71379327535
412318.4129054032
415734.78114541224
419395.2805880897
423307.22925535846
427477.74443169497
431913.8227115813
436622.1732040474
441609.3547281587
446881.70057497936
452445.3134640296
458306.0626763891
464469.58259292645
470941.2487809004
477726.187616269
484829.263953274
492255.06845825235
500007.92615440977
508091.88303282775
516510.7070739455
525267.8807805949
534366.603888938
543809.7885485797
553600.0608415422
563739.7586166987
574230.9352820864
585075.3582478845
596274.5126970536
607829.6040696679
619741.5618437151
632011.0428860127
644638.4381186368
657623.8784694436
670967.2312369223
684668.1282667867
698725.9491127827
713139.8454480974
727908.7407901783
743031.343902976
758506.155298816
774331.4739880027
790505.4202070951
807025.9230147526
823890.7523973791
841097.5096951883
858643.667780997
876526.5474729803
894743.3469646646
913291.1537671238
932166.9408374277
951367.5945333097
970889.910489276
990730.6226757121
1.0108863887520687e6
1.0313538242654958e6
1.052129482588339e6
1.0732098966580357e6
1.0945915681387428e6
1.1162709813711178e6
1.1382446092271642e6
1.160508933315817e6
1.1830604091549148e6
1.2058955480750739e6
1.2290108553684703e6
1.25240286716342e6
1.2760681477709326e6
1.3000033122103196e6
1.3242049955778092e6
1.3486698952582586e6
1.3733947655011234e6
1.398376398632803e6
1.423611660073806e6
1.4490974685974547e6
1.474830825271427e6
1.500808751422633e6
1.5270284038510534e6
1.5534869643469471e6
1.580181704797417e6
1.6071099696330973e6
1.634269178332316e6
1.6616568102187505e6
1.6892704516924773e6
1.7171077499094259e6
1.7451664241615701e6
1.7734442755488234e6
1.8019391846959135e6
1.8306491038929764e6
1.8595720597657128e6
1.8887061594819643e6
1.9180495777699857e6
1.9476005597234305e6
1.9773574328629926e6
2.0073185853342647e6
2.0374824899294886e6
2.0678476415109078e6
2.098412654536104e6
2.129176190867938e6
2.1601369621658977e6
2.1912937573003755e6
2.2226454129674784e6
2.254190832199812e6
2.2859289685072424e6
2.317858834444446e6
2.349979498705714e6
2.382290071995469e6
2.4147897206324097e6
2.447477652139386e6
2.480353152274796e6
2.513415500386674e6
2.546664054360007e6
2.5800982042634077e6
2.613717382032138e6
2.6475210543904114e6
2.681508728939323e6
2.715679952178193e6
2.75003429554555e6
2.784571370582373e6
2.8192908171152263e6
2.854192308136384e6
2.889275547198972e6
2.9245402462620847e6
2.959986175717049e6
2.995613107111372e6
3.0314208667956437e6
3.067409220799964e6
3.1035780735774674e6
3.139927273486839e6
3.1764567146170703e6
3.2131662981481133e6
3.250055950828997e6
3.287125613870691e6
3.324375245860242e6
3.361804819282185e6
3.3994143224549107e6
3.437203754295539e6
3.475173130996484e6
3.513322478324376e6
3.551651829307845e6
3.5901612365527144e6
3.628850756680792e6
3.6677204568965416e6
3.706770415121328e6
3.746000714192046e6
3.785411471871658e6
3.8250027226117915e6
3.8647746259903396e6
3.9047272899387125e6
3.944860827817479e6
3.985175362619427e6
4.025671023620989e6
4.066347948084277e6
4.107206268468094e6
4.148246146573481e6
4.1894676888837013e6
4.230871079595588e6
4.272456458637106e6
4.314223980900659e6
4.356173806563675e6