47565.979185419244
47675.48042185849
47967.596400969196
48442.6337004372
49101.0882153649
49943.64191085522
50971.158382721216
52184.67727922596
53585.40764091641
55174.7202074767
56954.13916226753
58925.330583867326
61090.092119443114
63450.3527495664
66008.13735754919
68765.58053439888
71724.8960501251
74888.37246520695
78258.35947593974
81837.25042231439
85627.47478190207
89631.48117675298
93851.72383518904
98290.65658150788
102950.71593095141
107834.30856829285
112943.7940855904
118281.49498215492
123849.66521711706
129650.48911207411
135686.0739008579
141958.44156229665
148469.5163430819
155221.13336937578
162214.9946575581
169452.72664898238
176935.81875983387
184665.64746097664
192643.46660499182
200870.4231435399
209347.47894595153
218075.56079213103
227055.41003059526
236287.65863348427
245772.8147106334
255511.26467654173
265503.2742280901
275748.9937811871
286248.45884049457
297001.5930734114
308008.2144888963
319268.03821269143
330780.6793660081
342545.65961647395
354562.41071252944
366830.2799937454
379348.53422622464
392116.3654412537
405132.8957444639
418397.18222988374
431908.2221086704
445664.95766946196
459666.28132638603
473911.04016296205
488398.0411772849
503126.0556030647
518093.8235601288
533300.0584735256
548743.4512619092
564422.6745223589
580336.3863505218
596483.2341983878
612861.8581742734
629470.894989055
646308.9804854346
663374.7532967112
680666.8575072899
698183.9448661905
715924.6775874416
733887.7320597224
752071.7965062666
770475.5794726803
789097.8062781825
807937.2229423217
826992.5974941961
846262.720857308
865746.4081871378
885442.5004098564
905349.8645427411
925467.3928083568
945794.0089362069
966328.6617703656
987070.3304410002
1.0080180220228098e6
1.0291707736032058e6
1.0505276515385802e6
1.0720877518973462e6
1.0938501997822206e6
1.1158141503739501e6
1.1379787881329493e6
1.1603433262812542e6
1.1829070074225725e6
1.2056691026339917e6
1.2286289111743618e6
1.251785760974238e6
1.2751390050942735e6
1.2986880268181178e6
1.322432234398717e6
1.346371062279352e6
1.370503970063588e6
1.3948304432896012e6
1.4193499914249405e6
1.4440621474961317e6
1.4689664679601714e6
1.494062532379054e6
1.5193499420489792e6
1.5448283198073767e6
1.5704973094531666e6
1.5963565747672322e6
1.622405799470839e6
1.6486446862349357e6
1.6750729563070845e6
1.7016903482874713e6
1.7284966185818457e6
1.7554915401514142e6
1.7826749016601874e6
1.8100465075084658e6
1.837606176942551e6
1.8653537453548815e6
1.8932890588433787e6
1.9214119788640677e6
1.9497223794433437e6
1.9782201466139231e6
2.0069051790503769e6
2.0357773845452657e6
2.0648366847439322e6
2.0940830099155917e6
2.123516315429248e6
2.15313650679141e6
2.182943587843808e6
2.2129375117016286e6
2.2431182546346774e6
2.2734858004459036e6
2.3040401410233267e6
2.33478127552495e6
2.365709209333812e6
2.396823954283148e6
2.4281255289175343e6
2.4596139572696816e6
2.4912892692270186e6
2.5231514990968117e6
2.555200687442357e6
2.587436878409211e6
2.6198601210334427e6
2.652470468344332e6
2.6852679774640338e6
2.7182527090549674e6
2.7514247270094003e6
2.7847840990412505e6
2.818330895432825e6
2.852065189401609e6
2.885987056802095e6
2.920096576033853e6
2.954393827733373e6
2.9888788923361404e6
3.023551860527375e6
3.0584128124017166e6
3.0934618393894816e6
3.1286990296428567e6
3.164124474609838e6
3.199738266075437e6
3.235540496934828e6
3.2715312637017174e6
3.307710658842356e6
3.3440787792992345e6
3.380635721637395e6
3.4173815828698725e6
3.454316460722377e6
3.4914404538879427e6
3.5287536585192326e6
3.5662561752992403e6
3.6039481021872545e6
3.641829537782184e6
3.6799005812272793e6
3.7181613309946395e6
3.756611885932165e6
3.795252344600767e6
3.8340828046705574e6
3.87310336502258e6
3.9123141222287863e6
3.951715174624671e6
3.9913066186900344e6
4.031088550930324e6
4.071061068052002e6
4.111224263318329e6
4.1515782340894416e6
4.1921230737121627e6
4.232858875914007e6
4.273785734125993e6
4.314903740483906e6