110019.83270008315
110096.27253836981
110300.29854503652
110632.41797339288
111093.45219737955
111684.53311308683
112407.0993550116
113262.88264801359
114253.90135553124
115382.46260801732
116651.13865150342
118062.74441133632
119620.3569451712
121327.25296131807
123186.9737258869
125203.1903577196
127379.78806483181
129720.81044075394
132230.45626999636
134913.0195833252
137772.91860356467
140814.65925703524
144042.83897616877
147462.0555037164
151076.95914559526
154892.23772801145
158912.55754881114
163142.54777685023
167586.8213445297
172249.9351620066
177136.3596382513
182250.49141856428
187596.6273562379
193178.9438326402
199001.50104473205
205068.22041835496
211382.86843855807
217949.0574553748
224770.2280992088
231849.67362654163
239190.46308016044
246795.50663894782
254667.51878789923
262808.99897315085
271222.27589453635
279909.4600629907
288872.4578600303
298112.97758144204
307632.5212153796
317432.38911573315
327513.6823681087
337877.30366651586
348523.9617774744
359454.17434678384
370668.2747744455
382166.41456879175
393948.5703847658
406014.5494252928
418363.99602308864
430996.39848896523
443911.09596348525
457107.28545887326
470584.03004007734
484340.2655856889
498374.8089788017
512686.36602269224
527273.5386403718
542134.8337063375
557268.6701273089
572673.3860886875
588347.2487044611
604288.4591698933
620495.1614036667
636965.4481063031
653697.3702756586
670688.9399176575
687938.1393135563
705442.9283900436
723201.2447878569
741211.019241135
759470.1708563745
777976.6147704008
796728.2850331708
815723.0985829366
834959.0005251765
854433.9481042707
874145.9153863182
894092.9043793444
914272.9364693683
934684.065868228
955324.3853046237
976192.0002666607
997285.0748995487
1.0186017996426908e6
1.0401404056981558e6
1.0618991671302267e6
1.0838763987396485e6
1.1060704586113528e6
1.1284797486714013e6
1.1511027169932467e6
1.1739378554816984e6
1.196983703176575e6
1.2202388408271896e6
1.2437019016982156e6
1.2673715599132644e6
1.2912465376146692e6
1.3153256027496464e6
1.339607566088301e6
1.3640912856319807e6
1.388775662655545e6
1.4136596427292232e6
1.4387422832335762e6
1.4640224080186142e6
1.4894992946263906e6
1.5151720110467854e6
1.5410396442285385e6
1.5671014519616645e6
1.593356641131569e6
1.6198044827463264e6
1.6464442762063555e6
1.6732753609707607e6
1.7002971179546053e6
1.7275089468975882e6
1.7549102912645638e6
1.7825006196775981e6
1.810279435752264e6
1.838246270827988e6
1.8664006813513741e6
1.8947422611869827e6
1.923270620382723e6
1.951985398111166e6
1.9808862611714846e6
2.009972896739683e6
2.0392450139233633e6
2.0687023501879615e6
2.098344658821059e6
2.12817171213305e6
2.158183313253418e6
2.188379268114864e6
2.218759410744992e6
2.249323589664405e6
2.2800716706071384e6
2.3110035340520884e6
2.342119077324814e6
2.3734182096355325e6
2.404900855851655e6
2.4365669542933134e6
2.4684166389289713e6
2.5004493161379066e6
2.532665514708528e6
2.5650650324356765e6
2.597647864260574e6
2.6304140134933223e6
2.663363492460083e6
2.6964963227583203e6
2.729812534254086e6
2.763312164310573e6
2.796995257492248e6
2.830861864718564e6
2.8649120449319766e6
2.899145861820523e6
2.9335633861072524e6
2.968164688111686e6
3.002949860062414e6
3.0379189759011297e6
3.073072128947352e6
3.1084094126318605e6
3.143930924034755e6
3.17963676486144e6
3.2155270388685362e6
3.251601852388372e6
3.2878613171656146e6
3.324305545528824e6
3.360934651224358e6
3.3977487526409496e6
3.4347479684361145e6
3.4719324193886807e6
3.5093022279436644e6
3.546857518104429e6
3.5845984144735155e6
3.622525043374933e6
3.660637532979305e6
3.6989360076802634e6
3.7374205996137206e6
3.776091436470004e6
3.8149486477363184e6
3.8539923634941485e6
3.893222713730326e6
3.932639827520742e6
3.972243836237247e6
4.012034869358835e6
4.0520130569380205e6
4.092178529485074e6
4.132531413059133e6
4.17307183992654e6
4.21379993697562e6
4.254715836170832e6
4.295819655222684e6
4.337111528726549e6
4.378591581388142e6