421852.4673259037
421827.0806057559
421759.7292652755
421651.0759455187
421502.2702730035
421314.88794361113
421090.85151568754
420832.62367360794
420542.98347707523
420225.2390646151
419882.90004428825
419520.0384170655
419141.0499062091
418750.61110498477
418353.8661798447
417956.19499029045
417563.34051168093
417181.3582059678
416816.48864414426
416475.44463177526
416165.1274082712
415892.4333741778
415664.7903626837
415489.7032664906
415374.13429458335
415328.1163963885
415357.473311548
415471.195943524
415677.4873024345
415984.68548160815
416401.2947626009
416935.8218967131
417596.85207170143
418392.9895013262
419332.8555528157
420424.91021964874
421678.35654059646
423101.1956737635
424702.17834619014
426489.80712604476
428472.504917786
430658.6226122491
433056.40268225956
435674.0008865561
438519.3974478274
441600.50240765524
444925.04642255465
448500.5851501998
452334.57243687275
456434.18805151153
460806.4823387455
465458.2877138711
470396.2304281413
475626.70957566774
481155.9034215292
486989.74918861245
493133.9415259323
499593.92552125885
506374.88016830874
513481.72856760933
520919.1203579352
528691.4327191651
536802.7620803232
545256.9220376419
554057.4413489302
563207.5663726772
572710.2440707291
582568.1396230276
592783.6237861738
603358.7733092549
614295.3851103231
625594.9672069259
637258.7395768444
649287.6426049699
661682.341178918
674443.2261695868
687570.4219068936
701063.7916247351
714922.9444181304
729147.2411486905
743735.802547844
758687.5190852992
774001.0529346123
789674.8627075844
805707.1855079345
822096.0843356192
838839.4100206206
855934.8661054685
873379.9720014005
891172.1028181905
909308.4963828871
927786.2378532684
946602.3034207004
965753.5604762125
985236.7756698474
1.0050486241952735e6
1.0251857014552262e6
1.045644537570807e6
1.0664215854933886e6
1.0875132855464567e6
1.108916010055108e6
1.130626112436829e6
1.1526399612989426e6
1.1749537579336239e6
1.1975639310918532e6
1.2204667617945145e6
1.2436585801705099e6
1.26713572497271e6
1.2908945834056425e6
1.3149315435654114e6
1.3392430498017669e6
1.3638255924408855e6
1.388675692174422e6
1.4137899365692923e6
1.4391649619460527e6
1.4647974884520087e6
1.490684233158516e6
1.5168220612217844e6
1.5432078692386043e6
1.5698386190954638e6
1.5967113623309985e6
1.62382321608166e6
1.6511713757288654e6
1.6787531227346535e6
1.7065658103165955e6
1.734606874320295e6
1.7628738283327543e6
1.7913642703814132e6
1.8200758751519716e6
1.8490063953593026e6
1.87815367116215e6
1.907515604046823e6
1.9370902122168697e6
1.9668755436023688e6
1.9968697477764576e6
2.0270710601515318e6
2.0574777391486552e6
2.08808817888292e6
2.118900817027009e6
2.1499141556058764e6
2.1811267698278674e6
2.2125373025960415e6
2.244144454843823e6
2.2759470092711262e6
2.3079437860416113e6
2.3401336761595733e6
2.372515629727416e6
2.4050886493481016e6
2.4378517974179992e6
2.4708041825163527e6
2.5039449685462876e6
2.5372733665025537e6
2.5707886359894685e6
2.604490086699271e6
2.638377053170664e6
2.672448930560019e6
2.7067051852623844e6
2.7411452439716905e6
2.775768633203807e6
2.810574902424605e6
2.845563631900685e6
2.8807344399130363e6
2.916086954252203e6
2.9516208713433114e6
2.9873358902113703e6
3.0232317441992057e6
3.0593081948278965e6
3.095565028040175e6
3.1320020512539693e6
3.1686191059139557e6
3.2054160396912475e6
3.2423927309990632e6
3.2795490768123106e6
3.3168849921992617e6
3.354400409816866e6
3.3920952808006983e6
3.429969570495804e6
3.4680232606404973e6
3.506256349044921e6
3.544668838662233e6
3.5832607602780736e6
3.622032143450095e6
3.660983034882018e6
3.7001134923885935e6
3.7394235808578483e6
3.7789134031820768e6
3.818582975146326e6
3.858432443377567e6
3.8984619077261616e6
3.938671467043909e6
3.979061274905076e6
4.0196313767686295e6
4.060381938188338e6
4.1013130870711277e6
4.142424972324341e6
4.1837177244527233e6
4.225191493125899e6
4.266846430480894e6
4.308682686816856e6
4.350700420246204e6