45327.792323668924
45438.69607730766
45734.546723020874
46215.63619252146
46882.43665813707
47735.59739334576
48775.940477890195
50004.455394986
51422.29257420765
53030.75593345484
54831.29447117692
56825.49343291749
59015.06187808435
61401.82598629591
63987.715560384444
66774.75301448579
69765.03877269238
72960.74217558414
76364.08871756887
79977.34490587926
83802.80817063505
87842.7929961454
92099.61807819747
96575.59842362878
101273.03053564546
106194.1787019477
111341.26684515184
116716.4732969547
122321.91385156268
128159.63835574806
134231.61364273663
140539.7285598308
147085.77893947798
153871.46556567817
160898.38458194374
168168.02483526355
175681.7677307148
183440.8783467983
191446.50617207104
199699.6831088571
208201.32202036807
216952.21600998525
225953.03980336114
235204.3483254439
244706.57984797496
254460.0566240752
264464.9882985755
274721.47306820576
285229.5019219435
295988.9606379243
306999.6347523826
318261.21270114987
329773.2902663903
341535.37469362665
353546.88951886224
365807.17857921176
378315.51137890125
391071.0872861341
404073.0409494846
417320.4464361372
430812.322498304
444547.63713407103
458525.3122950503
472744.2286259204
487203.2297738858
501901.1268623876
516836.7027792564
532008.7165515488
547415.9070433364
563056.9968770781
578930.6961045135
595035.7059574332
611370.7215888123
627934.4361928479
644725.5430142194
661742.7389104534
678984.7268174354
696450.2179058504
714137.9341602528
732046.6108473107
750174.996905135
768521.8598387586
787085.9841390199
805866.1746162442
824861.2570918743
844070.0807128898
863491.5165457912
883124.461494766
902967.8371574471
923020.5910153878
943281.6979843408
963750.1590268796
984425.0037550643
1.0053052885054904e6
1.0263900981360739e6
1.0476785460609361e6
1.0691697732447593e6
1.090862948934232e6
1.1127572710424892e6
1.134851965116703e6
1.1571462845612438e6
1.179639510291219e6
1.2023309507206308e6
1.2252199408076822e6
1.2483058429242237e6
1.2715880437401605e6
1.2950659578764364e6
1.3187390243549026e6
1.3426067067285976e6
1.366668492751523e6
1.3909238945457214e6
1.4153724474242437e6
1.44001370863995e6
1.4648472577401032e6
1.4898726965011125e6
1.5150896472604342e6
1.5404977526257667e6
1.566096675383879e6
1.5918860971834755e6
1.6178657184607424e6
1.6440352581381379e6
1.6703944518568073e6
1.696943052838136e6
1.7236808308272234e6
1.750607570832288e6
1.777723073126013e6
1.8050271535243776e6
1.8325196413311018e6
1.860200379732535e6
1.8880692253144349e6
1.9161260469885715e6
1.9443707260136884e6
1.9728031553530877e6
2.0014232398831372e6
2.0302308929195125e6
2.0592260415455217e6
2.0884086199580717e6
2.1177785734249414e6
2.1473358551540896e6
2.177080427846924e6
2.2070122621589527e6
2.2371313366169045e6
2.2674376375473505e6
2.2979311580733694e6
2.328611897541165e6
2.3594798638091167e6
2.390535068724297e6
2.421777531099383e6
2.4532072751063146e6
2.4848243302026163e6
2.516628730615802e6
2.5486205156925074e6
2.5807997288393076e6
2.613166417925329e6
2.6457206345965127e6
2.6784624344372465e6
2.711391872935225e6
2.7445090224885456e6
2.777813938336447e6
2.811306692104756e6
2.8449873545556283e6
2.878855999253947e6
2.9129127019986236e6
2.9471575410717246e6
2.9815905937014027e6
3.016211947708061e6
3.0510216804078626e6
3.0860198802761636e6
3.1212066323390007e6
3.156582024883303e6
3.1921461465485822e6
3.227899087667964e6
3.2638409389173416e6
3.2999717924232567e6
3.33629174032402e6
3.3728008759478177e6
3.409499292931719e6
3.4463870854729367e6
3.483464348715796e6
3.5207311756256516e6
3.5581876630371693e6
3.595833905471627e6
3.6336699981562323e6
3.67169603649566e6
3.7099121155992853e6
3.748318330639891e6
3.7869147767199674e6
3.825701548134929e6
3.8646787397452113e6
3.903846445717815e6
3.943204759805594e6
3.982753775506181e6
4.0224935858253096e6
4.0624242833113694e6
4.1025459601202547e6
4.1428587076352746e6
4.183362617010215e6
4.224057778511647e6
4.264944282203639e6
4.306022217087431e6