28172.25522991286
28292.92666942945
28614.76388604252
29137.89389714702
29862.521932880933
30788.929775582365
31917.473489796073
33248.5805704238
34782.74654335722
36520.53085811435
38462.553224787116
40609.4878232576
42962.059476750976
45521.035992095975
48287.225065249804
51261.46737063174
54444.62916588024
57837.59866226626
61441.279524615384
65256.58104500675
69284.42242904252
73525.7108128762
77981.35040713077
82652.23213246184
87539.22865744638
92643.17950610432
97964.91167589095
103505.20970551264
109264.82530268036
115244.4722014117
121444.81714030227
127866.48938827871
134510.0661620504
141376.0774914824
148465.00340691203
155777.27406022174
163313.25981909808
171073.2909480156
179057.63614930998
187266.51442820657
195700.0921193335
204358.48436591856
213241.75566071618
222349.92151115258
231682.9491894655
241240.75890718107
251023.22648193734
261030.18416874277
271261.42296606826
281716.6948982104
292395.71325866634
303298.1575821528
314423.6732548094
325771.8747812789
337342.347746128
349134.65100077353
361148.31840762426
373382.8617615411
385837.7720917655
398512.5220399413
411406.5679053934
424519.3513833798
437850.30163761857
451398.83703141374
465164.36688926886
479146.29320470424
493344.01222239004
507756.91600374354
522384.393863026
537225.8337766745
552280.6236673428
567548.1526601488
583027.8122775714
598718.9974228544
614621.1074673759
630733.5472392128
647055.7277547051
663587.0671174804
680326.991239324
697274.934506923
714430.3403552026
731792.6619444115
749361.3624693917
767135.9158019002
785115.8065022461
803300.5309002053
821689.5963541414
840282.5225782378
859078.8409742767
878078.0951918443
897279.8416724394
916683.6485022691
936289.0962677232
956095.7800641609
976103.3043923357
996311.2881961568
1.0167193626133463e6
1.0373271707382833e6
1.0581343685851535e6
1.0791406239569015e6
1.1003456164527952e6
1.1217490376356011e6
1.1433505923079972e6
1.1651499941649043e6
1.1871469703439593e6
1.2093412584639904e6
1.2317326075441965e6
1.2543207765039636e6
1.277105535925236e6
1.3000866661207506e6
1.3232639576497753e6
1.3466372109956944e6
1.3702062362346053e6
1.3939708529867092e6
1.4179308899261805e6
1.4420861847398425e6
1.4664365838333857e6
1.4909819420330953e6
1.5157221223831465e6
1.540656995950993e6
1.5657864415293506e6
1.5911103454534695e6
1.6166286011417971e6
1.6423411094310917e6
1.6682477774665586e6
1.6943485194631666e6
1.7206432558439448e6
1.7471319131210204e6
1.7738144235064923e6
1.8006907255337373e6
1.8277607627298718e6
1.8550244841640394e6
1.8824818440322587e6
1.9101328012419224e6
1.9379773196660823e6
1.9660153675586986e6
1.9942469176770875e6
2.022671946826427e6
2.0512904361438488e6
2.0801023698107696e6
2.1091077363948063e6
2.1383065281152343e6
2.167698740045769e6
2.1972843707763264e6
2.2270634218739066e6
2.2570358977473257e6
2.2872018057842413e6
2.3175611558610154e6
2.3481139609687896e6
2.378860234521952e6
2.4097999952071877e6
2.440933261837261e6
2.472260056047339e6
2.5037804004293657e6
2.5354943209258514e6
2.567401844189727e6
2.599502999002799e6
2.6317978148643356e6
2.664286323881795e6
2.6969685588074895e6
2.7298445538686574e6
2.762914344464173e6
2.796177967068816e6
2.829635459347763e6
2.8632868598380224e6
2.8971322075757035e6
2.931171543866932e6
2.9654049087654506e6
2.9998323439114396e6
3.034453893321859e6
3.069269598392905e6
3.1042795032731215e6
3.139483650619498e6
3.1748820888901073e6
3.2104748591058706e6
3.24626200777928e6
3.2822435804476817e6
3.318419622941104e6
3.3547901812765994e6
3.391355301891699e6
3.4281150306216055e6
3.465069414504253e6
3.5022184997169464e6
3.5395623330497933e6
3.577100961120457e6
3.6148344305998753e6
3.652762788004246e6
3.6908860799636547e6
3.7292043529250217e6
3.7677176532809664e6
3.8064260272204033e6
3.845329520880801e6
3.88442818001755e6
3.923722050679769e6
3.9632111784128747e6
4.0028956083424133e6
4.042775385624265e6
4.082850555305813e6
4.123121161675027e6
4.163587249384308e6