244614.75940836608
244638.64438506486
244702.60686348626
244807.208307896
244953.58911789957
245143.18078777686
245377.83024561548
245659.78637793285
245991.65478605384
246376.42201154717
246817.4530673118
247318.41319558027
247883.36843768394
248516.6368350093
249222.9070491568
250007.1172771049
250874.46720092875
251830.4550320653
252880.77298893323
254031.3763732323
255288.37586199117
256658.09327805843
258146.99880008577
259761.6971736372
261508.9865515935
263395.63188163575
265428.5921117725
267614.884398961
269961.49690065184
272475.5149254672
275163.9751961725
278033.96982331213
281092.4896714011
284346.52522086236
287802.98670388875
291468.71758942585
295350.444210608
299454.7827863698
303788.238642417
308356.91232096835
313167.75671866327
318225.81650025316
323537.9121824525
329109.0038696353
334944.75903557776
341050.47013131203
347431.15535836294
354091.63982572313
361036.44169808226
368269.95000111253
375796.2178578309
383619.09256621683
391742.1442366268
400168.68876886414
408901.78852995846
417944.23423938395
427298.56023832154
436967.0340053685
446951.6630156406
457254.1924692093
467876.1117845345
478818.6557971585
490082.80858883995
501669.3069820466
513578.64797449927
525811.0931436876
538366.6761863225
551245.2063401586
564446.281811824
577969.2921372029
591813.4288065174
605977.6926694805
620460.9047693658
635261.7120562596
650378.6016999552
665809.9058834861
681553.8124173121
697608.3741338344
713971.5248193457
730641.078674976
747614.7461902802
764890.1436053894
782464.7989407186
800336.167792998
818501.6350591863
836958.5243221461
855704.1084981157
874735.6350807601
894050.2955910605
913645.2711263164
933517.719017814
953664.7841971755
974083.6093469115
994771.336488397
1.015725125510851e6
1.036942138661915e6
1.0584195647164294e6
1.080154615031526e6
1.1021445292402664e6
1.1243865848010643e6
1.1468780912496487e6
1.169616399847904e6
1.192598909043978e6
1.215823068449226e6
1.2392863705225897e6
1.2629863637075503e6
1.2869206529092006e6
1.3110868934483142e6
1.3354828087009767e6
1.3601061698979922e6
1.3849548155467384e6
1.4100265674033593e6
1.435319623308288e6
1.4608317667048713e6
1.4865611673511178e6
1.512505971053915e6
1.5386643840755355e6
1.565034674171236e6
1.5916151814645561e6
1.6184042978606299e6
1.645400481085471e6
1.6726022551410112e6
1.7000081891943458e6
1.7276169096064407e6
1.755427119807872e6
1.7834375592724246e6
1.8116470301320865e6
1.8400543867675345e6
1.868658536860068e6
1.8974584388113609e6
1.926453102265513e6
1.9556415858196656e6
1.9850229899058407e6
2.0145964705044862e6
2.044361229844093e6
2.0743164822208132e6
2.104461532467092e6
2.13479569753958e6
2.165318335012516e6
2.196028843936825e6
2.226926664730144e6
2.2580112613465246e6
2.289282147743701e6
2.3207388548035393e6
2.3523809557131515e6
2.3842080520452727e6
2.4162197716556876e6
2.448415771554145e6
2.480795737514576e6
2.513359380264515e6
2.5461064368091645e6
2.5790366588063147e6
2.6121498354027355e6
2.645445767240135e6
2.678924279023566e6
2.7125852133348356e6
2.746428432958292e6
2.780453819992079e6
2.814661270683498e6
2.8490507000398575e6
2.8836220353335207e6
2.9183752218483193e6
2.953310221882878e6
2.988427001267053e6
3.0237255445950376e6
3.05920585338578e6
3.094867939865499e6
3.130711790942351e6
3.166737468040215e6
3.2029449971344457e6
3.23933442483356e6
3.275905806013607e6
3.3126592032668246e6
3.349594686789707e6
3.3867123335185368e6
3.4240122275395268e6
3.4614944586619767e6
3.4991591219233703e6
3.5370063181567225e6
3.575036153710881e6
3.613248737663584e6
3.6516441848014877e6
3.690222615187486e6
3.7289841493658326e6
3.767928927578854e6
3.8070570335156065e6
3.8463686435821108e6
3.8858638764507524e6
3.925542868202997e6
3.9654057561614127e6
4.005452680826578e6
4.0456837833563876e6
4.0860992070180806e6
4.12669909534841e6
4.167483593898047e6
4.208452849097662e6
4.249607007682497e6
4.29094621520395e6
4.3324706215701755e6
4.37418037435635e6