234914.15395394506
234941.28367924978
235013.8730445203
235132.54880911965
235298.3722557194
235512.7851081325
235777.61525532525
236095.09696312548
236467.8073356908
236898.7073024163
237391.1308284964
237948.712384921
238575.4866568841
239275.68956420667
240054.0029369901
240915.29250343426
241864.72057026552
242907.69853873344
244049.87247834963
245297.3149798223
246655.48666918473
248131.20254528915
249730.65885591236
251460.3672626499
253327.0524348628
255337.32002231505
257498.07810619767
259816.21458309153
262298.60310687625
264952.1891533964
267783.92848420877
270800.73421878414
274009.4751839042
277416.99461594154
281030.055014565
284855.3445581966
288899.4816740084
293168.765717668
297669.6859657698
302408.13537680276
307390.8331935898
312622.94108963385
318110.35428553214
323858.56542654533
329872.8173202503
336158.17906650424
342719.5030037924
349561.38761072734
356688.2104657303
364104.09236065566
371812.91693995195
379818.32625812374
388123.6891188605
396732.1246502283
405646.4954872191
414869.3974839522
424403.17188932304
434249.89722454175
444411.3944819316
454889.2278592355
465684.70887768664
476798.9002817295
488232.6197632812
499986.44351638143
512060.7142825583
524455.546139625
537170.8322472229
550206.2489386612
563561.2687743355
577235.1636013091
591227.015477273
605535.7240320137
620160.0172501681
635098.4579318694
650349.4530783647
665911.2771944125
681782.0512183928
697959.7791370028
714442.3516453286
731227.5508957353
748313.0599674238
765696.4778513568
783375.3215663804
801347.0454128535
819609.0367133397
838158.6315155444
856993.1194426545
876109.7733291346
895505.8149465269
915178.4609657971
935124.909872947
955342.353873115
975827.9856201331
996579.0041933428
1.017592627196142e6
1.038866080679493e6
1.0603966198487566e6
1.082181525017566e6
1.1042181090777095e6
1.1265037201377754e6
1.1490357481458217e6
1.1718116197854865e6
1.1948288485418395e6
1.2180848744820827e6
1.24157735384933e6
1.265303891489919e6
1.2892621753492753e6
1.3134499440332646e6
1.3378650031047186e6
1.3625052074746431e6
1.3873684774521384e6
1.412452795616746e6
1.4377562034663158e6
1.4632768006045963e6
1.4890127560742386e6
1.5149622932557794e6
1.541123704132554e6
1.5674953250736902e6
1.5940755760762119e6
1.6208629100701045e6
1.6478558757934037e6
1.6750530400493876e6
1.7024530519894557e6
1.7300546106051793e6
1.7578564704512546e6
1.7858574401576822e6
1.8140563755781886e6
1.8424522028970916e6
1.8710438811135262e6
1.8998304160953502e6
1.9288108849531813e6
1.957984390835858e6
1.9873500845018942e6
2.0169071764974624e6
2.04665489419602e6
2.0765925186291803e6
2.106719389259702e6
2.137034865242202e6
2.1675383427971783e6
2.1982292600190733e6
2.2291070928646415e6
2.260171343737945e6
2.291421552042125e6
2.3228572865123935e6
2.3544781507796803e6
2.3862837745978767e6
2.418273813136258e6
2.4504479516241513e6
2.4828058993723104e6
2.515347391601032e6
2.548072186213374e6
2.580980063805152e6
2.6140708255711524e6
2.6473442959346934e6
2.6808003162646275e6
2.7144387483493835e6
2.7482594707707367e6
2.782262381436078e6
2.8164473907970493e6
2.850814428557617e6
2.885363434683907e6
2.920094366333721e6
2.9550071982788197e6
2.9901019063646593e6
3.025378487779511e6
3.0608369474913212e6
3.0964773127707005e6
3.13229957498988e6
3.1683038066988997e6
3.2044900359094962e6
3.2408583201251263e6
3.2774087188793994e6
3.3141413002103325e6
3.3510561395742446e6
3.388153318542448e6
3.4254329253634852e6
3.4628950533403703e6
3.500539802111021e6
3.5383672746290495e6
3.5763775795727954e6
3.614570830690521e6
3.6529471428042827e6
3.6915066384409266e6
3.7302494394658906e6
3.7691756879177447e6
3.8082854693460083e6
3.8475789595133057e6
3.887056278430096e6
3.9267175622930415e6
3.966562949091607e6
4.006592579179786e6
4.04680659379177e6
4.0872051352316784e6
4.127788347498128e6
4.1685563750937292e6
4.209509363705643e6
4.250647458880503e6
4.291970806729657e6
4.333479555138408e6
4.375173856137042e6