225377.58108682168
225407.96993788792
225489.24136918108
225622.03609535727
225807.39957718411
226046.72590137657
226341.860187484
226695.016267334
227108.7499585334
227585.94952011033
228129.9610737352
228744.36832927645
229433.15668873012
230200.53188397078
231051.02164181316
231989.71289324528
233021.43095125537
234151.62067101494
235385.8610716379
236729.9547238474
238189.8515153863
239771.71638663608
241481.84656753857
243326.6786029617
245312.77330351865
247446.6961212303
249735.2323724011
252185.12651526154
254803.15609939006
257596.13503595715
260570.87259552098
263734.1569663384
267092.71238768223
270653.2355377855
274422.31875196483
278406.507649012
282612.20757996914
287045.68125004944
291713.11085006146
296620.4959809959
301773.6665313056
307178.3024919838
312839.87744534865
318763.69290497043
324954.79703958816
331418.06281799654
338158.1436370827
345179.44020057895
352486.13056415756
360082.1268686537
367971.1265917375
376156.5586793481
384641.59779991524
393429.16474049556
402521.9254303994
411922.2853004126
421632.3936345223
431654.1415808588
441989.1721080307
452638.8663472898
463604.3689108635
474886.57123424293
486486.13103693165
498403.46954613616
510638.7812109159
523192.03884023195
536063.0015371416
549251.2192569093
562756.0459051074
576576.6426800073
590711.9891892369
605160.8910109173
619921.99077757
634993.7726787945
650374.579384069
666062.6120017782
682055.9572487153
698352.5661141453
714950.2939937981
731846.8957941398
749040.0366601297
766527.3021443728
784306.2037133133
802374.2036890239
820728.6912306707
839367.0284042528
858286.520557258
877484.4679305131
896958.1329553196
916704.7674437126
936721.616483348
957005.9206536834
977554.9279885615
998365.8944969815
1.0194360997549768e6
1.0407628347376987e6
1.0623434209587644e6
1.0841752146127147e6
1.1062555958159156e6
1.128581990687969e6
1.1511518612812357e6
1.1739627300780467e6
1.197012136310964e6
1.2202976957100434e6
1.2438170666017518e6
1.2675679601870256e6
1.2915481455209781e6
1.3157554437746073e6
1.3401877415796914e6
1.3648429714591824e6
1.389719147399627e6
1.41481431541879e6
1.4401266112481006e6
1.4656542038347223e6
1.4913953387632985e6
1.517348318914636e6
1.5435115102504394e6
1.5698833228364056e6
1.5964622425113264e6
1.6232468039693874e6
1.6502356121145356e6
1.677427313624978e6
1.7048206169740323e6
1.7324142908131422e6
1.7602071402409845e6
1.788198045182208e6
1.8163859167039895e6
1.8447697268812177e6
1.8733484928489518e6
1.902121296958161e6
1.9310872362977401e6
1.9602454695706107e6
1.9895952095483379e6
2.0191357051436042e6
2.0488662223123023e6
2.078786098167077e6
2.108894704568426e6
2.1391914422416054e6
2.1696757453094814e6
2.200347087323839e6
2.2312049781743824e6
2.2622489553222684e6
2.2934785891138343e6
2.3248934808726027e6
2.3564932599510765e6
2.388277585178476e6
2.4202461384321037e6
2.452398630386198e6
2.4847347885023933e6
2.5172543861292703e6
2.549957188319464e6
2.5828430005554482e6
2.6159116445676135e6
2.6491629626293615e6
2.6825968135769595e6
2.7162130758774998e6
2.750011638933803e6
2.783992489515229e6
2.8181553583719814e6
2.8525003720237217e6
2.887027424005663e6
2.9217364824265786e6
2.956627532558851e6
2.991700574656786e6
3.0269555720475097e6
3.062392585613196e6
3.0980116310650427e6
3.133812710549411e6
3.1697959010231383e6
3.205961241899779e6
3.242308792449349e6
3.278838619077294e6
3.315550795546892e6
3.352445371440823e6
3.3895225230204095e6
3.4267822523100534e6
3.4642246862579836e6
3.5018499271518406e6
3.539658081759288e6
3.577649261280159e6
3.615823579850414e6
3.654181156151493e6
3.6927221137996977e6
3.731446576447961e6
3.7703546721353624e6
3.8094465304525914e6
3.8487222827771762e6
3.8881820717347553e6
3.927826025675946e6
3.967654285546584e6
4.007666991469185e6
4.0478642845956357e6
4.0882463068296704e6
4.1288132016355135e6
4.169565112902566e6
4.210502185505779e6
4.25162456430565e6
4.2929323939898e6
4.334425821919573e6
4.376104997924122e6