188888.13487092088
188931.67577490132
189048.00936840023
189237.76208763613
189501.8807194082
189841.76777772585
190259.11140746417
190756.13157692898
191335.1604428457
191998.90913192162
192750.84535896024
193594.0903103857
194532.51008168157
195570.02972132512
196711.34281069212
197960.67166568464
199322.9390062261
200803.27891027354
202406.88079983057
204139.21856688362
206005.90740052433
208012.717731935
210165.55780763892
212470.4266461618
214933.43627080266
217560.7022169065
220358.49981327288
223333.0584193363
226490.63689118178
229837.4785768408
233379.81477226477
237123.8339544666
241075.64365071894
245241.29144518965
249626.72569247233
254237.78763550465
259080.19332891106
264159.5140163207
269481.18160622276
275050.44978661253
280872.40824066265
286951.9586371104
293293.7957684117
299902.43783916696
306782.138990678
313936.97694170824
321370.80170414597
329087.21120170085
337089.5759476876
345381.02733681153
353964.4511571564
362842.4941380812
372017.55181871424
381491.7782825142
391267.083635772
401345.12881474977
411727.34930357244
422414.9231496536
433408.80740558775
444709.72626921535
456318.17974602454
468234.4494751283
480458.6039648822
492990.50612031145
505829.8199167972
518976.0182371286
532428.3919211525
546186.0521652239
560247.9484997942
574612.8716207528
589279.4595703052
604246.2150821076
619511.5068162722
635073.5828454711
650930.5774666535
667080.522385221
683521.3543914941
700250.9234650633
717267.0049727717
734567.3045079806
752149.4605474402
770011.0888230575
788149.7184135803
806562.8724236412
825248.0343997256
844202.6756566281
863424.2279151065
882910.1510222616
902657.8782327158
922664.8527635254
942928.5265485317
963446.3657804511
984215.855191916
1.0052345006348278e6
1.0264998500940859e6
1.0480094618409452e6
1.069760943497456e6
1.0917519363798543e6
1.113980123170747e6
1.1364432316961626e6
1.1591390342313475e6
1.1820653518337884e6
1.2052200563650478e6
1.2286010689286473e6
1.2522063656285931e6
1.2760339642355074e6
1.3000819828389026e6
1.3243485247062375e6
1.3488317987262579e6
1.37353005326781e6
1.3984416059818154e6
1.4235647918603932e6
1.4488980592272833e6
1.4744398748054355e6
1.5001887683908306e6
1.5261433266583765e6
1.5523021917241605e6
1.5786640487467789e6
1.6052276447319097e6
1.6319917865068754e6
1.6589553179014083e6
1.6861171381935694e6
1.713476195524035e6
1.7410314853610431e6
1.7687820505927124e6
1.7967269788794534e6
1.8248654034989134e6
1.8531965013081478e6
1.881719489349337e6
1.9104336266620008e6
1.9393382127121964e6
1.968432585052075e6
1.9977161165226707e6
2.0271882247849526e6
2.0568483393829379e6
2.0866959553037104e6
2.1167305784712173e6
2.1469517550433474e6
2.177359055195395e6
2.2079520829011295e6
2.2387304694083175e6
2.269693871988737e6
2.300841973950864e6
2.3321744845804432e6
2.363691142862173e6
2.395391691298373e6
2.4272759120174404e6
2.459343604617729e6
2.4915945952505795e6
2.5240287041424867e6
2.5566457962804846e6
2.5894457420274196e6
2.622428438500669e6
2.6555937846863302e6
2.6889417034503086e6
2.722472106027039e6
2.7561850154385665e6
2.790080319631777e6
2.824158017888384e6
2.858418087397479e6
2.8928605425509242e6
2.9274853841717234e6
2.9622926298341826e6
2.997282305901692e6
3.0324544485438867e6
3.067809086023417e6
3.1033463098380766e6
3.1390661586016365e6
3.1749686817137077e6
3.211053976340277e6
3.247322113996942e6
3.283773179641567e6
3.3204072640933404e6
3.35722446268822e6
3.394224875875395e6
3.431408608096814e6
3.468775774872243e6
3.506326466855454e6
3.544060821972232e6
3.581978951113151e6
3.6200809775931593e6
3.6583670217539337e6
3.696837214038694e6
3.735491692629511e6
3.7743305578199564e6
3.813353972452562e6
3.8525620609032563e6
3.8919549584687282e6
3.931532802132622e6
3.9712957295471258e6
4.0112438793557403e6
4.0513773910620366e6
4.0916964044979927e6
4.1322010605070186e6
4.1728914992131568e6
4.213767862262147e6
4.254830290274415e6
4.296078925612373e6
4.337513905493969e6
4.379135374415893e6