59998.4898076847
60100.536096883676
60372.7956812467
60815.63905061287
61429.66566580674
62215.700988522265
63174.78879098283
64308.18864107682
65617.36938189543
67103.99015124497
68769.90132308757
70617.14184297336
72647.89648304594
74864.51842466707
77269.4913231601
79865.43005021106
82655.06606864813
85641.19825442904
88826.75243006158
92214.69076888717
95808.03147243691
99609.83425269538
103623.17381732183
107851.1369325085
112296.79648046655
116963.2061993365
121853.38503927001
126970.29915022224
132316.85672769646
137895.90096499652
143710.15697557517
149762.3084502555
156054.86647028048
162590.3685622843
169371.04357837964
176399.11721115388
183676.6545978068
191205.5822091269
198987.68424182126
207024.6038228849
215317.82883376247
223868.70610292407
232678.42650290564
241748.03187504935
251078.41456317686
260670.3169800848
270524.33391938114
280640.9147700077
291020.3670870494
301662.85878434277
312568.42271277856
323736.9603188315
335168.2469417631
346861.9360558997
358817.5644507827
371034.55793837307
383512.23681305896
396249.82156740886
409246.43888509274
422501.1273143989
436012.84365778696
449780.4686295029
463802.8130538837
478078.62381785037
492606.5896030292
507385.3468396402
522413.4851869693
537689.5548421914
553212.0642871293
568979.5003390361
584990.3185060419
601242.9549679226
617735.8301241854
634467.3527547481
651435.9241008083
668639.9425667668
686077.805762369
703747.9179346387
721648.6882349243
739778.5372990109
758135.8987579662
776719.2229702033
795526.978434233
814557.6547915126
833809.7646987766
853281.8449615805
872972.460004535
892880.2012499647
913003.6912934291
933341.5796665751
953892.5521755065
974655.3242139854
995628.6447760538
1.0168112937259532e6
1.0382021010089479e6
1.059799905660111e6
1.0816035996343873e6
1.1036121045285463e6
1.1258243782157642e6
1.148239412852586e6
1.1708562360559015e6
1.1936739101617788e6
1.2166915313133406e6
1.2399082307470697e6
1.2633231727245026e6
1.2869355554612237e6
1.3107446095002978e6
1.3347495978910467e6
1.3589498158584419e6
1.3833445885369682e6
1.4079332727508573e6
1.432715255283222e6
1.457689950933698e6
1.4828568041300552e6
1.5082152860827623e6
1.533764896171153e6
1.5595051587130642e6
1.5854356253458671e6
1.6115558715735367e6
1.6378654970677197e6
1.6643641244424307e6
1.6910514005489694e6
1.7179269926328484e6
1.744990589691663e6
1.7722419027224462e6
1.7996806591442234e6
1.8273066088845935e6
1.855119517833142e6
1.8831191710856326e6
1.9113053711165877e6
1.9396779352664244e6
1.9682366982591131e6
1.9969815081803529e6
2.0259122294960958e6
2.0550287401099207e6
2.0843309310051508e6
2.113818706246686e6
2.143491981840375e6
2.173350685707514e6
2.2033947575574154e6
2.2336241470455914e6
2.2640388144718464e6
2.294638724173535e6
2.325423871739068e6
2.3563942292222055e6
2.387549797267887e6
2.4188905821770495e6
2.450416594433729e6
2.482127854635794e6
2.5140243877792605e6
2.546106226617642e6
2.5783734100329997e6
2.610825982379844e6
2.6434639940371457e6
2.676287498187163e6
2.709296556680714e6
2.7424912330590244e6
2.7758715960991667e6
2.8094377146525057e6
2.8431896765125273e6
2.877127550194098e6
2.9112514225841085e6
2.9455613771866215e6
2.9800575118948026e6
3.0147399084782973e6
3.0496086653738497e6
3.0846638783668405e6
3.1199056452492424e6
3.1553340671837255e6
3.190949245476311e6
3.226751283762351e6
3.26274028694016e6
3.2989163597079474e6
3.335279611812424e6
3.371830150379056e6
3.408568084598932e6
3.44549352438121e6
3.4826065802632864e6
3.519907362994113e6
3.5573959871555674e6
3.5950725564205106e6
3.632937189500198e6
3.670989996974797e6
3.7092310909494124e6
3.7476605836800467e6
3.7862785872682333e6
3.825085213780108e6
3.864080575043611e6
3.9032647824653173e6
3.942637947350106e6
3.9822001804423146e6
4.021951592116965e6
4.0618922920622537e6
4.10202239025742e6
4.142341994692101e6
4.1828512142213527e6
4.223550156036294e6
4.264438926708133e6
4.305517632962249e6
4.346786379953786e6