19364.67486342632
19464.258870068676
19730.325186289934
20164.250257009786
20768.234261467413
21545.24848519567
22498.961222804894
23633.64355502503
24954.052230116562
26465.29400342742
28172.671245253703
30081.514377534084
32197.005899977856
34524.00452088953
37066.878347542166
39829.3574762981
42814.416127007
46024.19313024169
49459.956848747664
53122.11695688724
57010.28117775997
61123.350893349474
65459.64609460032
70017.0480052425
74793.14716223763
79785.38573845614
84991.18486221666
90408.05084531064
96033.65688084783
101865.89985321305
107902.93377446751
114143.1831319912
120585.34000373824
127228.34908511768
134071.3846440665
141113.82271911402
148355.21146387793
155795.2416813682
163433.71910961706
171270.53935217336
179305.66602385844
187539.11221201648
195970.92525464695
204601.1745479334
213429.9420257217
222457.31507688784
231683.38131219306
241108.22499280196
250731.92468839165
260554.5519397006
270576.170604091
280796.8367651306
291216.5989808987
301835.4987740539
312653.571251202
323670.8458022367
334887.3468018769
346303.0942934221
357918.10463650915
369732.3910818958
381745.9643377343
393958.832973398
406371.00385990116
418982.48252718104
431793.2734341958
444803.38021872425
458012.80591786467
471421.5531302062
485029.6241570091
498837.0211091962
512843.74605266086
527049.8009667172
541455.1879189026
556059.9090535525
570863.9666354686
585867.3630713125
601070.100943247
616472.1829954494
632073.6121538638
647874.3915451639
663874.5244713288
680074.0144192914
696472.8650556391
713071.0802207201
729868.6639197422
746865.6203023467
764061.9537269594
781457.6686013845
799052.7695253826
816847.2612061391
834841.1484612259
853034.436213557
871427.1294785421
890019.2333568026
908810.7530261939
927801.6937283226
946992.0607695124
966381.8595037522
985971.0953362272
1.0057597737062445e6
1.0257479000759422e6
1.0459354799409835e6
1.0663225188136003e6
1.0869090222136083e6
1.107694995674355e6
1.1286804447266986e6
1.1498653748838557e6
1.1712497916965645e6
1.192833700679297e6
1.2146171072921678e6
1.2366000170290673e6
1.258782435339787e6
1.2811643676518924e6
1.3037458193588178e6
1.3265267958437589e6
1.349507302423071e6
1.3726873444006483e6
1.3960669270340023e6
1.4196460555397575e6
1.4434247351029671e6
1.4674029708504626e6
1.4915807678730323e6
1.515958131213567e6
1.5405350658666992e6
1.5653115767832596e6
1.59028766885825e6
1.6154633469411158e6
1.6408386158295278e6
1.6664134802693448e6
1.692187944956642e6
1.718162014533261e6
1.7443356935900073e6
1.7707089866639178e6
1.7972818982400275e6
1.8240544327500765e6
1.8510265945730829e6
1.878198388035097e6
1.905569817408354e6
1.9331408869130313e6
1.9609116007156768e6
1.988881962931266e6
2.0170519776227325e6
2.0454216487996704e6
2.0739909804208037e6
2.102759976393253e6
2.131728640572835e6
2.160896976765173e6
2.190264988724077e6
2.219832680156398e6
2.249600054718253e6
2.2795671160128973e6
2.3097338676021295e6
2.340100312993935e6
2.370666455651051e6
2.401432298988897e6
2.432397846376865e6
2.463563101136607e6
2.49492806654669e6
2.52649274583891e6
2.5582571422013366e6
2.5902212587780845e6
2.622385098625587e6
2.654748664883959e6
2.687311960576822e6
2.7200749885909185e6
2.7530377518996773e6
2.786200253396126e6
2.819562495931699e6
2.8531244823195566e6
2.886886215332661e6
2.9208476977066537e6
2.9550089321360304e6
2.989369921288926e6
3.0239306677802126e6
3.058691174199737e6
3.0936514430979905e6
3.1288114767792174e6
3.1641712781283087e6
3.1997308493973077e6
3.2354901932383017e6
3.271449311578329e6
3.3076082069808817e6
3.343966881760745e6
3.3805253382025505e6
3.417283578556238e6
3.4542416050430336e6
3.4913994198543844e6
3.5287570251505696e6
3.5663144230636205e6
3.6040716156954016e6
3.642028605119758e6
3.6801853933825153e6
3.71854198250196e6
3.757098374468667e6
3.7958545712472643e6
3.834810574774574e6
3.873966386962471e6
3.913322009697437e6
3.9528774448394696e6
3.9926326942249904e6