18994.631089263028
19114.631058675848
19434.630978196074
19954.630850729664
20674.63068082719
21594.630474451842
22714.630238681275
24034.6299813652
25554.629710758672
27274.6294351565
29194.62916254936
31314.628900319964
33634.62865499451
36154.62843205806
38874.62823583874
41794.62806945965
44914.62793485359
48234.62783283199
51754.62776319712
55474.627724885504
59394.627716129995
63514.6277346291
67834.62777771313
72354.62784249909
77074.62792602817
81994.62802538161
87114.62813777346
92434.62826061956
97954.62839158459
103674.62852860874
109594.62866991763
115714.62881401832
122034.62895968465
128554.62910593553
135274.62925200822
142194.6293973296
149314.62954148703
156634.62968420022
164154.6298252951
171874.62996468064
179794.63010232864
187914.63023825584
196234.6303725112
204754.63050516316
213474.63063629152
222394.63076598052
231514.6308943142
240834.6310213727
250354.63114723034
260074.6312719544
269994.63139560435
280114.6315182318
290434.63163988123
300954.6317605898
311674.63188038854
322594.6319993028
333714.63211735303
345034.63223455567
356554.6323509234
368274.63246646593
380194.6325811908
392314.6326951033
404634.6328082077
417154.6329205065
429874.6330320016
442794.6331426945
455914.633252586
469234.6333616761
482754.63346996583
496474.6335774554
510394.6336841452
524514.6337900363
538834.6338951292
553354.633999425
568074.6341029254
582994.6342056316
598114.634307546
613434.6344086705
628954.6345090076
644674.6346085602
660594.6347073317
676714.6348053254
693034.6349025449
709554.6349989942
726274.6350946776
743194.6351895994
760314.6352837642
777634.6353771772
795154.6354698433
812874.6355617676
830794.6356529559
848914.6357434137
867234.6358331462
885754.6359221599
904474.6360104604
923394.6360980541
942514.6361849469
961834.636271145
981354.6363566547
1.001074636441483e6
1.0209946365256353e6
1.0411146366091189e6
1.06143463669194e6
1.0819546367741055e6
1.1026746368556214e6
1.123594636936495e6
1.1447146370167322e6
1.16603463709634e6
1.1875546371753246e6
1.209274637253693e6
1.2311946373314515e6
1.253314637408607e6
1.2756346374851656e6
1.298154637561134e6
1.3208746376365186e6
1.3437946377113266e6
1.3669146377855618e6
1.3902346378592341e6
1.4137546379323471e6
1.4374746380049088e6
1.4613946380769254e6
1.4855146381484007e6
1.5098346382193433e6
1.534354638289758e6
1.5590746383596517e6
1.5839946384290305e6
1.6091146384978993e6
1.6344346385662633e6
1.6599546386341308e6
1.6856746387015048e6
1.7115946387683938e6
1.7377146388347996e6
1.7640346389007308e6
1.7905546389661927e6
1.8172746390311897e6
1.8441946390957271e6
1.8713146391598107e6
1.8986346392234454e6
1.9261546392866361e6
1.9538746393493896e6
1.981794639411708e6
2.0099146394735987e6
2.0382346395350634e6
2.066754639596113e6
2.0954746396567458e6
2.1243946397169707e6
2.1535146397767905e6
2.18283463983621e6
2.2123546398952347e6
2.2420746399538685e6
2.2719946400121152e6
2.3021146400699806e6
2.3324346401274665e6
2.3629546401845803e6
2.3936746402413244e6
2.424594640297704e6
2.4557146403537206e6
2.48703464040938e6
2.5185546404646854e6
2.5502746405196427e6
2.5821946405742555e6
2.614314640628525e6
2.646634640682458e6
2.679154640736054e6
2.711874640789323e6
2.7447946408422636e6
2.7779146408948787e6
2.8112346409471766e6
2.8447546409991556e6
2.878474641050823e6
2.9123946411021804e6
2.9465146411532327e6
2.980834641203981e6
3.0153546412544292e6
3.05007464130458e6
3.0849946413544375e6
3.1201146414040043e6
3.1554346414532843e6
3.190954641502283e6
3.226674641550996e6
3.262594641599435e6
3.2987146416475936e6
3.3350346416954813e6
3.371554641743098e6
3.4082746417904464e6
3.445194641837535e6
3.482314641884359e6
3.519634641930925e6
3.557154641977235e6
3.5948746420232872e6
3.6327946420690925e6
3.670914642114649e6
3.709234642159957e6
3.747754642205021e6
3.7864746422498454e6
3.8253946422944297e6
3.8645146423387784e6
3.9038346423828905e6
3.9433546424267734e6
3.9830746424704255e6