256134.8201484096
256071.71283439643
255903.6874231077
255631.49744516317
255256.33650814378
254779.85162638783
254204.14119531753
253531.77584731407
252765.7262878385
251909.44433989152
250966.77879699462
249942.02977912678
248839.87612088144
247665.42421337598
246424.19018411895
245122.0426800143
243765.249676522
242360.43526858828
240914.59093043997
239435.05066432935
237929.48486212993
236405.89736293288
234872.6029927242
233338.23594508218
231811.72334518356
230302.29655564614
228819.47152557012
227373.09630802568
225973.09432599825
224629.9670447651
223354.28119899958
222156.9232266874
221049.0470101865
220042.07375992552
219147.79148529898
218377.8748638274
217744.858374093
217261.17384425292
216939.6450733988
216793.4027702758
216835.89531139852
217080.90816734007
217542.5810180937
218235.42931077015
219174.37231218143
220374.76111898388
221852.41365143497
223623.65465765167
225705.36194730713
228115.01897007014
230870.77770392734
233991.5299431099
237496.98954575238
241407.79621709065
245745.6282630939
250533.34052739476
255795.13582561733
261556.76624871965
267845.7773935249
274691.81921046786
282126.8918824731
290186.5048648072
298908.9224191193
308337.34605211497
318520.19393319474
329512.588014517
341378.01608712354
354190.4735861666
368037.0521415616
383020.9561801882
399264.47813834273
416911.06162579905
436123.53265943966
457075.0523430195
479924.3960921661
504768.6166031114
531571.8238813623
560092.3659520063
589860.3876529485
620254.8567755811
650661.4746596703
680618.6302159259
709873.5493588836
738351.8456733137
766091.9902044765
793186.2895360587
819742.5926163264
845864.3774099738
871642.681468402
897154.2026869734
922462.2525372724
947618.676417423
972665.9226475814
997638.9044155751
1.0225665381419405e6
1.0474729867559113e6
1.072378629726638e6
1.09730081948218e6
1.1222544666665196e6
1.1472524973292018e6
1.1723062063701428e6
1.1974255387153204e6
1.2226193008128242e6
1.2478953602867525e6
1.2732607613106747e6
1.2987218554045614e6
1.3242844001382e6
1.3499536202087183e6
1.3757342863188349e6
1.4016307782159168e6
1.4276471008840445e6
1.4537869676247253e6
1.480053786547853e6
1.5064507321125208e6
1.5329807477836204e6
1.559646569347822e6
1.5864507618921748e6
1.613395698990596e6
1.6404836322259791e6
1.6677166527763852e6
1.695096730899021e6
1.7226257217209805e6
1.750305373236487e6
1.7781373361414936e6
1.8061231690642547e6
1.8342643493343845e6
1.8625622743504976e6
1.8910182716030874e6
1.9196336016198767e6
1.9484094614936246e6
1.9773469932914157e6
2.0064472833111747e6
2.0357113686011168e6
2.0651402375084618e6
2.0947348361104843e6
2.1244960685722264e6
2.1544247998632765e6
2.1845218591848155e6
2.214788040251092e6
2.245224106802985e6
2.275830787755616e6
2.3066087864941983e6
2.3375587825169433e6
2.368681421394574e6
2.3999773297083564e6
2.431447110284267e6
2.4630913436911944e6
2.494910590670925e6
2.5269053878699164e6
2.5590762590333256e6
2.5914237084378563e6
2.6239482209700015e6
2.656650266792874e6
2.689530300793946e6
2.722588764586946e6
2.7558260817934903e6
2.789242666096608e6
2.822838917006447e6
2.856615221908471e6
2.8905719567149472e6
2.924709485110885e6
2.9590281611887887e6
2.993528328663994e6
3.0282103202694557e6
3.063074459786444e6
3.09812106193497e6
3.1333504327414343e6
3.168762869642934e6
3.204358661839535e6
3.2401380911282375e6
3.2761014309393014e6
3.312248949241073e6
3.348580903689671e6
3.385097549144884e6
3.4217991322745723e6
3.458685892632119e6
3.4957580652077096e6
3.533015877720659e6
3.570459553696398e6
3.6080893109586686e6
3.6459053609327106e6
3.683907911131758e6
3.722097165252185e6
3.7604733162311125e6
3.7990365617415546e6
3.8377870888081496e6
3.876725081808843e6
3.9158507203895147e6
3.9551641804781663e6
3.9946656346279127e6
4.0343552509585223e6
4.0742331943772524e6
4.1142996254986566e6
4.1545547024667603e6
4.194998579013141e6
4.235631406559119e6
4.2764533330991175e6
4.317464502953354e6
4.358665058466539e6
4.400055138453057e6