18998.313262531432
19118.06568594971
19437.414237985184
19956.382350074826
20675.006725877378
21593.335483089657
22711.425763179097
24029.34098256442
25547.147882769175
27264.91358578
29182.70281370035
31300.575428884666
33618.584411164775
36136.77435021366
38855.180490083105
41773.82832255689
44892.73369003704
48211.90333060657
51731.335777246815
55451.022513863296
59370.949286967196
63491.09747851484
67811.44545689893
72331.96983684594
77052.64659966592
81973.45203879826
87094.36351668047
92415.3600290387
97936.42258897203
103657.53444711637
109578.68117287214
115699.85062295411
122021.03282408597
128542.21979504728
135263.4053311631
142184.5847701335
149305.7547548276
156626.91300458633
164148.05810348672
171869.1893106205
179790.30639606246
187911.40949620525
196232.49900873916
204753.5754903775
213474.6395897777
222395.691992395
231516.73338093364
240837.76440786806
250358.78567788567
260079.79773749737
270000.80107096693
280121.79609895893
290442.7831817236
300963.7626228326
311684.73467450595
322605.69954335334
333726.6573962395
345047.60836591746
356568.5525563895
368289.49004770507
380210.42090038175
392331.3451591583
404652.262856345
417173.1740147417
429894.0786496311
442814.97677161277
455935.86838755617
469256.75350217125
482777.6321191884
496498.5042422528
510419.3698759455
524540.2290254215
538861.0816978441
553381.927902216
568102.7676496606
583023.6009536246
598144.4278299778
613465.2482969821
628986.062375309
644706.8700881862
660627.6714611358
676748.4665219611
693069.2553008194
709590.0378298254
726310.8141432347
743231.584277067
760352.348269691
777673.1061603463
795193.8579904308
812914.6038026321
830835.343641052
848956.0775510094
867276.8055789785
885797.5277724818
904518.2441799854
923438.9548507949
942559.6598349839
961880.3591833084
981401.0529470904
1.0011217411781626e6
1.0210424239288282e6
1.0411631012516972e6
1.0614837731997168e6
1.0820044398260256e6
1.1027251011839737e6
1.1236457573270095e6
1.1447664083086392e6
1.1660870541823795e6
1.1876076950016944e6
1.2093283308200396e6
1.2312489616906962e6
1.2533695876667923e6
1.275690208801271e6
1.2982108251468765e6
1.320931436756041e6
1.3438520436809915e6
1.366972645973567e6
1.390293243685371e6
1.4138138368675741e6
1.437534425571097e6
1.4614550098461332e6
1.4855755897429693e6
1.509896165311137e6
1.534416736599808e6
1.5591373036577513e6
1.584057866533217e6
1.6091784252740273e6
1.634498979927521e6
1.660019530540556e6
1.6857400771595116e6
1.7116606198302533e6
1.7377811585981676e6
1.764101693508128e6
1.7906222246045102e6
1.817342751931181e6
1.8442632755314948e6
1.8713837954483056e6
1.8987043117239445e6
1.9262248244002683e6
1.9539453335185347e6
1.9818658391196153e6
2.0099863412437572e6
2.0383068399308654e6
2.0668273352201479e6
2.095547827150423e6
2.124468315759995e6
2.153588801086675e6
2.1829092831677785e6
2.2124297620401336e6
2.242150237740094e6
2.2720707103035185e6
2.3021911797658075e6
2.33251164616188e6
2.3630321095261974e6
2.39375256989275e6
2.4246730272950837e6
2.4557934817662723e6
2.4871139333389658e6
2.5186343820453617e6
2.5503548279172196e6
2.5822752709858674e6
2.6143957112822086e6
2.6467161488367147e6
2.6792365836794055e6
2.711957015840012e6
2.744877445347806e6
2.7779978722315296e6
2.811318296519716e6
2.8448387182403957e6
2.8785591374212475e6
2.9124795540895625e6
2.9465999682722446e6
2.9809203799959132e6
3.015440789286684e6
3.0501611961704125e6
3.085081600672565e6
3.120202002818269e6
3.1555224026323245e6
3.1910428001391455e6
3.226763195362448e6
3.262683588326774e6
3.2988039790552114e6
3.335124367570897e6
3.371644753896642e6
3.4083651380549534e6
3.4452855200680424e6
3.482405899957796e6
3.519726277745823e6
3.557246653453477e6
3.5949670271016643e6
3.6328873987112422e6
3.671007768302622e6
3.7093281358959987e6
3.747848501511279e6
3.786568865168122e6
3.8254892268859004e6
3.864609586683748e6
3.9039299445805294e6
3.9434503005948705e6
3.983170654745138e6