243615.1171997961
243554.5230796362
243393.2339961741
243131.91512966444
242771.846946914
242314.68104966226
241762.51433290538
241117.92428814046
240383.91979719777
239563.9621863773
238661.9367399648
237682.15172930606
236629.34002805038
235508.63644227842
234325.5995632908
233086.1086202419
231796.5258936444
230463.5076304128
229094.08461843382
227695.67637030294
226275.99494432463
224843.1188930494
223405.43767110308
221971.66189558033
220550.81143805882
219152.19766853194
217785.4402726276
216460.43584123612
215187.37818949696
213976.72791884406
212839.2374216762
211785.92375059272
210828.08985822232
209977.31805155377
209245.46702913704
208644.68445314214
208187.40939714786
207886.3829530326
207754.65649917474
207805.60730205398
208052.95059349286
208510.76115933983
209193.49280951152
210116.00387307882
211293.58663910296
212742.00089207003
214477.51313919536
216516.94204404228
218877.71015981585
221577.90584639212
224636.35393648714
228072.70281861254
231907.4969820288
236162.34580823945
240860.00711771796
246024.57955038344
251681.6993076656
257858.7836964025
264585.33391659247
271893.317006437
279817.64190222503
288396.7675503195
297673.48345381627
307695.9146513691
318518.8207952342
330205.2623902223
342828.7159184254
356475.622107171
371248.4340193623
387268.50160954654
404677.98900316237
423638.337776318
444320.85189257964
466882.2716238174
491417.5307077221
517889.29649005516
546056.3756240521
575452.6831119815
605464.6866172549
635487.6737630388
665068.7980856511
693961.100782503
722092.7144346999
749502.1909804875
776280.5824648723
802533.9562592107
828364.0012720914
853860.1065803557
879097.573323796
904138.5483189235
929033.9234636073
953825.3669795264
978547.1415266355
1.0032276398938191e6
1.0278905596684765e6
1.052555921482698e6
1.077240750130779e6
1.1019596798883043e6
1.1267254025488677e6
1.1515489977489717e6
1.1764402280751797e6
1.2014077426042308e6
1.2264592568507018e6
1.251601688822469e6
1.2768412736687947e6
1.3021836585143018e6
1.327633976879951e6
1.3531969149833675e6
1.3788767635274227e6
1.4046774694264694e6
1.4306026633455928e6
1.4566557084122475e6
1.4828397165761678e6
1.5091575770929889e6
1.5356119918493119e6
1.562205456925805e6
1.5889403327222478e6
1.615818802219374e6
1.6428429381456738e6
1.670014673796568e6
1.6973358368520616e6
1.7248081388961948e6
1.7524332140778175e6
1.7802125953740517e6
1.8081477241473985e6
1.8362399925799572e6
1.8644906985674896e6
1.892901084477691e6
1.9214723295521284e6
1.9502055580214348e6
1.9791018400368898e6
2.008162197053434e6
2.0373876044452558e6
2.066778994135743e6
2.0963372571465787e6
2.1260632467914782e6
2.1559577825585958e6
2.1860216419981485e6
2.21625558398858e6
2.2466603273641285e6
2.2772365663256147e6
2.307984970264092e6
2.338906173726342e6
2.3700008018433945e6
2.401269446696745e6
2.4327126824054415e6
2.464331062079411e6
2.4961251197731486e6
2.52809536955878e6
2.5602423098556334e6
2.592566422423355e6
2.6250681714511286e6
2.657748007297008e6
2.690606364157271e6
2.723643665645757e6
2.756860317924002e6
2.790256718758458e6
2.8238332502150005e6
2.857590284842138e6
2.891528183347428e6
2.9256472959947283e6
2.9599479630206325e6
2.9944305151315266e6
3.0290952728678044e6
3.063942547941325e6
3.0989726437634802e6
3.1341858553823796e6
3.1695824698633365e6
3.2051627662572735e6
3.2409270163248163e6
3.276875484855217e6
3.313008430092658e6
3.3493261019371264e6
3.3858287460917747e6
3.4225166015611035e6
3.4593899015432294e6
3.4964488697433244e6
3.53369373065027e6
3.571124699556327e6
3.6087419875431485e6
3.6465457986287368e6
3.684536337192921e6
3.722713796691036e6
3.761078369613196e6
3.79963024342345e6
3.838369601542468e6
3.8772966223456077e6
3.916411481851143e6
3.9557143501000395e6
3.995205395241035e6
4.034884780817518e6
4.0747526670370298e6
4.114809211219808e6
4.1550545661900006e6
4.19548888245874e6
4.236112307251879e6
4.2769249855363555e6
4.317927056001268e6
4.3591186593357995e6
4.400499930509246e6