137270.60809994835
137234.60967319107
137138.9050557463
136984.28525491283
136772.0429359273
136503.95445925606
136182.29246543805
135809.8141325237
135389.7291836432
134925.77657683034
134422.12487405966
133883.40300093606
133314.73926882158
132721.6651521556
132110.16002014992
131486.65186666456
130857.9923507876
130231.44510881262
129614.70093020189
129015.83038090743
128443.32923134745
127906.06685875691
127413.31575950698
126974.72617819029
126600.32509026371
126300.53007009733
126086.12869108815
125968.29553373289
125958.58451410793
126068.94159404738
126311.70376980031
126699.61616967202
127245.84407049094
127963.97896598134
128868.0684291847
129972.63069548047
131292.6904626053
132843.80210068054
134642.09428845276
136704.31319681808
139047.8765762655
141690.9372692155
144652.45888763943
147952.30443626645
151611.3444045173
155651.5841470698
160096.32354243586
164970.33977277693
170300.12974453036
176114.19741768428
182443.41778072462
189321.50758675055
196785.60585147372
204877.04241519995
213642.315904741
223134.35339094806
233414.12705297765
244552.67073087578
256633.4975207439
269755.2743216669
284034.1670046373
299604.6704295961
316616.13951706025
335220.3387160357
355543.20859013393
377635.48422924144
401407.73351127293
426579.162088866
452688.8095950094
479193.3740862196
505607.027134697
531599.8994014561
557014.6027185633
581824.9541428699
606080.6632397051
629863.8574521723
653263.058837836
676360.4808879151
699227.3174299472
721923.1416219427
744496.9807687909
766988.9690157147
789431.99483652
811853.1503574918
834274.9182842455
856716.1234095793
879192.6824305833
901718.1639293744
924304.2593668893
946961.118285483
969697.6265982189
992521.6225633238
1.0154400639145637e6
1.0384591646799706e6
1.0615845134683135e6
1.0848211488991843e6
1.1081736455086751e6
1.1316461697699325e6
1.1552425338365259e6
1.1789662308742742e6
1.202820481751109e6
1.2268082625904735e6
1.250932317242023e6
1.2751952117426936e6
1.299599323307104e6
1.3241468720947693e6
1.3488399343965198e6
1.3736804550836415e6
1.3986702599058182e6
1.423811067877838e6
1.449104494148333e6
1.4745520662514523e6
1.5001552259351225e6
1.525915337973369e6
1.5518336965165907e6
1.5779115289282687e6
1.6041500015449314e6
1.630550223971481e6
1.657113252677149e6
1.6838400899993025e6
1.7107317136819342e6
1.737789026116269e6
1.7650129115348214e6
1.7924042105645337e6
1.819963729298629e6
1.8476922400532374e6
1.8755904835249074e6
1.9036591735662818e6
1.9318989928523211e6
1.9603106001146343e6
1.9888946282597173e6
2.0176516885446871e6
2.0465823678913934e6
2.075687233405143e6
2.104966839803331e6
2.134421694578942e6
2.164052326523848e6
2.1938592255482296e6
2.2238428685467755e6
2.2540037137214704e6
2.284342209737044e6
2.31485878861692e6
2.3455538703416823e6
2.3764278607173576e6
2.4074811537806634e6
2.4387141319328756e6
2.4701271661333237e6
2.5017206166559886e6
2.5334948333159727e6
2.56545015607321e6
2.597586915451181e6
2.629905432664909e6
2.6624060202732636e6
2.6950889823994148e6
2.7279546143565364e6
2.761003205256059e6
2.7942350349122137e6
2.827650377009483e6
2.8612494979119757e6
2.8950326571461586e6
2.929000107855965e6
2.9631520969185573e6
2.997488865305699e6
3.032010647488418e6
3.0667176731798793e6
3.1016101661009383e6
3.1366883451698683e6
3.171952423214212e6
3.207402609517239e6
3.243039107469802e6
3.2788621161992615e6
3.3148718305108966e6
3.3510684406272196e6
3.3874521327130334e6
3.4240230899304245e6
3.4607814872938353e6
3.497727502175011e6
3.534861303775073e6
3.572183059517703e6
3.609692932838593e6
3.6473910830604336e6
3.6852776675052242e6
3.7233528395410366e6
3.7616167495558634e6
3.800069545083713e6
3.838711369979671e6
3.8775423664000966e6
3.916562672865985e6
3.955772425387989e6
3.9951717572432747e6
4.0347607991825193e6
4.0745396799799474e6
4.114508525060038e6
4.1546674579366995e6
4.195016610546644e6
4.235556081008254e6
4.276285996150454e6
4.317206470668951e6
4.35831761680343e6
4.399619545470411e6