18994.63063393881
19114.630633938126
19434.630633936336
19954.63063393357
20674.63063393005
21594.63063392602
22714.630633921755
24034.63063391765
25554.630633914057
27274.630633911307
29194.630633909794
31314.63063390975
33634.63063391151
36154.63063391528
38874.63063392123
41794.63063392947
44914.63063394006
48234.63063395301
51754.63063396826
55474.630633985755
59394.63063400537
63514.630634026966
67834.63063405038
72354.63063407545
77074.63063410204
81994.63063412994
87114.63063415901
92434.6306341891
97954.63063422006
103674.63063425178
109594.63063428411
115714.63063431701
122034.63063435037
128554.63063438408
135274.6306344181
142194.6306344524
149314.6306344869
156634.63063452163
164154.63063455644
171874.6306345914
179794.6306346264
187914.6306346615
196234.6306346966
204754.6306347318
213474.63063476695
222394.63063480216
231514.6306348373
240834.63063487245
250354.63063490755
260074.63063494262
269994.6306349776
280114.63063501247
290434.63063504733
300954.630635082
311674.6306351166
322594.63063515106
333714.63063518546
345034.6306352197
356554.63063525374
368274.6306352877
380194.63063532155
392314.63063535513
404634.63063538866
417154.63063542184
429874.6306354549
442794.63063548796
455914.6306355209
469234.6306355533
482754.6306355857
496474.6306356179
510394.63063564966
524514.6306356814
538834.630635713
553354.6306357443
568074.6306357753
582994.6306358061
598114.6306358371
613434.6306358672
628954.6306358976
644674.6306359277
660594.6306359572
676714.630635987
693034.6306360163
709554.6306360455
726274.6306360745
743194.630636103
760314.6306361316
777634.6306361598
795154.6306361879
812874.6306362158
830794.6306362434
848914.630636271
867234.6306362979
885754.6306363249
904474.6306363516
923394.6306363785
942514.6306364047
961834.6306364308
981354.6306364574
1.001074630636483e6
1.0209946306365087e6
1.0411146306365338e6
1.0614346306365596e6
1.081954630636584e6
1.102674630636609e6
1.1235946306366336e6
1.1447146306366585e6
1.166034630636682e6
1.1875546306367065e6
1.2092746306367305e6
1.2311946306367542e6
1.253314630636777e6
1.2756346306368005e6
1.2981546306368236e6
1.3208746306368464e6
1.3437946306368702e6
1.366914630636892e6
1.3902346306369146e6
1.4137546306369372e6
1.4374746306369586e6
1.461394630636982e6
1.4855146306370026e6
1.5098346306370245e6
1.534354630637045e6
1.5590746306370667e6
1.5839946306370897e6
1.6091146306371093e6
1.63443463063713e6
1.6599546306371514e6
1.685674630637172e6
1.711594630637192e6
1.7377146306372124e6
1.7640346306372327e6
1.7905546306372522e6
1.8172746306372723e6
1.844194630637293e6
1.8713146306373114e6
1.8986346306373307e6
1.9261546306373503e6
1.9538746306373698e6
1.981794630637389e6
2.0099146306374075e6
2.038234630637425e6
2.0667546306374436e6
2.0954746306374618e6
2.1243946306374804e6
2.1535146306374986e6
2.182834630637517e6
2.212354630637535e6
2.242074630637552e6
2.2719946306375707e6
2.3021146306375875e6
2.332434630637605e6
2.3629546306376234e6
2.3936746306376397e6
2.4245946306376588e6
2.455714630637676e6
2.487034630637692e6
2.5185546306377086e6
2.550274630637726e6
2.5821946306377416e6
2.614314630637758e6
2.6466346306377747e6
2.679154630637792e6
2.7118746306378082e6
2.744794630637825e6
2.77791463063784e6
2.8112346306378567e6
2.8447546306378716e6
2.878474630637888e6
2.9123946306379037e6
2.9465146306379195e6
2.980834630637935e6
3.0153546306379493e6
3.0500746306379642e6
3.084994630637981e6
3.120114630637995e6
3.15543463063801e6
3.1909546306380266e6
3.2266746306380406e6
3.2625946306380564e6
3.2987146306380695e6
3.3350346306380844e6
3.3715546306380993e6
3.4082746306381114e6
3.445194630638129e6
3.482314630638144e6
3.519634630638156e6
3.557154630638171e6
3.594874630638183e6
3.632794630638201e6
3.670914630638214e6
3.7092346306382287e6
3.747754630638239e6
3.786474630638254e6
3.825394630638267e6
3.86451463063828e6
3.903834630638293e6
3.943354630638308e6
3.983074630638323e6