18994.63063783414
19114.630637627968
19434.6306370855
19954.630636226313
20674.630635081077
21594.630633689958
22714.630632100656
24034.630630366053
25554.63062854181
27274.63062668378
29194.6306248458
31314.63062307764
33634.63062142329
36154.63061991967
38874.630618595955
41794.63061747323
44914.630616564464
48234.63061587518
51754.63061540401
55474.63061514382
59394.63061508267
63514.6306152051
67834.63061549311
72354.63061592725
77074.63061648766
81994.63061715459
87114.63061790931
92434.63061873443
97954.6306196142
103674.63062053474
109594.63062148409
115714.63062245221
122034.63062343084
128554.63062441339
135274.6306253947
142194.6306263709
149314.63062733924
156634.6306282978
164154.63062924548
171874.63063018158
179794.63063110597
187914.63063201876
196234.63063292025
204754.63063381094
213474.63063469133
222394.63063556206
231514.63063642362
240834.63063727663
250354.63063812148
260074.6306389587
269994.63063978875
280114.63064061187
290434.6306414284
300954.63064223866
311674.63064304274
322594.63064384076
333714.6306446331
345034.6306454197
356554.63064620073
368274.6306469762
380194.63064774615
392314.63064851065
404634.63064926973
417154.6306500234
429874.6306507716
442794.6306515145
455914.63065225224
469234.6306529843
482754.63065371115
496474.6306544324
510394.6306551484
524514.630655859
538834.6306565644
553354.6306572643
568074.6306579588
582994.630658648
598114.630659332
613434.6306600104
628954.6306606838
644674.6306613518
660594.6306620147
676714.6306626722
693034.6306633246
709554.6306639719
726274.630664614
743194.6306652509
760314.630665883
777634.6306665095
795154.6306671314
812874.6306677484
830794.6306683605
848914.6306689674
867234.6306695696
885754.6306701666
904474.6306707594
923394.630671347
942514.6306719303
961834.6306725087
981354.630673082
1.0010746306736511e6
1.0209946306742158e6
1.0411146306747758e6
1.0614346306753322e6
1.081954630675883e6
1.1026746306764302e6
1.1235946306769731e6
1.1447146306775114e6
1.1660346306780453e6
1.1875546306785762e6
1.2092746306791015e6
1.231194630679623e6
1.2533146306801408e6
1.2756346306806547e6
1.298154630681164e6
1.3208746306816703e6
1.3437946306821723e6
1.3669146306826698e6
1.3902346306831648e6
1.4137546306836556e6
1.4374746306841422e6
1.4613946306846258e6
1.4855146306851048e6
1.5098346306855811e6
1.534354630686053e6
1.559074630686522e6
1.5839946306869884e6
1.60911463068745e6
1.6344346306879085e6
1.6599546306883644e6
1.6856746306888165e6
1.7115946306892657e6
1.7377146306897113e6
1.764034630690153e6
1.790554630690592e6
1.817274630691029e6
1.8441946306914622e6
1.8713146306918913e6
1.8986346306923185e6
1.9261546306927423e6
1.9538746306931642e6
1.9817946306935824e6
2.0099146306939977e6
2.0382346306944112e6
2.06675463069482e6
2.0954746306952266e6
2.124394630695632e6
2.1535146306960336e6
2.182834630696432e6
2.212354630696828e6
2.2420746306972215e6
2.271994630697612e6
2.302114630698e6
2.3324346306983856e6
2.3629546306987694e6
2.3936746306991493e6
2.424594630699529e6
2.4557146306999046e6
2.4870346307002786e6
2.5185546307006488e6
2.550274630701018e6
2.582194630701384e6
2.614314630701748e6
2.6466346307021105e6
2.679154630702471e6
2.711874630702828e6
2.7447946307031834e6
2.777914630703536e6
2.811234630703888e6
2.8447546307042358e6
2.878474630704582e6
2.912394630704927e6
2.946514630705268e6
2.980834630705612e6
3.0153546307059485e6
3.0500746307062856e6
3.084994630706619e6
3.1201146307069506e6
3.155434630707283e6
3.1909546307076137e6
3.2266746307079396e6
3.2625946307082647e6
3.298714630708586e6
3.3350346307089073e6
3.3715546307092286e6
3.4082746307095434e6
3.445194630709862e6
3.482314630710175e6
3.5196346307104887e6
3.5571546307107997e6
3.5948746307111043e6
3.6327946307114162e6
3.670914630711721e6
3.7092346307120244e6
3.747754630712327e6
3.786474630712627e6
3.825394630712926e6
3.864514630713224e6
3.90383463071352e6
3.9433546307138153e6
3.983074630714108e6