18994.630670846745
19114.630668337035
19434.630661733652
19954.630651275103
20674.63063733495
21594.630620402604
22714.630601059078
24034.630579948658
25554.63055774894
27274.630535140794
29194.630512780088
31314.63049127281
33634.630471154625
36154.63045287572
38874.63043679134
41794.63042315781
44914.630412133716
48234.63040378563
51754.63039809729
55474.63039498133
59394.630394292646
63514.630395842265
67834.630399411
72354.63040476218
77074.63041165283
81994.63041984335
87114.63042910497
92434.63043922556
97954.63045001334
103674.63046129921
109594.63047293744
115714.63048480546
122034.63049680255
128554.63050884817
135274.63052087964
142194.6305328499
149314.630544725
156634.63055648192
164154.6305681063
171874.63057959068
179794.63059093268
187914.63060213363
196234.63061319757
204754.63062413002
213474.63063493752
222394.63064562698
231514.63065620523
240834.6306666789
250354.630677054
260074.63068733603
269994.6306975299
280114.63070763974
290434.6307176692
300954.6307276215
311674.6307374989
322594.6307473036
333714.63075703726
345034.63076670124
356554.6307762965
368274.63078582386
380194.63079528394
392314.6308046771
404634.63081400376
417154.630823264
429874.63083245815
442794.6308415862
455914.6308506485
469234.6308596443
482754.6308685745
496474.63087743864
510394.6308862369
524514.6308949692
538834.6309036359
553354.630912237
568074.6309207723
582994.6309292424
598114.6309376471
613434.6309459866
628954.6309542612
644674.6309624712
660594.6309706168
676714.6309786983
693034.6309867161
709554.6309946702
726274.6310025613
743194.6310103895
760314.6310181555
777634.6310258593
795154.6310335015
812874.6310410827
830794.6310486031
848914.6310560631
867234.6310634636
885754.6310708047
904474.6310780871
923394.6310853112
942514.6310924774
961834.6310995863
981354.631106638
1.0010746311136341e6
1.0209946311205742e6
1.0411146311274592e6
1.06143463113429e6
1.0819546311410663e6
1.102674631147789e6
1.123594631154459e6
1.1447146311610765e6
1.1660346311676423e6
1.1875546311741564e6
1.2092746311806198e6
1.2311946311870322e6
1.2533146311933962e6
1.2756346311997098e6
1.298154631205975e6
1.3208746312121924e6
1.3437946312183628e6
1.3669146312244849e6
1.3902346312305604e6
1.4137546312365907e6
1.4374746312425751e6
1.461394631248515e6
1.4855146312544092e6
1.5098346312602607e6
1.534354631266067e6
1.5590746312718322e6
1.5839946312775547e6
1.6091146312832348e6
1.6344346312888728e6
1.6599546312944698e6
1.6856746313000266e6
1.711594631305543e6
1.73771463131102e6
1.7640346313164579e6
1.7905546313218568e6
1.817274631327217e6
1.84419463133254e6
1.8713146313378245e6
1.8986346313430727e6
1.926154631348285e6
1.9538746313534612e6
1.9817946313586007e6
2.0099146313637062e6
2.038234631368775e6
2.0667546313738092e6
2.09547463137881e6
2.124394631383776e6
2.153514631388711e6
2.1828346313936114e6
2.2123546313984795e6
2.2420746314033153e6
2.271994631408119e6
2.302114631412891e6
2.332434631417632e6
2.3629546314223437e6
2.393674631427023e6
2.4245946314316737e6
2.4557146314362944e6
2.4870346314408835e6
2.518554631445446e6
2.5502746314499793e6
2.582194631454482e6
2.6143146314589577e6
2.646634631463406e6
2.679154631467827e6
2.71187463147222e6
2.7447946314765867e6
2.7779146314809243e6
2.811234631485239e6
2.8447546314895246e6
2.878474631493787e6
2.912394631498021e6
2.9465146315022325e6
2.98083463150642e6
3.015354631510577e6
3.050074631514715e6
3.0849946315188278e6
3.1201146315229153e6
3.1554346315269805e6
3.1909546315310216e6
3.2266746315350393e6
3.2625946315390347e6
3.298714631543005e6
3.3350346315469528e6
3.371554631550884e6
3.408274631554786e6
3.4451946315586716e6
3.4823146315625357e6
3.5196346315663736e6
3.557154631570193e6
3.59487463157399e6
3.6327946315777684e6
3.670914631581528e6
3.7092346315852627e6
3.7477546315889778e6
3.786474631592676e6
3.825394631596355e6
3.86451463160001e6
3.903834631603648e6
3.943354631607268e6
3.9830746316108704e6