18995.98443951746
19115.893298536655
19435.653487492396
19955.273653128897
20674.76733747183
21594.152289108883
22713.449577903346
24032.682577684493
25551.875876073973
27271.054187283255
29190.241327412674
31309.459309496466
33628.72760098154
36148.062572103096
38867.47714816683
41786.98066398865
44906.57890555098
48226.27431364628
51746.06631712736
55465.951759390606
59385.92538150521
63505.98032689256
67826.10863744868
72346.3017157685
77066.55073580574
81986.84698934731
87107.18216297442
92427.54854475119
97947.9391644336
103668.34787392183
109588.76937670622
115709.19921607252
122029.63373188801
128550.06999518328
135270.50572899583
142190.9392224131
149311.36924347669
156631.79495527802
164152.21583824075
171872.631620501
179793.04221771215
187913.4476799559
196233.84815320405
204754.24384178146
213474.63498375105
222395.02183067368
231515.40463309013
240835.7836304557
250356.15904464747
260076.53107624938
269996.89990284597
280117.26567887416
290437.62853646145
300957.9885869621
311678.34592287964
322598.7006199761
333719.0527394247
345039.4023298783
356559.74942943855
368280.09406741586
380200.4362659545
392320.77604141703
404641.11340557714
417161.44836676586
429881.78093052865
442802.1111007038
455922.4388797614
469242.7642693805
482763.0872709076
496483.4078856232
510403.7261151812
524524.0419614437
538844.3554270128
553364.6665151701
568084.9752299783
583005.2815763564
598125.585560116
613445.8871879494
628966.1864674363
644686.4834070969
660606.7780162983
676727.0703052441
693047.360285006
709567.6479673765
726287.9333649362
743208.2164909111
760328.497359398
777648.7759848111
795169.0523823571
812889.3265677213
830809.5985571046
848929.8683671611
867250.1360149663
885770.4015179831
904490.6648940219
923410.926161201
942531.1853379214
961851.4424428389
981371.6974948118
1.0010919505128904e6
1.0210122015162975e6
1.0411324505243681e6
1.0614526975565637e6
1.0819729426324123e6
1.102693185771526e6
1.1236134269935468e6
1.1447336663181419e6
1.1660539037649818e6
1.187574139353718e6
1.2092943731039977e6
1.2312146050354063e6
1.2533348351674723e6
1.2756550635196546e6
1.2981752901113427e6
1.3208955149618078e6
1.3438157380902485e6
1.3669359595157187e6
1.3902561792571882e6
1.4137763973334655e6
1.4374966137632695e6
1.4614168285650504e6
1.4855370417572923e6
1.5098572533582037e6
1.5343774633858593e6
1.5590976718581864e6
1.584017878792921e6
1.609138084207643e6
1.6344582881197543e6
1.6599784905464803e6
1.685698691504869e6
1.7116188910117804e6
1.7377390890838995e6
1.7640592857377229e6
1.7905794809895614e6
1.817299674855542e6
1.8442198673516023e6
1.8713400584934934e6
1.8986602482967805e6
1.9261804367768415e6
1.9539006239488618e6
1.9818208098278493e6
2.009940994428604e6
2.0382611777657974e6
2.06678135985384e6
2.0955015407070038e6
2.124421720339369e6
2.1535418987648375e6
2.1828620759971254e6
2.2123822520497716e6
2.2421024269361394e6
2.272022600669414e6
2.3021427732626055e6
2.3324629447285538e6
2.3629831150799263e6
2.3937032843292183e6
2.4246234524887637e6
2.4557436195707177e6
2.487063785587085e6
2.518583950549703e6
2.5503041144702467e6
2.5822242773602316e6
2.6143444392310213e6
2.6466646000938127e6
2.6791847599596386e6
2.711904918839453e6
2.7448250767439893e6
2.777945233683824e6
2.811265389669447e6
2.8447855447111633e6
2.8785056988191456e6
2.9124258520034286e6
2.9465460042739026e6
2.980866155640356e6
3.0153863061123863e6
3.0501064556994997e6
3.085026604411058e6
3.1201467522562984e6
3.15546689924434e6
3.1909870453841584e6
3.2267071906844676e6
3.262627335154296e6
3.298747478802126e6
3.335067621636466e6
3.371587763665704e6
3.408307904898111e6
3.445228045341853e6
3.4823481850049784e6
3.5196683238954265e6
3.5571884620210407e6
3.594908599389542e6
3.6328287360085603e6
3.6709488718856126e6
3.7092690070281224e6
3.747789141443406e6
3.7865092751386967e6
3.825429408121112e6
3.864549540397685e6
3.9038696719753547e6
3.943389802860966e6
3.9831099330612766e6