19000.706679267765
19120.298782030455
19439.225445370408
19957.525178365104
20675.25831399292
21592.503968955178
22709.356130124244
24025.919150782807
25542.30290651793
27258.617966429127
29174.971009047702
31291.460771992424
33608.17470823298
36125.18648669189
38842.55439995967
41760.32067512596
44878.51162597598
48197.13853678199
51716.199134494775
55435.6794879269
59355.55616833683
63475.79851426119
67796.3708626523
72317.23463258888
77038.35017818854
81959.67835464947
87081.18177165625
92402.82573000075
97924.57885776606
103646.41347697336
109568.30573923435
115690.23557494079
122012.18650016835
128534.14532303583
135256.10178790323
142178.04818829132
149299.97897504843
156621.89037832478
164143.78005759
171865.6467880517
179787.49018952134
187909.3104873029
196231.1083386011
204752.8846634823
213474.64053400827
222396.3770830892
231518.09543912287
240839.79668059116
250361.48180697646
260083.1517218725
270004.80722538184
280126.4490134009
290448.07768150495
300969.69373161905
311691.29758091166
322612.8895711583
333734.4699784549
345056.03902252344
356577.5968755702
368299.14367020736
380220.6795067622
392342.2044594728
404663.71858202096
417185.22191237804
429906.7144760445
442828.1962907877
455949.66736818093
469271.12771622365
482792.5773412708
496514.0162495197
510435.44444869796
524556.8619474648
538878.2687577808
553399.6648946314
568121.0503764905
583042.4252256553
598163.7894684147
613485.1431349949
629006.4862595943
644727.8188806192
660649.1410402581
676770.4527844572
693091.7541630433
709613.0452290666
726334.3260391195
743255.596652651
760376.8571330553
777698.1075451152
795219.3479571785
812940.5784397222
830861.7990655489
848983.0099094794
867304.2110482203
885825.4025602181
904546.5845254712
923467.7570253608
942588.9201425335
961910.0739607603
981431.2185647447
1.0011523540400406e6
1.0210734804729378e6
1.0411945979502901e6
1.0615157065594671e6
1.0820368063881593e6
1.1027578975244206e6
1.1236789800564405e6
1.1448000540725216e6
1.1661211196609775e6
1.187642176910027e6
1.209363225907904e6
1.2312842667425077e6
1.2534052995015155e6
1.2757263242722894e6
1.2982473411418684e6
1.32096835019676e6
1.3438893515231658e6
1.3670103452066071e6
1.3903313313322393e6
1.413852309984497e6
1.4375732812474042e6
1.4614942452037814e6
1.4856152019366075e6
1.5099361515276092e6
1.5344570940579236e6
1.5591780296080175e6
1.5840989582575085e6
1.6092198800853023e6
1.6345407951695116e6
1.6600617035874478e6
1.685782605415641e6
1.7117035007297664e6
1.7378243896047133e6
1.764145272114522e6
1.7906661483324124e6
1.8173870183307598e6
1.844307882181104e6
1.871428739954141e6
1.8987495917197403e6
1.926270437546911e6
1.9539912775038232e6
1.9819121116578237e6
2.0100329400753516e6
2.0383537628222443e6
2.0668745799631956e6
2.09559539156225e6
2.124516197682611e6
2.1536369983866625e6
2.1829577937359735e6
2.21247858379131e6
2.242199368612645e6
2.2721201482591555e6
2.302240922789242e6
2.332561692260521e6
2.3630824567298437e6
2.393803216253301e6
2.424723970886234e6
2.4558447206832166e6
2.487165465698116e6
2.518686205984057e6
2.550406941593436e6
2.5823276725779446e6
2.6144483989885706e6
2.646769120875589e6
2.6792898382884855e6
2.7120105512764403e6
2.744931259887623e6
2.778051964169499e6
2.8113726641691434e6
2.8448933599328054e6
2.878614051506146e6
2.912534738934202e6
2.9466554222613513e6
2.9809761015315233e6
3.0154967767878002e6
3.050217448072838e6
3.0851381154286596e6
3.1202587788967197e6
3.1555794385179314e6
3.19110009433258e6
3.226820746379792e6
3.262741394700063e6
3.2988620393314813e6
3.3351826803122177e6
3.3717033176799123e6
3.408423951471698e6
3.4453445817242092e6
3.4824652084735786e6
3.519785831755443e6
3.5573064516049786e6
3.595027068056851e6
3.6329476811452913e6
3.6710682909040484e6
3.709388897366431e6
3.747909500565287e6
3.78663010053305e6
3.8255506973016807e6
3.8646712909027417e6
3.903991881367373e6
3.943512468726291e6
3.9832330530098076e6