18994.741720755366
19114.734236695862
19434.714544921444
19954.68335637843
20674.641784400417
21594.591287948497
22714.53359867954
24034.47063717703
25554.40442324069
27274.336986463022
29194.270282063982
31314.206116575893
33634.14608698212
36154.09153556694
38874.04352153411
41794.002809246405
44913.96987180038
48233.94490788694
51753.92786924611
55473.918495734455
59393.91635500279
63513.920883909
67833.93142920114
72353.94728540744
77073.96772847857
81993.99204416666
87114.01955070156
92434.04961570767
97954.08166767459
103674.1152025318
109594.14978605154
115714.18505286402
122034.22070290966
128554.25649608312
135274.29224572371
142194.32781157567
149314.36309264821
156634.3980203353
164154.43255204495
171874.4666654918
179794.50035376273
187914.53362096453
196234.56647906476
204754.59894481464
213474.63103773055
222394.6627784362
231514.6941874702
240834.7252844618
250354.75608760037
260074.78661332815
269994.816876202
280114.8468888805
290434.87666219333
300954.90620526695
311674.9355256821
322594.9646296469
333714.99352217355
345035.02220724744
356555.0506879898
368275.0789668
380195.10704549064
392315.13492539985
404635.16260749183
417155.19009244535
429875.217380713
442795.2444726072
455915.2713683287
469235.29806801246
482755.3245717675
496475.35087969695
510395.37699193513
524515.4029086331
538835.4286300032
553355.4541563134
568075.4794878964
582995.504625154
598115.5295685625
613435.55431867
628955.5788760977
644675.6032415438
660595.627415776
676715.6513996313
693035.6751940169
709555.6987999005
726275.7222183136
743195.7454503406
760315.768497138
777635.7913598879
795155.8140398378
812875.8365382741
830795.858856526
848915.8809959592
867235.9029579752
885755.9247440058
904475.9463555127
923395.9677939819
942515.9890609231
961836.0101578671
981356.0310863601
1.0010760518479663e6
1.0209960724442621e6
1.041116092876834e6
1.0614361131472785e6
1.081956133257198e6
1.1026761532082018e6
1.1235961730019003e6
1.1447161926399083e6
1.1660362121238397e6
1.1875562314553058e6
1.2092762506359194e6
1.2311962696672876e6
1.2533162885510118e6
1.2756363072886895e6
1.2981563258819112e6
1.3208763443322578e6
1.3437963626413057e6
1.3669163808106158e6
1.390236398841747e6
1.413756416736242e6
1.4374764344956356e6
1.4613964521214436e6
1.4855164696151793e6
1.5098364869783407e6
1.534356504212408e6
1.5590765213188536e6
1.583996538299133e6
1.609116555154688e6
1.6344365718869441e6
1.6599565884973197e6
1.6856766049872092e6
1.711596621357998e6
1.7377166376110553e6
1.7640366537477341e6
1.7905566697693726e6
1.8172766856772946e6
1.8441967014728077e6
1.8713167171572025e6
1.8986367327317595e6
1.9261567481977385e6
1.9538767635563863e6
1.9817967788089328e6
2.009916793956594e6
2.038236809000575e6
2.0667568239420531e6
2.0954768387822038e6
2.124396853522182e6
2.1535168681631284e6
2.1828368827061662e6
2.212356897152408e6
2.2420769115029504e6
2.271996925758876e6
2.3021169399212496e6
2.332436953991127e6
2.3629569679695494e6
2.393676981857538e6
2.4245969956561085e6
2.455717009366254e6
2.4870370229889625e6
2.5185570365252052e6
2.5502770499759405e6
2.582197063342112e6
2.6143170766246505e6
2.646637089824481e6
2.679157102942501e6
2.7118771159796147e6
2.744797128936701e6
2.7779171418146286e6
2.8112371546142558e6
2.84475716733643e6
2.8784771799819893e6
2.9123971925517493e6
2.946517205046528e6
2.980837217467126e6
3.01535722981433e6
3.050077242088925e6
3.0849972542916704e6
3.1201172664233325e6
3.1554372784846555e6
3.190957290476378e6
3.2266773023992134e6
3.2625973142539e6
3.2987173260411397e6
3.335037337761624e6
3.3715573494160483e6
3.4082773610050865e6
3.4451973725294117e6
3.4823173839896815e6
3.519637395386548e6
3.557157406720656e6
3.594877417992634e6
3.632797429203118e6
3.6709174403527174e6
3.7092374514420424e6
3.7477574624716938e6
3.786477473442263e6
3.8253974843543423e6
3.864517495208499e6
3.9038375060053077e6
3.943357516745328e6
3.983077527429116e6