126024.33358935759
125991.37924652806
125903.77067446642
125762.38160843673
125568.45270560912
125323.76648257303
125030.65480136886
124691.88085544374
124310.7118147985
123890.89909008585
123436.6626865892
122952.69350474738
122444.14145782808
121916.61487392263
121376.16885207765
120829.29997244457
120282.93565897897
119744.4270922188
119221.56710940922
118722.52859919859
118255.91932361366
117830.72719065202
117456.35895290805
117142.61350243658
116899.67179388725
116738.1192044797
116668.92981182414
116703.47411371829
116853.52269176443
117131.25554934371
117549.26694209778
118120.58015026749
118858.65948156171
119777.43274434187
120891.3084455062
122215.20585299478
123764.58702717221
125555.492241111
127604.58854534433
129929.21970798398
132547.47155166618
135478.24630811566
138741.35266315355
142357.61123669034
146348.98678119102
150738.74214478684
155551.62984032856
160814.1305726103
166554.74554673285
172804.36348921023
179596.73535050536
186969.06956991236
194962.79204288175
203624.58065195713
213007.55335228666
223173.0049597084
234192.36114568295
246149.6095201296
259143.9161771842
273291.88662253297
288727.74365661934
305599.70822067326
324055.7680597099
344214.0694031217
366112.15519579995
389643.096061582
414510.126721482
440247.12702459714
466322.237506015
492273.58025475126
517797.0811262564
542754.5277419175
567130.0192348649
590976.5584494099
614375.5257620261
637412.8389009796
660167.6084021237
682708.0790163514
705091.2315556193
727363.9366424967
749564.5687828392
771724.5884039274
793869.9281209222
816022.1277515002
838199.2384056017
860416.5293326644
882687.0389316513
905022.002613279
927431.1835000823
949923.1352604697
972505.4075175778
995184.7066551558
1.0179670269839412e6
1.040857756875702e6
1.0638617654741558e6
1.0869834702352455e6
1.1102268980321093e6
1.1335957333319844e6
1.1570933582063422e6
1.1807228887346417e6
1.204487203961006e6
1.228388972566499e6
1.2524306723276621e6
1.276614611657505e6
1.3009429442629917e6
1.3254176866066717e6
1.3500407266406212e6
1.3748138400198964e6
1.399738694691513e6
1.4248168665627255e6
1.450049837823404e6
1.4754390150493034e6
1.5009857262720321e6
1.526691231782883e6
1.5525567291400707e6
1.5785833556243218e6
1.6047721945246505e6
1.6311242769681239e6
1.6576405869217613e6
1.68432206433564e6
1.7111696068013166e6
1.7381840739451735e6
1.7653662887061792e6
1.7927170394348959e6
1.8202370825669821e6
1.8479271453643634e6
1.8757879235114178e6
1.9038200895892314e6
1.9320242888454248e6
1.9604011423878097e6
1.9889512504697873e6
2.0176751889448834e6
2.0465735153995017e6
2.0756467664309633e6
2.104895464067299e6
2.1343201075447276e6
2.1639211818956425e6
2.193699158830448e6
2.22365449243809e6
2.2537876190093704e6
2.2840989702068474e6
2.3145889516514754e6
2.345257970468604e6
2.376106412753538e6
2.4071346560154436e6
2.4383430646211747e6
2.4697319964186316e6
2.5013017952281786e6
2.5330527970357663e6
2.5649853281579926e6
2.5970997061398895e6
2.629396239603116e6
2.6618752291895696e6
2.6945369673495204e6
2.727381738298259e6
2.7604098215060346e6
2.793621485517071e6
2.8270169946084814e6
2.8605966057085646e6
2.8943605693678632e6
2.9283091299588233e6
2.962442526085606e6
2.9967609904603786e6
3.03126475026296e6
3.0659540273380405e6
3.1008290383302723e6
3.135889994793545e6
3.171137103678887e6
3.2065705673461133e6
3.2421905827599214e6
3.2779973432144606e6
3.313991037759943e6
3.350171850954875e6
3.3865399636070253e6
3.423095552945937e6
3.459838790405677e6
3.4967698469606154e6
3.5338888879369954e6
3.5711960753823845e6
3.608691569027401e6
3.646375523610063e6
3.6842480921900566e6
3.7223094241298796e6
3.76055966597997e6
3.7989989611686957e6
3.837627450346449e6
3.876445271841954e6
3.915452560587445e6
3.954649449339855e6
3.9940360681209206e6
4.033612544614434e6
4.073379004210645e6
4.113335569522031e6
4.153482361289378e6
4.193819497789589e6
4.234347095263734e6
4.275065267671019e6
4.315974127016114e6
4.357073783493007e6
4.3983643446413e6