171556.04915485537
171511.38164329831
171392.5539050586
171200.3428994043
170935.99145535787
170601.08261993463
170198.30576225946
169729.86571945407
169199.06356157828
168609.52087563556
167965.29756409331
167270.91197737306
166531.31582816242
165751.8991325028
164938.47223828436
164097.27456621284
163234.92958181427
162358.48795759946
161475.39233779447
160593.40725793387
159720.77398664283
158866.035096517
158038.10914292524
157246.280757799
156500.17494221893
155809.76944118732
155185.38502610207
154637.68904065806
154177.68514696695
153816.7216898299
153566.49429580185
153439.0492090481
153446.78742331127
153602.47629880795
153919.2669053806
154410.68414937673
155090.6822549894
155973.6327501923
157074.3640941501
158408.187545743
159990.9332359064
161838.98841273747
163969.3467978952
166399.66334387034
169148.31979354649
172234.50269344097
175678.292541073
179500.77596844384
183724.17237866545
188371.99426421322
193469.23501902563
199042.60670759645
205120.83056851814
211734.99943622045
218919.0380235127
226710.29419955675
235150.28440264927
244285.54217452844
254169.5255432584
264862.9026381166
276436.90170262154
288975.1068413729
302576.3650661577
317357.44669603853
333454.4374826312
351020.4464490091
370215.10318259225
391179.0599302659
413986.6266535377
438578.9623143279
464702.6018976013
491903.3451607454
519612.222325429
547292.2298977032
574558.0597930059
601210.7853617826
627202.0201617037
652574.7795189507
677413.5740231506
701813.4263228197
725864.1040552339
749643.9990390451
773218.9365418421
796643.169670905
819961.1073936684
843209.1220380393
866417.1370593893
889609.9539095577
912808.3095427827
936029.7072495159
959289.056498016
982599.1828991524
1.0059712042022494e6
1.0294148465499341e6
1.0529386766590774e6
1.0765502920153136e6
1.1002564733002034e6
1.1240633052158752e6
1.1479762764802345e6
1.1720003604753555e6
1.1961400836925814e6
1.2203995806254859e6
1.2447826425055235e6
1.2692927555788013e6
1.2939331364425179e6
1.318706761957001e6
1.3436163925320604e6
1.3686645954421358e6
1.3938537595977914e6
1.4191861308008907e6
1.4446637889026785e6
1.470288698756442e6
1.4960627038170765e6
1.521987536640333e6
1.5480648318287474e6
1.5742961255203723e6
1.6006828940177234e6
1.6272264995578188e6
1.6539282567542228e6
1.680789407086161e6
1.7078111309358836e6
1.7349945521425977e6
1.7623407373264972e6
1.7898507079722486e6
1.8175254373146265e6
1.8453658541625796e6
1.8733728472244195e6
1.9015472670754518e6
1.9298899291921172e6
1.958401613789739e6
1.987083070737422e6
2.0159350193786612e6
2.0449581513462842e6
2.0741531316395896e6
2.1035205985120526e6
2.133061169583974e6
2.1627754295171746e6
2.192663974588587e6
2.222727331816801e6
2.252966042402817e6
2.283380620950113e6
2.31397156359856e6
2.344739351297935e6
2.375684448355013e6
2.4068073039972195e6
2.4381083543666806e6
2.469588020011669e6
2.5012467100152904e6
2.5330848206029367e6
2.565102735351366e6
2.597300826760454e6
2.6296794569887174e6
2.6622389761721846e6
2.6949797265159865e6
2.7279020387291554e6
2.7610062350297617e6
2.7942926284853546e6
2.827761523824325e6
2.861413225666247e6
2.895248006237199e6
2.9292661542741605e6
2.9634679432956376e6
2.9978536396796308e6
3.032423513045349e6
3.067177796486312e6
3.10211674691869e6
3.137240604326696e6
3.1725496035872824e6
3.2080439735425413e6
3.243723937843057e6
3.2795897145039923e6
3.3156415163524398e6
3.351879551486779e6
3.388304023336702e6
3.4249151343195955e6
3.461713065886562e6
3.498698007208755e6
3.5358701655159607e6
3.573229709090727e6
3.6107768155927556e6
3.6485116578834434e6
3.68643440593281e6
3.724545225896647e6
3.7628442803031746e6
3.801331715568904e6
3.840007713085157e6
3.878872412743642e6
3.917925963745569e6
3.9571685129122743e6
3.9966002031868044e6
4.0362211755500482e6
4.076031567704683e6
4.116031514689751e6
4.156221148956259e6
4.196600600215048e6
4.237169995976892e6
4.277929460993973e6
4.318879117820169e6
4.360019086791968e6
4.40134948559061e6