18994.63080248334
19114.630791230433
19434.630761622204
19954.63071472771
20674.630652221007
21594.63057629585
22714.630489555944
24034.630394889085
25554.63029533213
27274.63019393658
29194.630093642074
31314.62999716455
33634.6299069049
36154.629824880976
38874.629752685025
41794.629691466005
44914.62964193494
48234.6296043904
51754.62957875965
55474.62956465148
59394.62956141583
63514.629568206015
67834.62958404
72354.62960785716
77074.62963856905
81994.62967510195
87114.62971643101
92434.62976160557
97954.62980976653
103674.62986015616
109594.62991212175
115714.62996511407
122034.63001868207
128554.63007246488
135274.63012618187
142194.6301796223
149314.6302326343
156634.6302851148
164154.63033699986
171874.6303882559
179794.6304388726
187914.6304888562
196234.6305382246
204754.63058700314
213474.63063522108
222394.6306829095
231514.63073009922
240834.6307768199
250354.6308230987
260074.63086896058
269994.6309144272
280114.63095951785
290434.63100424863
300954.63104863337
311674.6310926834
322594.63113640813
333714.6311798151
345034.63122291025
356554.63126569835
368274.6313081831
380194.631350367
392314.63139225217
404634.63143384014
417154.6314751319
429874.631516128
442794.6315568292
455914.6315972357
469234.6316373474
482754.6316771648
496474.63171668805
510394.6317559171
524514.6317948526
538834.6318334944
553354.6318718432
568074.6319098994
582994.6319476636
598114.6319851368
613434.6320223194
628954.6320592125
644674.6320958172
660594.6321321345
676714.6321681659
693034.6322039127
709554.6322393762
726274.6322745581
743194.63230946
760314.6323440834
777634.6323784307
795154.632412503
812874.6324463029
830794.6324798319
848914.6325130921
867234.6325460859
885754.6325788153
904474.6326112826
923394.6326434899
942514.6326754395
961834.6327071335
981354.6327385751
1.0010746327697654e6
1.0209946328007075e6
1.0411146328314033e6
1.0614346328618561e6
1.081954632892067e6
1.1026746329220398e6
1.123594632951776e6
1.1447146329812787e6
1.1660346330105492e6
1.1875546330395914e6
1.209274633068407e6
1.2311946330969972e6
1.2533146331253666e6
1.2756346331535166e6
1.2981546331814488e6
1.3208746332091673e6
1.3437946332366732e6
1.3669146332639686e6
1.390234633291057e6
1.4137546333179402e6
1.4374746333446202e6
1.4613946333711003e6
1.4855146333973808e6
1.5098346334234653e6
1.5343546334493556e6
1.5590746334750545e6
1.5839946335005658e6
1.6091146335258873e6
1.6344346335510241e6
1.6599546335759782e6
1.6856746336007516e6
1.7115946336253453e6
1.7377146336497623e6
1.7640346336740046e6
1.7905546336980737e6
1.817274633721972e6
1.844194633745703e6
1.8713146337692642e6
1.898634633792662e6
1.9261546338158967e6
1.9538746338389707e6
1.9817946338618845e6
2.0099146338846418e6
2.0382346339072408e6
2.0667546339296885e6
2.095474633951983e6
2.1243946339741265e6
2.1535146339961225e6
2.18283463401797e6
2.2123546340396726e6
2.2420746340612303e6
2.271994634082649e6
2.302114634103924e6
2.3324346341250604e6
2.3629546341460617e6
2.3936746341669243e6
2.4245946341876555e6
2.455714634208253e6
2.487034634228717e6
2.5185546342490525e6
2.5502746342692603e6
2.5821946342893397e6
2.6143146343092932e6
2.6466346343291244e6
2.6791546343488316e6
2.7118746343684173e6
2.744794634387884e6
2.7779146344072283e6
2.8112346344264583e6
2.84475463444557e6
2.878474634464568e6
2.9123946344834524e6
2.9465146345022223e6
2.9808346345208837e6
3.0153546345394305e6
3.0500746345578716e6
3.084994634576204e6
3.120114634594428e6
3.1554346346125496e6
3.190954634630565e6
3.2266746346484763e6
3.262594634666285e6
3.2987146346839922e6
3.3350346347016008e6
3.3715546347191106e6
3.408274634736518e6
3.445194634753832e6
3.4823146347710504e6
3.51963463478817e6
3.557154634805199e6
3.5948746348221307e6
3.6327946348389746e6
3.6709146348557263e6
3.709234634872384e6
3.747754634888954e6
3.786474634905433e6
3.825394634921828e6
3.8645146349381343e6
3.9038346349543543e6
3.9433546349704885e6
3.983074634986541e6