18994.631384023494
19114.63133359386
19434.631200905496
19954.630990749443
20674.630710628364
21594.630370373838
22714.629981655
24034.629557413835
25554.62911126057
27274.628656871064
29194.62820741965
31314.627775078465
33634.62737060731
36154.627003049565
38874.62667954106
41794.626405230956
44914.62618330587
48234.62601510361
51754.62590029821
55474.625837136264
59394.625822704256
63514.62585320763
67834.62592424481
72354.62603106258
77074.62616878263
81994.62633259274
87114.62651789964
92434.62672044286
97954.62693637195
103674.62716229094
109594.6273952744
115714.62763286078
122034.62787302854
128554.6281141601
135274.62835499796
142194.62859459716
149314.62883227743
156634.62906757652
164154.62930020748
171874.62953002032
179794.6297569684
187914.62998107943
196234.63020243408
204754.6304211452
213474.63063734432
222394.63085117043
231514.63106276185
240834.63127225093
250354.63147976017
260074.63168540038
269994.6318892697
280114.6320914533
290434.63229202427
300954.63249104406
311674.6326885638
322594.63288462517
333714.63307926216
345034.6332725015
356554.63346436433
368274.6336548667
380194.6338440209
392314.63403183594
404634.6342183184
417154.6344034726
429874.63458730176
442794.63476980815
455914.6349509931
469234.63513085723
482754.6353094014
496474.63548662636
510394.635662533
524514.6358371222
538834.6360103958
553354.6361823552
568074.6363530029
582994.6365223413
598114.6366903741
613434.6368571045
628954.637022537
644674.637186676
660594.6373495271
676714.6375110955
693034.6376713875
709554.6378304097
726274.6379881691
743194.6381446728
760314.6382999287
777634.6384539447
795154.6386067293
812874.6387582911
830794.6389086393
848914.6390577827
867234.6392057306
885754.6393524933
904474.6394980805
923394.6396425018
942514.6397857672
961834.639927888
981354.6400688733
1.0010746402087348e6
1.0209946403474828e6
1.0411146404851275e6
1.0614346406216808e6
1.0819546407571516e6
1.1026746408915524e6
1.123594641024894e6
1.1447146411571861e6
1.1660346412884407e6
1.187554641418668e6
1.209274641547879e6
1.2311946416760844e6
1.2533146418032956e6
1.2756346419295226e6
1.298154642054777e6
1.3208746421790686e6
1.343794642302408e6
1.3669146424248065e6
1.3902346425462735e6
1.4137546426668211e6
1.437474642786458e6
1.4613946429051955e6
1.485514643023042e6
1.5098346431400096e6
1.534354643256107e6
1.5590746433713464e6
1.5839946434857352e6
1.6091146435992832e6
1.6344346437120002e6
1.6599546438238972e6
1.685674643934982e6
1.711594644045265e6
1.737714644154754e6
1.7640346442634594e6
1.7905546443713894e6
1.8172746444785544e6
1.8441946445849622e6
1.8713146446906195e6
1.8986346447955393e6
1.926154644899726e6
1.9538746450031898e6
1.9817946451059408e6
2.009914645207983e6
2.0382346453093262e6
2.0667546454099808e6
2.0954746455099522e6
2.124394645609248e6
2.1535146457078783e6
2.182834645805848e6
2.212354645903166e6
2.242074645999838e6
2.271994646095874e6
2.3021146461912794e6
2.3324346462860606e6
2.3629546463802285e6
2.3936746464737845e6
2.4245946465667402e6
2.455714646659098e6
2.4870346467508688e6
2.5185546468420564e6
2.5502746469326676e6
2.58219464702271e6
2.614314647112187e6
2.6466346472011097e6
2.6791546472894796e6
2.7118746473773043e6
2.744794647464591e6
2.7779146475513424e6
2.8112346476375693e6
2.844754647723271e6
2.8784746478084587e6
2.9123946478931345e6
2.946514647977308e6
2.9808346480609784e6
3.015354648144156e6
3.0500746482268455e6
3.0849946483090487e6
3.120114648390773e6
3.1554346484720265e6
3.1909546485528094e6
3.2266746486331285e6
3.2625946487129885e6
3.298714648792392e6
3.335034648871347e6
3.371554648949859e6
3.4082746490279273e6
3.4451946491055633e6
3.4823146491827643e6
3.519634649259538e6
3.5571546493358915e6
3.594874649411825e6
3.632794649487348e6
3.670914649562457e6
3.7092346496371613e6
3.7477546497114594e6
3.7864746497853645e6
3.825394649858874e6
3.8645146499319957e6
3.9038346500047254e6
3.94335465007708e6
3.9830746501490497e6