268806.22649002133
268740.64145224914
268566.0143523364
268283.08328286617
267893.0398192392
267397.50289139815
266798.58713909774
266098.8362569086
265301.19706851686
264409.10160147527
263426.39968860545
262357.3039846516
261206.5300409793
259979.1076407302
258680.52105964124
257316.60333666098
255893.60383503154
254418.0676985849
252896.93644072211
251337.49563055913
249747.35026187476
248134.44278621962
246507.0140610143
244873.6283170686
243243.12774062747
241624.6537059558
240027.64595390842
238461.78747356965
236937.05269014204
235463.67772197697
234052.15751056423
232713.25351286077
231457.97529657846
230297.59635863014
229243.65807996472
228307.92870881976
227502.49125206957
226839.6686577261
226332.07110271338
225992.5982127744
225834.44953948012
225871.1410350237
226116.5197073579
226584.78467613805
227290.5084263285
228248.66553980578
229474.66117114745
230984.3673929765
232794.1635326078
234920.98363122504
237382.3699387835
240196.53418021652
243382.43564796224
246959.8557606569
250949.51281551734
255373.1684797357
260253.76940411524
265615.62767604936
271484.6018681886
277888.3787156507
284856.7539735591
292422.03443593386
300619.5217088063
309488.1175624489
319071.1458070361
329417.34654889046
340582.2113985666
352629.67472202657
365634.26520234224
379683.7305206639
394882.0913854467
411352.6507511627
429239.9927811881
448708.5419601005
469933.1535293002
493074.68050311203
518232.0090937388
545370.3848012787
574247.3048210875
604388.8209169036
635166.3546897274
665956.2727643084
696288.5880543237
725905.0736933306
754729.0656266885
782799.0751296526
810208.7034668224
837067.5477142794
863480.8799566019
889541.3332091412
915326.9841988157
940902.27594247
966319.9880349975
991623.3410399479
1.0168478761244962e6
1.0420230346269223e6
1.0671734174279887e6
1.0923197743485738e6
1.1174797739823842e6
1.142668598397395e6
1.1678994064346992e6
1.1931837078553054e6
1.2185316186451297e6
1.2439521169506812e6
1.2694532036466277e6
1.2950420591383828e6
1.3207251550654229e6
1.3465083345620637e6
1.3723969286612852e6
1.3983957904931041e6
1.42450938189324e6
1.4507417804655898e6
1.4770967629904528e6
1.5035778037772803e6
1.5301881305300775e6
1.5569307394015356e6
1.5838084161404176e6
1.6108237557331976e6
1.637979192995465e6
1.6652770006070957e6
1.6927193108527954e6
1.7203081279795049e6
1.7480453380703386e6
1.7759327175602312e6
1.8039719435630955e6
1.8321646006275387e6
1.8605121884810994e6
1.8890161271712608e6
1.9176777664360488e6
1.9464983836124232e6
1.9754791961950911e6
2.0046218167828654e6
2.0339259850747946e6
2.0633941157670838e6
2.0930267589538696e6
2.122824871948247e6
2.1527893733810913e6
2.182921140461222e6
2.21322101291884e6
2.243689794126353e6
2.2743282619325984e6
2.305137151986753e6
2.3361171791812307e6
2.367269026602156e6
2.3985933527308074e6
2.4300907906739693e6
2.4617619520704974e6
2.4936074220804237e6
2.5256277674400485e6
2.557823536263559e6
2.590195254394035e6
2.6227434316444774e6
2.655468559160041e6
2.6883711131237643e6
2.721451552934085e6
2.754710323127336e6
2.7881478543137466e6
2.8217645635143304e6
2.855560854252515e6
2.889537118033797e6
2.9236937338103815e6
2.958031069977173e6
2.992549483593546e6
3.0272493206184246e6
3.0621309178413805e6
3.097194601832925e6
3.1324406901529185e6
3.1678694917167746e6
3.203481305744715e6
3.239276424307183e6
3.275255131699305e6
3.3114177049624724e6
3.3477644097171407e6
3.384295511293722e6
3.421011263559578e6
3.4579119148330344e6
3.4949977079647915e6
3.5322688778321743e6
3.5697256555487593e6
3.607368265440783e6
3.6451969262786545e6
3.6832118520028545e6
3.7214132514900817e6
3.7598013267240664e6
3.7983762783774165e6
3.8371382995472476e6
3.8760875809752615e6
3.915224307347174e6
3.954548659122468e6
3.9940608145333864e6
4.033760945892527e6
4.0736492234014533e6
4.1137258115514833e6
4.1539908728022343e6
4.194444565737589e6
4.235087045215063e6
4.275918463372791e6
4.316938968599413e6
4.358148706446436e6
4.399547820036049e6