18995.12854305051
19115.09500566653
19435.00676287216
19954.86699926248
20674.68070202801
21594.454406891353
22714.195871617136
24033.91370095215
25553.61694488785
27273.314698122078
29193.015722972763
31312.7281163227
33632.45903675415
36152.214502012066
38871.99926159844
41791.81674377034
44911.66907137763
48231.55713720829
51751.480726896596
55471.43867600107
59391.42904780057
63511.44931891277
67831.49656167839
72351.56761404971
77071.6592304526
81991.76820906074
87111.89149350385
92432.02624875226
97952.16991257886
103672.32022506482
109592.47523938863
115712.63331743538
122032.79311389259
128552.95355224732
135273.1137955978
142193.2732151072
149313.43135797733
156633.5879166098
164153.74270004017
171873.89560834988
179794.04661054155
187914.19572502645
196234.34300545987
204754.48852694425
213474.63237698044
222394.77464803454
231514.91543218956
240835.05481745777
250355.19288538818
260075.3297097023
269995.4653556673
280115.59988004103
290435.73333138094
300955.86575060815
311675.9971717147
322596.12762253906
333716.25712555595
345036.38569865754
356556.5133557854
368276.6401077573
380196.7659626856
392316.89092657575
404637.015003747
417157.13819725346
429877.2605091258
442797.38194076775
455917.5024930809
469237.62216667575
482757.74096204183
496477.8588796449
510397.97592008795
524518.0920840516
538838.2073724886
553358.321786602
568078.4353278824
582998.5479981357
598118.6597994964
613438.7707344228
628958.8808057002
644678.9900164595
660599.0983701434
676719.2058705027
693039.3125216074
709559.4183277923
726279.5232936833
743199.6274241422
760319.7307243524
777639.833199614
795159.934855518
812880.035697832
830800.1357325134
848920.2349656859
867240.3334036287
885760.4310527632
904480.5279196389
923400.6240109185
942520.7193333686
961840.81389385
981360.9076992971
1.0010810007567161e6
1.0210010930731765e6
1.0411211846557879e6
1.0614412755117076e6
1.0819613656481174e6
1.1026814550722297e6
1.1236015437912678e6
1.1447216318124644e6
1.1660417191430542e6
1.1875618057902632e6
1.2092818917613176e6
1.2312019770634205e6
1.253322061703753e6
1.275642145689472e6
1.2981622290277064e6
1.3208823117255482e6
1.3438023937900546e6
1.3669224752282328e6
1.3902425560470603e6
1.4137626362534547e6
1.437482715854299e6
1.46140279485638e6
1.4855228732664941e6
1.5098429510913389e6
1.5343630283375627e6
1.5590831050117577e6
1.584003181120447e6
1.609123256670095e6
1.6344433316671029e6
1.659963406117806e6
1.6856834800284728e6
1.711603553405306e6
1.7377236262544398e6
1.7640436985819428e6
1.7905637703938133e6
1.8172838416959834e6
1.8442039124943134e6
1.8713239827945952e6
1.8986440526025556e6
1.926164121923849e6
1.9538841907640626e6
1.9818042591287121e6
2.0099243270232435e6
2.038244394453051e6
2.0667644614234357e6
2.095484527939647e6
2.124404594006862e6
2.153524659630195e6
2.182844724814689e6
2.212364789565324e6
2.2420848538870136e6
2.272004917784611e6
2.302124981262897e6
2.332445044326596e6
2.3629651069803657e6
2.3936851692288034e6
2.4246052310764426e6
2.4557252925277567e6
2.4870453535871576e6
2.518565414259001e6
2.5502854745475817e6
2.5822055344571345e6
2.6143255939918365e6
2.6466456531558083e6
2.6791657119531054e6
2.7118857703877585e6
2.744805828463711e6
2.7779258861848623e6
2.8112459435550617e6
2.8447660005781003e6
2.878486057257724e6
2.912406113597618e6
2.9465261696014227e6
2.980846225272737e6
3.0153662806150923e6
3.050086335631986e6
3.0850063903268557e6
3.120126444703105e6
3.155446498764083e6
3.1909665525130937e6
3.2266866059533423e6
3.262606659088144e6
3.2987267119206255e6
3.335046764453913e6
3.3715668166910913e6
3.4082868686352046e6
3.445206920289254e6
3.4823269716561995e6
3.5196470227389606e6
3.557167073540424e6
3.5948871240634276e6
3.632807174310779e6
3.670927224285244e6
3.709247273989549e6
3.7477673234263873e6
3.78648737259842e6
3.825407421508263e6
3.8645274701585034e6
3.903847518551694e6
3.9433675666903546e6
3.9830876145769646e6