18994.698009261847
19114.69346989304
19434.6815260851
19954.662609073945
20674.6373941676
21594.606766314842
22714.571775864286
24034.533587750135
25554.493427075256
27274.452524869645
29194.412067039768
31314.373149294115
33634.3367402306
36154.3036539544
38874.27453286726
41794.24984053831
44914.22986387569
48234.21472335601
51754.20438967869
55474.19870503667
59394.1974071826
63514.20015454662
67834.20655091114
72354.21616839105
77074.22856783752
81994.24331604928
87114.2599995254
92434.27823472462
97954.29767502198
103674.31801469595
109594.33899038535
115714.360380492
122034.3820030287
128554.40371237085
135274.42539530818
142194.4469667751
149314.46836552047
156634.48954993454
164154.5104941851
171874.53118475596
179794.55161745433
187914.57179477092
196234.5917239641
204754.6114151935
213474.63088029582
222394.65013177943
231514.66918210092
240834.68804316554
250354.70672600504
260074.72524059174
269994.74359575426
280114.76179917017
290434.7798574075
300954.7977760014
311674.8155595495
322594.8332118171
333714.8507358439
345034.86813404696
356554.8854083194
368274.9025601162
380194.91959053674
392314.9365003924
404634.9532902681
417154.96996057517
429874.9865115883
442795.00294349686
455915.0192564223
469235.0354504467
482755.05152563617
496475.067482053
510395.08331977885
524515.099038905
538835.1146395607
553355.1301219079
568075.1454861488
582995.1607325266
598115.1758613305
613435.190872893
628955.2057675904
644675.2205458467
660595.2352081272
676715.2497549395
693035.2641868343
709555.278504398
726275.292708256
743195.3067990666
760315.3207775312
777635.3346443663
795155.3484003288
812875.362046199
830795.3755827831
848915.3890109095
867235.4023314276
885755.4155452064
904475.4286531324
923395.4416561067
942515.4545550453
961835.4673508762
981355.4800445378
1.0010754926369784e6
1.020995505129154e6
1.0411155175220267e6
1.061435529816566e6
1.081955542013742e6
1.1026755541145317e6
1.1235955661199128e6
1.1447155780308628e6
1.1660355898483621e6
1.1875556015733876e6
1.2092756132069165e6
1.231195624749924e6
1.2533156362033836e6
1.2756356475682613e6
1.2981556588455224e6
1.3208756700361269e6
1.3437956811410296e6
1.3669156921611782e6
1.3902357030975174e6
1.413755713950984e6
1.4374757247225086e6
1.4613957354130093e6
1.4855157460234053e6
1.5098357565546043e6
1.5343557670075048e6
1.559075777382999e6
1.5839957876819714e6
1.6091157979052942e6
1.6344358080538337e6
1.659955818128449e6
1.685675828129988e6
1.711595838059288e6
1.7377158479171807e6
1.7640358577044874e6
1.7905558674220194e6
1.8172758770705794e6
1.844195886650961e6
1.8713158961639453e6
1.8986359056103122e6
1.9261559149908228e6
1.9538759243062339e6
1.9817959335572924e6
2.0099159427447356e6
2.0382359518692922e6
2.0667559609316802e6
2.0954759699326102e6
2.124395978872782e6
2.1535159877528897e6
2.182835996573613e6
2.212356005335627e6
2.2420760140395975e6
2.2719960226861793e6
2.3021160312760207e6
2.3324360398097606e6
2.3629560482880305e6
2.393676056711449e6
2.4245960650806343e6
2.455716073396188e6
2.487036081658707e6
2.5185560898687844e6
2.5502760980269974e6
2.582196106133923e6
2.6143161141901216e6
2.646636122196155e6
2.67915613015257e6
2.7118761380599127e6
2.744796145918716e6
2.7779161537295063e6
2.811236161492808e6
2.844756169209132e6
2.878476176878985e6
2.912396184502866e6
2.9465161920812675e6
2.980836199614678e6
3.015356207103573e6
3.0500762145484267e6
3.084996221949703e6
3.1201162293078667e6
3.1554362366233673e6
3.190956243896653e6
3.2266762511281585e6
3.262596258318329e6
3.2987162654675897e6
3.3350362725763638e6
3.3715562796450704e6
3.4082762866741167e6
3.4451962936639152e6
3.482316300614861e6
3.519636307527351e6
3.5571563144017775e6
3.5948763212385196e6
3.632796328037966e6
3.6709163348004827e6
3.7092363415264403e6
3.747756348216206e6
3.7864763548701378e6
3.82539636148859e6
3.8645163680719165e6
3.9038363746204553e6
3.943356381134554e6
3.9830763876145445e6