18994.63063486603
19114.630634849193
19434.630634804853
19954.63063473464
20674.630634641086
21594.630634527464
22714.63063439766
24034.630634256086
25554.63063410725
27274.630633955778
29194.630633806053
31314.63063366215
33634.63063352772
36154.630633405744
38874.63063329864
41794.63063320816
44914.630633135326
48234.63063308058
51754.63063304384
55474.63063302451
59394.6306330216
63514.63063303383
67834.63063305973
72354.6306330977
77074.63063314611
81994.6306332033
87114.63063326776
92434.63063333809
97954.63063341293
103674.63063349118
109594.63063357184
115714.63063365409
122034.63063373722
128554.63063382074
135274.63063390413
142194.63063398722
149314.63063406965
156634.63063415128
164154.63063423207
171874.63063431194
179794.6306343908
187914.63063446878
196234.6306345458
204754.630634622
213474.63063469733
222394.6306347719
231514.6306348457
240834.6306349188
250354.63063499125
260074.63063506305
269994.6306351343
280114.63063520496
290434.63063527504
300954.63063534466
311674.6306354137
322594.63063548226
333714.63063555036
345034.630635618
356554.63063568505
368274.63063575176
380194.630635818
392314.6306358838
404634.6306359491
417154.63063601387
429874.6306360782
442794.6306361422
455914.63063620566
469234.63063626864
482754.6306363313
496474.6306363933
510394.63063645497
524514.630636516
538834.6306365768
553354.6306366371
568074.6306366969
582994.6306367562
598114.630636815
613434.6306368734
628954.6306369314
644674.6306369889
660594.630637046
676714.6306371026
693034.6306371588
709554.6306372145
726274.6306372699
743194.6306373245
760314.6306373791
777634.630637433
795154.6306374866
812874.6306375396
830794.6306375926
848914.6306376448
867234.6306376966
885754.6306377482
904474.630637799
923394.6306378497
942514.6306378999
961834.6306379498
981354.6306379995
1.0010746306380485e6
1.0209946306380972e6
1.041114630638145e6
1.0614346306381933e6
1.0819546306382404e6
1.1026746306382879e6
1.123594630638335e6
1.1447146306383812e6
1.1660346306384276e6
1.187554630638473e6
1.2092746306385181e6
1.231194630638563e6
1.2533146306386075e6
1.275634630638652e6
1.2981546306386958e6
1.3208746306387393e6
1.3437946306387833e6
1.3669146306388257e6
1.390234630638868e6
1.413754630638911e6
1.4374746306389521e6
1.4613946306389945e6
1.4855146306390353e6
1.5098346306390765e6
1.5343546306391167e6
1.5590746306391573e6
1.5839946306391982e6
1.609114630639238e6
1.6344346306392774e6
1.6599546306393163e6
1.6856746306393552e6
1.7115946306393938e6
1.7377146306394325e6
1.7640346306394702e6
1.7905546306395086e6
1.8172746306395456e6
1.8441946306395829e6
1.8713146306396194e6
1.8986346306396564e6
1.9261546306396932e6
1.9538746306397305e6
1.9817946306397654e6
2.0099146306398022e6
2.0382346306398362e6
2.0667546306398716e6
2.0954746306399065e6
2.1243946306399405e6
2.1535146306399764e6
2.18283463064001e6
2.2123546306400443e6
2.2420746306400783e6
2.2719946306401123e6
2.302114630640145e6
2.3324346306401785e6
2.3629546306402115e6
2.3936746306402436e6
2.424594630640277e6
2.45571463064031e6
2.4870346306403414e6
2.5185546306403736e6
2.550274630640405e6
2.582194630640438e6
2.6143146306404667e6
2.6466346306404998e6
2.679154630640531e6
2.7118746306405617e6
2.7447946306405934e6
2.7779146306406218e6
2.811234630640653e6
2.8447546306406823e6
2.8784746306407126e6
2.9123946306407405e6
2.946514630640771e6
2.980834630640802e6
3.0153546306408294e6
3.0500746306408592e6
3.084994630640888e6
3.120114630640917e6
3.155434630640945e6
3.1909546306409747e6
3.226674630641001e6
3.2625946306410315e6
3.2987146306410567e6
3.3350346306410837e6
3.3715546306411135e6
3.4082746306411377e6
3.4451946306411684e6
3.4823146306411964e6
3.5196346306412197e6
3.5571546306412476e6
3.5948746306412737e6
3.6327946306413016e6
3.6709146306413296e6
3.709234630641354e6
3.747754630641379e6
3.786474630641406e6
3.825394630641431e6
3.864514630641456e6
3.9038346306414814e6
3.9433546306415093e6
3.9830746306415363e6