19022.038474869536
19140.221692596984
19455.439586211898
19967.8599549965
20677.746120936077
21585.444204660846
22691.366640084292
23995.973050404107
25499.74949354524
27203.18747158622
29106.763799187174
31210.922473369355
33516.05941967957
36022.51077501614
38730.5450783547
41640.359450581265
44752.0795783185
48065.76307770287
51581.405655262555
55298.94934393729
59218.29208666981
63339.297930721295
67661.8071816352
72185.64597069232
76910.6348236156
81836.59594618162
86963.35908924318
92290.7659593063
97818.67323611757
103546.9543377361
109475.50010903123
115604.21863636211
121933.03439537475
128461.88692645836
135190.72921787604
142119.52593757317
149248.25164078444
156576.88903930978
164105.42739690008
171833.86109217227
179762.18836782238
187890.410272732
196218.52979041627
204746.55114008242
213474.4792308315
222402.31925264865
231530.07637504628
240857.75554112045
250385.36133344346
260112.89789669664
270040.36890298035
280167.77754842927
290495.1265703013
301022.4182191884
311749.6545952766
322676.8370977987
333803.9670631036
345131.04551011894
356658.0732402022
368385.0508732128
380311.9788810703
392438.85761777416
404765.6873340984
417292.4682215095
430019.200404993
442945.88397564465
456072.5189954875
469399.10550951795
482925.6435548494
496652.13316644705
510578.57438610715
524704.9672590878
539031.31184505
553557.6082168713
568283.8564627895
583210.0566878009
598336.2090147584
613662.3135838988
629188.370553048
644914.3800988978
660840.3424148567
676966.2577112901
693292.126215366
709817.9481693078
726543.7238307172
743469.4534699805
760595.1373752819
777920.7758408262
795446.3691767299
813171.9177028743
831097.4217491713
849222.881654732
867548.2977670818
886073.6704414694
904799.000040078
923724.2869312466
942849.5314889507
962174.7340921862
981699.8951257354
1.0014250149715445e6
1.0213500940247308e6
1.0414751326763171e6
1.0618001313212176e6
1.0823250903558084e6
1.1030500101779927e6
1.1239748911862914e6
1.1450997337796823e6
1.1664245383571393e6
1.1879493053171947e6
1.209674035058407e6
1.231598727977798e6
1.2537233844713361e6
1.2760480049336054e6
1.298572589757523e6
1.3212971393339988e6
1.3442216540519854e6
1.3673461342977337e6
1.3906705804556797e6
1.4141949929070123e6
1.4379193720310705e6
1.461843718201701e6
1.485968031793494e6
1.51029231317534e6
1.5348165627134703e6
1.5595407807710732e6
1.5844649677074961e6
1.6095891238788527e6
1.6349132496376785e6
1.660437345332871e6
1.6861614113098087e6
1.7120854479099785e6
1.7382094554713373e6
1.764533434327976e6
1.7910573848102854e6
1.8177813072448834e6
1.8447052019545229e6
1.8718290692582102e6
1.8991529094711838e6
1.9266767229048165e6
1.954400509866665e6
1.9823242706605818e6
2.0104480055863226e6
2.0387717149409205e6
2.067295399016221e6
2.096019058101174e6
2.1249426924808943e6
2.1540663024368254e6
2.1833898882467095e6
2.2129134501846693e6
2.242636988521257e6
2.272560503523417e6
2.302683995454573e6
2.3330074645746415e6
2.363530911140082e6
2.394254335403885e6
2.4251777376156896e6
2.456301118021662e6
2.4876244768647845e6
2.5191478143846556e6
2.5508711308176364e6
2.58279442639687e6
2.614917701352342e6
2.6472409559108024e6
2.6797641902954527e6
2.7124874047281146e6
2.7454105994258425e6
2.7785337746033324e6
2.8118569304722636e6
2.8453800672414782e6
2.8791031851168894e6
2.913026284301595e6
2.9471493649957725e6
2.981472427397532e6
3.0159954717011834e6
3.050718498099096e6
3.085641506780793e6
3.120764497933234e6
3.156087471740923e6
3.1916104283517264e6
3.2273333680435363e6
3.263256290897549e6
3.2993791971193496e6
3.335702086881076e6
3.37222496035246e6
3.408947817700985e6
3.4458706590918424e6
3.4829934846879393e6
3.5203162946500545e6
3.5578390891367774e6
3.5955618683044584e6
3.6334846323074307e6
3.6716073812979152e6
3.7099301154261e6
3.7484528348401254e6
3.7871755396862244e6
3.826098230108547e6
3.865220906249431e6
3.9045435682492675e6
3.9440662162465667e6
3.9837888503780495e6