19070.228213334878
19185.35555586373
19492.5215886269
19992.15506871557
20684.931133792285
21571.741656516722
22653.65620518048
23931.876260810794
25407.684079363768
27082.3899491474
28957.27997368091
31033.567466092878
33312.35030871327
35794.57638322667
38481.0185954685
41372.260179226534
44468.69038613014
47770.50986596847
51277.74446595457
54990.2657138237
58907.8159893049
63030.03629628055
67356.49468590507
71886.71359198542
76620.19472917831
81556.44058274722
86694.9719263699
92035.34118044608
97577.14171643369
103320.01346758238
109263.64533085353
115407.77497107514
121752.1866019707
128296.70735194399
135041.20271986397
141985.57159337614
149129.74110756535
156473.66174185963
164017.30271809472
171760.64789161988
179703.69217283986
187846.43850236462
196188.89535795394
204731.07475626524
213472.99069502
222414.65798335194
231556.09138112087
240897.30501385735
250438.31198423827
260179.12415918708
270119.7520615811
280260.204865474
290600.4904421163
301140.6154491886
311880.58544217906
322820.40499566565
333960.07783041784
345299.60693160386
356838.99466359784
368578.24287255935
380517.35298037925
392656.32606496394
404995.1629312148
417533.86417403945
430272.4302205634
443210.86139041133
456349.1579167183
469687.31997941557
483225.347731689
496963.24131629616
510901.00089105265
525038.626619406
539376.118701884
553913.4773724854
568650.7029046771
583587.7956165487
598724.7558731025
614061.5840852926
629598.2807112315
645334.8462592787
661271.2812827602
677407.5863802696
693743.7621955862
710279.8094128708
727015.7287580536
743951.5209908034
761087.1869200435
778422.7273691376
795958.1432055213
813693.4353225996
831628.6046407905
849763.6521052928
868098.5786839783
886633.3853654199
905368.0731568444
924302.6430821097
943437.0961798251
962771.4335026685
982305.6561136044
1.0020397650860327e6
1.0219737615019679e6
1.0421076464499823e6
1.0624414210245514e6
1.0829750863238224e6
1.1037086434499768e6
1.1246420935064382e6
1.145775437597895e6
1.1671086768288505e6
1.1886418123019608e6
1.2103748451201078e6
1.232307776381585e6
1.2544406071816524e6
1.27677333861155e6
1.2993059717577766e6
1.3220385077009709e6
1.3449709475167408e6
1.3681032922724031e6
1.3914355430305174e6
1.41496770084457e6
1.4386997667608697e6
1.4626317418177924e6
1.4867636270447935e6
1.5110954234627814e6
1.5356271320832805e6
1.5603587539094752e6
1.5852902899337788e6
1.6104217411396329e6
1.6357531085005412e6
1.6612843929798782e6
1.6870155955312392e6
1.712946717097425e6
1.7390777586114488e6
1.765408720995578e6
1.7919396051618024e6
1.8186704120116695e6
1.8456011424360676e6
1.8727317973153961e6
1.9000623775196755e6
1.9275928839082173e6
1.955323317329749e6
1.9832536786216106e6
2.0113839686143468e6
2.039714188124172e6
2.0682443379574423e6
2.0969744189113933e6
2.1259044317726484e6
2.1550343773176917e6
2.184364256312732e6
2.21389406951399e6
2.24362381766783e6
2.2735535015105978e6
2.303683121768953e6
2.334012679159825e6
2.364542174390613e6
2.395271608159126e6
2.426200981153855e6
2.4573302940537934e6
2.488659547529075e6
2.5201887422404955e6
2.5519178788398905e6
2.583846957970251e6
2.6159759802658088e6
2.648304946351856e6
2.6808338568438953e6
2.7135627123536416e6
2.7464915134796263e6
2.779620260813802e6
2.8129489549399763e6
2.846477596433901e6
2.8802061858633566e6
2.9141347237883913e6
2.9482632107608817e6
2.9825916473270757e6
3.01712003402268e6
3.051848371378125e6
3.086776659915892e6
3.1219049001514367e6
3.1572330925934077e6
3.1927612375186156e6
3.2284893360857447e6
3.264417388126072e6
3.300545394337296e6
3.3368733551938417e6
3.373401271163236e6
3.4101291427084296e6
3.447056970283543e6
3.4841847543380777e6
3.5215124953152235e6
3.5590401936521386e6
3.5967678497798103e6
3.6346954641236854e6
3.672823037103308e6
3.7111505691326964e6
3.749678060620178e6
3.7884055119688003e6
3.827332923575939e6
3.8664602958338917e6
3.9057876291296207e6
3.945314923844896e6
3.9850421803565617e6