18994.630641941054
19114.630641381824
19434.630639910378
19954.63063757996
20674.630634473913
21594.630630701446
22714.630626392143
24034.63062168981
25554.630616745577
27274.630611711356
29194.630606733495
31314.630601947123
33634.63059747181
36154.63059340794
38874.63058983475
41794.630586809406
44914.63058436729
48234.63058252317
51754.63058127342
55474.63058059852
59394.63058046602
63514.630580833764
67834.63058165276
72354.63058287019
77074.63058443184
81994.63058628414
87114.63058837605
92434.6305906602
97954.63059309375
103674.63059563897
109594.63059826325
115714.63060093926
122034.63060364446
128554.63060636085
135274.63060907443
142194.6306117747
149314.63061445398
156634.63061710715
164154.63061973098
171874.63062232378
179794.63062488497
187914.63062741485
196234.6306299143
204754.6306323845
213474.63063482693
222394.63063724307
231514.63063963444
240834.63064200256
250354.6306443486
260074.63064667396
269994.63064897957
280114.63065126643
290434.6306535353
300954.63065578695
311674.6306580218
322594.6306602403
333714.6306624428
345034.63066462975
356554.63066680124
368274.6306689575
380194.63067109854
392314.6306732246
404634.63067533565
417154.6306774317
429874.63067951275
442794.63068157906
455914.6306836306
469234.630685667
482754.6306876886
496474.6306896954
510394.63069168717
524514.6306936641
538834.6306956261
553354.6306975735
568074.6306995058
582994.6307014235
598114.6307033264
613434.6307052146
628954.6307070882
644674.6307089471
660594.6307107913
676714.6307126211
693034.6307144365
709554.6307162375
726274.6307180243
743194.6307197969
760314.6307215553
777634.6307232996
795154.6307250302
812874.6307267467
830794.6307284497
848914.6307301389
867234.6307318145
885754.6307334768
904474.630735126
923394.630736762
942514.6307383846
961834.6307399943
981354.630741591
1.0010746307431754e6
1.0209946307447469e6
1.0411146307463057e6
1.0614346307478528e6
1.0819546307493872e6
1.10267463075091e6
1.1235946307524205e6
1.144714630753919e6
1.166034630755406e6
1.1875546307568806e6
1.2092746307583442e6
1.2311946307597966e6
1.2533146307612378e6
1.2756346307626676e6
1.2981546307640867e6
1.3208746307654942e6
1.3437946307668916e6
1.366914630768278e6
1.3902346307696537e6
1.4137546307710197e6
1.4374746307723739e6
1.4613946307737199e6
1.4855146307750551e6
1.5098346307763793e6
1.534354630777695e6
1.5590746307789998e6
1.5839946307802964e6
1.6091146307815826e6
1.634434630782859e6
1.6599546307841265e6
1.6856746307853847e6
1.7115946307866347e6
1.7377146307878748e6
1.7640346307891062e6
1.790554630790329e6
1.817274630791543e6
1.8441946307927486e6
1.8713146307939456e6
1.8986346307951333e6
1.9261546307963138e6
1.9538746307974854e6
1.9817946307986495e6
2.0099146307998071e6
2.038234630800955e6
2.0667546308020954e6
2.0954746308032274e6
2.124394630804353e6
2.1535146308054714e6
2.182834630806581e6
2.2123546308076824e6
2.242074630808777e6
2.271994630809866e6
2.302114630810946e6
2.33243463081202e6
2.3629546308130873e6
2.3936746308141467e6
2.4245946308152e6
2.4557146308162464e6
2.487034630817286e6
2.518554630818319e6
2.5502746308193468e6
2.5821946308203666e6
2.614314630821379e6
2.6466346308223875e6
2.679154630823388e6
2.7118746308243833e6
2.744794630825374e6
2.777914630826355e6
2.811234630827333e6
2.844754630828302e6
2.878474630829268e6
2.9123946308302265e6
2.9465146308311797e6
2.9808346308321296e6
3.0153546308330707e6
3.0500746308340086e6
3.084994630834937e6
3.1201146308358647e6
3.155434630836786e6
3.190954630837702e6
3.22667463083861e6
3.2625946308395164e6
3.298714630840415e6
3.3350346308413083e6
3.3715546308421995e6
3.4082746308430806e6
3.4451946308439644e6
3.482314630844837e6
3.519634630845708e6
3.557154630846572e6
3.594874630847431e6
3.6327946308482867e6
3.6709146308491416e6
3.7092346308499835e6
3.7477546308508264e6
3.7864746308516636e6
3.8253946308524963e6
3.864514630853325e6
3.9038346308541475e6
3.943354630854969e6
3.983074630855784e6