18994.93261110282
19114.91226847355
19434.858743567587
19954.77396844486
20674.66096873398
21594.523709437926
22714.366896795094
24034.19575068103
25554.015760845097
27273.832443901236
29193.65111457756
31313.476683707704
33633.31349276139
36153.16519105893
38873.03465855263
41792.92397378452
44912.83442353459
48232.76654859404
51752.720218353264
55472.69472610009
59392.68889686678
63512.70120000745
67832.72985980287
72352.77295847921
77072.8285276835
81992.8946256523
87112.96939887616
92433.05112810475
97953.13825954369
103673.22942273857
109593.32343711113
115713.41930929216
122033.51622347352
128553.6135268503
135273.71071192363
142193.80739736132
149313.9033085857
156633.99825906812
164154.0921330072
171874.1848698123
179794.27645068703
187914.36688679646
196234.45621067792
204754.54446787428
213474.6317114469
222394.7179974679
231514.80338177766
240834.8879177451
250354.97165482386
260075.0546377179
269995.13690600515
280115.218494103
290435.2994314562
300955.3797428785
311675.4594489818
322595.53856664634
333715.61710949976
345035.69508837926
356555.7725117721
368275.84938620264
380195.9257166006
392316.0015066064
404636.07675883826
417156.15147514676
429876.22565676254
442796.2993045357
455916.37241901224
469236.4450005611
482756.5170494787
496476.58856604656
510396.65955062985
524516.7300036406
538836.7999256563
553356.8693174053
568076.9381797928
582997.006513912
598117.0743210576
613437.1416027201
628957.2083605884
644677.274596561
660597.3403127257
676717.4055113569
693037.4701949226
709557.5343660521
726277.5980275501
743197.6611823657
760317.723833642
777637.7859845931
795157.8476386097
812877.9087991902
830797.9694699475
848918.0296545946
867238.0893569404
885758.1485808791
904478.2073303829
923398.2656094927
942518.3234223117
961838.3807730012
981358.4376657676
1.0010784941048587e6
1.0209985500945621e6
1.0411186056391903e6
1.0614386607430843e6
1.081958715410599e6
1.1026787696461088e6
1.123598823453995e6
1.144718876838643e6
1.166038929804442e6
1.1875589823557737e6
1.2092790344970208e6
1.2311990862325516e6
1.253319137566722e6
1.2756391885038726e6
1.298159239048326e6
1.3208792892043842e6
1.343799338976327e6
1.366919388368404e6
1.390239437384848e6
1.4137594860298538e6
1.4374795343075956e6
1.46139958222219e6
1.4855196297777586e6
1.5098396769783637e6
1.5343597238280377e6
1.5590797703307772e6
1.583999816490541e6
1.6091198623112477e6
1.6344399077967792e6
1.6599599529509803e6
1.6856799977776506e6
1.7116000422805524e6
1.7377200864634078e6
1.7640401303298944e6
1.7905601738836516e6
1.8172802171282775e6
1.8442002600673253e6
1.87132030270431e6
1.898640345042702e6
1.926160387085933e6
1.95388042883739e6
1.9818004703004186e6
2.0099205114783223e6
2.0382405523743732e6
2.0667605929917847e6
2.0954806333337417e6
2.1244006734033828e6
2.153520713203811e6
2.182840752738085e6
2.2123607920092256e6
2.242080831020211e6
2.2720008697739867e6
2.302120908273449e6
2.332440946521467e6
2.3629609845208647e6
2.3936810222744276e6
2.4246010597849083e6
2.4557210970550203e6
2.4870411340874364e6
2.5185611708848e6
2.5502812074497165e6
2.582201243784753e6
2.614321279892442e6
2.646641315775287e6
2.6791613514357423e6
2.7118813868762576e6
2.744801422099219e6
2.777921457106995e6
2.8112414919019216e6
2.8447615264862934e6
2.8784815608623847e6
2.9124015950324317e6
2.9465216289986433e6
2.9808416627631993e6
3.0153616963282423e6
3.050081729695891e6
3.085001762868236e6
3.120121795847335e6
3.155441828635226e6
3.1909618612339096e6
3.2266818936453275e6
3.262601925871496e6
3.298721957914304e6
3.335041989775656e6
3.371562021457415e6
3.4082820529614286e6
3.4452020842895247e6
3.4823221154434886e6
3.5196421464250963e6
3.557162177236099e6
3.5948822078782134e6
3.632802238353149e6
3.6709222686625803e6
3.7092422988081547e6
3.747762328791515e6
3.786482358614268e6
3.8254023882780066e6
3.8645224177842997e6
3.9038424471346876e6
3.943362476330704e6
3.9830825053738523e6