18994.630647586746
19114.63064666385
19434.63064423557
19954.630640389674
20674.630635263587
21594.630629037303
22714.630621924603
24034.63061416248
25554.630606000224
27274.630597688272
29194.63058946791
31314.630581562044
33634.630574167735
36154.630567450586
38874.63056154126
41794.63055653403
44914.630552487244
48234.630549425376
51754.630547342385
55474.63054620619
59394.6305459633
63514.63054654427
67834.63054786838
72354.63054984856
77074.63055239545
81994.63055542081
87114.63055884054
92434.63056257654
97954.63056655825
103674.63057072344
109594.6305750185
115714.63057939832
122034.63058382581
128554.63058827134
135274.63059271182
142194.63059712996
149314.6306015132
156634.63060585313
164154.6306101444
171874.63061438425
179794.6306185718
187914.63062270757
196234.630626793
204754.63063083007
213474.63063482125
222394.63063876904
231514.63064267597
240834.6306465444
250354.63065037658
260074.63065417454
269994.63065794006
280114.6306616746
290434.63066537963
300954.63066905615
311674.6306727051
322594.63067632733
333714.63067992334
345034.6306834937
356554.63068703865
368274.63069055864
380194.6306940537
392314.63069752423
404634.6307009701
417154.63070439163
429874.63070778863
442794.63071116136
455914.63071450964
469234.63071783347
482754.63072113314
496474.63072440843
510394.63072765927
524514.6307308859
538834.6307340881
553354.6307372663
568074.63074042
582994.6307435497
598114.6307466553
613434.6307497368
628954.6307527943
644674.6307558279
660594.6307588378
676714.630761824
693034.6307647866
709554.6307677259
726274.6307706415
743194.6307735342
760314.6307764037
777634.6307792504
795154.6307820744
812874.6307848757
830794.6307876548
848914.6307904114
867234.6307931459
885754.6307958585
904474.6307985495
923394.630801219
942514.6308038669
961834.6308064939
981354.6308090994
1.0010746308116846e6
1.0209946308142492e6
1.0411146308167933e6
1.0614346308193174e6
1.081954630821821e6
1.1026746308243058e6
1.1235946308267706e6
1.144714630829216e6
1.1660346308316418e6
1.1875546308340493e6
1.2092746308364372e6
1.2311946308388065e6
1.253314630841158e6
1.2756346308434915e6
1.2981546308458068e6
1.3208746308481046e6
1.3437946308503842e6
1.3669146308526462e6
1.3902346308548916e6
1.4137546308571203e6
1.437474630859332e6
1.461394630861527e6
1.4855146308637045e6
1.5098346308658666e6
1.5343546308680128e6
1.559074630870143e6
1.5839946308722582e6
1.6091146308743565e6
1.634434630876439e6
1.659954630878509e6
1.6856746308805614e6
1.7115946308826e6
1.7377146308846234e6
1.7640346308866339e6
1.7905546308886283e6
1.8172746308906092e6
1.8441946308925773e6
1.8713146308945287e6
1.8986346308964684e6
1.926154630898394e6
1.9538746309003078e6
1.9817946309022068e6
2.0099146309040932e6
2.0382346309059672e6
2.0667546309078275e6
2.0954746309096753e6
2.1243946309115114e6
2.1535146309133344e6
2.182834630915146e6
2.2123546309169447e6
2.2420746309187305e6
2.271994630920507e6
2.3021146309222705e6
2.332434630924022e6
2.3629546309257625e6
2.393674630927491e6
2.4245946309292116e6
2.455714630930918e6
2.487034630932614e6
2.518554630934299e6
2.5502746309359744e6
2.5821946309376396e6
2.614314630939293e6
2.646634630940937e6
2.679154630942571e6
2.711874630944195e6
2.7447946309458087e6
2.77791463094741e6
2.8112346309490055e6
2.8447546309505883e6
2.8784746309521645e6
2.9123946309537287e6
2.9465146309552845e6
2.9808346309568333e6
3.0153546309583676e6
3.0500746309598987e6
3.0849946309614168e6
3.1201146309629264e6
3.1554346309644296e6
3.1909546309659244e6
3.226674630967409e6
3.262594630968884e6
3.298714630970353e6
3.3350346309718112e6
3.371554630973263e6
3.408274630974703e6
3.44519463097614e6
3.4823146309775687e6
3.519634630978987e6
3.5571546309804e6
3.5948746309817997e6
3.6327946309831976e6
3.670914630984587e6
3.7092346309859664e6
3.74775463098734e6
3.7864746309887064e6
3.8253946309900642e6
3.8645146309914165e6
3.9038346309927604e6
3.9433546309940987e6
3.9830746309954296e6