52513.02981984007
52505.35130789704
52485.19456429646
52453.44151967205
52411.556307691935
52361.46866602657
52305.83062994023
52247.600950647495
52190.45063003595
52138.542929245246
52096.57668436997
52069.79373877155
52063.95316260547
52085.34837778576
52140.79301728666
52237.6250832394
52383.69740160304
52587.38867769
52857.590796446515
53203.71947625364
53635.7159256477
54164.049961937504
54799.730187654524
55554.31565153107
56439.92878223816
57469.25914985445
58655.62438741984
60012.95407691429
61555.84739416375
63299.60890614585
65260.299396699585
67454.79502346023
69900.86538012509
72617.2598836649
75623.82015702804
78941.61526210056
82593.10862030418
86602.3662995538
90995.31587176728
95800.07250537144
101047.35028482528
106770.98407876256
113008.59011132721
119802.40212871048
127200.3120735729
135257.15597299184
144036.19354595052
153610.73874935845
164065.61173494655
175497.67311479038
188014.28241586793
201727.15000681474
216738.33735941484
233115.00918996905
250853.21394655237
269840.5238891003
289839.75975924666
310516.8144362315
331511.46257969295
352516.58322547044
373325.5736422719
393835.6926318751
414023.2883371643
433912.5471940214
453550.3646346461
472990.33428119513
492284.19348004553
511478.09376263263
530611.5291134717
549717.5723766468
568823.641347371
587952.4004373729
607122.6190354947
626349.9151786853
645647.3740332865
665026.0430662916
684495.3296493532
704063.314847213
723736.9883704718
743522.4653040168
763425.1161397572
783449.7012255392
803600.4667140852
823881.222371759
844295.4055706804
864846.1340955598
885536.248370761
906368.348825138
927344.8235642484
948467.8767291555
969739.5440977678
991161.7206651715
1.012736167067887e6
1.0344645281779907e6
1.056348343028547e6
1.07838905510947e6
1.1005880226859103e6
1.1229465246054337e6
1.14546576857825e6
1.1681468965046974e6
1.1909909905205234e6
1.2139990775510329e6
1.2371721336314508e6
1.260511087388305e6
1.2840168244897332e6
1.3076901896887089e6
1.3315319906312008e6
1.3555429994963233e6
1.37972395659531e6
1.4040755706751898e6
1.4285985226649581e6
1.453293466347427e6
1.4781610299622698e6
1.5032018187249003e6
1.5284164152472697e6
1.553805380968954e6
1.5793692571755329e6
1.6051085667992728e6
1.6310238144341013e6
1.6571154881293736e6
1.6833840593078614e6
1.7098299863493133e6
1.7364537069202126e6
1.7632556525953584e6
1.790236237531395e6
1.8173958642971271e6
1.8447349225672027e6
1.8722537915699813e6
1.899952838408215e6
1.9278324208201936e6
1.9558928859282385e6
1.9841345711368888e6
2.0125578044942678e6
2.0411629054102201e6
2.069950184776837e6
2.098919944645848e6
2.128072479684542e6
2.157408077121458e6
2.1869270160299465e6
2.2166295695713353e6
2.246516002794172e6
2.2765865752143757e6
2.3068415395223657e6
2.3372811422662763e6
2.367905624264747e6
2.398715220490901e6
2.429710160585901e6
2.460890668507699e6
2.4922569631856857e6
2.5238092586765056e6
2.5555477642813977e6
2.5874726836364986e6
2.619584217386706e6
2.6518825606832965e6
2.6843679047430777e6
2.7170404365491993e6
2.7499003391005467e6
2.7829477915046564e6
2.8161829691206235e6
2.8496060434464705e6
2.883217181840742e6
2.9170165500043673e6
2.9510043086379142e6
2.985180615483445e6
3.019545625617187e6
3.0540994902452426e6
3.0888423580313516e6
3.1237743746275874e6
3.158895682735982e6
3.1942064224091154e6
3.2297067308533713e6
3.2653967428019564e6
3.3012765902206316e6
3.3373464025371918e6
3.3736063069420666e6
3.41005642810787e6
3.4466968884877823e6
3.4835278080867776e6
3.5205493049681745e6
3.55776149489612e6
3.5951644917232203e6
3.6327584057193235e6
3.670543347920798e6
3.708519425625563e6
3.7466867444353453e6
3.78504540837249e6
3.823595519341367e6
3.8623371775640952e6
3.9012704814887703e6
3.940395528511887e6
3.979712413231498e6
4.019221229331574e6
4.0589220689642928e6
4.098815022258925e6
4.138900178524898e6
4.1791776248213607e6
4.219647447499448e6
4.260309730811473e6
4.301164558013091e6
4.342212011066163e6