18994.6306347169
19114.630634716887
19434.63063471677
19954.63063471664
20674.630634716465
21594.630634716217
22714.63063471591
24034.630634715562
25554.630634715184
27274.630634714762
29194.63063471431
31314.6306347138
33634.63063471328
36154.630634712725
38874.63063471213
41794.63063471152
44914.63063471088
48234.63063471022
51754.63063470952
55474.630634708825
59394.6306347081
63514.630634707355
67834.63063470658
72354.6306347058
77074.630634705
81994.63063470417
87114.63063470332
92434.6306347025
97954.6306347016
103674.6306347007
109594.63063469982
115714.63063469891
122034.63063469797
128554.63063469702
135274.63063469605
142194.6306346951
149314.63063469413
156634.63063469314
164154.63063469215
171874.63063469116
179794.63063469014
187914.63063468912
196234.63063468807
204754.63063468706
213474.63063468604
222394.630634685
231514.63063468394
240834.63063468295
250354.6306346819
260074.63063468086
269994.6306346798
280114.6306346788
290434.6306346778
300954.6306346768
311674.63063467573
322594.6306346747
333714.63063467364
345034.63063467265
356554.63063467166
368274.6306346706
380194.6306346696
392314.6306346686
404634.6306346677
417154.63063466665
429874.6306346656
442794.63063466473
455914.63063466386
469234.6306346627
482754.6306346619
496474.63063466095
510394.6306346599
524514.630634659
538834.630634658
553354.6306346571
568074.6306346562
582994.6306346552
598114.6306346543
613434.6306346534
628954.6306346525
644674.6306346515
660594.6306346508
676714.6306346499
693034.630634649
709554.630634648
726274.6306346472
743194.6306346463
760314.6306346455
777634.6306346447
795154.6306346437
812874.630634643
830794.6306346422
848914.6306346413
867234.6306346405
885754.6306346396
904474.6306346388
923394.6306346379
942514.6306346371
961834.6306346365
981354.6306346362
1.0010746306346356e6
1.0209946306346346e6
1.0411146306346336e6
1.0614346306346334e6
1.0819546306346324e6
1.1026746306346315e6
1.123594630634631e6
1.1447146306346306e6
1.1660346306346299e6
1.1875546306346287e6
1.2092746306346285e6
1.2311946306346273e6
1.253314630634627e6
1.2756346306346264e6
1.2981546306346254e6
1.320874630634625e6
1.3437946306346247e6
1.3669146306346233e6
1.3902346306346224e6
1.413754630634622e6
1.4374746306346215e6
1.4613946306346215e6
1.4855146306346194e6
1.5098346306346196e6
1.5343546306346182e6
1.5590746306346173e6
1.5839946306346178e6
1.6091146306346173e6
1.6344346306346161e6
1.6599546306346154e6
1.6856746306346154e6
1.7115946306346145e6
1.737714630634614e6
1.7640346306346138e6
1.7905546306346122e6
1.8172746306346129e6
1.8441946306346112e6
1.871314630634611e6
1.8986346306346098e6
1.926154630634609e6
1.9538746306346094e6
1.9817946306346084e6
2.009914630634609e6
2.0382346306346064e6
2.0667546306346064e6
2.0954746306346045e6
2.124394630634604e6
2.1535146306346045e6
2.1828346306346036e6
2.2123546306346026e6
2.242074630634603e6
2.2719946306346017e6
2.3021146306346017e6
2.3324346306346008e6
2.3629546306346003e6
2.3936746306346003e6
2.4245946306346e6
2.4557146306345994e6
2.4870346306345984e6
2.5185546306345984e6
2.550274630634598e6
2.5821946306345975e6
2.614314630634596e6
2.6466346306345956e6
2.679154630634596e6
2.711874630634595e6
2.7447946306345942e6
2.7779146306345933e6
2.8112346306345933e6
2.8447546306345924e6
2.878474630634592e6
2.91239463063459e6
2.94651463063459e6
2.980834630634591e6
3.0153546306345896e6
3.0500746306345905e6
3.0849946306345887e6
3.1201146306345877e6
3.1554346306345887e6
3.1909546306345887e6
3.226674630634587e6
3.2625946306345887e6
3.298714630634587e6
3.335034630634586e6
3.3715546306345877e6
3.408274630634584e6
3.445194630634585e6
3.482314630634585e6
3.519634630634583e6
3.557154630634582e6
3.5948746306345803e6
3.632794630634583e6
3.670914630634582e6
3.709234630634581e6
3.7477546306345793e6
3.786474630634581e6
3.8253946306345793e6
3.8645146306345803e6
3.9038346306345775e6
3.943354630634581e6
3.983074630634581e6