18994.630634465575
19114.630634390967
19434.63063419475
19954.630633884095
20674.630633470282
21594.630632968066
22714.630632394954
24034.630631770415
25554.630631114866
27274.63063044884
29194.630629792096
31314.6306291629
33634.63062857739
36154.630628049126
38874.63062758876
41794.630627204024
44914.63062689963
48234.63062667752
51754.6306265372
55474.63062647592
59394.63062648926
63514.63062657148
67834.63062671587
72354.63062691524
77074.6306271622
81994.63062744946
87114.63062777002
92434.63062811749
97954.63062848593
103674.63062887025
109594.63062926594
115714.6306296693
122034.63063007718
128554.63063048714
135274.6306308972
142194.63063130598
149314.6306317123
156634.63063211547
164154.63063251498
171874.6306329106
179794.6306333022
187914.6306336898
196234.6306340735
204754.63063445335
213474.63063482963
222394.6306352024
231514.6306355719
240834.63063593835
250354.63063630174
260074.63063666236
269994.63063702034
280114.6306373757
290434.6306377285
300954.63063807896
311674.630638427
322594.63063877274
333714.63063911616
345034.6306394573
356554.63063979626
368274.63064013293
380194.6306404674
392314.63064079965
404634.63064112957
417154.63064145733
429874.63064178266
442794.630642106
455914.63064242713
469234.6306427457
482754.6306430623
496474.63064337644
510394.6306436884
524514.6306439979
538834.6306443053
553354.6306446104
568074.6306449132
582994.6306452136
598114.6306455119
613434.6306458078
628954.6306461014
644674.6306463929
660594.6306466821
676714.630646969
693034.6306472537
709554.6306475361
726274.6306478165
743194.6306480943
760314.6306483704
777634.6306486438
795154.6306489154
812874.6306491848
830794.630649452
848914.6306497171
867234.6306499799
885754.6306502408
904474.6306504996
923394.6306507564
942514.6306510109
961834.6306512636
981354.6306515144
1.0010746306517628e6
1.0209946306520097e6
1.0411146306522542e6
1.0614346306524975e6
1.081954630652738e6
1.1026746306529772e6
1.1235946306532146e6
1.1447146306534496e6
1.166034630653683e6
1.1875546306539152e6
1.209274630654145e6
1.2311946306543723e6
1.2533146306545988e6
1.2756346306548237e6
1.2981546306550459e6
1.3208746306552677e6
1.3437946306554875e6
1.3669146306557043e6
1.3902346306559201e6
1.413754630656135e6
1.4374746306563474e6
1.4613946306565593e6
1.485514630656769e6
1.5098346306569767e6
1.5343546306571832e6
1.5590746306573881e6
1.583994630657592e6
1.6091146306577947e6
1.634434630657994e6
1.6599546306581935e6
1.685674630658391e6
1.7115946306585881e6
1.7377146306587823e6
1.7640346306589763e6
1.790554630659168e6
1.8172746306593593e6
1.8441946306595479e6
1.8713146306597358e6
1.8986346306599223e6
1.9261546306601076e6
1.9538746306602925e6
1.9817946306604755e6
2.0099146306606575e6
2.038234630660838e6
2.0667546306610177e6
2.0954746306611951e6
2.1243946306613716e6
2.153514630661548e6
2.1828346306617223e6
2.2123546306618955e6
2.242074630662067e6
2.2719946306622387e6
2.3021146306624073e6
2.3324346306625763e6
2.3629546306627444e6
2.3936746306629106e6
2.4245946306630764e6
2.4557146306632417e6
2.4870346306634033e6
2.518554630663566e6
2.550274630663728e6
2.582194630663888e6
2.614314630664046e6
2.646634630664206e6
2.6791546306643635e6
2.711874630664519e6
2.744794630664676e6
2.777914630664828e6
2.8112346306649833e6
2.8447546306651356e6
2.8784746306652864e6
2.912394630665437e6
2.9465146306655863e6
2.9808346306657377e6
3.0153546306658834e6
3.0500746306660315e6
3.084994630666177e6
3.120114630666322e6
3.1554346306664664e6
3.190954630666611e6
3.226674630666756e6
3.2625946306668986e6
3.2987146306670383e6
3.335034630667178e6
3.3715546306673167e6
3.4082746306674555e6
3.445194630667595e6
3.482314630667734e6
3.519634630667869e6
3.557154630668006e6
3.59487463066814e6
3.632794630668275e6
3.670914630668409e6
3.7092346306685405e6
3.7477546306686727e6
3.786474630668805e6
3.8253946306689363e6
3.864514630669065e6
3.903834630669196e6
3.9433546306693265e6
3.983074630669455e6