18994.636164725685
19114.63579210505
19434.634811681244
19954.633258855203
20674.631189063875
21594.62867495342
22714.625802746974
24034.62266807299
25554.619371497814
27274.616014072802
29194.61269314379
31314.60949865094
33634.606510099155
36154.60379431058
38874.601404012355
41794.5993772519
44914.59773757546
48234.59649486825
51754.59564672169
55474.59518017963
59394.595073713805
63514.59529928566
67834.59582437167
72354.59661384944
77074.59763167254
81994.598842283
87114.6002117402
92434.60170856275
97954.60330429951
103674.60497385683
109594.60669561791
115714.60845139422
122034.61022624807
128554.6120082267
135274.61378803785
142194.61555869936
149314.61731518374
156634.61905407565
164154.62077325484
171874.62247161183
179794.62414880254
187914.62580503136
196234.62744089405
204754.62905722455
213474.63065499434
222394.63223523012
231514.6337989543
240834.63534714415
250354.636880705
260074.63840045547
269994.63990712014
280114.64140132925
290434.6428836218
300954.64435445215
311674.64581419766
322594.6472631673
333714.64870161074
345034.65012972616
356554.65154766914
368274.65295555885
380194.6543534858
392314.65574151627
404634.65711969853
417154.65848806605
429874.6598466416
442794.66119544086
455914.66253447346
469234.66386374616
482754.6651832645
496474.66649303364
510394.66779306007
524514.6690833515
538834.6703639184
553354.6716347742
568074.6728959354
582994.6741474217
598114.6753892573
613434.6766214692
628954.6778440885
644674.6790571497
660594.6802606913
676714.6814547547
693034.6826393853
709554.6838146311
726274.6849805436
743194.6861371766
760314.6872845879
777634.6884228361
795154.6895519836
812874.6906720942
830794.691783234
848914.6928854713
867234.6939788755
885754.6950635185
904474.6961394724
923394.6972068113
942514.6982656108
961834.6993159468
981354.7003578966
1.0010747013915373e6
1.0209947024169482e6
1.041114703434207e6
1.0614347044433956e6
1.0819547054445911e6
1.102674706437875e6
1.123594707423328e6
1.1447147084010295e6
1.1660347093710594e6
1.1875547103334996e6
1.2092747112884293e6
1.231194712235928e6
1.253314713176076e6
1.2756347141089542e6
1.2981547150346395e6
1.3208747159532113e6
1.3437947168647496e6
1.36691471776933e6
1.3902347186670306e6
1.41375471955793e6
1.4374747204421025e6
1.461394721319624e6
1.48551472219057e6
1.509834723055016e6
1.5343547239130337e6
1.559074724764699e6
1.583994725610083e6
1.6091147264492565e6
1.6344347272822917e6
1.6599547281092587e6
1.6856747289302275e6
1.711594729745268e6
1.737714730554445e6
1.7640347313578287e6
1.7905547321554853e6
1.8172747329474806e6
1.8441947337338785e6
1.8713147345147447e6
1.8986347352901427e6
1.9261547360601346e6
1.9538747368247844e6
1.9817947375841504e6
2.009914738338295e6
2.0382347390872757e6
2.0667547398311556e6
2.0954747405699897e6
2.1243947413038374e6
2.1535147420327547e6
2.182834742756797e6
2.2123547434760197e6
2.2420747441904787e6
2.2719947449002285e6
2.3021147456053174e6
2.332434746305804e6
2.3629547470017364e6
2.3936747476931685e6
2.4245947483801465e6
2.455714749062722e6
2.4870347497409442e6
2.5185547504148637e6
2.5502747510845237e6
2.5821947517499747e6
2.6143147524112603e6
2.646634753068431e6
2.6791547537215278e6
2.7118747543705963e6
2.7447947550156806e6
2.7779147556568235e6
2.811234756294069e6
2.8447547569274576e6
2.8784747575570312e6
2.9123947581828325e6
2.9465147588048996e6
2.9808347594232736e6
3.0153547600379935e6
3.0500747606490995e6
3.084994761256629e6
3.120114761860616e6
3.155434762461104e6
3.1909547630581283e6
3.2266747636517207e6
3.262594764241922e6
3.2987147648287616e6
3.335034765412281e6
3.3715547659925106e6
3.4082747665694836e6
3.445194767143237e6
3.4823147677137996e6
3.519634768281207e6
3.5571547688454906e6
3.5948747694066777e6
3.6327947699648063e6
3.6709147705199025e6
3.709234771071997e6
3.7477547716211216e6
3.786474772167304e6
3.8253947727105753e6
3.864514773250963e6
3.9038347737884936e6
3.943354774323202e6
3.9830747748551085e6