195014.52976349602
194964.37517591682
194830.6490459094
194614.89278506843
194317.56367869204
193940.63231294212
193486.26367144746
192957.11594766733
192356.28619567538
191687.30648433208
190954.20890121476
190161.4038019962
189313.78543815494
188416.64562480873
187475.689520297
186497.0475700465
185487.22771365498
184453.14008623996
183402.07398517348
182341.6855805769
181279.99691155448
180225.38913666498
179186.58471037447
178172.65004483424
177192.9917168814
176257.33910496224
175375.75018718833
174558.6033791082
173816.6002954818
173160.75832373044
172602.41537356487
172153.23092845548
171825.1906290184
171630.61245576886
171582.16012340976
171692.81750636792
171975.97462002136
172445.37020117627
173115.14632790652
173999.86361379776
175114.52869576588
176474.62177067352
178096.13596650984
179995.61759667168
182190.21565313975
184697.73879757524
187536.72425511817
190726.51327523636
194287.34813112253
198240.48129701568
202608.30498665833
207414.51854687475
212684.31182340637
218444.61151353753
224724.36905874923
231554.92859558773
238970.5057911139
247008.7462775161
255711.5189255875
265125.8748708002
275305.31173525855
286311.41173624387
298215.85060587514
311102.9366881785
325072.4179726533
340242.2782870727
356750.34899032465
374752.38618605345
394412.19671956677
415876.82381855283
439229.6828122404
464422.60383307625
491210.18401625834
519136.98988484376
547619.0941689836
576094.0552335427
604150.030010351
631568.7464909244
658291.7706143539
684359.6532091405
709858.8711617094
734888.2626058806
759541.8527097483
783902.0152087666
808038.0185892922
832006.9875310701
855855.6930516751
879622.4293686715
903338.6904571322
927030.5751496656
950719.8920909942
974425.0403069071
998161.688878141
1.0219433095594821e6
1.0457815776887495e6
1.0696867027465813e6
1.0936676722710615e6
1.1177324561745708e6
1.1418881622581761e6
1.166141170941812e6
1.1904972310239465e6
1.2149615519109275e6
1.2395388740482102e6
1.2642335193985188e6
1.2890494585937876e6
1.3139903353301883e6
1.3390595126453775e6
1.3642600987232248e6
1.3895949660513871e6
1.415066827087023e6
1.440678143955172e6
1.4664312557707783e6
1.4923283474443553e6
1.5183714584397613e6
1.54456250373488e6
1.5709032928686375e6
1.597395522439436e6
1.6240407955104862e6
1.6508406273962446e6
1.6777964502466172e6
1.7049096226066137e6
1.7321814320748257e6
1.7596131018595067e6
1.7872057944489154e6
1.8149606177232633e6
1.842878626027956e6
1.870960825396305e6
1.8992081775023032e6
1.9276215992593132e6
1.9562019692902893e6
1.9849501281623386e6
2.0138668817346136e6
2.0429530016641016e6
2.0722092298837155e6
2.101636278648233e6
2.1312348276459826e6
2.1610055431144806e6
2.1909490513175176e6
2.2210659638626846e6
2.251356868241873e6
2.2818223374611856e6
2.312462904394516e6
2.3432791029897504e6
2.37427144310734e6
2.4054404227632456e6
2.4367865041739154e6
2.468310152836981e6
2.5000118160626483e6
2.5318919237466585e6
2.5639508937448543e6
2.596189129922918e6
2.6286070245763063e6
2.661204958510313e6
2.693983290041092e6
2.7269423972501806e6
2.7600826177209695e6
2.7934042891293135e6
2.8269077393067493e6
2.860593287334051e6
2.8944612332817065e6
2.9285118983763475e6
2.9627455660495274e6
2.997162521511874e6
3.031763042695047e6
3.0665474011584953e6
3.101515859226457e6
3.136668674444043e6
3.172006096238183e6
3.2075283696180894e6
3.2432357321532783e6
3.279128415822821e6
3.315206646731084e6
3.351470647148957e6
3.387920631428055e6
3.424556811190458e6
3.461379390551302e6
3.4983885720244753e6
3.5355845511084455e6
3.5729675194630898e6
3.610537664864135e6
3.6482951703775763e6
3.6862402152032615e6
3.7243729744284474e6
3.7626936197210937e6
3.801202318635577e6
3.8398992352852407e6
3.878784530398701e6
3.9178583610831634e6
3.9571208810649593e6
3.996572241639788e6
4.036212590185975e6
4.0760420711100153e6
4.1160608263235004e6
4.1562689946155124e6
4.196666712225249e6
4.237254112175364e6
4.278031325493198e6
4.3189984803559e6
4.360155702594969e6
4.401503115393441e6