18994.630633061184
19114.630633062596
19434.63063306635
19954.630633072447
20674.630633080917
21594.630633091714
22714.630633104825
24034.630633120265
25554.63063313802
27274.630633158027
29194.63063318032
31314.63063320481
33634.63063323153
36154.63063326037
38874.63063329132
41794.63063332433
44914.63063335931
48234.63063339621
51754.63063343498
55474.630633475535
59394.630633517794
63514.6306335617
67834.63063360716
72354.63063365409
77074.63063370244
81994.6306337521
87114.630633803
92434.63063385508
97954.63063390824
103674.63063396243
109594.63063401755
115714.63063407358
122034.63063413039
128554.63063418794
135274.6306342462
142194.63063430507
149314.6306343645
156634.63063442442
164154.6306344848
171874.63063454558
179794.6306346067
187914.63063466814
196234.63063472984
204754.63063479174
213474.63063485382
222394.63063491601
231514.6306349783
240834.6306350407
250354.63063510304
260074.63063516543
269994.6306352278
280114.63063529006
290434.6306353522
300954.6306354143
311674.6306354762
322594.63063553796
333714.63063559955
345034.63063566084
356554.630635722
368274.63063578296
380194.6306358436
392314.6306359039
404634.6306359641
417154.63063602394
429874.6306360834
442794.6306361426
455914.6306362015
469234.63063626003
482754.6306363182
496474.63063637604
510394.63063643355
524514.6306364905
538834.6306365473
553354.6306366038
568074.6306366599
582994.6306367153
598114.6306367706
613434.6306368255
628954.6306368799
644674.6306369342
660594.6306369877
676714.6306370411
693034.630637094
709554.6306371464
726274.6306371989
743194.6306372505
760314.6306373021
777634.6306373528
795154.6306374033
812874.6306374538
830794.6306375036
848914.6306375529
867234.6306376021
885754.6306376506
904474.6306376993
923394.6306377472
942514.6306377945
961834.630637842
981354.6306378893
1.0010746306379358e6
1.0209946306379819e6
1.0411146306380276e6
1.0614346306380732e6
1.081954630638118e6
1.1026746306381628e6
1.1235946306382075e6
1.1447146306382515e6
1.1660346306382953e6
1.1875546306383389e6
1.209274630638382e6
1.2311946306384245e6
1.2533146306384674e6
1.275634630638509e6
1.298154630638551e6
1.3208746306385924e6
1.3437946306386336e6
1.3669146306386746e6
1.3902346306387144e6
1.4137546306387554e6
1.4374746306387952e6
1.4613946306388355e6
1.4855146306388741e6
1.5098346306389133e6
1.5343546306389514e6
1.55907463063899e6
1.5839946306390292e6
1.6091146306390672e6
1.6344346306391046e6
1.6599546306391421e6
1.6856746306391794e6
1.7115946306392164e6
1.7377146306392532e6
1.7640346306392888e6
1.7905546306393254e6
1.8172746306393617e6
1.8441946306393964e6
1.871314630639432e6
1.8986346306394672e6
1.9261546306395016e6
1.9538746306395365e6
1.9817946306395715e6
2.0099146306396055e6
2.0382346306396388e6
2.0667546306396727e6
2.0954746306397053e6
2.124394630639739e6
2.153514630639773e6
2.1828346306398055e6
2.212354630639838e6
2.2420746306398693e6
2.2719946306399032e6
2.3021146306399335e6
2.3324346306399656e6
2.3629546306399973e6
2.393674630640029e6
2.4245946306400606e6
2.4557146306400914e6
2.487034630640121e6
2.5185546306401524e6
2.550274630640183e6
2.5821946306402124e6
2.6143146306402422e6
2.6466346306402725e6
2.6791546306403023e6
2.711874630640332e6
2.7447946306403615e6
2.777914630640389e6
2.81123463064042e6
2.844754630640448e6
2.8784746306404765e6
2.912394630640504e6
2.946514630640532e6
2.980834630640563e6
3.015354630640588e6
3.0500746306406166e6
3.0849946306406427e6
3.1201146306406697e6
3.1554346306406977e6
3.1909546306407265e6
3.2266746306407526e6
3.262594630640777e6
3.2987146306408057e6
3.335034630640831e6
3.371554630640858e6
3.408274630640884e6
3.445194630640913e6
3.482314630640937e6
3.519634630640961e6
3.5571546306409882e6
3.5948746306410125e6
3.6327946306410385e6
3.6709146306410637e6
3.709234630641088e6
3.747754630641113e6
3.786474630641139e6
3.8253946306411633e6
3.8645146306411894e6
3.9038346306412127e6
3.9433546306412388e6
3.983074630641261e6