19011.19974354135
19130.094358124086
19447.18522177318
19962.575568962973
20676.42726982919
21588.95283987085
22700.405121750824
24011.06536357681
25521.23033244119
27231.199396282886
29141.262168856993
31251.687511644748
33562.714358603436
36074.54476440541
38787.33937309675
41701.21532492756
44816.24646163368
48132.46555254153
51649.86816613194
55368.41775400327
59288.0514952166
63408.68646781161
67730.2257099815
72252.56420572982
76975.59349546499
81899.2065172729
87023.30083529784
92347.78129863291
97872.5618204012
103597.56640981749
109522.72956508021
115647.99614716097
121973.32085897043
128498.66744464247
135224.00771521352
142149.32048717423
149274.59050541907
156599.80740654402
164124.96475515037
171850.0591828351
179775.08964269215
187900.05675213967
196224.96231584082
204749.808861058
213474.5993330135
222399.33684485202
231524.02449722873
240848.66525442482
250373.26186389118
260097.8168102434
270022.3322939215
280146.8102296637
290471.25225655356
300995.6597569166
311720.03388042917
322644.3755696361
333768.68558682146
345092.9645394145
356617.21290434955
368341.43104958825
380265.61925454333
392389.7777280166
404713.90661693795
417238.00603285537
429962.07604759594
442886.1167128719
456010.1280631375
469334.1101228506
482858.0629119513
496581.98644930177
510505.88075807615
524629.7458637394
538953.5818005505
553477.3886110833
568201.1663470457
583124.9150705733
598248.6348546487
613572.3257828453
629095.987949488
644819.6214603271
660743.2264313351
676866.8029887492
693190.3512690837
709713.8714179632
726437.3635903727
743360.8279490754
760484.2646676239
777807.6739232636
795331.0559028892
813054.4107993318
830977.7388115274
849101.0401439716
867424.3150063568
885947.5636129582
904670.7861823413
923593.9829368019
942717.1541020601
962040.2999068819
981563.4205835767
1.0012865163627311e6
1.0212095874829286e6
1.0413326341802825e6
1.0616556566932893e6
1.0821786552613156e6
1.102901630124696e6
1.1238245815241272e6
1.144947509700611e6
1.1662704148951513e6
1.187793297348494e6
1.2095161573014152e6
1.231438994993765e6
1.253561810664775e6
1.275884604552844e6
1.2984073768953707e6
1.3211301279285492e6
1.3440528578874008e6
1.3671755670053074e6
1.3904982555145791e6
1.4140209236455625e6
1.4377435716274844e6
1.4616661996862602e6
1.4857888080482667e6
1.5101113969364369e6
1.5346339665720975e6
1.5593565171747433e6
1.5842790489615519e6
1.6094015621477468e6
1.6347240569463973e6
1.660246533568373e6
1.685968992222421e6
1.711891433114939e6
1.7380138564501947e6
1.7643362624301207e6
1.7908586512544164e6
1.8175810231205027e6
1.8445033782234653e6
1.8716257167561308e6
1.8989480389090474e6
1.9264703448704262e6
1.9541926348261829e6
1.9821149089599857e6
2.0102371674530292e6
2.0385594104848667e6
2.0670816382319233e6
2.0958038508688598e6
2.1247260485680453e6
2.153848231499593e6
2.1831703998314166e6
2.212692553729224e6
2.2424146933565675e6
2.272336818874821e6
2.3024589304432357e6
2.332781028218938e6
2.363303112356968e6
2.3940251830102676e6
2.4249472403297555e6
2.456069284464249e6
2.487391315560644e6
2.518913333763794e6
2.550635339216588e6
2.5825573320599794e6
2.614679312433007e6
2.6470012804727554e6
2.679523236314168e6
2.7122451800913494e6
2.7451671119356463e6
2.778289031976495e6
2.8116109403422424e6
2.845132837159022e6
2.878854722551328e6
2.9127765966419573e6
2.946898459551926e6
2.98122031140101e6
3.0157421523066955e6
3.0504639823852833e6
3.0853858017513584e6
3.1205076105179572e6
3.1558294087966336e6
3.1913511966972314e6
3.2270729743264373e6
3.262994741794667e6
3.2991164992057756e6
3.3354382466638507e6
3.371959984271504e6
3.4086817121300017e6
3.4456034303392246e6
3.4827251389976637e6
3.520046838202536e6
3.5575685280497214e6
3.595290208633757e6
3.6332118800479565e6
3.6713335423843544e6
3.7096551957337596e6
3.7481768401857447e6
3.786898475828725e6
3.8258201027498553e6
3.864941721035202e6
3.904263330769647e6
3.943784932036943e6
3.983506524919753e6