19121.202881410063
19233.276119536065
19532.3850114924
20019.193265322552
20694.74939872828
21560.445128793202
22617.95997069661
23869.194868005463
25316.196909251245
26961.079435447624
28805.94087877203
30852.786579863692
33103.457571489475
35559.570022654225
38222.46832939546
41093.1940177239
44172.47133583475
47460.70936656618
50958.019159735224
54664.24361284192
58578.996752926774
62701.709141134226
67031.67575407152
71568.10315747997
76310.15330265647
81256.98193506461
86407.77036916505
91761.75007595813
97318.22012260657
103076.55799292633
109036.2246239834
115196.76468501994
121557.80317413609
128119.0393977879
134880.2392378106
141841.22657388466
149001.87444987806
156362.09650144228
163921.8389951066
171681.07366906852
179639.79150188432
187797.99746313744
196155.70616066834
204712.93837558993
213469.71834873932
222426.0717545661
231582.02419867617
240937.60020791306
250492.82255305813
260247.71187553537
270202.28650237905
280356.56244391156
290710.55344559124
301264.2711714894
312017.7253766252
322970.9241238176
334123.87399668753
345476.5803060814
357029.0472873571
368781.2782748055
380733.2758647455
392885.0420535165
405236.5783580697
417787.88592856907
430538.9656137963
443489.8180722494
456640.4438042281
469990.84321043215
483541.01663846994
497290.96440749074
511240.6868637285
525390.1843436748
539739.4572483569
554288.5060282768
569037.3311958038
583985.9333332886
599134.3130982802
614482.4712222907
630030.4085124503
645778.1258572948
661725.6242181708
677872.904629976
694219.9682015022
710766.8161068831
727513.4495879851
744459.8699426951
761606.0785480295
778952.0768055253
796497.8661882845
814243.448211793
832188.8244356841
850333.9964599008
868678.965921374
887223.7344908172
905968.3038692343
924912.6757844358
944056.8519888581
963400.8342562815
982944.6243756156
1.002688224164386e6
1.0226316354347621e6
1.0427748600222672e6
1.0631178997685697e6
1.0836607565208753e6
1.104403432132733e6
1.1253459284593705e6
1.1464882473574989e6
1.1678303906666096e6
1.1893723602893548e6
1.2111141580283488e6
1.2330557857448668e6
1.2551972452780942e6
1.277538538460203e6
1.3000796671150904e6
1.3228206330567887e6
1.3457614380893519e6
1.368902084005807e6
1.3922425725873583e6
1.415782905601785e6
1.439523084804381e6
1.4634631119366675e6
1.4876029887252823e6
1.511942716882112e6
1.5364822981034503e6
1.5612217340712978e6
1.5861610264494831e6
1.6113001768866407e6
1.6366391870147125e6
1.6621780584484073e6
1.6879167927860944e6
1.7138553916078387e6
1.7399938564772313e6
1.7663321889397989e6
1.7928703905236877e6
1.8196084627395647e6
1.846546407080004e6
1.8736842250200955e6
1.901021918017371e6
1.9285594875113405e6
1.9562969349238244e6
1.9842342616593204e6
2.012371469103171e6
2.0407085586282508e6
2.0692455315835117e6
2.0979823893037434e6
2.1269191331065027e6
2.1560557642942183e6
2.185392284143768e6
2.214928693927712e6
2.244664994893874e6
2.2746011882750974e6
2.304737275288187e6
2.335073257133502e6
2.3656091349954503e6
2.396344910042382e6
2.427280583426949e6
2.458416156285911e6
2.489751629741161e6
2.5212870048988946e6
2.5530222828503135e6
2.5849574646718563e6
2.6170925514251264e6
2.6494275441129613e6
2.681962443897301e6
2.7146972516699065e6
2.7476319684779807e6
2.7807665953108515e6
2.8141011331461263e6
2.8476355829475117e6
2.8813699456652002e6
2.9153042222366272e6
2.949438413585335e6
2.9837725206255745e6
3.018306544253864e6
3.0530404853578857e6
3.0879743448120453e6
3.12310812347893e6
3.1584418222097796e6
3.193975441613346e6
3.2297089831916443e6
3.265642447099551e6
3.3017758343585203e6
3.3381091457627513e6
3.3746423820951027e6
3.411375544128167e6
3.4483086326239e6
3.485441648333701e6
3.5227745919991503e6
3.5603074643516964e6
3.59804026611249e6
3.6359729979932844e6
3.67410566069607e6
3.7124382549136556e6
3.750970781329124e6
3.7897032406168054e6
3.8286356334415604e6
3.8677679604596947e6
3.907100222318632e6
3.9466324196570762e6
3.986364553105502e6