231245.52006035738
231187.47669375336
231032.96363154476
230782.73930744568
230437.99700331592
230000.41840761443
229472.13443752946
228855.73703917276
228154.24911746467
227371.15639472046
226510.37206242137
225576.22867439772
224573.5006054966
223507.35514489168
222383.38419029283
221207.54570514985
219986.20213182867
218726.07876374098
217434.29303922513
216118.2842776874
214785.88184364772
213445.14965452856
212104.63433463647
210773.10492897333
209459.66421460328
208173.7259882886
206925.0081618261
205723.56944512526
204579.56478233144
203503.7390613012
202506.92298175007
201600.28546648167
200795.28242827495
200103.6685019612
199537.46281084573
199109.02785155523
198831.00512580117
198716.36055789978
198778.39137003265
199030.7371525656
199487.40028615863
200162.7668073528
201071.62950746052
202229.21693715738
203651.2264005596
205353.86224429935
207353.8805594813
209668.64038277295
212316.16375098645
215315.20612254212
218685.33906676396
222447.04175604598
226621.8238792862
231232.35618051302
236302.6343840357
241858.17883459557
247926.27974238966
254536.29475141998
261720.03328398062
269512.1981954891
277951.0519996818
287079.12490623316
296944.250908309
307600.842954717
319111.55093599216
331549.34678529797
345000.0939328488
359565.4798071922
375365.93731458345
392542.4710699223
411255.06915497256
431673.20640058524
453951.44742574036
478182.38978683227
504326.8482085582
532143.6018371468
561169.8065674712
590799.8817482752
620438.4992208678
649642.2274816467
678170.3522292841
705953.8013377581
733031.3742913492
759492.87459865
785442.6020876137
810980.4068569955
836193.9940207379
861157.2380861003
885931.0910570179
910565.4619308461
935101.2205312954
959571.9707588691
984005.5493266035
1.0084252179434618e6
1.0328505940630292e6
1.05729838206148e6
1.0817829372252047e6
1.1063167014283189e6
1.1309105495962123e6
1.1555740536745489e6
1.1803156990241648e6
1.205143053449592e6
1.2300629037699443e6
1.2550813675348796e6
1.2802039840335518e6
1.3054357907203252e6
1.3307813876589942e6
1.3562449849265856e6
1.3818304544449728e6
1.4075413633355373e6
1.4333810093310527e6
1.4593524494754719e6
1.4854585298766806e6
1.511701878925425e6
1.5380849746230382e6
1.5646101200682344e6
1.5912794763087947e6
1.6180950650610887e6
1.6450587957852245e6
1.6721724600382461e6
1.6994377538474228e6
1.726856263518664e6
1.754429507535816e6
1.7821589068576596e6
1.8100458184143768e6
1.8380915296050725e6
1.8662972615098497e6
1.8946641759345222e6
1.9231933725455843e6
1.9518859191225574e6
1.9807428157564981e6
2.0097650157998519e6
2.0389534525157749e6
2.068308997278396e6
2.0978324897594564e6
2.12752473927264e6
2.157386516406577e6
2.1874185636466574e6
2.2176215941780293e6
2.247996291785986e6
2.278543315394953e6
2.3092633006169596e6
2.340156850812114e6
2.3712245614627795e6
2.402466996690593e6
2.4338847013287446e6
2.4654782049177866e6
2.4972480161760515e6
2.529194627158203e6
2.5613185141941775e6
2.59362013618353e6
2.626099939198088e6
2.6587583538484145e6
2.6915957963818116e6
2.724612672763745e6
2.7578093733768463e6
2.7911862783456245e6
2.824743756340213e6
2.858482165117339e6
2.8924018502966086e6
2.926503150374657e6
2.960786392335088e6
2.9952518940720577e6
3.029899965545592e6
3.0647309065529797e6
3.0997450098330905e6
3.134942560475243e6
3.170323833799847e6
3.2058891025163224e6
3.2416386268406105e6
3.277572663416692e6
3.3136914617589843e6
3.3499952641907763e6
3.3864843076068684e6
3.4231588245630264e6
3.4600190393466153e6
3.497065171798591e6
3.5342974364952478e6
3.5717160428782785e6
3.6093211965444367e6
3.647113095809551e6
3.685091936371574e6
3.723257908865871e6
3.761611199535123e6
3.8001519904580927e6
3.8388804598809313e6
3.8777967813531337e6
3.916901127214052e6
3.9561936593565354e6
3.995674544936144e6
4.0353439422476254e6
4.075202007187332e6
4.11524889254894e6
4.155484747914803e6
4.195909719512177e6
4.236523951386565e6
4.277327583516829e6
4.3183207538895225e6
4.359503597418086e6
4.400876246183297e6