18994.631868047887
19114.63178490539
19434.631566144366
19954.631219663846
20674.630757833584
21594.630196863174
22714.629555991676
24034.628856556767
25554.628120997862
27274.62737186259
29194.62663087176
31314.625918093647
33634.6252512682
36154.62464530533
38874.62411197001
41794.623659751654
44914.623293904035
48234.62301663276
51754.62282740034
55474.6227233158
59394.62269957547
63514.62274992307
67834.62286710161
72354.62304327422
77074.62327039782
81994.62354053833
87114.62384612263
92434.62418012627
97954.62453620088
103674.62490874738
109594.62529294235
115714.62568472743
122034.62608076952
128554.62647840161
135274.62687555028
142194.62727065766
149314.62766260185
156634.62805062084
164154.62843424146
171874.62881321623
179794.6291874683
187914.6295570432
196234.62992207397
204754.63028274657
213474.6306392778
222394.63099189676
231514.63134083152
240834.6316863001
250354.63202850454
260074.63236762746
269994.6327038306
280114.63303725445
290434.6333680193
300954.63369622664
311674.63402196055
322594.63434528996
333714.6346662707
345034.6349849468
356554.635301353
368274.63561551605
380194.63592745597
392314.63623718754
404634.63654472167
417154.6368500658
429874.6371532248
442794.63745420234
455914.6377530007
469234.6380496211
482754.63834406494
496474.6386363332
510394.6389264276
524514.6392143494
538834.6395001018
553354.6397836867
568074.6400651085
582994.6403443716
598114.640621481
613434.6408964429
628954.6411692644
644674.6414399531
660594.6417085174
676714.6419749667
693034.6422393114
709554.6425015617
726274.6427617295
743194.6430198265
760314.6432758658
777634.6435298604
795154.643781824
812874.6440317715
830794.6442797169
848914.6445256757
867234.6447696636
885754.6450116964
904474.6452517904
923394.6454899622
942514.645726228
961834.6459606055
981354.6461931111
1.0010746464237631e6
1.0209946466525786e6
1.041114646879575e6
1.0614346471047706e6
1.0819546473281826e6
1.1026746475498294e6
1.1235946477697282e6
1.1447146479878975e6
1.1660346482043557e6
1.1875546484191199e6
1.2092746486322077e6
1.2311946488436374e6
1.2533146490534272e6
1.2756346492615943e6
1.2981546494681567e6
1.320874649673132e6
1.3437946498765375e6
1.3669146500783896e6
1.3902346502787073e6
1.4137546504775076e6
1.4374746506748062e6
1.461394650870622e6
1.485514651064969e6
1.5098346512578656e6
1.5343546514493278e6
1.5590746516393733e6
1.5839946518280173e6
1.6091146520152749e6
1.6344346522011627e6
1.659954652385697e6
1.685674652568892e6
1.7115946527507647e6
1.7377146529313284e6
1.7640346531105994e6
1.7905546532885926e6
1.8172746534653232e6
1.844194653640804e6
1.8713146538150506e6
1.8986346539880766e6
1.9261546541598972e6
1.9538746543305253e6
1.9817946544999739e6
2.0099146546682583e6
2.0382346548353909e6
2.0667546550013847e6
2.0954746551662516e6
2.124394655330005e6
2.1535146554926615e6
2.1828346556542274e6
2.21235465581472e6
2.242074655974147e6
2.2719946561325234e6
2.302114656289861e6
2.332434656446172e6
2.3629546566014662e6
2.393674656755755e6
2.4245946569090523e6
2.455714657061366e6
2.4870346572127077e6
2.5185546573630897e6
2.550274657512521e6
2.5821946576610133e6
2.614314657808576e6
2.646634657955221e6
2.6791546581009566e6
2.711874658245792e6
2.744794658389741e6
2.777914658532807e6
2.811234658675008e6
2.844754658816345e6
2.878474658956832e6
2.9123946590964757e6
2.9465146592352856e6
2.9808346593732755e6
3.015354659510446e6
3.050074659646813e6
3.084994659782379e6
3.120114659917156e6
3.155434660051151e6
3.190954660184376e6
3.2266746603168333e6
3.2625946604485344e6
3.2987146605794877e6
3.335034660709694e6
3.37155466083917e6
3.408274660967917e6
3.445194661095949e6
3.482314661223269e6
3.5196346613498796e6
3.557154661475798e6
3.5948746616010237e6
3.6327946617255695e6
3.6709146618494364e6
3.7092346619726326e6
3.7477546620951677e6
3.7864746622170433e6
3.8253946623382736e6
3.8645146624588585e6
3.9038346625788035e6
3.9433546626981245e6
3.983074662816818e6