18994.63063538821
19114.63063538754
19434.63063538578
19954.630635382928
20674.630635379
21594.630635373993
22714.630635367925
24034.630635360823
25554.630635352718
27274.630635343623
29194.630635333582
31314.63063532258
33634.63063531068
36154.6306352979
38874.63063528425
41794.6306352698
44914.63063525452
48234.6306352385
51754.63063522175
55474.63063520429
59394.63063518613
63514.63063516731
67834.63063514789
72354.63063512785
77074.63063510729
81994.63063508613
87114.63063506449
92434.63063504238
97954.6306350198
103674.63063499678
109594.6306349734
115714.63063494962
122034.63063492552
128554.63063490107
135274.63063487635
142194.63063485135
149314.6306348261
156634.63063480065
164154.63063477498
171874.63063474916
179794.6306347232
187914.63063469707
196234.63063467087
204754.63063464456
213474.63063461817
222394.6306345917
231514.6306345652
240834.63063453868
250354.6306345121
260074.63063448563
269994.6306344591
280114.63063443254
290434.6306344061
300954.6306343797
311674.6306343534
322594.630634327
333714.6306343008
345034.63063427474
356554.6306342487
368274.63063422276
380194.6306341969
392314.6306341712
404634.6306341457
417154.6306341202
429874.6306340948
442794.63063406973
455914.63063404476
469234.63063401973
482754.63063399517
496474.6306339705
510394.63063394604
524514.6306339216
538834.6306338975
553354.6306338735
568074.6306338497
582994.6306338259
598114.6306338024
613434.6306337791
628954.630633756
644674.6306337329
660594.63063371
676714.6306336874
693034.6306336648
709554.6306336424
726274.6306336204
743194.6306335981
760314.6306335765
777634.6306335547
795154.6306335331
812874.6306335117
830794.6306334906
848914.6306334696
867234.6306334485
885754.6306334276
904474.6306334073
923394.6306333869
942514.6306333664
961834.6306333463
981354.630633326
1.0010746306333063e6
1.0209946306332865e6
1.0411146306332668e6
1.061434630633248e6
1.0819546306332285e6
1.1026746306332094e6
1.1235946306331905e6
1.1447146306331714e6
1.1660346306331533e6
1.1875546306331349e6
1.2092746306331162e6
1.2311946306330976e6
1.2533146306330801e6
1.2756346306330622e6
1.2981546306330443e6
1.3208746306330266e6
1.3437946306330091e6
1.3669146306329917e6
1.390234630632974e6
1.4137546306329572e6
1.4374746306329402e6
1.461394630632924e6
1.4855146306329065e6
1.5098346306328897e6
1.5343546306328732e6
1.5590746306328562e6
1.5839946306328413e6
1.609114630632825e6
1.634434630632808e6
1.6599546306327928e6
1.6856746306327772e6
1.7115946306327612e6
1.7377146306327453e6
1.7640346306327302e6
1.7905546306327148e6
1.8172746306327002e6
1.8441946306326848e6
1.8713146306326697e6
1.898634630632654e6
1.9261546306326387e6
1.9538746306326247e6
1.9817946306326103e6
2.0099146306325954e6
2.0382346306325826e6
2.0667546306325682e6
2.0954746306325542e6
2.1243946306325383e6
2.153514630632526e6
2.182834630632512e6
2.212354630632498e6
2.2420746306324834e6
2.2719946306324704e6
2.302114630632456e6
2.332434630632443e6
2.3629546306324294e6
2.3936746306324163e6
2.4245946306324042e6
2.4557146306323907e6
2.487034630632377e6
2.518554630632364e6
2.550274630632351e6
2.582194630632338e6
2.6143146306323255e6
2.6466346306323134e6
2.6791546306323e6
2.7118746306322888e6
2.7447946306322757e6
2.7779146306322636e6
2.8112346306322515e6
2.844754630632239e6
2.8784746306322278e6
2.9123946306322142e6
2.946514630632202e6
2.9808346306321924e6
3.015354630632176e6
3.050074630632166e6
3.0849946306321537e6
3.1201146306321425e6
3.1554346306321323e6
3.190954630632121e6
3.226674630632107e6
3.262594630632097e6
3.298714630632085e6
3.3350346306320736e6
3.3715546306320624e6
3.4082746306320513e6
3.445194630632041e6
3.482314630632029e6
3.5196346306320187e6
3.5571546306320075e6
3.5948746306319963e6
3.632794630631986e6
3.6709146306319768e6
3.7092346306319647e6
3.7477546306319544e6
3.786474630631944e6
3.825394630631934e6
3.8645146306319237e6
3.9038346306319125e6
3.943354630631903e6
3.983074630631895e6