68186.17529380124
68171.55176674569
68132.86975013977
68070.9865649952
67987.28792544751
67883.70048687054
67762.67425818328
67627.18177924724
67480.7321682407
67327.34122356173
67171.54530695805
67018.38726017837
66873.4255320114
66742.69925338717
66632.76442229757
66550.65998857736
66503.9128148196
66500.535938424
66549.02403660986
66658.35202347321
66837.97476733904
67097.82640689707
67448.33506950474
67900.40005165144
68465.4294419623
69155.32756427731
69982.52177891292
70959.96909126441
72101.17882678172
73420.24160630614
74931.84912586471
76651.3418002901
78594.74582467292
80778.82910777067
83221.16419111216
85940.20606498013
88955.38474900115
92287.21948161331
95957.45698952506
99989.24165757748
104407.32698156036
109238.33807246361
114511.1027615385
120257.0698339041
126510.84383290005
133310.86562761493
140700.28191834866
148728.0728079919
157450.40743369889
166932.38782024372
177249.98002113542
188492.03076358454
200761.7522355167
214176.41769102885
228862.8789818667
244944.9346635345
262517.6818252525
281606.30179586296
302116.88424931956
323804.23372228106
346290.7157672645
369146.3892157881
391992.4232500884
414570.1573379119
436751.37292928994
458508.1223197601
479872.30019572773
500903.16893259017
521667.1123480344
542227.2189361884
562639.030283035
582949.5616962262
603197.8439787935
623416.0125650498
643630.4979602116
663863.1123431905
684131.9670085278
704452.2188046554
724836.6619101594
745296.1945590323
765840.1833939226
786476.7476580655
807212.9830966032
828055.1401076526
849008.7597292508
870078.7891560538
891269.6695409748
912585.410516829
934029.6498239792
955605.7022975623
977316.5997721123
999165.1297113791
1.0211538602646935e6
1.0432851661497505e6
1.065561251176251e6
1.0879841645958498e6
1.1105558179572623e6
1.1332779977189116e6
1.156152379275882e6
1.1791805348525965e6
1.2023639444008586e6
1.2257040028388759e6
1.2492020280014435e6
1.2728592665204697e6
1.2966768994387926e6
1.3206560478475357e6
1.3447977770500681e6
1.369103100997697e6
1.3935729857852636e6
1.418208352913341e6
1.443010082896706e6
1.4679790175190563e6
1.4931159629704803e6
1.5184216908189128e6
1.543896941634981e6
1.569542426334445e6
1.595358827915444e6
1.6213468038167818e6
1.6475069843027927e6
1.6738399794419934e6
1.7003463755776603e6
1.7270267386738444e6
1.753881613319594e6
1.780911528295473e6
1.8081169924972933e6
1.8354984985530162e6
1.8630565227199448e6
1.89079152647627e6
1.9187039559612884e6
1.9467942444365467e6
1.9750628108288688e6
2.0035100622639991e6
2.0321363934187123e6
2.0609421873202876e6
2.0899278157695858e6
2.1190936400078135e6
2.148440011557849e6
2.1779672714548493e6
2.207675751770938e6
2.237565775416843e6
2.2676376566208447e6
2.2978917018600684e6
2.3283282085682936e6
2.3589474670215785e6
2.389749760046608e6
2.420735363771502e6
2.451904546244762e6
2.4832575698123747e6
2.5147946902010003e6
2.5465161567353657e6
2.5784222129777865e6
2.6105130961549156e6
2.6427890388585436e6
2.6752502655971274e6
2.7078970026041195e6
2.7407294621761804e6
2.773747856461024e6
2.8069523924916647e6
2.840343271463699e6
2.8739206920916247e6
2.9076848468959606e6
2.9416359253700157e6
2.975774112179012e6
3.010099588418492e6
3.04461253136115e6
3.079313113768705e6
3.1142015062691034e6
3.1492778752512145e6
3.184542382445993e6
3.219995188570617e6
3.255636449751566e6
3.2914663190226457e6
3.327484946517292e6
3.3636924794404088e6
3.400089062167218e6
3.4366748360211872e6
3.473449939878e6
3.510414509632502e6
3.5475686789686284e6
3.5849125789350797e6
3.622446337539181e6
3.6601700809237026e6
3.698083933169202e6
3.7361880154805677e6
3.77448244694285e6
3.8129673449580185e6
3.851642825673612e6
3.8905089989988273e6
3.9295659773799377e6
3.968813869460148e6
4.0082527822255176e6
4.047882820727246e6
4.0877040883611524e6
4.127716686337039e6
4.1679207143958006e6
4.208316272804186e6
4.248903453455388e6
4.289682353229161e6
4.330653065080213e6
4.371815680693132e6