103607.18813984309
103580.6809792541
103510.29550015504
103396.85107583218
103241.67176109485
103046.5995814311
102813.97253254065
102546.63333995515
102247.9238920158
101921.66404923596
101572.18971903247
101204.29588853227
100823.25247544094
100434.80656932868
100045.17694068418
99661.01268838134
99289.43232071269
98937.98898251061
98614.68773222525
98327.95007055704
98086.63605138948
97900.02822173727
97777.83610892363
97730.18583212062
97767.63121888798
97901.14616826625
98142.13555021054
98502.43622018452
98994.32861601294
99630.54616925123
100424.28571948392
101389.23519861238
102539.58452911416
103890.05773992484
105455.94167414188
107253.12561481932
109298.1457009324
111608.23827244126
114201.40356630177
117096.48233295896
120313.24693377258
123872.51163585039
127796.26388902485
132107.82843649865
136832.0663601992
141995.61886890253
147627.2179674333
153758.06879307912
160422.37009257375
167657.89398669868
175506.85254895108
184016.91860006275
193242.57497792187
203246.80841787785
214103.18738967009
225898.25145926015
238733.92654129394
252729.14993242075
268018.9629575064
284747.7025977036
303050.8750845591
323019.56437527714
344646.06300622394
367765.54388877004
392031.6468063956
416965.7670108129
442073.8133701617
466964.8356926098
491406.85793335736
515313.0679296473
538694.2547932349
561611.6676113307
584144.4892558447
606371.8836775443
628364.995964162
650184.5034888429
671880.8208291063
693495.3614812465
715062.0471132637
736608.7423396066
758158.4720058462
779730.4137665539
801340.686498632
823002.9625634357
844728.951182198
866528.7662252211
888411.2205345025
910384.0505426758
932454.102697482
954627.4660586515
976909.5971188718
999305.4087291025
1.0218193466714418e6
1.0444554522366727e6
1.0672174145225778e6
1.0901086145177833e6
1.1131321601461978e6
1.1362909195633617e6
1.1595875468365247e6
1.1830245005284878e6
1.2066040747123477e6
1.2303284040434295e6
1.254199485266604e6
1.2782191881241682e6
1.3023892684388533e6
1.3267113761583338e6
1.3511870666533664e6
1.3758178072381834e6
1.4006049848472038e6
1.4255499124571185e6
1.450653834087654e6
1.4759179330438909e6
1.5013433305251854e6
1.5269310957821608e6
1.5526822420630893e6
1.5785977569616942e6
1.6046785526435166e6
1.630925520431241e6
1.6573395096367523e6
1.6839213329444015e6
1.7106717691926714e6
1.7375915661578286e6
1.764681441326327e6
1.7919420862787701e6
1.8193741612671185e6
1.8469783083467674e6
1.8747551410346758e6
1.9027052507662023e6
1.9308292107107232e6
1.9591275718165957e6
1.9876008669438306e6
2.0162496091612463e6
2.045074885097899e6
2.0740754164929802e6
2.103253425937891e6
2.1326087777148467e6
2.16214191134381e6
2.1918532460992876e6
2.221743195309199e6
2.25181215508233e6
2.2820605118681486e6
2.312488640397956e6
2.3430969045677055e6
2.373885658122372e6
2.4048552443358395e6
2.436005997331336e6
2.467338242022998e6
2.4988522943283273e6
2.530548461883193e6
2.5624270440744413e6
2.5944883324692724e6
2.626732611098749e6
2.6591601566052227e6
2.6917712387030767e6
2.7245661204397697e6
2.757545058179389e6
2.790708301377891e6
2.8240560951086823e6
2.8575886770219426e6
2.891306279394512e6
2.925209129318777e6
2.9592974493547017e6
2.9935714547412246e6
3.0280313576879483e6
3.0626773648383366e6
3.097509678161228e6
3.1325284952270337e6
3.167734009535848e6
3.203126410118864e6
3.238705881521812e6
3.274472604718305e6
3.310426756507644e6
3.3465685105570867e6
3.382898036396974e6
3.4194155000238256e6
3.456121063649575e6
3.493014887231248e6
3.5300971264644335e6
3.5673679342964846e6
3.6048274607152008e6
3.642475852282768e6
3.6803132529339716e6
3.718339803924366e6
3.756555643632333e6
3.7949609074299866e6
3.8335557290479243e6
3.8723402384600528e6
3.9113145637719426e6
3.950478831038924e6
3.9898331633063033e6
4.0293776814113064e6
4.0691125044179996e6
4.1090377491284376e6
4.149153529479403e6
4.1894599584045615e6
4.22995714620791e6
4.270645201197009e6
4.311524230150326e6
4.352594337896586e6
4.393855626505348e6