160018.031366907
159976.18823632295
159864.89262664452
159684.9223703823
159437.54107109754
159124.5085539706
158748.0537992182
158310.8620328529
157816.12366625038
157267.46096776047
156669.03051675129
156025.3338876863
155341.38126432203
154622.61655644834
153874.90943405422
153104.54631935502
152318.23455233232
151523.08313281107
150726.60028480383
149936.67750842305
149161.6178834802
148410.06067451136
147691.0399179004
147013.94646135555
146388.54466652323
145824.93926744797
145333.59540672944
144925.3378646953
144611.3415151238
144403.13804706535
144312.62052835635
144352.04903726873
144534.057342035
144871.66718592378
145378.29902370367
146067.7836746393
146954.39686764596
148052.86671124012
149378.41445953053
150946.7803941105
152774.26819943363
154877.78982107766
157274.92093192568
159983.9651857267
163024.03118239608
166415.12337684314
170178.24791245646
174335.54505702556
178910.44234077353
183927.85391242476
189414.38328787184
195398.67310514452
201911.70932123993
208987.31007494012
216662.70733270023
224979.29864059773
233983.61918450374
243728.59371124613
254275.1404731453
265694.19120985037
278069.12779840175
291498.5442587871
306098.78367183096
322005.24692266656
339369.76703660475
358349.6762654983
379081.6309804862
401633.88333217875
425939.9388865272
451739.8087365254
478578.3587260048
505894.4575913615
533165.8269774251
560022.9557313415
586278.7122046084
611890.9509380402
636904.4075453572
661402.800338474
685479.0860667604
709220.7265473134
732703.92967063
755992.6042237055
779139.4315954634
802187.5161441285
825172.1659276818
848122.4446095749
871062.4405220738
894012.3071281774
916989.0590388791
940007.1929311802
963079.1826107799
986215.849126972
1.0094266561531873e6
1.0327199439836196e6
1.0561031115542892e6
1.0795827628285554e6
1.1031648266140814e6
1.1268546519475135e6
1.1506570861910325e6
1.1745765443326756e6
1.198617058461912e6
1.2227823313125228e6
1.2470757521254225e6
1.2715004512679311e6
1.296059399517982e6
1.320755224066107e6
1.3455904559562034e6
1.3705674336199346e6
1.395688338987594e6
1.4209552246603358e6
1.4463700020864322e6
1.471934476520921e6
1.4976503433240806e6
1.523519202530011e6
1.549542569334956e6
1.5757218650767487e6
1.602058447709159e6
1.628553592521443e6
1.655208535409747e6
1.6820244150247776e6
1.7090023428599578e6
1.7361433642191305e6
1.763448482199382e6
1.7909186521533194e6
1.8185547880856108e6
1.8463577624104987e6
1.8743284124546587e6
1.9024675386402183e6
1.9307759106141212e6
1.9592542649380097e6
1.9879033099367e6
2.0167237271059786e6
2.0457161709819215e6
2.074881271099411e6
2.104219635523021e6
2.1337318490793877e6
2.1634184700085297e6
2.193280058260328e6
2.223317123179756e6
2.253530180573075e6
2.2839197176307477e6
2.3144862105063815e6
2.3452301169084543e6
2.376151881808495e6
2.4072519351336434e6
2.4385306936312793e6
2.4699885611886275e6
2.5016259292631084e6
2.53344317799436e6
2.5654406760446914e6
2.5976187811037293e6
2.62997784087955e6
2.662518193142337e6
2.695240165413919e6
2.7281440775418677e6
2.7612302394941975e6
2.794498953105398e6
2.827950512188357e6
2.861585202640028e6
2.89540330290519e6
2.929405084298199e6
2.9635908109660875e6
2.997960740568443e6
3.0325151225029384e6
3.067254206254206e6
3.102178226172625e6
3.1372874163518003e6
3.172582011043266e6
3.2080622210651045e6
3.243728266348917e6
3.2795803592178547e6
3.315618706342189e6
3.3518435107289148e6
3.3882549688662295e6
3.4248532846192117e6
3.4616386252478417e6
3.4986111849288703e6
3.5357711450874656e6
3.573118681207154e6
3.6106539665362225e6
3.6483771691036313e6
3.6862884547139998e6
3.724387984956171e6
3.762675918339493e6
3.8011524097322705e6
3.8398176115326784e6
3.878671671802118e6
3.917714737232205e6
3.956946950022195e6
3.9963684502681815e6
4.0359793607324804e6
4.075779845321856e6
4.1157700211319155e6
4.155950017588996e6
4.19631996162463e6
4.236879977767145e6
4.277630188047454e6
4.318570712337403e6
4.359701668091791e6
4.401023156063972e6