80644.33090245846
80625.43103587622
80574.38969381037
80492.82575684355
80381.84235677193
80243.32355313422
80079.6817263359
79893.83388292405
79689.21401080198
79469.76505022531
79239.93248420581
79004.65741042275
78769.37867012725
78540.01741408277
78322.98054168635
78125.15045760013
77953.88426025538
77816.99735117651
77722.77633128045
77679.96671634624
77697.77186667998
77785.85155840366
77954.32223270347
78213.76214594042
78575.21237761443
79050.17699122976
79650.64545589266
80389.09406642438
81278.49591878714
82332.3545401922
83564.71036302682
84990.17705488103
86623.972375988
88481.95717522746
90580.68422483324
92937.45536700569
95570.39029058599
98498.50937995155
101741.8336698786
105321.50581166774
109259.93864545491
113580.99368271031
118310.2126021962
123475.09093787416
129105.43357997859
135233.80986338912
141896.116186231
149132.30922416586
156987.3657433417
165512.4680857709
174766.53251333704
184818.06794075237
195747.32951749756
207648.4992006335
220631.34413308487
234820.73223005343
250351.40974141937
267353.3841027434
285922.41824368667
306073.3057457042
327685.97038805945
350474.61038880295
374017.553193865
397853.1205887901
421591.96035623644
444982.9279282846
467913.8257649987
490373.18841947353
512406.1169552676
534081.1931816014
555470.9532054792
576642.4501449098
597653.7789461345
618553.6538941978
639382.2829318698
660172.6690063316
680951.9281922835
701742.438232495
722562.8000511681
743428.6072407363
764353.0384104846
785347.3919960144
806421.3300986544
827583.2942306483
848840.6659453115
870199.9579223781
891666.9603656223
913246.8432723902
934944.2590143688
956763.4122851712
978708.1196351212
1.0007818645978288e6
1.0229878318888855e6
1.0453289551548846e6
1.067807935468539e6
1.0904272723728358e6
1.1131892852406956e6
1.136096132089307e6
1.1591498240506763e6
1.1823522434963111e6
1.2057051521852252e6
1.2292102054259307e6
1.2528689602822189e6
1.2766828833712393e6
1.3006533606189145e6
1.3247817019959327e6
1.349069148570793e6
1.3735168773706458e6
1.3981260064876247e6
1.4228975998011865e6
1.4478326698969821e6
1.4729321833214466e6
1.4981970618931432e6
1.523628186518941e6
1.5492264002812414e6
1.5749925109091103e6
1.6009272921282686e6
1.6270314860943824e6
1.6533058058943003e6
1.679750935892791e6
1.7063675368652816e6
1.7331562411660424e6
1.7601176603775877e6
1.787252383128923e6
1.8145609774138175e6
1.842043991426775e6
1.8697019538013665e6
1.897535423815965e6
1.9255447546477593e6
1.9537305658246954e6
1.982093272602135e6
2.0106333245248147e6
2.0393511556080906e6
2.0682471864491699e6
2.0973218256884916e6
2.126575469211129e6
2.156008501884741e6
2.1856212964765998e6
2.2154142161511434e6
2.2453876125031747e6
2.275541828605835e6
2.305877197450864e6
2.3363940429261504e6
2.36709268036317e6
2.397973416655142e6
2.429036550587517e6
2.4602823731251983e6
2.491711167963187e6
2.5233232114450475e6
2.555118772929596e6
2.5870981152561903e6
2.619261494436383e6
2.6516091606006296e6
2.6841413577416777e6
2.7168583239958687e6
2.7497602917984007e6
2.7828474883621116e6
2.8161201360743796e6
2.84957845001698e6
2.8832226428361223e6
2.9170529215554385e6
2.951069488453978e6
2.9852725414563376e6
3.019662273890147e6
3.054238876752128e6
3.089002532184496e6
3.123953422895675e6
3.159091726250525e6
3.194417615928582e6
3.2299312619934455e6
3.2656328307946734e6
3.301522485479647e6
3.3376003858318664e6
3.3738666881905464e6
3.41032154605254e6
3.446965109604183e6
3.483797526057699e6
3.5208189401236884e6
3.5580294912877628e6
3.59542932237688e6
3.6330185671937945e6
3.670797359723584e6
3.7087658308317317e6
3.746924109049266e6
3.78527232028786e6
3.8238105894027753e6
3.862539036771198e6
3.9014577811084418e6
3.9405669413431734e6
3.9798666317597423e6
4.019356965171149e6
4.059038052442426e6
4.098910002502543e6
4.138972922376848e6
4.1792269171120944e6
4.219672090001604e6
4.260308542777196e6
4.301136374939977e6
4.342155684539125e6
4.383366567971562e6