18994.63063384169
19114.63063384242
19434.630633844354
19954.630633847497
20674.630633851877
21594.630633857465
22714.63063386423
24034.630633872206
25554.630633881403
27274.63063389178
29194.630633903318
31314.630633916022
33634.630633929875
36154.630633944835
38874.6306339609
41794.63063397806
44914.63063399623
48234.63063401544
51754.63063403561
55474.63063405671
59394.6306340787
63514.63063410156
67834.63063412523
72354.63063414967
77074.63063417484
81994.63063420072
87114.63063422723
92434.63063425438
97954.63063428208
103674.6306343103
109594.63063433903
115714.63063436821
122034.63063439782
128554.6306344278
135274.63063445815
142194.63063448883
149314.6306345198
156634.63063455102
164154.63063458249
171874.63063461415
179794.630634646
187914.630634678
196234.63063471016
204754.63063474244
213474.63063477474
222394.63063480717
231514.63063483962
240834.63063487213
250354.6306349046
260074.6306349371
269994.63063496957
280114.630635002
290434.6306350344
300954.6306350668
311674.630635099
322594.63063513115
333714.6306351632
345034.6306351952
356554.6306352271
368274.6306352588
380194.6306352904
392314.63063532184
404634.6306353532
417154.63063538435
429874.63063541526
442794.63063544617
455914.6306354769
469234.6306355073
482754.63063553773
496474.6306355679
510394.6306355978
524514.6306356274
538834.6306356571
553354.6306356865
568074.6306357156
582994.6306357445
598114.6306357734
613434.6306358019
628954.6306358303
644674.6306358585
660594.6306358865
676714.6306359142
693034.6306359419
709554.6306359691
726274.6306359963
743194.6306360234
760314.6306360501
777634.6306360766
795154.630636103
812874.6306361293
830794.6306361553
848914.630636181
867234.6306362066
885754.6306362317
904474.630636257
923394.6306362821
942514.6306363068
961834.6306363316
981354.6306363554
1.0010746306363796e6
1.0209946306364037e6
1.0411146306364272e6
1.0614346306364513e6
1.081954630636475e6
1.102674630636498e6
1.1235946306365216e6
1.1447146306365444e6
1.1660346306365672e6
1.1875546306365903e6
1.2092746306366127e6
1.2311946306366338e6
1.2533146306366564e6
1.2756346306366785e6
1.2981546306367002e6
1.320874630636722e6
1.343794630636744e6
1.3669146306367647e6
1.3902346306367854e6
1.4137546306368066e6
1.4374746306368276e6
1.4613946306368487e6
1.4855146306368685e6
1.509834630636889e6
1.5343546306369088e6
1.5590746306369288e6
1.583994630636949e6
1.609114630636969e6
1.634434630636988e6
1.659954630637008e6
1.6856746306370269e6
1.711594630637047e6
1.7377146306370657e6
1.7640346306370841e6
1.790554630637103e6
1.8172746306371226e6
1.8441946306371405e6
1.8713146306371593e6
1.8986346306371768e6
1.926154630637195e6
1.953874630637214e6
1.9817946306372322e6
2.0099146306372494e6
2.0382346306372676e6
2.0667546306372858e6
2.095474630637302e6
2.12439463063732e6
2.1535146306373375e6
2.1828346306373538e6
2.212354630637371e6
2.2420746306373877e6
2.271994630637405e6
2.302114630637421e6
2.3324346306374376e6
2.3629546306374543e6
2.39367463063747e6
2.424594630637488e6
2.4557146306375037e6
2.4870346306375195e6
2.518554630637535e6
2.5502746306375517e6
2.582194630637567e6
2.614314630637582e6
2.6466346306375987e6
2.679154630637613e6
2.7118746306376294e6
2.744794630637645e6
2.7779146306376583e6
2.8112346306376737e6
2.844754630637689e6
2.878474630637703e6
2.9123946306377174e6
2.9465146306377333e6
2.980834630637749e6
3.0153546306377617e6
3.0500746306377766e6
3.0849946306377905e6
3.1201146306378045e6
3.1554346306378176e6
3.1909546306378343e6
3.2266746306378483e6
3.262594630637863e6
3.2987146306378753e6
3.3350346306378893e6
3.371554630637903e6
3.4082746306379144e6
3.4451946306379302e6
3.482314630637944e6
3.5196346306379563e6
3.5571546306379703e6
3.5948746306379815e6
3.6327946306379954e6
3.670914630638012e6
3.7092346306380224e6
3.7477546306380355e6
3.7864746306380476e6
3.8253946306380625e6
3.8645146306380755e6
3.9038346306380886e6
3.9433546306381007e6
3.9830746306381137e6