18994.639752716364
19114.639138368977
19434.637521923753
19954.634961746677
20674.631549237456
21594.62740416883
22714.62266869827
24034.617500489927
25554.61206534934
27274.6065298819
29194.601054583603
31314.59578774088
33634.590860435375
36154.58638283856
38874.58244188329
41794.57910029951
44914.57639690896
48234.57434800995
51754.57294963182
55474.572180413714
59394.57200486172
63514.5723767482
67834.57324245089
72354.57454406277
77074.57622215319
81994.57821809693
87114.58047593516
92434.58294376377
97954.58557467462
103674.58832729512
109594.59116598517
115714.59406075676
122034.5969869818
128554.59992495345
135274.60285935132
142194.60577866374
149314.60867460177
156634.61154153454
164154.6143759662
171874.61717606772
179794.61994127167
187914.62267191513
196234.62536898034
204754.6280338422
213474.63066810253
222394.63327345398
231514.6358515824
240834.6384040988
250354.6409324961
260074.6434381238
269994.6459221767
280114.6483856937
290434.65082956373
300954.65325453575
311674.65566123195
322594.65805016184
333714.66042173683
345034.6627762839
356554.6651140594
368274.66743526014
380194.66974003473
392314.67202849325
404634.6743007146
417154.6765567545
429874.67879665014
442794.68102042726
455914.68322810205
469234.68541968573
482754.68759518734
496474.6897546151
510394.69189798005
524514.6940252949
538834.6961365766
553354.6982318475
568074.7003111347
582994.7023744712
598114.7044218963
613434.7064534547
628954.7084691976
644674.7104691821
660594.7124534713
676714.7144221339
693034.7163752445
709554.7183128822
726274.7202351319
743194.722142083
760314.7240338295
777634.725910469
795154.727772104
812874.7296188397
830794.7314507858
848914.7332680536
867234.7350707585
885754.7368590182
904474.7386329527
923394.7403926838
942514.742138335
961834.7438700328
981354.7455879035
1.0010747472920759e6
1.0209947489826792e6
1.0411147506598427e6
1.0614347523236999e6
1.0819547539743802e6
1.1026747556120162e6
1.1235947572367396e6
1.144714758848684e6
1.1660347604479815e6
1.187554762034764e6
1.2092747636091637e6
1.2311947651713137e6
1.2533147667213446e6
1.2756347682593872e6
1.2981547697855723e6
1.3208747713000309e6
1.3437947728028905e6
1.36691477429428e6
1.3902347757743269e6
1.4137547772431597e6
1.4374747787009017e6
1.4613947801476796e6
1.485514781583616e6
1.5098347830088346e6
1.5343547844234565e6
1.5590747858276032e6
1.583994787221395e6
1.6091147886049477e6
1.6344347899783796e6
1.6599547913418072e6
1.6856747926953454e6
1.7115947940391072e6
1.7377147953732056e6
1.7640347966977507e6
1.7905547980128534e6
1.8172747993186226e6
1.8441948006151645e6
1.871314801902585e6
1.8986348031809898e6
1.9261548044504817e6
1.953874805711165e6
1.9817948069631378e6
2.0099148082065023e6
2.038234809441355e6
2.066754810667796e6
2.0954748118859185e6
2.124394813095818e6
2.1535148142975904e6
2.1828348154913257e6
2.212354816677115e6
2.242074817855049e6
2.271994819025218e6
2.302114820187706e6
2.3324348213426033e6
2.362954822489993e6
2.3936748236299595e6
2.4245948247625874e6
2.4557148258879567e6
2.487034827006147e6
2.5185548281172416e6
2.550274829221317e6
2.582194830318452e6
2.6143148314087205e6
2.646634832492202e6
2.6791548335689683e6
2.711874834639093e6
2.7447948357026493e6
2.777914836759705e6
2.811234837810336e6
2.8447548388546086e6
2.878474839892594e6
2.9123948409243566e6
2.946514841949965e6
2.9808348429694837e6
3.0153548439829783e6
3.0500748449905138e6
3.084994845992152e6
3.120114846987952e6
3.1554348479779796e6
3.190954848962299e6
3.22667484994096e6
3.262594850914027e6
3.2987148518815576e6
3.3350348528436064e6
3.3715548538002386e6
3.408274854751499e6
3.4451948556974526e6
3.4823148566381433e6
3.5196348575736317e6
3.55715485850397e6
3.5948748594292044e6
3.632794860349395e6
3.670914861264587e6
3.70923486217483e6
3.747754863080175e6
3.78647486398067e6
3.8253948648763685e6
3.86451486576731e6
3.9038348666535434e6
3.9433548675351166e6
3.983074868412074e6