19040.066167448633
19157.086076341307
19469.239993014533
19976.798169280926
20680.185262089115
21579.960537797102
22676.79203694756
23971.426548654912
25464.656565305602
27157.286691889924
29050.10098911426
31143.833195998202
33439.1412718255
35936.5874149985
38636.624297318995
41539.58777011742
44645.695864371286
47955.053495851986
51467.66196919583
55183.43215491304
59102.20011264879
63223.74393354867
67547.80068180297
72074.08247883373
76802.29099537607
81732.12984350593
86863.31459859213
92195.58037371226
97728.68703910886
103462.42230949417
109396.60303213062
115531.07476312309
121865.71075048785
128400.40937355754
135135.09162686227
142069.6981255259
149204.18609719735
156538.52647588187
164072.70120691368
171806.70083120908
179740.5223836372
187874.16761518246
196207.64152870004
204740.95120412664
213474.1048824471
222407.1112784781
231539.97907411784
240872.71657407796
250405.3314792425
260137.83075727778
270070.22058435995
280202.50633878214
290534.69263102824
301066.7833539079
311798.7817503739
322730.6904860789
333862.51172477833
345194.24718679505
356725.89824312914
368457.4659492701
380388.9511143932
392520.35434592195
404851.6760918312
417382.9166782293
430114.0763312124
443045.15521903127
456176.1534577608
469507.07113453036
483037.9083222951
496768.6650893968
510699.34151458816
524829.937681814
539160.4536978094
553690.8896908212
568421.2458140604
583351.5222477703
598481.7192014684
613811.8369132972
629341.8756498785
645071.8357088093
661001.7174151886
677131.5211218898
693461.2472093842
709990.8960828072
726720.4681726558
743649.9639303193
760779.3838365949
778108.7283506652
795637.9980832189
813367.1934731433
831296.3151010441
849425.3635310801
867754.3393416894
886283.2431236921
905012.0754793298
923940.8370209534
943069.5283701688
962398.1501569538
981926.7030177413
1.0016551875954142e6
1.0215836045379015e6
1.0417119544975782e6
1.062040238130244e6
1.0825684560920359e6
1.1032966090496883e6
1.1242246976587703e6
1.145352722583644e6
1.1666806844865798e6
1.1882085840290624e6
1.209936421872588e6
1.231864198676046e6
1.2539919150965472e6
1.2763195717888707e6
1.2988471694049747e6
1.321574708593483e6
1.3445021899997212e6
1.3676296142645122e6
1.3909569820256324e6
1.4144842939154694e6
1.4382115505621769e6
1.462138752589114e6
1.4862659006145895e6
1.5105929952513094e6
1.535120037106864e6
1.5598470267837092e6
1.5847739648775398e6
1.6099008519792724e6
1.6352276886735344e6
1.6607544755387811e6
1.686481213147942e6
1.7124079020672708e6
1.7385345428572062e6
1.764861136071766e6
1.7913876822588013e6
1.8181141819599187e6
1.8450406357103223e6
1.872167044038948e6
1.8994934074685038e6
1.9270197265152736e6
1.954746001689204e6
1.982672233494101e6
2.0107984224269567e6
2.0391245689802468e6
2.0676506736378465e6
2.0963767368788193e6
2.125302759175854e6
2.1544287409955664e6
2.183754682798402e6
2.213280585038832e6
2.24300644816539e6
2.2729322726206016e6
2.3030580588411973e6
2.3333838072580406e6
2.3639095182962925e6
2.3946351923753456e6
2.425560829909031e6
2.4566864313054318e6
2.4880119969673324e6
2.5195375272919154e6
2.551263022670982e6
2.5831884834910184e6
2.6153139101332524e6
2.647639302973549e6
2.680164662381889e6
2.712889988725968e6
2.7458152823655857e6
2.778940543656579e6
2.812265772949888e6
2.8457909705916243e6
2.879516136923114e6
2.913441272281009e6
2.947566376997097e6
2.9818914513997487e6
3.0164164958110396e6
3.0511415105498238e6
3.086066495930223e6
3.121191452262125e6
3.156516379851333e6
3.192041278777942e6
3.2277661499975016e6
3.2636909931496223e6
3.2998158087401027e6
3.3361405970541667e6
3.372665358373156e6
3.4093900929746656e6
3.446314801132472e6
3.483439483116584e6
3.5207641391934734e6
3.5582887696259795e6
3.596013374673239e6
3.633937954591032e6
3.6720625096316384e6
3.710387040043989e6
3.7489115460735923e6
3.787636027962803e6
3.8265604859505314e6
3.8656849202726707e6
3.9050093311618976e6
3.9445337188477656e6
3.98425808355687e6