18994.630639977506
19114.6306396375
19434.630638742863
19954.6306373259
20674.630635437163
21594.630633142893
22714.63063052173
24034.630627660837
25554.630624651996
27274.63062158729
29194.63061855556
31314.630615638758
33634.63061290946
36154.63061042855
38874.630608244144
41794.63060639096
44914.63060489045
48234.63060375165
51754.630602972364
55474.63060254081
59394.63060243735
63514.63060263642
67834.6306031084
72354.63060382124
77074.63060474211
81994.63060583858
87114.63060707971
92434.63060843683
97954.63060988396
103674.63061139826
109594.63061296004
115714.63061455269
122034.63061616261
128554.63061777892
135274.63061939314
142194.63062099894
149314.6306225917
156634.63062416838
164154.630625727
171874.6306272666
179794.6306287868
187914.63063028784
196234.63063177027
204754.63063323486
213474.6306346825
222394.63063611413
231514.6306375307
240834.63063893313
250354.63064032214
260074.6306416986
269994.63064306317
280114.6306444163
290434.63064575865
300954.63064709055
311674.6306484124
322594.63064972433
333714.63065102685
345034.6306523198
356554.6306536036
368274.63065487833
380194.630656144
392314.6306574005
404634.6306586483
417154.6306598871
429874.63066111703
442794.63066233805
455914.63066355046
469234.6306647536
482754.6306659482
496474.6306671339
510394.63066831074
524514.6306694787
538834.6306706378
553354.6306717882
568074.6306729299
582994.6306740628
598114.6306751869
613434.6306763021
628954.6306774088
644674.6306785069
660594.6306795964
676714.6306806771
693034.6306817494
709554.6306828132
726274.6306838685
743194.6306849155
760314.6306859541
777634.6306869844
795154.6306880065
812874.6306890205
830794.6306900262
848914.6306910238
867234.6306920134
885754.6306929952
904474.6306939691
923394.6306949351
942514.6306958935
961834.6306968441
981354.6306977876
1.0010746306987233e6
1.0209946306996513e6
1.0411146307005718e6
1.0614346307014853e6
1.0819546307023917e6
1.1026746307032905e6
1.1235946307041824e6
1.1447146307050672e6
1.1660346307059454e6
1.1875546307068167e6
1.2092746307076814e6
1.2311946307085382e6
1.2533146307093892e6
1.2756346307102337e6
1.298154630711072e6
1.3208746307119026e6
1.3437946307127282e6
1.3669146307135469e6
1.3902346307143588e6
1.413754630715166e6
1.4374746307159658e6
1.4613946307167609e6
1.4855146307175478e6
1.5098346307183309e6
1.5343546307191073e6
1.5590746307198778e6
1.5839946307206438e6
1.6091146307214033e6
1.634434630722156e6
1.6599546307229055e6
1.6856746307236487e6
1.7115946307243858e6
1.737714630725118e6
1.7640346307258452e6
1.7905546307265672e6
1.8172746307272846e6
1.844194630727996e6
1.8713146307287025e6
1.8986346307294045e6
1.9261546307301016e6
1.9538746307307936e6
1.981794630731481e6
2.009914630732164e6
2.03823463073284e6
2.0667546307335137e6
2.0954746307341815e6
2.124394630734845e6
2.153514630735506e6
2.1828346307361615e6
2.212354630736812e6
2.2420746307374593e6
2.271994630738101e6
2.3021146307387385e6
2.3324346307393727e6
2.362954630740004e6
2.3936746307406286e6
2.4245946307412516e6
2.455714630741869e6
2.4870346307424824e6
2.518554630743092e6
2.550274630743698e6
2.582194630744301e6
2.6143146307448987e6
2.6466346307454947e6
2.679154630746085e6
2.711874630746674e6
2.7447946307472573e6
2.7779146307478356e6
2.8112346307484135e6
2.844754630748986e6
2.8784746307495567e6
2.912394630750122e6
2.946514630750685e6
2.980834630751246e6
3.0153546307518007e6
3.050074630752355e6
3.0849946307529025e6
3.120114630753449e6
3.155434630753993e6
3.190954630754536e6
3.2266746307550715e6
3.262594630755608e6
3.298714630756139e6
3.335034630756664e6
3.371554630757191e6
3.4082746307577128e6
3.4451946307582324e6
3.4823146307587493e6
3.5196346307592606e6
3.557154630759773e6
3.5948746307602786e6
3.632794630760786e6
3.670914630761288e6
3.7092346307617864e6
3.7477546307622846e6
3.7864746307627773e6
3.82539463076327e6
3.86451463076376e6
3.903834630764247e6
3.9433546307647303e6
3.9830746307652146e6