206948.12225442118
206895.29547903
206754.70162950968
206526.98844112712
206213.71539566835
205816.23259347118
205336.8270279026
204778.12647409568
204143.1923606175
203435.55568798946
202659.1888169761
201818.50690036622
200918.32189381385
199963.9080478918
198960.92100458336
197915.43278802233
196833.90735263465
195723.1856154377
194590.4889754571
193443.4065886326
192289.88175885222
191138.21217753203
189997.02950139676
188875.31972506677
187782.34410539188
186727.75757563766
185721.48546512297
184773.78106690402
183895.1946752034
183096.60481713078
182389.18654224672
181784.41715759912
181294.10368886997
180930.35853042424
180705.6190998378
180632.65005611343
180724.56792923197
180994.83795148734
181457.29860893678
182126.18047881933
183016.127294993
184142.22508153206
185520.03207800604
187165.61550484452
189095.59578916334
191327.1950589451
193878.2956930981
196767.5094109384
200014.25595798966
203638.85649475356
207662.64806141367
212108.11767109513
216999.05798865244
222360.7696308649
228220.29235744686
234606.71380300133
241551.51407592645
249089.07088603533
257257.22227035282
266098.03887764533
275658.8140916165
285993.32678608864
297163.4752684518
309241.33303585334
322311.67473136855
336474.8345304958
351849.5486087614
368574.64502452104
386807.2618172321
406713.14870168717
428442.0474167295
452080.9009039041
477585.25269676326
504711.89812037017
533003.6021452488
561869.0660771346
590734.4165199695
619176.5917942114
646968.8804630021
674048.959876347
700456.5544268412
726279.2067008322
751617.5894340219
776567.736377926
801213.8640661424
825626.8308875276
849865.0937590479
873976.5097835698
898000.2614161278
921968.5767431016
945908.1520545839
969841.2978909106
993786.8318055667
1.017760787997273e6
1.0417769196071518e6
1.065847186139365e6
1.0899820160073335e6
1.1141905978153367e6
1.1384810776879871e6
1.162860720974273e6
1.1873360453165162e6
1.211912925817775e6
1.2365966838983467e6
1.2613921606079862e6
1.2863037743948991e6
1.311335574461494e6
1.3364912847979106e6
1.3617743337082919e6
1.3871878974542394e6
1.4127349191746959e6
1.4384181240643323e6
1.4642400656457562e6
1.4902031206439142e6
1.516309505796087e6
1.5425613074198812e6
1.5689604783996535e6
1.5955088583505405e6
1.6222081746507795e6
1.649060063307411e6
1.6760660650878171e6
1.703227639083426e6
1.7305461667323597e6
1.7580229583566857e6
1.7856592585822234e6
1.8134562494270916e6
1.8414150567948327e6
1.869536752209052e6
1.8978223591762593e6
1.9262728525900242e6
1.9548891649778401e6
1.9836721885430987e6
2.0126227762592607e6
2.0417417458035012e6
2.0710298870693294e6
2.100487939701715e6
2.1301166306527695e6
2.15991666188135e6
2.189888685197208e6
2.2200333497135956e6
2.2503512728534527e6
2.2808430491346456e6
2.3115092524918355e6
2.342350435873544e6
2.373367133173451e6
2.4045598504220564e6
2.435929109057344e6
2.4674753634436997e6
2.4991990973950084e6
2.531100756599659e6
2.5631807614226467e6
2.595439558256764e6
2.627877544306194e6
2.6604951157696014e6
2.693292656821831e6
2.7262705402868954e6
2.759429126909181e6
2.7927687681822157e6
2.8262898043482625e6
2.8599925666688685e6
2.893877378238512e6
2.9279445519702756e6
2.962194382352288e6
2.9966271766749765e6
3.031243219897581e6
3.066042790925597e6
3.1010261622958467e6
3.136193610409575e6
3.1715453629966127e6
3.207081703081747e6
3.2428028659678577e6
3.2787090913400776e6
3.3148006130102417e6
3.3510776584937493e6
3.387540450413791e6
3.4241892062732056e6
3.4610241375751984e6
3.498045451382009e6
3.5352533486386784e6
3.572648029271847e6
3.610229687482766e6
3.6479985016922657e6
3.685954666874266e6
3.724098359375161e6
3.7624297555756588e6
3.800949027659177e6
3.8396563443407286e6
3.878551870155055e6
3.917635766473296e6
3.956908191652946e6
3.996369300233353e6
4.036019243318516e6
4.0758581694388706e6
4.1158862235528575e6
4.156103547965628e6
4.196510282478627e6
4.237106563101449e6
4.277892524275538e6
4.318868296689579e6
4.360034009344667e6
4.401389788441992e6