219024.03573760035
218968.57994489744
218820.97445505136
218581.96876431367
218252.78268333228
217835.09877378447
217331.0652824823
216743.29192733677
216074.81260440603
215329.14875433495
214510.2370085874
213622.45054959267
212670.5850263143
211659.85870383878
210595.8849639637
209484.68805294856
208332.68116420507
207146.63935341052
205933.73399598227
204701.47076466138
203457.73050925997
202210.73291977338
200969.01634963142
199741.47272351634
198537.29143602675
197365.9893657071
196237.39172410592
195161.62340599508
194149.1132554835
193210.58903731767
192357.07625353878
191599.89425635606
190950.66581012594
190421.32107376633
190024.0866391791
189771.51499730424
189676.46953748254
189752.16713022103
190012.16155093332
190470.37805441144
191141.12727629152
192039.13101543204
193179.54897468907
194578.01121451668
196250.6560626328
198214.1731955007
200485.8551577482
203083.65574387924
206026.25973908813
209333.16029019348
213024.7608123816
217122.4862979644
221648.91195379334
226627.93216480105
232084.9587640577
238047.1518609999
244543.7316620387
251606.34336437736
259269.52110300233
267571.3006873765
276553.99394787196
286265.1427137919
296758.8370895975
308097.33549919317
320353.14457482134
333611.5568439622
347973.5629123789
363558.714357338
380506.90818542225
398976.69250556896
419135.68482504657
441136.1508256333
465068.02542117774
490889.8082573041
518359.6493813216
547017.8348314557
576265.6053504552
605518.6957757155
634343.0259661458
662504.7602103937
689937.9740186983
716681.8167072869
742824.9473315589
768469.8732025232
793714.5412365622
818644.9678040076
843333.4924682959
867839.8933970318
892213.0546009539
916493.0162791791
940712.7060059302
964899.39978359
989075.8886386656
1.0132613989706048e6
1.0374722996244297e6
1.0617226589172063e6
1.0860246708983923e6
1.1103889922122578e6
1.1348250074974906e6
1.1593410317393085e6
1.1839444845433987e6
1.2086420190988483e6
1.2334396327155891e6
1.25834275762334e6
1.283356332364162e6
1.3084848669811382e6
1.333732493522982e6
1.3591030084965518e6
1.3845999124107293e6
1.4102264411679767e6
1.435985593198454e6
1.461880156147034e6
1.4879127285769172e6
1.5140857234957723e6
1.5404014120317998e6
1.5668619133492282e6
1.5934692194938748e6
1.620225198082101e6
1.6471316150410045e6
1.6741901306811036e6
1.7014023146264972e6
1.7287696512725558e6
1.756293544825338e6
1.7839753321043947e6
1.811816268963028e6
1.8398175658215256e6
1.8679803698502977e6
1.8963057590106218e6
1.924794776290171e6
1.9534484201223247e6
1.9822676245387339e6
2.011253300552404e6
2.0404063143217089e6
2.0697274950900604e6
2.0992176449051164e6
2.1288774974343525e6
2.1587078192086383e6
2.188709303439595e6
2.218882621569144e6
2.249228416463293e6
2.2797473297927915e6
2.310439956685083e6
2.341306877207395e6
2.3723486514417315e6
2.403565819477805e6
2.4349589026389294e6
2.4665284047776023e6
2.498274811775082e6
2.5301985949441725e6
2.5623002090352178e6
2.594580096625154e6
2.6270386771169887e6
2.659676370238785e6
2.692493573981088e6
2.725490676239216e6
2.758668052948121e6
2.7920260694711255e6
2.8255650792678087e6
2.85928542669715e6
2.8931874455917156e6
2.927271460544691e6
2.961537784626048e6
2.995986730683929e6
3.030618591315854e6
3.065433657834434e6
3.100432212887781e6
3.1356145316621144e6
3.170980881124035e6
3.20653152256281e6
3.242266709530876e6
3.2781866897598254e6
3.314291705147908e6
3.3505819889289723e6
3.387057772358105e6
3.423719279172326e6
3.4605667278164597e6
3.497600331041943e6
3.534820297329287e6
3.572226829916392e6
3.609820127457862e6
3.6476003835743377e6
3.685567788061554e6
3.7237225260698586e6
3.7620647787296358e6
3.800594723050079e6
3.8393125324100438e6
3.8782183733027815e6
3.9173124193784134e6
3.9565948248234806e6
3.9960657511641295e6
4.0357253536038953e6
4.0755737842392637e6
4.1156111920780563e6
4.1558377226154474e6
4.19625351891076e6
4.236858720932974e6
4.277653466627685e6
4.318637875894235e6
4.359812119243182e6
4.401176288680265e6