18994.671499016913
19114.66874572901
19434.661501389433
19954.650027565265
20674.634733865154
21594.61615705391
22714.594934216948
24034.57177193786
25554.547413291017
27274.522604941216
29194.49806617912
31314.474461582344
33634.45237862735
36154.43231108233
38874.414648569786
41794.399672243744
44914.387556108326
48234.37837322327
51754.37210580605
55474.36865813374
59394.36787114001
63514.36953764981
67834.37341734492
72354.37925070184
77074.38677136674
81994.39571659423
87114.4058355883
92434.4168957246
97954.42868676948
103674.4410232981
109594.45374557764
115714.46671920693
122034.47983380685
128554.49300105448
135274.50615228625
142194.5192359088
149314.53221477236
156634.54506364014
164154.55776684452
171874.57031618778
179794.5827091269
187914.5949471726
196234.60703472715
204754.61897795252
213474.63078402783
222394.6424605396
231514.65401504285
240834.66545475836
250354.67678637704
260074.68801594718
269994.6991488234
280114.71018966235
290434.7211424475
300954.7320105361
311674.74279671663
322594.75350327266
333714.7641320478
345034.7746845083
356554.7851618019
368274.7955648113
380194.80589420325
392314.81615046976
404634.82633396576
417154.8364449405
429874.8464835604
442794.8564499408
455914.86634415516
469234.876166253
482754.8859162745
496474.8955942575
510394.90520025155
524514.914734312
538834.9241965171
553354.9335869651
568074.9429057785
582994.9521531055
598114.9613291207
613434.970434026
628954.97946805
644674.988431449
660594.997324506
676715.0061475288
693035.0149008508
709555.0235848282
726275.0321998405
743195.0407462865
760315.0492245918
777635.0576351909
795155.0659785429
812875.074255121
830795.0824654145
848915.0906099254
867235.0986891694
885755.1067036731
904475.1146539744
923395.1225406198
942515.1303641647
961835.1381251724
981355.1458242114
1.0010751534618575e6
1.0209951610386901e6
1.0411151685552927e6
1.0614351760122543e6
1.081955183410162e6
1.1026751907496094e6
1.1235951980311885e6
1.144715205255493e6
1.1660352124231174e6
1.1875552195346535e6
1.2092752265906946e6
1.2311952335918325e6
1.2533152405386567e6
1.2756352474317541e6
1.2981552542717094e6
1.3208752610591059e6
1.343795267794522e6
1.3669152744785317e6
1.3902352811117095e6
1.4137552876946223e6
1.4374752942278357e6
1.461395300711906e6
1.4855153071473907e6
1.5098353135348395e6
1.534355319874799e6
1.5590753261678098e6
1.5839953324144075e6
1.6091153386151225e6
1.6344353447704788e6
1.6599553508809984e6
1.6856753569471946e6
1.7115953629695778e6
1.737715368948649e6
1.764035374884908e6
1.7905553807788473e6
1.8172753866309533e6
1.8441953924417072e6
1.8713153982115828e6
1.8986354039410525e6
1.9261554096305799e6
1.953875415280622e6
1.9817954208916323e6
2.009915426464059e6
2.0382354319983441e6
2.0667554374949224e6
2.0954754429542231e6
2.124395448376673e6
2.1535154537626924e6
2.1828354591126936e6
2.212355464427086e6
2.242075469706273e6
2.2719954749506535e6
2.302115480160618e6
2.3324354853365566e6
2.36295549047885e6
2.3936754955878765e6
2.4245955006640092e6
2.455715505707611e6
2.4870355107190474e6
2.5185555156986746e6
2.550275520646846e6
2.58219552556391e6
2.6143155304502067e6
2.646635535306077e6
2.679155540131853e6
2.7118755449278653e6
2.744795549694437e6
2.7779155544318864e6
2.8112355591405355e6
2.8447555638206895e6
2.8784755684726564e6
2.91239557309674e6
2.946515577693241e6
2.980835582262454e6
3.0153555868046647e6
3.0500755913201673e6
3.084995595809237e6
3.120115600272157e6
3.1554356047091996e6
3.190955609120641e6
3.226675613506738e6
3.2625956178677687e6
3.2987156222039815e6
3.335035626515642e6
3.3715556308029993e6
3.408275635066299e6
3.4451956393057993e6
3.482315643521731e6
3.5196356477143373e6
3.55715565188386e6
3.5948756560305245e6
3.632795660154566e6
3.6709156642562132e6
3.7092356683356827e6
3.747755672393201e6
3.7864756764289867e6
3.8253956804432543e6
3.864515684436213e6
3.903835688408076e6
3.943355692359049e6
3.9830756962893344e6