18994.630696163687
19114.630692024206
19434.63068113255
19954.630663882024
20674.630640888485
21594.63061295892
22714.630581051228
24034.630546227723
25554.630509605617
27274.630472307486
29194.630435414772
31314.63039992658
33634.63036672615
36154.63033655581
38874.630310001274
41794.630287485255
44914.6302692693
48234.63025546321
51754.63024604025
55474.630240856466
59394.6302396727
63514.6302421775
67834.63024800955
72354.63025677866
77074.63026808445
81994.63028153183
87114.63029674382
92434.63031337067
97954.63033109633
103674.63034964202
109594.6303687676
115714.63038827108
122034.6304079864
128554.63042778091
135274.6304475513
142194.63046722003
149314.63048673124
156634.63050604702
164154.63052514382
171874.63054400927
179794.6305626396
187914.63058103702
196234.63059920818
204754.6306171624
213474.6306349104
222394.6306524636
231514.6306698334
240834.6306870306
250354.63070406532
260074.6307209466
269994.6307376825
280114.63075428
290434.6307707452
300954.63078708306
311674.63080329774
322594.63081939274
333714.6308353708
345034.63085123413
356554.6308669845
368274.6308826232
380194.6308981512
392314.63091356924
404634.6309288779
417154.6309440776
429874.63095916837
442794.6309741507
455914.63098902453
469234.6310037897
482754.6310184469
496474.63103299553
510394.63104743615
524514.6310617684
538834.6310759927
553354.6310901092
568074.631104118
582994.6311180193
598114.6311318135
613434.6311455006
628954.6311590814
644674.6311725558
660594.6311859245
676714.6311991881
693034.6312123468
709554.6312254011
726274.6312383518
743194.6312511998
760314.6312639448
777634.6312765883
795154.6312891308
812874.6313015728
830794.6313139154
848914.6313261585
867234.6313383038
885754.6313503518
904474.6313623035
923394.6313741594
942514.6313859201
961834.6313975872
981354.631409161
1.0010746314206424e6
1.0209946314320327e6
1.0411146314433321e6
1.0614346314545423e6
1.081954631465663e6
1.1026746314766963e6
1.1235946314876424e6
1.1447146314985026e6
1.1660346315092777e6
1.1875546315199686e6
1.209274631530576e6
1.2311946315411e6
1.2533146315515435e6
1.2756346315619058e6
1.298154631572188e6
1.3208746315823912e6
1.3437946315925168e6
1.3669146316025641e6
1.3902346316125353e6
1.4137546316224318e6
1.4374746316322526e6
1.461394631642001e6
1.485514631651674e6
1.509834631661277e6
1.5343546316708066e6
1.5590746316802672e6
1.5839946316896586e6
1.6091146316989795e6
1.6344346317082327e6
1.6599546317174186e6
1.6856746317265378e6
1.7115946317355917e6
1.7377146317445794e6
1.7640346317535036e6
1.7905546317623628e6
1.8172746317711612e6
1.844194631779896e6
1.8713146317885702e6
1.8986346317971824e6
1.9261546318057347e6
1.9538746318142293e6
1.9817946318226643e6
2.009914631831041e6
2.038234631839362e6
2.0667546318476247e6
2.0954746318558315e6
2.1243946318639824e6
2.1535146318720803e6
2.1828346318801222e6
2.2123546318881107e6
2.242074631896047e6
2.2719946319039315e6
2.3021146319117625e6
2.332434631919543e6
2.362954631927274e6
2.3936746319349534e6
2.424594631942586e6
2.455714631950168e6
2.487034631957701e6
2.518554631965187e6
2.5502746319726254e6
2.582194631980017e6
2.6143146319873612e6
2.646634631994663e6
2.679154632001917e6
2.7118746320091267e6
2.7447946320162937e6
2.7779146320234137e6
2.811234632030493e6
2.844754632037527e6
2.8784746320445216e6
2.9123946320514726e6
2.9465146320583816e6
2.98083463206525e6
3.015354632072078e6
3.0500746320788683e6
3.084994632085616e6
3.120114632092324e6
3.155434632098994e6
3.190954632105628e6
3.22667463211222e6
3.2625946321187764e6
3.298714632125294e6
3.3350346321317777e6
3.3715546321382215e6
3.408274632144628e6
3.445194632151002e6
3.4823146321573425e6
3.519634632163643e6
3.5571546321699126e6
3.594874632176142e6
3.632794632182344e6
3.670914632188511e6
3.709234632194645e6
3.747754632200741e6
3.7864746322068097e6
3.8253946322128447e6
3.864514632218847e6
3.903834632224817e6
3.943354632230757e6
3.983074632236666e6