18994.63063568248
19114.630635558264
19434.630635231442
19954.630634713903
20674.63063402426
21594.63063318681
22714.630632230517
24034.63063118742
25554.630630091255
27274.630628975894
29194.63062787398
31314.630626815604
33634.630625827485
36154.63062493196
38874.63062414671
41794.63062348448
44914.63062295309
48234.63062255585
51754.63062229194
55474.63062215691
59394.63062214358
63514.63062224245
67834.63062244258
72354.63062273216
77074.63062309909
81994.63062353134
87114.63062401753
92434.63062454706
97954.63062511034
103674.63062569889
109594.63062630547
115714.63062692394
122034.63062754921
128554.63062817726
135274.63062880497
142194.6306294299
149314.63063005038
156634.63063066526
164154.63063127376
171874.63063187548
179794.63063247027
187914.6306330582
196234.6306336395
204754.6306342143
213474.63063478295
222394.63063534582
231514.63063590316
240834.6306364554
250354.63063700267
260074.6306375453
269994.63063808356
280114.6306386176
290434.63063914765
300954.63063967373
311674.63064019603
322594.6306407146
333714.63064122957
345034.630641741
356554.6306422488
368274.63064275327
380194.63064325415
392314.63064375153
404634.63064424566
417154.6306447361
429874.6306452231
442794.63064570684
455914.6306461871
469234.63064666383
482754.6306471372
496474.63064760703
510394.6306480734
524514.6306485363
538834.6306489957
553354.6306494517
568074.6306499044
582994.6306503534
598114.6306507993
613434.6306512415
628954.6306516803
644674.6306521157
660594.6306525477
676714.6306529763
693034.6306534017
709554.6306538235
726274.6306542422
743194.6306546574
760314.6306550696
777634.630655478
795154.6306558837
812874.6306562859
830794.6306566849
848914.6306570808
867234.6306574733
885754.6306578628
904474.6306582491
923394.6306586325
942514.6306590128
961834.6306593901
981354.6306597643
1.0010746306601354e6
1.0209946306605038e6
1.0411146306608691e6
1.0614346306612317e6
1.081954630661591e6
1.1026746306619481e6
1.1235946306623025e6
1.1447146306626536e6
1.1660346306630021e6
1.1875546306633477e6
1.2092746306636909e6
1.2311946306640308e6
1.2533146306643686e6
1.275634630664704e6
1.2981546306650364e6
1.3208746306653665e6
1.343794630665694e6
1.3669146306660187e6
1.3902346306663412e6
1.4137546306666618e6
1.4374746306669787e6
1.4613946306672948e6
1.4855146306676073e6
1.5098346306679181e6
1.5343546306682257e6
1.5590746306685316e6
1.583994630668836e6
1.609114630669138e6
1.6344346306694364e6
1.6599546306697337e6
1.685674630670028e6
1.7115946306703223e6
1.737714630670612e6
1.7640346306709012e6
1.7905546306711868e6
1.8172746306714725e6
1.8441946306717552e6
1.8713146306720348e6
1.898634630672314e6
1.92615463067259e6
1.9538746306728658e6
1.9817946306731382e6
2.0099146306734101e6
2.0382346306736767e6
2.0667546306739454e6
2.0954746306742104e6
2.124394630674473e6
2.1535146306747356e6
2.1828346306749973e6
2.212354630675254e6
2.24207463067551e6
2.2719946306757657e6
2.302114630676019e6
2.332434630676271e6
2.3629546306765215e6
2.3936746306767697e6
2.4245946306770174e6
2.455714630677263e6
2.487034630677506e6
2.518554630677748e6
2.5502746306779883e6
2.5821946306782286e6
2.6143146306784656e6
2.646634630678702e6
2.6791546306789364e6
2.711874630679171e6
2.744794630679402e6
2.777914630679631e6
2.811234630679862e6
2.8447546306800884e6
2.8784746306803143e6
2.9123946306805387e6
2.9465146306807618e6
2.980834630680985e6
3.015354630681205e6
3.050074630681426e6
3.0849946306816437e6
3.120114630681859e6
3.155434630682076e6
3.190954630682294e6
3.2266746306825043e6
3.2625946306827166e6
3.298714630682929e6
3.3350346306831357e6
3.371554630683346e6
3.408274630683553e6
3.4451946306837588e6
3.4823146306839655e6
3.5196346306841667e6
3.5571546306843716e6
3.594874630684571e6
3.632794630684772e6
3.670914630684973e6
3.7092346306851706e6
3.747754630685367e6
3.7864746306855637e6
3.825394630685761e6
3.864514630685955e6
3.9038346306861467e6
3.9433546306863395e6
3.9830746306865322e6