92281.56395149886
92258.56013275232
92197.52051704106
92099.27585936661
91965.1656161696
91797.05255185373
91597.30807671181
91368.80571194188
91114.93404284891
90839.57323087394
90547.10049818087
90242.3823595435
89930.7648556217
89618.07665112874
89310.61523429523
89015.15196911895
88738.89706898425
88489.52168635264
88275.17112160489
88104.41410526636
87986.26052254825
87930.16567180789
87946.04505289264
88044.16848776583
88235.36718889006
88530.83950321167
88942.24961868062
89481.7218869472
90161.84618411568
90995.70873527849
91996.87547047931
93179.44788537896
94558.07802702006
96147.97773465354
97965.00829962012
100025.67520856642
102347.20838405433
104947.62070522027
107845.79021384646
111061.55036820791
114615.80592794553
118530.66953615125
122829.63115232828
127537.76611772197
132681.9930941123
138291.39650323623
144397.6399890292
151035.484342873
158243.4567613123
166064.71129443913
174548.1392677929
183749.7600875554
193734.51010927328
204578.3394103098
216370.56837263363
229216.066697219
243236.23014092
258566.628907996
275347.4880756445
293701.32700345776
313692.5659403335
335271.56898929086
358224.3813165531
382168.62428362085
406624.46985048265
431135.0263183665
455366.08041062637
479137.69723169203
502397.50720054307
525172.9229964389
547529.5484057196
569544.3232977042
591291.4569954735
612836.5540755806
634235.1317006417
655533.1717073969
676768.4213051811
697971.8301622323
719168.8630755221
740380.6112986859
761624.6855428026
782915.924313096
804266.9456097654
825688.5797094784
847190.2045748694
868780.0074126795
890465.190320365
912252.1353671513
934146.5329668708
956153.4866098813
978277.6001129744
1.0005230461404149e6
1.0228936154189719e6
1.0453927874107955e6
1.068023734064847e6
1.0907893962502864e6
1.1136924768581977e6
1.1367354843890201e6
1.159920746763885e6
1.1832504333342917e6
1.2067265686015303e6
1.2303510472425343e6
1.2541256452944092e6
1.278052031599359e6
1.3021317766846337e6
1.3263663613101658e6
1.3507571847490827e6
1.3753055704922355e6
1.4000127720993175e6
1.4248799789581483e6
1.4499083214475312e6
1.4750988761178711e6
1.5004526655197302e6
1.5259706668500556e6
1.5516538117399493e6
1.5775029925736361e6
1.6035190612314877e6
1.6297028337203343e6
1.656055092775991e6
1.6825765891424897e6
1.7092680422749058e6
1.7361301459698435e6
1.7631635655184826e6
1.790368941985542e6
1.8177468924601106e6
1.8452980117317787e6
1.8730228735686778e6
1.900922030899393e6
1.9289960188465528e6
1.9572453535122096e6
1.985670532467054e6
2.0142720417237757e6
2.0430503473901704e6
2.0720058993674659e6
2.1011391382646402e6
2.1304504878256274e6
2.159940359723189e6
2.189609153237165e6
2.219457256865962e6
2.24948504456695e6
2.2796928830439085e6
2.3100811269004256e6
2.340650122281027e6
2.371400202461522e6
2.402331694575025e6
2.4334449159268215e6
2.4647401753971656e6
2.4962177736162627e6
2.527878003474036e6
2.5597211502313856e6
2.591747491747831e6
2.6239572988058524e6
2.6563508345523123e6
2.688928358980024e6
2.721690122115654e6
2.754636369175274e6
2.7877673390282905e6
2.8210832658461127e6
2.8545843763101185e6
2.888270895537952e6
2.9221430400758306e6
2.9562010224897987e6
2.990445050400629e6
3.024875327239266e6
3.0594920514843157e6
3.0942954176653344e6
3.129285614725502e6
3.164462829715029e6
3.199827244080111e6
3.235379035636307e6
3.27111837865799e6
3.3070454435881027e6
3.343160397588672e6
3.3794634041599478e6
3.415954623539161e6
3.4526342122429973e6
3.4895023245216217e6
3.526559111188191e6
3.5638047187075242e6
3.6012392933653933e6
3.6388629761916045e6
3.6766759065962383e6
3.7146782210467723e6
3.7528700532816346e6
3.7912515340592614e6
3.829822794285392e6
3.8685839582361854e6
3.9075351505639483e6
3.9466764930597595e6
3.9860081053413698e6
4.025530104527931e6
4.065242605910744e6
4.105145722562806e6
4.145239565708404e6
4.1855242443116955e6
4.225999865559043e6
4.26666653467479e6
4.307524355381379e6
4.34857342901356e6
4.389813855586695e6