19208.885423772444
19316.090998327403
19602.338854308196
20068.616151226175
20716.49003123655
21548.05556429374
22565.864937853155
23772.840519790232
25172.172806926916
26767.208102169752
28561.329262289364
30557.835015577017
32759.823589815962
35170.08665954626
37791.01964370061
40624.55339270698
43672.11109773273
46934.592365738165
50412.384310678346
54105.39733011245
58013.12148938255
62134.69783508731
66468.99852559883
71014.7094377888
75770.40966637756
80734.64339820674
85905.98093645742
91283.06718680318
96864.65707510129
102649.63854234564
108637.04445222608
114826.05520084931
121215.99410777794
127806.31755304735
134596.60165117207
141586.52711513374
148775.86348937103
156164.45374204367
163752.199896554
171539.05010026443
179524.98735566385
187710.0200028859
196094.17387498007
204677.48601985187
213459.9998053235
222441.7612530173
231622.81634122826
241003.2091700964
250582.98074521217
260362.16830057325
270340.8049640369
280518.91972682555
290896.5375764387
301473.6797717147
312250.3641741037
323226.60562240164
334402.41631067864
345777.80615449965
357352.7831379925
369127.3536274703
381101.52265241835
393275.29415730154
405648.6712120524
418221.656202808
430994.25098747824
443966.4570221819
457138.27547982056
470509.70733627985
484080.75344421854
497851.4145897737
511821.69157035387
525991.5851673498
540361.0962435805
554930.2257331522
569698.974661499
584667.3441611573
599835.3354813282
615202.9499859877
630770.1891602438
646537.0546165099
662503.5480849042
678669.6714119064
695035.4265651245
711600.8156150247
728365.8407420025
745330.5042168786
762494.8084398147
779858.7558486082
797422.3489969738
815185.5905079794
833148.4830758574
851311.029459892
869673.232478066
888235.0950044768
906996.6199609113
925957.8103119695
945118.6690617693
964479.1992490113
984039.4039371781
1.003799286228572e6
1.0237588492268171e6
1.0439180960651805e6
1.0642770298877857e6
1.0848356538465538e6
1.105593971102848e6
1.1265519848196497e6
1.1477096981607187e6
1.1690671142706827e6
1.19062423635054e6
1.2123810675198562e6
1.2343376109171866e6
1.256493869677473e6
1.2788498469094888e6
1.3014055457369792e6
1.3241609692212392e6
1.3471161204361226e6
1.3702710024282336e6
1.3936256182235195e6
1.4171799708248908e6
1.4409340632131798e6
1.4648878983453026e6
1.4890414791525712e6
1.513394808540631e6
1.5379478893884325e6
1.5627007245501382e6
1.5876533168486245e6
1.6128056690807692e6
1.638157783341609e6
1.6637096643887423e6
1.6894613129137421e6
1.7154127322688317e6
1.741563925104968e6
1.7679148940422386e6
1.7944656416712275e6
1.8212161705518703e6
1.8481664832142275e6
1.8753165821581574e6
1.9026664698531865e6
1.9302161487385146e6
1.9579656212228518e6
1.9859148896857593e6
2.014063956473859e6
2.0424128239129381e6
2.070961494286926e6
2.099709969857321e6
2.128658252855132e6
2.157806345482361e6
2.187154249911793e6
2.21670196828758e6
2.246449502725819e6
2.2763968553139344e6
2.306544028111819e6
2.336891023151452e6
2.3674378424378918e6
2.3981844879486077e6
2.429130961634758e6
2.4602772654201635e6
2.491623401203709e6
2.5231693708574497e6
2.5549151762279808e6
2.586860819136992e6
2.6190063013807614e6
2.6513516246847003e6
2.683896790929438e6
2.7166418017101423e6
2.749586658767547e6
2.782731363778027e6
2.8160759183944836e6
2.8496203242474026e6
2.8833645829441864e6
2.917308696070629e6
2.9514526651888634e6
2.985796491845568e6
3.0203401775569944e6
3.0550837238246994e6
3.090027132127612e6
3.125170403924614e6
3.1605135404383466e6
3.196056543498818e6
3.231799414546823e6
3.2677421545100817e6
3.3038847649661386e6
3.3402272472581146e6
3.376769602709677e6
3.41351183262771e6
3.4504539383003497e6
3.4875959209981095e6
3.5249377819750607e6
3.562479522467858e6
3.6002211436958797e6
3.6381626468625423e6
3.6763040331548164e6
3.714645303743813e6
3.7531864597845636e6
3.7919275024171704e6
3.8308684327655574e6
3.87000925193932e6
3.9093499610329596e6
3.9488905611261996e6
3.98863105328486e6