18994.630633813722
19114.630633814217
19434.630633815526
19954.63063381768
20674.63063382075
21594.630633824738
22714.630633829714
24034.630633835768
25554.630633842942
27274.63063385131
29194.630633860914
31314.630633871813
33634.630633884066
36154.63063389764
38874.6306339126
41794.63063392896
44914.630633946654
48234.63063396569
51754.63063398602
55474.63063400758
59394.63063403033
63514.63063405421
67834.63063407913
72354.63063410507
77074.63063413194
81994.63063415964
87114.63063418813
92434.63063421736
97954.63063424724
103674.63063427774
109594.63063430878
115714.63063434031
122034.6306343723
128554.63063440469
135274.63063443743
142194.63063447055
149314.63063450393
156634.63063453758
164154.63063457143
171874.6306346055
179794.63063463976
187914.63063467413
196234.63063470868
204754.6306347433
213474.63063477798
222394.63063481275
231514.63063484753
240834.6306348824
250354.63063491715
260074.63063495193
269994.63063498674
280114.6306350215
290434.6306350561
300954.63063509075
311674.6306351252
322594.6306351596
333714.63063519396
345034.6306352281
356554.63063526223
368274.63063529617
380194.63063533
392314.6306353636
404634.6306353971
417154.63063543045
429874.6306354635
442794.63063549646
455914.6306355292
469234.6306355617
482754.6306355942
496474.6306356263
510394.63063565834
524514.6306356901
538834.6306357216
553354.630635753
568074.6306357842
582994.6306358152
598114.6306358459
613434.6306358766
628954.630635907
644674.630635937
660594.6306359668
676714.6306359963
693034.6306360259
709554.630636055
726274.6306360842
743194.6306361131
760314.6306361416
777634.63063617
795154.6306361982
812874.6306362259
830794.630636254
848914.6306362813
867234.6306363087
885754.6306363358
904474.6306363627
923394.6306363895
942514.6306364159
961834.6306364422
981354.6306364682
1.0010746306364941e6
1.0209946306365199e6
1.041114630636545e6
1.0614346306365707e6
1.0819546306365957e6
1.1026746306366206e6
1.123594630636645e6
1.1447146306366697e6
1.166034630636694e6
1.1875546306367184e6
1.2092746306367423e6
1.2311946306367659e6
1.2533146306367896e6
1.2756346306368134e6
1.2981546306368364e6
1.3208746306368595e6
1.3437946306368823e6
1.366914630636905e6
1.3902346306369274e6
1.41375463063695e6
1.437474630636972e6
1.461394630636995e6
1.4855146306370164e6
1.509834630637038e6
1.5343546306370585e6
1.559074630637081e6
1.583994630637103e6
1.609114630637124e6
1.634434630637144e6
1.6599546306371654e6
1.6856746306371854e6
1.7115946306372066e6
1.737714630637226e6
1.7640346306372473e6
1.7905546306372664e6
1.8172746306372872e6
1.8441946306373067e6
1.8713146306373256e6
1.8986346306373454e6
1.926154630637365e6
1.9538746306373845e6
1.9817946306374045e6
2.0099146306374231e6
2.0382346306374422e6
2.0667546306374613e6
2.0954746306374804e6
2.124394630637498e6
2.1535146306375167e6
2.182834630637536e6
2.212354630637554e6
2.2420746306375717e6
2.27199463063759e6
2.3021146306376066e6
2.332434630637624e6
2.3629546306376425e6
2.3936746306376597e6
2.424594630637679e6
2.455714630637696e6
2.4870346306377114e6
2.5185546306377286e6
2.5502746306377463e6
2.5821946306377617e6
2.614314630637779e6
2.646634630637796e6
2.6791546306378124e6
2.7118746306378287e6
2.7447946306378455e6
2.7779146306378613e6
2.811234630637878e6
2.844754630637893e6
2.878474630637909e6
2.9123946306379247e6
2.9465146306379414e6
2.980834630637955e6
3.015354630637971e6
3.050074630637988e6
3.084994630638002e6
3.1201146306380187e6
3.1554346306380327e6
3.1909546306380494e6
3.2266746306380644e6
3.2625946306380793e6
3.298714630638093e6
3.3350346306381053e6
3.371554630638121e6
3.408274630638134e6
3.445194630638152e6
3.4823146306381687e6
3.519634630638178e6
3.5571546306381947e6
3.594874630638207e6
3.6327946306382217e6
3.6709146306382376e6
3.7092346306382488e6
3.747754630638262e6
3.7864746306382758e6
3.8253946306382907e6
3.8645146306383056e6
3.9038346306383177e6
3.9433546306383335e6
3.9830746306383484e6