281630.6668311487
281562.63729723415
281381.4901566816
281087.9569564441
280683.2199740395
280168.9112081616
279547.10765615606
278820.3340981235
277991.5466412201
277064.1736614385
276041.91579216556
274929.11960784905
273730.3985037282
272450.7607373445
271095.6496072479
269670.86415234685
268182.58200833516
266637.33510396106
265042.0175453286
263403.8481704249
261730.3749102959
260029.4796587924
258309.33593798944
256578.43666911518
254845.54722964074
253119.7258674261
251410.32526366736
249726.93522372536
248079.4298940261
246478.33738622666
244932.83555448646
243454.76124196892
242054.5950867382
240743.47319823995
239532.77671138218
238434.06219170845
237459.42721785136
236620.80609114355
235930.67721143286
235401.72470362115
235046.9151497101
234879.51345243645
234913.0928536002
235161.55837028797
235639.1611024832
236360.52651901738
237340.67934263873
238595.07498613832
240139.636244876
241990.79396174682
244165.53441263092
246681.4557605577
249556.8295494002
252810.6761655222
256462.85059546938
260534.14251557665
265046.3981376075
270022.65995681577
275487.336546425
281466.41453620547
287987.70482772496
295081.15919196693
302779.2577527592
311117.50099311565
320135.0323474443
329875.43487245374
340387.78426054015
351727.9400866516
363960.3059289155
377159.9572965322
391415.3324725929
406831.25501627335
423532.0704927917
441663.6033539165
461391.790137886
482893.27330422297
506330.774167589
531804.9613457134
559281.9012965823
588517.9181567819
619034.7011383768
650196.0775277553
681369.2718758073
712076.2643233382
742053.6727942819
771222.7614368834
799622.1893507761
827346.8683882279
854508.1537075732
881213.0728380024
907555.8455049873
933615.8852097383
959458.754849332
985138.1558631527
1.010698058918174e6
1.0361746254117731e6
1.0615978128743754e6
1.0869926545441078e6
1.1123802645772544e6
1.1377786238360838e6
1.1632031861151338e6
1.1886673422101778e6
1.2141827939146722e6
1.2397598494007562e6
1.265407637039822e6
1.2911343085669572e6
1.3169471695220703e6
1.3428528023495711e6
1.3688571644452894e6
1.394965674219577e6
1.42118327648194e6
1.4475144991797837e6
1.4739635041938638e6
1.5005341208930975e6
1.5272299241491088e6
1.554054103157436e6
1.5810097942293165e6
1.608099802733781e6
1.6353267716594485e6
1.662693171240009e6
1.690201313915362e6
1.7178533678672975e6
1.745651370209643e6
1.773597237110061e6
1.8016927748331204e6
1.8299396867605746e6
1.8583395827903086e6
1.8868939860915204e6
1.9156043414636168e6
1.944472012721801e6
1.9734983030304168e6
2.0026844465449636e6
2.0320316188891158e6
2.0615409386457675e6
2.0912134727051524e6
2.1210502398723536e6
2.1510522129721325e6
2.18122032132212e6
2.211555454924653e6
2.242058462629392e6
2.272730168726682e6
2.3035713480258277e6
2.3345827539049797e6
2.3657651082041217e6
2.397119103574383e6
2.4286454054443017e6
2.460344658947402e6
2.492217477418696e6
2.5242644561254503e6
2.556486170057155e6
2.5888831710484335e6
2.621455992733999e6
2.654205150008428e6
2.687131140270398e6
2.7202344524418437e6
2.7535155266581555e6
2.7869748372399323e6
2.8206128108008634e6
2.8544298688320615e6
2.8884264190100003e6
2.922602856391375e6
2.9569595648160903e6
2.9914969155332237e6
3.0262152688214346e6
3.061114972524084e6
3.096196372009805e6
3.13145979180611e6
3.166905553785554e6
3.2025339690667572e6
3.2383453402533466e6
3.274339962078558e6
3.310518122490606e6
3.3468800943617406e6
3.383426154921662e6
3.420156565598523e6
3.457071584041847e6
3.4941714604555657e6
3.531456438905663e6
3.5689267571816575e6
3.606582647102365e6
3.644424335138738e6
3.6824520412831516e6
3.720665981732628e6
3.759066365202308e6
3.7976533973418423e6
3.836427278505201e6
3.8753882040894986e6
3.914536364821997e6
3.9538719465596634e6
3.9933951328050834e6
4.0331061010762933e6
4.0730050256272233e6
4.1130920754746697e6
4.1533674208413507e6
4.1938312208186374e6
4.234483636350887e6
4.275324823062459e6
4.316354933817871e6
4.357574118240118e6
4.398982523066917e6