18994.6306350988
19114.630635097914
19434.6306350956
19954.630635091875
20674.630635086884
21594.630635080655
22714.630635073336
24034.63063506507
25554.63063505602
27274.630635046313
29194.630635036126
31314.630635025518
33634.630635014706
36154.63063500372
38874.63063499269
41794.63063498169
44914.630634970716
48234.630634959845
51754.63063494906
55474.63063493838
59394.63063492777
63514.63063491727
67834.63063490677
72354.6306348963
77074.63063488582
81994.63063487526
87114.63063486462
92434.6306348539
97954.63063484301
103674.63063483199
109594.6306348208
115714.63063480947
122034.63063479796
128554.63063478626
135274.6306347744
142194.63063476235
149314.63063475018
156634.63063473784
164154.63063472536
171874.63063471275
179794.63063470004
187914.6306346872
196234.63063467425
204754.63063466124
213474.63063464817
222394.63063463505
231514.6306346219
240834.63063460868
250354.6306345954
260074.6306345822
269994.630634569
280114.63063455565
290434.6306345424
300954.63063452917
311674.6306345159
322594.6306345027
333714.6306344895
345034.63063447643
356554.63063446333
368274.63063445024
380194.6306344373
392314.63063442433
404634.6306344115
417154.63063439855
429874.63063438574
442794.63063437317
455914.6306343607
469234.6306343481
482754.63063433557
496474.6306343232
510394.6306343109
524514.6306342984
538834.6306342863
553354.6306342741
568074.6306342622
582994.6306342501
598114.6306342382
613434.6306342264
628954.6306342147
644674.6306342031
660594.6306341914
676714.63063418
693034.6306341686
709554.6306341573
726274.6306341462
743194.630634135
760314.6306341239
777634.630634113
795154.6306341022
812874.6306340912
830794.6306340806
848914.6306340699
867234.6306340593
885754.6306340487
904474.6306340384
923394.630634028
942514.6306340176
961834.6306340076
981354.6306339974
1.0010746306339875e6
1.0209946306339776e6
1.0411146306339676e6
1.061434630633958e6
1.0819546306339481e6
1.1026746306339381e6
1.1235946306339288e6
1.1447146306339193e6
1.1660346306339102e6
1.187554630633901e6
1.2092746306338913e6
1.231194630633882e6
1.253314630633873e6
1.2756346306338636e6
1.2981546306338555e6
1.3208746306338464e6
1.343794630633838e6
1.3669146306338285e6
1.3902346306338194e6
1.4137546306338108e6
1.4374746306338024e6
1.4613946306337942e6
1.4855146306337852e6
1.5098346306337768e6
1.534354630633768e6
1.5590746306337605e6
1.583994630633752e6
1.6091146306337444e6
1.6344346306337356e6
1.6599546306337272e6
1.685674630633719e6
1.7115946306337116e6
1.7377146306337032e6
1.7640346306336962e6
1.7905546306336876e6
1.8172746306336804e6
1.844194630633673e6
1.8713146306336648e6
1.8986346306336566e6
1.9261546306336492e6
1.9538746306336422e6
1.9817946306336347e6
2.0099146306336282e6
2.038234630633621e6
2.066754630633614e6
2.095474630633606e6
2.124394630633599e6
2.1535146306335926e6
2.1828346306335856e6
2.2123546306335786e6
2.2420746306335707e6
2.2719946306335647e6
2.302114630633557e6
2.3324346306335498e6
2.3629546306335437e6
2.3936746306335367e6
2.424594630633531e6
2.4557146306335256e6
2.4870346306335162e6
2.51855463063351e6
2.550274630633504e6
2.5821946306334976e6
2.61431463063349e6
2.646634630633484e6
2.679154630633479e6
2.7118746306334725e6
2.744794630633466e6
2.777914630633459e6
2.8112346306334534e6
2.844754630633447e6
2.878474630633441e6
2.9123946306334343e6
2.946514630633428e6
2.980834630633423e6
3.015354630633415e6
3.0500746306334105e6
3.084994630633404e6
3.1201146306333966e6
3.155434630633393e6
3.1909546306333863e6
3.2266746306333807e6
3.262594630633375e6
3.2987146306333696e6
3.335034630633363e6
3.3715546306333602e6
3.40827463063335e6
3.4451946306333463e6
3.4823146306333416e6
3.519634630633335e6
3.5571546306333304e6
3.594874630633323e6
3.6327946306333193e6
3.6709146306333155e6
3.709234630633309e6
3.7477546306333016e6
3.786474630633297e6
3.8253946306332923e6
3.8645146306332867e6
3.903834630633281e6
3.9433546306332774e6
3.9830746306332718e6