18994.630635687005
19114.630635686088
19434.630635683643
19954.63063567967
20674.630635674228
21594.630635667243
22714.63063565879
24034.63063564888
25554.630635637543
27274.630635624795
29194.63063561068
31314.63063559521
33634.63063557843
36154.63063556036
38874.63063554105
41794.630635520545
44914.63063549888
48234.63063547609
51754.63063545221
55474.63063542731
59394.630635401394
63514.63063537453
67834.63063534675
72354.6306353181
77074.63063528865
81994.63063525838
87114.63063522737
92434.6306351957
97954.63063516335
103674.6306351304
109594.63063509687
115714.6306350628
122034.63063502824
128554.63063499321
135274.63063495778
142194.63063492198
149314.63063488583
156634.63063484934
164154.63063481258
171874.63063477562
179794.6306347384
187914.63063470097
196234.63063466342
204754.6306346257
213474.6306345879
222394.63063455
231514.63063451208
240834.6306344741
250354.6306344361
260074.63063439808
269994.63063436013
280114.6306343222
290434.6306342843
300954.6306342465
311674.63063420873
322594.63063417113
333714.6306341336
345034.6306340962
356554.6306340589
368274.6306340218
380194.6306339849
392314.630633948
404634.63063391147
417154.63063387503
429874.6306338387
442794.6306338027
455914.6306337669
469234.63063373114
482754.6306336957
496474.6306336605
510394.63063362543
524514.6306335905
538834.630633556
553354.6306335216
568074.6306334876
582994.6306334537
598114.6306334201
613434.6306333866
628954.6306333533
644674.6306333203
660594.6306332876
676714.630633255
693034.6306332229
709554.630633191
726274.6306331591
743194.6306331274
760314.6306330962
777634.6306330651
795154.6306330343
812874.6306330035
830794.6306329735
848914.630632943
867234.6306329132
885754.6306328835
904474.6306328541
923394.6306328248
942514.6306327957
961834.6306327671
981354.6306327385
1.0010746306327101e6
1.0209946306326819e6
1.041114630632654e6
1.0614346306326264e6
1.0819546306325987e6
1.1026746306325714e6
1.1235946306325442e6
1.1447146306325174e6
1.166034630632491e6
1.1875546306324648e6
1.2092746306324382e6
1.2311946306324117e6
1.2533146306323863e6
1.2756346306323607e6
1.2981546306323349e6
1.3208746306323102e6
1.3437946306322848e6
1.3669146306322597e6
1.3902346306322343e6
1.4137546306322105e6
1.4374746306321858e6
1.4613946306321628e6
1.485514630632138e6
1.5098346306321144e6
1.5343546306320901e6
1.5590746306320669e6
1.5839946306320436e6
1.6091146306320208e6
1.6344346306319973e6
1.6599546306319751e6
1.685674630631952e6
1.71159463063193e6
1.7377146306319083e6
1.7640346306318864e6
1.7905546306318634e6
1.8172746306318417e6
1.8441946306318198e6
1.8713146306317977e6
1.8986346306317775e6
1.926154630631755e6
1.953874630631735e6
1.9817946306317137e6
2.0099146306316936e6
2.0382346306316736e6
2.0667546306316531e6
2.0954746306316322e6
2.1243946306316117e6
2.1535146306315926e6
2.182834630631572e6
2.2123546306315525e6
2.2420746306315325e6
2.2719946306315125e6
2.3021146306314925e6
2.3324346306314743e6
2.362954630631455e6
2.393674630631436e6
2.424594630631418e6
2.455714630631399e6
2.4870346306313793e6
2.51855463063136e6
2.550274630631343e6
2.582194630631323e6
2.6143146306313043e6
2.6466346306312876e6
2.6791546306312685e6
2.7118746306312513e6
2.7447946306312336e6
2.777914630631216e6
2.811234630631198e6
2.8447546306311805e6
2.878474630631163e6
2.9123946306311446e6
2.9465146306311283e6
2.9808346306311116e6
3.0153546306310934e6
3.0500746306310776e6
3.084994630631059e6
3.120114630631042e6
3.1554346306310273e6
3.1909546306310105e6
3.2266746306309947e6
3.262594630630978e6
3.298714630630961e6
3.3350346306309453e6
3.3715546306309286e6
3.408274630630911e6
3.445194630630896e6
3.482314630630882e6
3.519634630630867e6
3.5571546306308503e6
3.5948746306308326e6
3.6327946306308196e6
3.6709146306308056e6
3.709234630630788e6
3.747754630630771e6
3.786474630630758e6
3.8253946306307423e6
3.8645146306307283e6
3.9038346306307134e6
3.9433546306307004e6
3.9830746306306855e6