18994.632668872844
19114.632531793395
19434.632171115765
19954.631599863264
20674.630838430123
21594.62991354143
22714.628856917043
24034.627703736784
25554.626490997034
27274.62525587254
29194.624034174834
31314.622858991046
33634.62175956933
36154.62076049209
38874.61988115648
41794.619135559245
44914.61853236245
48234.61807520257
51754.61776319347
55474.61759156879
59394.61755240867
63514.6176353983
67834.61782857291
72354.61811901169
77074.61849345395
81994.6189388186
87114.61944261967
92434.61999327583
97954.62058032046
103674.62119452222
109594.62182792865
115714.62247384868
122034.623126787
128554.62378234646
135274.62443710864
142194.6250885049
149314.6257346858
156634.62637439487
164154.6270068521
171874.62763164935
179794.62824866
187914.6288579593
196234.62945976638
204754.63005438796
213474.63064218152
222394.63122352472
231514.63179879368
240834.63236834787
250354.63293252036
260074.63349161233
269994.6340458903
280114.6345955861
290434.6351408981
300954.6356819934
311674.6362190108
322594.6367520639
333714.6372812447
345034.6378066259
356554.63832826493
368274.63884620555
380194.63936048094
392314.6398711158
404634.64037812746
417154.6408815286
429874.64138132735
442794.6418775296
455914.642370139
469234.6428591577
482754.64334458794
496474.6438264317
510394.6443046913
524514.6447793694
538834.6452504701
553354.6457179984
568074.6461819599
582994.6466423625
598114.6470992146
613434.6475525263
628954.648002309
644674.6484485755
660594.6488913398
676714.6493306173
693034.6497664246
709554.6501987793
726274.6506277006
743194.6510532082
760314.6514753229
777634.6518940667
795154.6523094629
812874.6527215341
830794.6531303053
848914.6535358016
867234.653938048
885754.6543370713
904474.6547328983
923394.6551255559
942514.6555150719
961834.6559014743
981354.656284791
1.0010746566650517e6
1.0209946570422844e6
1.0411146574165182e6
1.061434657787783e6
1.0819546581561079e6
1.1026746585215216e6
1.1235946588840543e6
1.1447146592437355e6
1.1660346596005952e6
1.187554659954662e6
1.2092746603059662e6
1.2311946606545355e6
1.2533146610004024e6
1.2756346613435936e6
1.298154661684139e6
1.3208746620220675e6
1.3437946623574086e6
1.3669146626901897e6
1.39023466302044e6
1.4137546633481882e6
1.4374746636734612e6
1.461394663996289e6
1.4855146643166954e6
1.509834664634712e6
1.534354664950363e6
1.559074665263678e6
1.5839946655746822e6
1.6091146658834012e6
1.6344346661898624e6
1.659954666494091e6
1.6856746667961124e6
1.711594667095953e6
1.7377146673936374e6
1.7640346676891895e6
1.7905546679826349e6
1.8172746682739977e6
1.8441946685633017e6
1.8713146688505702e6
1.8986346691358276e6
1.926154669419095e6
1.9538746697003976e6
1.9817946699797567e6
2.0099146702571958e6
2.0382346705327346e6
2.0667546708063963e6
2.0954746710782018e6
2.124394671348174e6
2.1535146716163317e6
2.1828346718826955e6
2.212354672147286e6
2.242074672410124e6
2.2719946726712305e6
2.3021146729306215e6
2.3324346731883194e6
2.3629546734443437e6
2.393674673698709e6
2.4245946739514396e6
2.455714674202548e6
2.4870346744520552e6
2.5185546746999794e6
2.5502746749463384e6
2.582194675191146e6
2.614314675434423e6
2.646634675676188e6
2.67915467591645e6
2.7118746761552333e6
2.744794676392551e6
2.7779146766284164e6
2.81123467686285e6
2.8447546770958626e6
2.878474677327474e6
2.912394677557694e6
2.9465146777865454e6
2.980834678014037e6
3.0153546782401814e6
3.050074678465e6
3.0849946786884987e6
3.1201146789106964e6
3.155434679131608e6
3.1909546793512437e6
3.2266746795696146e6
3.262594679786743e6
3.298714680002632e6
3.335034680217299e6
3.371554680430759e6
3.408274680643016e6
3.445194680854093e6
3.4823146810639943e6
3.5196346812727335e6
3.557154681480326e6
3.594874681686776e6
3.632794681892104e6
3.670914682096317e6
3.7092346822994244e6
3.7477546825014367e6
3.7864746827023686e6
3.8253946829022304e6
3.8645146831010305e6
3.903834683298779e6
3.9433546834954903e6
3.9830746836911715e6