18994.630633574547
19114.630633530192
19434.630633413544
19954.630633228953
20674.630632983288
21594.63063268544
22714.630632346045
24034.630631976863
25554.63063159029
27274.63063119873
29194.630630814165
31314.630630447617
33634.63063010888
36154.63062980611
38874.63062954575
41794.63062933246
44914.63062916903
48234.63062905664
51754.63062899491
55474.63062898218
59394.63062901569
63514.63062909192
67834.63062920676
72354.6306293558
77074.63062953454
81994.63062973847
87114.63062996336
92434.63063020523
97954.63063046047
103674.63063072594
109594.63063099889
115714.63063127699
122034.63063155835
128554.6306318414
135274.63063212493
142194.63063240802
149314.63063268998
156634.63063297037
164154.63063324877
171874.63063352508
179794.63063379916
187914.63063407096
196234.63063434054
204754.63063460798
213474.6306348733
222394.63063513662
231514.63063539797
240834.63063565755
250354.63063591527
260074.63063617132
269994.63063642575
280114.63063667854
290434.63063692977
300954.6306371795
311674.63063742756
322594.6306376742
333714.63063791936
345034.630638163
356554.63063840516
368274.63063864585
380194.63063888496
392314.63063912257
404634.63063935866
417154.63063959335
429874.63063982624
442794.6306400578
455914.6306402879
469234.6306405162
482754.63064074295
496474.63064096816
510394.63064119173
524514.6306414137
538834.630641634
553354.6306418529
568074.63064207
582994.6306422856
598114.6306424995
613434.6306427119
628954.6306429227
644674.6306431318
660594.6306433391
676714.6306435452
693034.6306437496
709554.6306439522
726274.6306441536
743194.630644353
760314.6306445512
777634.6306447475
795154.6306449426
812874.6306451359
830794.630645328
848914.6306455182
867234.6306457071
885754.6306458946
904474.6306460804
923394.630646265
942514.6306464478
961834.6306466293
981354.6306468094
1.0010746306469879e6
1.0209946306471654e6
1.0411146306473411e6
1.0614346306475159e6
1.081954630647689e6
1.1026746306478607e6
1.1235946306480311e6
1.1447146306482e6
1.166034630648368e6
1.1875546306485345e6
1.2092746306486994e6
1.2311946306488633e6
1.253314630649026e6
1.2756346306491876e6
1.2981546306493478e6
1.3208746306495068e6
1.343794630649665e6
1.3669146306498207e6
1.3902346306499755e6
1.4137546306501306e6
1.437474630650283e6
1.4613946306504353e6
1.4855146306505855e6
1.5098346306507357e6
1.534354630650883e6
1.5590746306510312e6
1.5839946306511783e6
1.6091146306513236e6
1.6344346306514672e6
1.659954630651611e6
1.6856746306517525e6
1.711594630651894e6
1.7377146306520337e6
1.764034630652173e6
1.790554630652311e6
1.8172746306524484e6
1.8441946306525848e6
1.8713146306527187e6
1.898634630652854e6
1.9261546306529872e6
1.9538746306531199e6
1.9817946306532512e6
2.0099146306533825e6
2.0382346306535122e6
2.0667546306536412e6
2.0954746306537688e6
2.124394630653896e6
2.1535146306540235e6
2.1828346306541474e6
2.212354630654273e6
2.242074630654396e6
2.271994630654519e6
2.302114630654641e6
2.3324346306547625e6
2.3629546306548826e6
2.3936746306550023e6
2.424594630655122e6
2.4557146306552403e6
2.4870346306553576e6
2.5185546306554745e6
2.5502746306555904e6
2.582194630655705e6
2.614314630655821e6
2.6466346306559336e6
2.6791546306560477e6
2.7118746306561595e6
2.7447946306562712e6
2.7779146306563807e6
2.811234630656494e6
2.8447546306566023e6
2.8784746306567113e6
2.91239463065682e6
2.946514630656928e6
2.9808346306570345e6
3.015354630657141e6
3.0500746306572473e6
3.0849946306573516e6
3.120114630657456e6
3.1554346306575593e6
3.1909546306576645e6
3.226674630657767e6
3.2625946306578703e6
3.298714630657972e6
3.3350346306580715e6
3.371554630658173e6
3.408274630658271e6
3.4451946306583714e6
3.482314630658471e6
3.519634630658568e6
3.5571546306586666e6
3.5948746306587625e6
3.632794630658862e6
3.670914630658958e6
3.709234630659052e6
3.7477546306591453e6
3.786474630659242e6
3.825394630659338e6
3.864514630659432e6
3.9038346306595225e6
3.9433546306596156e6
3.9830746306597088e6