114821.73906203278
114791.93659745064
114712.76067281998
114585.02104229212
114410.02812217613
114189.60299434175
113926.05582883739
113622.19625143707
113281.33414795989
112907.24137069704
112504.20005437825
112076.95004049013
111630.69967449358
111171.12211432011
110704.34451549966
110236.94587576797
109775.93632175779
109328.7717981509
108903.33263412595
108507.91999323398
108151.25241284072
107842.47505892767
107591.12083433248
107407.14890871407
107300.91540342709
107283.19009418081
107365.14756394128
107558.38039341092
107874.89841595414
108327.14010156947
108927.98406019417
109690.76404046256
110629.28157160379
111757.8403778405
113091.24845458579
114644.88450174377
116434.70467309849
118477.30270746734
120789.9582626019
123390.70354136449
126298.39523195109
129532.80685051391
133114.73540101617
137066.1321572566
141410.26190837024
146171.8947766103
151377.54777928963
157055.786005231
163237.59206191695
169956.85525733238
177250.970297096
185161.63610130677
193735.85620462443
203027.24806701366
213097.7030782006
224019.41821741668
235877.3093321839
248771.59107594474
262819.5391303821
278155.85228180425
294927.0131021881
313276.0623569542
333310.3007777921
355048.9092451696
378360.9414129439
402928.2918485641
428278.47765640385
453894.8615846017
479345.9828938646
504359.59758150525
528820.6522767972
552725.4806343899
576130.9800987925
599117.6243222378
621768.3130990835
644158.5518664386
666353.1902786914
688406.073882821
710361.7277730957
732256.443054697
754120.0342170466
775977.1025833726
797848.105133513
819750.2059801721
841697.9404563
863703.7366706642
885778.3130827411
907930.9665101035
930169.9608098776
952502.4320042296
974934.8324945229
997472.9071984352
1.0201218250562255e6
1.0428862584082751e6
1.0657704503318628e6
1.088778271975215e6
1.111913265921188e6
1.135178688140154e6
1.1585775392223364e6
1.1821125933153415e6
1.205786422594278e6
1.2296014184125506e6
1.2535598086284278e6
1.2776636746503143e6
1.30191496428534e6
1.3263155047653795e6
1.3508670125296377e6
1.3755711036702185e6
1.4004293023417573e6
1.4254430486146566e6
1.450613702679833e6
1.475942558792193e6
1.5014308358393363e6
1.5270796994300825e6
1.5528902519998297e6
1.5788635490727597e6
1.6050005943473247e6
1.63130234490373e6
1.657769715286789e6
1.6844035825686296e6
1.7112047835133346e6
1.7381741191240395e6
1.7653123627462424e6
1.792620249539796e6
1.820098490926971e6
1.847747767320367e6
1.8755687359630477e6
1.9035620275814116e6
1.9317282507769684e6
1.9600679914507617e6
1.9885818155768253e6
2.0172702687327797e6
2.0461338776730988e6
2.0751731519335497e6
2.1043885835201065e6
2.133780648083861e6
2.163349808131938e6
2.1930965088934735e6
2.223021182594899e6
2.2531242471712334e6
2.2834061092680544e6
2.3138671634185566e6
2.3445077911526966e6
2.3753283636826547e6
2.40632924149728e6
2.437510773948907e6
2.4688733019491658e6
2.5004171559459236e6
2.5321426577594215e6
2.564050120119711e6
2.5961398477025935e6
2.628412136868012e6
2.6608672764455304e6
2.6935055475132284e6
2.726327224122222e6
2.7593325729464856e6
2.7925218548246934e6
2.8258953234295533e6
2.8594532264502603e6
2.893195805499151e6
2.927123296320418e6
2.9612359290018603e6
2.99553392842679e6
3.030017514302099e6
3.064686900480501e6
3.0995422967382213e6
3.1345839074597703e6
3.1698119334491724e6
3.205226569693533e6
3.2408280077720173e6
3.2766164345577047e6
3.3125920328080277e6
3.3487549824698367e6
3.385105458208233e6
3.421643631814197e6
3.458369670487105e6
3.495283739387022e6
3.532385987562234e6
3.56967660794039e6
3.607155720058897e6
3.644823486355913e6
3.6826800556378243e6
3.7207255731162103e6
3.758960181181756e6
3.7973840197645174e6
3.83599722561441e6
3.87479993367388e6
3.913792274915103e6
3.952974378885906e6
3.9923463723581303e6
4.0319083797080033e6
4.0716605230445415e6
4.111602922628343e6
4.1517356950555695e6
4.1920589566582013e6
4.232572820600668e6
4.273277398083078e6
4.314172798516101e6
4.355259129498107e6
4.396536496019755e6