18994.63090928884
19114.630890737797
19434.630841927035
19954.630764619113
20674.630661574105
21594.63053640882
22714.630393416053
24034.63023735692
25554.63007323831
27274.62990609127
29194.629740762335
31314.62958172933
33634.629432950576
36154.62929775285
38874.629178761286
41794.62907787009
44914.62899625153
48234.6289343977
51754.62889218863
55474.62886897924
59394.62886369767
63514.62887494791
67834.62890111071
72354.62894043737
77074.62899113324
81994.62905142792
87114.62911963163
92434.62919417696
97954.62927364738
103674.62935679354
109594.6294425392
115714.62952997873
122034.62961836842
128554.62970711316
135274.6297957503
142194.62988393218
149314.6299714085
156634.63005800912
164154.63014362854
171874.63022821146
179794.63031174074
187914.63039422652
196234.63047569848
204754.63055619807
213474.63063577365
222394.63071447634
231514.630792357
240834.63086946428
250354.63094584324
260074.63102153462
269994.63109657454
280114.6311709942
290434.6312448206
300954.6313180763
311674.63139078004
322594.6314629472
333714.6315345902
345034.6316057189
356554.63167634106
368274.63174646266
380194.6318160881
392314.63188522065
404634.63195386284
417154.63202201616
429874.63208968187
442794.6321568607
455914.63222355326
469234.6322897596
482754.6323554802
496474.63242071524
510394.6324854652
524514.6325497301
538834.6326135108
553354.6326768079
568074.632739622
582994.6328019544
598114.6328638061
613434.6329251786
628954.6329860733
644674.6330464918
660594.6331064361
676714.6331659087
693034.6332249113
709554.6332834465
726274.6333415168
743194.6333991251
760314.6334562742
777634.6335129666
795154.6335692059
812874.633624995
830794.6336803376
848914.6337352366
867234.6337896955
885754.6338437181
904474.633897308
923394.6339504691
942514.6340032043
961834.6340555184
981354.6341074143
1.0010746341588967e6
1.0209946342099692e6
1.0411146342606357e6
1.0614346343109002e6
1.081954634360767e6
1.1026746344102393e6
1.1235946344593219e6
1.144714634508018e6
1.1660346345563324e6
1.1875546346042682e6
1.209274634651831e6
1.2311946346990224e6
1.2533146347458486e6
1.2756346347923127e6
1.2981546348384179e6
1.3208746348841698e6
1.3437946349295704e6
1.3669146349746247e6
1.390234635019336e6
1.4137546350637095e6
1.4374746351077473e6
1.4613946351514545e6
1.4855146351948334e6
1.5098346352378887e6
1.5343546352806238e6
1.5590746353230427e6
1.5839946353651492e6
1.6091146354069458e6
1.634434635448437e6
1.6599546354896252e6
1.6856746355305149e6
1.7115946355711103e6
1.7377146356114137e6
1.764034635651427e6
1.790554635691156e6
1.8172746357306032e6
1.8441946357697712e6
1.8713146358086634e6
1.8986346358472838e6
1.9261546358856338e6
1.9538746359237193e6
1.9817946359615421e6
2.0099146359991038e6
2.0382346360364086e6
2.0667546360734585e6
2.0954746361102578e6
2.1243946361468076e6
2.1535146361831143e6
2.1828346362191755e6
2.2123546362549993e6
2.2420746362905833e6
2.2719946363259335e6
2.3021146363610514e6
2.3324346363959415e6
2.3629546364306035e6
2.3936746364650414e6
2.424594636499259e6
2.4557146365332557e6
2.487034636567036e6
2.518554636600602e6
2.5502746366339554e6
2.5821946366671002e6
2.6143146367000374e6
2.646634636732769e6
2.6791546367652984e6
2.7118746367976265e6
2.7447946368297557e6
2.777914636861689e6
2.8112346368934284e6
2.844754636924976e6
2.8784746369563336e6
2.912394636987501e6
2.946514637018486e6
2.9808346370492866e6
3.0153546370799006e6
3.050074637110341e6
3.0849946371405977e6
3.1201146371706803e6
3.155434637200588e6
3.190954637230328e6
3.2266746372598936e6
3.262594637289289e6
3.2987146373185166e6
3.3350346373475785e6
3.3715546373764793e6
3.4082746374052134e6
3.445194637433793e6
3.4823146374622104e6
3.5196346374904714e6
3.5571546375185787e6
3.5948746375465277e6
3.6327946375743276e6
3.670914637601976e6
3.709234637629475e6
3.7477546376568233e6
3.7864746376840263e6
3.825394637711087e6
3.864514637738001e6
3.903834637764774e6
3.943354637791407e6
3.9830746378179e6