18994.630634419897
19114.630634392626
19434.630634320885
19954.630634207322
20674.630634056128
21594.630633872657
22714.6306336634
24034.630633435474
25554.630633196415
27274.630632953762
29194.630632714805
31314.630632486194
33634.63063227394
36154.63063208296
38874.6306319172
41794.63063177951
44914.63063167156
48234.63063159412
51754.630631546956
55474.630631529086
59394.630631538836
63514.630631574124
67834.63063163243
72354.63063171114
77074.63063180754
81994.63063191886
87114.63063204261
92434.63063217638
97954.63063231799
103674.63063246556
109594.63063261741
115714.63063277218
122034.63063292872
128554.6306330861
135274.6306332436
142194.6306334007
149314.63063355695
156634.6306337121
164154.63063386598
171874.63063401845
179794.6306341695
187914.6306343191
196234.63063446732
204754.63063461415
213474.63063475964
222394.63063490388
231514.63063504692
240834.63063518886
250354.63063532967
260074.63063546945
269994.6306356082
280114.63063574606
290434.630635883
300954.63063601905
311674.6306361541
322594.6306362884
333714.63063642173
345034.6306365542
356554.630636686
368274.6306368167
380194.63063694676
392314.63063707575
404634.6306372041
417154.63063733146
429874.63063745794
442794.63063758373
455914.6306377087
469234.63063783245
482754.6306379557
496474.63063807786
510394.63063819916
524514.6306383195
538834.6306384391
553354.6306385577
568074.6306386756
582994.6306387926
598114.6306389086
613434.6306390236
628954.6306391379
644674.6306392513
660594.6306393638
676714.6306394755
693034.6306395864
709554.6306396961
726274.6306398052
743194.6306399134
760314.6306400208
777634.6306401273
795154.6306402329
812874.6306403377
830794.6306404418
848914.6306405449
867234.6306406473
885754.6306407487
904474.6306408496
923394.6306409495
942514.6306410484
961834.6306411469
981354.6306412446
1.0010746306413412e6
1.0209946306414374e6
1.0411146306415325e6
1.0614346306416271e6
1.081954630641721e6
1.1026746306418139e6
1.1235946306419065e6
1.1447146306419978e6
1.1660346306420893e6
1.1875546306421792e6
1.2092746306422683e6
1.2311946306423568e6
1.2533146306424455e6
1.275634630642533e6
1.2981546306426194e6
1.3208746306427054e6
1.343794630642791e6
1.3669146306428753e6
1.3902346306429596e6
1.4137546306430434e6
1.437474630643126e6
1.461394630643209e6
1.48551463064329e6
1.5098346306433708e6
1.5343546306434514e6
1.5590746306435307e6
1.583994630643611e6
1.6091146306436893e6
1.6344346306437673e6
1.6599546306438453e6
1.685674630643922e6
1.711594630643999e6
1.737714630644074e6
1.7640346306441494e6
1.7905546306442241e6
1.8172746306442982e6
1.8441946306443722e6
1.8713146306444455e6
1.898634630644518e6
1.9261546306445906e6
1.9538746306446628e6
1.9817946306447336e6
2.0099146306448039e6
2.0382346306448742e6
2.0667546306449445e6
2.095474630645013e6
2.1243946306450823e6
2.1535146306451503e6
2.1828346306452183e6
2.212354630645286e6
2.2420746306453524e6
2.2719946306454195e6
2.302114630645485e6
2.3324346306455513e6
2.362954630645616e6
2.393674630645681e6
2.424594630645747e6
2.455714630645811e6
2.487034630645873e6
2.518554630645937e6
2.5502746306459997e6
2.5821946306460635e6
2.614314630646124e6
2.6466346306461855e6
2.6791546306462474e6
2.7118746306463084e6
2.74479463064637e6
2.777914630646428e6
2.811234630646489e6
2.8447546306465473e6
2.8784746306466074e6
2.9123946306466646e6
2.946514630646723e6
2.9808346306467825e6
3.015354630646838e6
3.0500746306468975e6
3.0849946306469534e6
3.12011463064701e6
3.155434630647065e6
3.190954630647123e6
3.2266746306471806e6
3.2625946306472355e6
3.2987146306472886e6
3.3350346306473417e6
3.3715546306473967e6
3.408274630647449e6
3.4451946306475056e6
3.4823146306475606e6
3.5196346306476137e6
3.557154630647666e6
3.594874630647716e6
3.632794630647771e6
3.6709146306478223e6
3.7092346306478754e6
3.7477546306479247e6
3.786474630647976e6
3.825394630648028e6
3.8645146306480775e6
3.9038346306481278e6
3.943354630648181e6
3.983074630648232e6