18994.630634991772
19114.630634991394
19434.630634990346
19954.630634988687
20674.63063498643
21594.63063498358
22714.630634980174
24034.630634976245
25554.63063497185
27274.630634967005
29194.630634961766
31314.630634956135
33634.63063495018
36154.630634943926
38874.63063493738
41794.630634930596
44914.63063492357
48234.630634916335
51754.63063490887
55474.630634901216
59394.63063489336
63514.630634885325
67834.6306348771
72354.63063486868
77074.6306348601
81994.63063485133
87114.63063484237
92434.63063483327
97954.63063482399
103674.63063481453
109594.63063480493
115714.63063479518
122034.63063478528
128554.63063477523
135274.63063476508
142194.6306347548
149314.63063474442
156634.63063473394
164154.63063472335
171874.6306347127
179794.63063470196
187914.63063469116
196234.6306346803
204754.63063466945
213474.63063465848
222394.6306346475
231514.63063463656
240834.63063462553
250354.6306346145
260074.6306346035
269994.6306345925
280114.6306345815
290434.6306345705
300954.63063455955
311674.6306345486
322594.63063453767
333714.6306345268
345034.6306345159
356554.63063450507
368274.63063449436
380194.63063448365
392314.6306344728
404634.63063446234
417154.63063445163
429874.63063444104
442794.6306344307
455914.63063442043
469234.63063440996
482754.63063439965
496474.6306343894
510394.6306343793
524514.6306343691
538834.6306343591
553354.6306343491
568074.6306343392
582994.6306343293
598114.6306343195
613434.6306343097
628954.6306343002
644674.6306342905
660594.6306342811
676714.6306342715
693034.6306342622
709554.6306342529
726274.6306342436
743194.6306342345
760314.6306342254
777634.6306342162
795154.6306342073
812874.6306341984
830794.6306341897
848914.6306341809
867234.6306341722
885754.6306341635
904474.6306341549
923394.6306341465
942514.630634138
961834.6306341296
981354.6306341214
1.0010746306341131e6
1.0209946306341048e6
1.0411146306340965e6
1.0614346306340888e6
1.0819546306340806e6
1.1026746306340727e6
1.1235946306340648e6
1.1447146306340569e6
1.1660346306340492e6
1.1875546306340415e6
1.2092746306340338e6
1.2311946306340264e6
1.2533146306340187e6
1.2756346306340112e6
1.2981546306340036e6
1.3208746306339966e6
1.3437946306339893e6
1.366914630633982e6
1.3902346306339747e6
1.4137546306339675e6
1.4374746306339607e6
1.461394630633954e6
1.485514630633947e6
1.5098346306339398e6
1.5343546306339325e6
1.5590746306339258e6
1.58399463063392e6
1.6091146306339127e6
1.6344346306339055e6
1.6599546306338997e6
1.6856746306338925e6
1.7115946306338864e6
1.73771463063388e6
1.764034630633874e6
1.7905546306338673e6
1.8172746306338613e6
1.8441946306338548e6
1.871314630633848e6
1.8986346306338417e6
1.9261546306338352e6
1.9538746306338292e6
1.981794630633823e6
2.009914630633818e6
2.038234630633811e6
2.0667546306338059e6
2.095474630633799e6
2.1243946306337933e6
2.153514630633788e6
2.1828346306337817e6
2.212354630633776e6
2.24207463063377e6
2.2719946306337644e6
2.302114630633758e6
2.332434630633753e6
2.3629546306337477e6
2.3936746306337416e6
2.424594630633737e6
2.455714630633733e6
2.4870346306337253e6
2.5185546306337197e6
2.550274630633715e6
2.582194630633709e6
2.6143146306337034e6
2.6466346306336974e6
2.6791546306336937e6
2.711874630633689e6
2.744794630633684e6
2.7779146306336764e6
2.811234630633673e6
2.844754630633668e6
2.8784746306336625e6
2.9123946306336564e6
2.9465146306336517e6
2.9808346306336485e6
3.0153546306336406e6
3.0500746306336387e6
3.084994630633632e6
3.1201146306336275e6
3.155434630633624e6
3.190954630633619e6
3.2266746306336145e6
3.26259463063361e6
3.298714630633606e6
3.3350346306335987e6
3.371554630633595e6
3.4082746306335875e6
3.4451946306335856e6
3.482314630633581e6
3.5196346306335763e6
3.5571546306335717e6
3.594874630633565e6
3.632794630633564e6
3.6709146306335586e6
3.709234630633554e6
3.7477546306335484e6
3.7864746306335446e6
3.82539463063354e6
3.8645146306335353e6
3.9038346306335297e6
3.943354630633529e6
3.983074630633525e6