18994.630634125046
19114.63063412538
19434.630634126253
19954.63063412768
20674.63063412973
21594.63063413238
22714.630634135683
24034.630634139656
25554.6306341444
27274.630634149886
29194.630634156187
31314.630634163288
33634.63063417128
36154.630634180125
38874.63063418983
41794.630634200425
44914.63063421186
48234.63063422416
51754.630634237285
55474.630634251196
59394.63063426585
63514.63063428122
67834.63063429725
72354.63063431394
77074.6306343312
81994.63063434901
87114.63063436732
92434.63063438612
97954.6306344053
103674.63063442489
109594.63063444482
115714.63063446508
122034.63063448564
128554.63063450645
135274.63063452748
142194.63063454875
149314.6306345702
156634.6306345918
164154.63063461357
171874.63063463545
179794.6306346575
187914.63063467958
196234.63063470175
204754.630634724
213474.63063474628
222394.63063476863
231514.63063479098
240834.6306348134
250354.63063483575
260074.6306348581
269994.6306348805
280114.6306349028
290434.63063492504
300954.63063494733
311674.6306349695
322594.6306349916
333714.6306350137
345034.6306350357
356554.6306350576
368274.63063507935
380194.6306351011
392314.6306351227
404634.6306351443
417154.6306351656
429874.6306351869
442794.63063520816
455914.6306352293
469234.63063525024
482754.6306352711
496474.63063529175
510394.6306353124
524514.6306353328
538834.630635353
553354.6306353733
568074.6306353933
582994.6306354131
598114.630635433
613434.6306354526
628954.630635472
644674.6306354915
660594.6306355107
676714.6306355298
693034.6306355486
709554.6306355675
726274.6306355863
743194.6306356046
760314.6306356234
777634.6306356413
795154.6306356594
812874.6306356774
830794.6306356954
848914.630635713
867234.6306357303
885754.6306357478
904474.6306357651
923394.6306357825
942514.6306357994
961834.6306358161
981354.6306358324
1.0010746306358492e6
1.0209946306358657e6
1.0411146306358817e6
1.0614346306358986e6
1.0819546306359146e6
1.1026746306359302e6
1.1235946306359463e6
1.1447146306359626e6
1.166034630635978e6
1.1875546306359936e6
1.2092746306360092e6
1.231194630636024e6
1.2533146306360387e6
1.2756346306360546e6
1.2981546306360688e6
1.3208746306360837e6
1.3437946306360993e6
1.3669146306361132e6
1.3902346306361274e6
1.413754630636143e6
1.437474630636156e6
1.4613946306361712e6
1.4855146306361847e6
1.509834630636199e6
1.5343546306362122e6
1.559074630636226e6
1.5839946306362406e6
1.6091146306362539e6
1.6344346306362671e6
1.6599546306362809e6
1.6856746306362937e6
1.7115946306363072e6
1.7377146306363198e6
1.7640346306363326e6
1.7905546306363454e6
1.8172746306363589e6
1.8441946306363721e6
1.871314630636384e6
1.8986346306363968e6
1.9261546306364085e6
1.9538746306364215e6
1.9817946306364336e6
2.0099146306364466e6
2.0382346306364592e6
2.0667546306364718e6
2.095474630636484e6
2.124394630636495e6
2.153514630636508e6
2.182834630636519e6
2.212354630636531e6
2.242074630636542e6
2.2719946306365533e6
2.302114630636564e6
2.332434630636576e6
2.3629546306365873e6
2.393674630636598e6
2.42459463063661e6
2.455714630636622e6
2.4870346306366324e6
2.5185546306366427e6
2.5502746306366543e6
2.5821946306366646e6
2.6143146306366753e6
2.6466346306366855e6
2.6791546306366967e6
2.7118746306367074e6
2.7447946306367186e6
2.7779146306367284e6
2.8112346306367386e6
2.844754630636749e6
2.878474630636759e6
2.912394630636768e6
2.9465146306367777e6
2.98083463063679e6
3.0153546306367987e6
3.05007463063681e6
3.084994630636819e6
3.1201146306368285e6
3.1554346306368387e6
3.190954630636849e6
3.226674630636859e6
3.2625946306368676e6
3.298714630636878e6
3.3350346306368853e6
3.3715546306368955e6
3.408274630636904e6
3.445194630636914e6
3.4823146306369244e6
3.5196346306369337e6
3.557154630636942e6
3.5948746306369496e6
3.6327946306369607e6
3.67091463063697e6
3.7092346306369775e6
3.747754630636986e6
3.786474630636996e6
3.8253946306370045e6
3.864514630637014e6
3.903834630637022e6
3.9433546306370306e6
3.9830746306370436e6