18994.65541959883
19114.653749637757
19434.649355704852
19954.642396451993
20674.63312032442
21594.621852892393
22714.608980573932
24034.594931939224
25554.580157690085
27274.56511070425
29194.550227254367
31314.535910425897
33634.52251653843
36154.51034507327
38874.49963234327
41794.490548871516
44914.48320019148
48234.477630611334
51754.47382934143
55474.47173831989
59394.471261066166
63514.47227192127
67834.4746251248
72354.47816326848
77074.48272480183
81994.48815036328
87114.49428783922
92434.50099613769
97954.50814774739
103674.51563020417
109594.52334662674
115714.5312154979
122034.53916987049
128554.54715617483
135274.55513276503
142194.56306834865
149314.57094039363
156634.57873359328
164154.5864384449
171874.59404997638
179794.60156664532
187914.60898936796
196234.61632081436
204754.62356472193
213474.63072544493
222394.6378075847
231514.64481572353
240834.6517542409
250354.65862719505
260074.6654382543
269994.67219066655
280114.6788872558
290434.68553043826
300954.6921222502
311674.6986643828
322594.7051582211
333714.7116048834
345034.7180052587
356554.7243600434
368274.73066977283
380194.7369348513
392314.7431555771
404634.7493321656
417154.75546476804
429874.76155348524
442794.76759838726
455914.7735995186
469234.77955690905
482754.78547058336
496474.79134056426
510394.7971668818
524514.8029495695
538834.8086886749
553354.8143842579
568074.8200363922
582994.8256451678
598114.831210691
613434.8367330839
628954.8422124853
644674.8476490506
660594.8530429516
676714.8583943746
693034.8637035224
709554.8689706102
726274.8741958691
743194.8793795403
760314.884521882
777634.8896231584
795154.8946836474
812874.899703636
830794.9046834211
848914.9096233071
867234.9145236065
885754.9193846395
904474.9242067317
923394.9289902148
942514.9337354255
961834.9384427055
981354.9431124002
1.0010749477448579e6
1.0209949523404305e6
1.0411149568994717e6
1.061434961422339e6
1.0819549659093886e6
1.10267497036098e6
1.1235949747774727e6
1.1447149791592266e6
1.166034983506602e6
1.1875549878199592e6
1.209274992099656e6
1.2311949963460532e6
1.2533150005595074e6
1.2756350047403746e6
1.2981550088890097e6
1.3208750130057654e6
1.3437950170909944e6
1.366915021145044e6
1.3902350251682617e6
1.4137550291609936e6
1.4374750331235793e6
1.4613950370563609e6
1.485515040959671e6
1.5098350448338483e6
1.534355048679221e6
1.559075052496118e6
1.5839950562848642e6
1.6091150600457806e6
1.6344350637791867e6
1.6599550674853974e6
1.6856750711647249e6
1.7115950748174784e6
1.737715078443962e6
1.764035082044478e6
1.7905550856193262e6
1.8172750891688014e6
1.8441950926931961e6
1.871315096192796e6
1.898635099667889e6
1.926155103118755e6
1.9538751065456732e6
1.9817951099489168e6
2.0099151133287586e6
2.038235116685465e6
2.0667551200193018e6
2.0954751233305288e6
2.124395126619405e6
2.1535151298861858e6
2.18283513313112e6
2.212355136354457e6
2.242075139556439e6
2.2719951427373104e6
2.3021151458973084e6
2.332435149036668e6
2.3629551521556214e6
2.393675155254396e6
2.4245951583332215e6
2.455715161392315e6
2.487035164431899e6
2.518555167452191e6
2.550275170453404e6
2.582195173435747e6
2.61431517639943e6
2.6466351793446606e6
2.679155182271636e6
2.7118751851805598e6
2.744795188071626e6
2.7779151909450293e6
2.811235193800964e6
2.844755196639615e6
2.8784751994611714e6
2.912395202265816e6
2.9465152050537304e6
2.9808352078250926e6
3.0153552105800775e6
3.0500752133188625e6
3.0849952160416157e6
3.1201152187485076e6
3.1554352214397066e6
3.190955224115377e6
3.2266752267756746e6
3.2625952294207676e6
3.2987152320508095e6
3.3350352346659577e6
3.3715552372663678e6
3.408275239852184e6
3.4451952424235656e6
3.482315244980654e6
3.519635247523595e6
3.5571552500525326e6
3.5948752525676056e6
3.632795255068964e6
3.6709152575567313e6
3.7092352600310496e6
3.7477552624920546e6
3.7864752649398795e6
3.825395267374651e6
3.8645152697964986e6
3.9038352722055516e6
3.943355274601931e6
3.9830752769857678e6