19660.071059847338
19747.967446102397
19982.99412694844
20366.88207214018
20902.418611935092
21593.418478282176
22444.672435739805
23461.879657798003
24651.557412264876
26020.92506336936
27577.75905332758
29330.216710887013
31286.628552559778
33455.26156626399
35844.05923653515
38460.370520375356
41310.68036203554
44400.36380010567
47733.48286392153
51312.647589333385
55138.95734544891
59212.03133095539
63530.127352017094
68090.33763020312
72888.84126543053
77921.18768705237
83182.58331983091
88668.15767549802
94373.18963926139
100293.2831677265
106424.48878145897
112763.37336458724
119307.04524234768
126053.14391522633
132999.80414165632
140145.6038646825
147489.503658484
155030.7838793495
162768.98403389024
170703.8471418242
178835.27079431503
187163.26547833616
195687.92037967566
204409.37583616274
213327.80200402142
222443.3828867127
231756.30457564752
241266.74721008306
250974.87969112257
260880.8565829033
270984.8165900593
281286.882226468
291787.16025588824
302485.7426593488
313382.7079093686
324478.12237093935
335772.04177224456
347264.5126221569
358955.57352125447
370845.2564018507
382933.587609981
395220.5888826096
407706.278142576
420390.67029096663
433273.7777679323
446355.6110713063
459636.1792199996
473115.49009037385
486793.55072799727
500670.36757717375
514745.9466951906
529020.2938969358
543493.4148914763
558165.3153847712
573036.0011506204
588105.4780920998
603373.7523046794
618840.8300783518
634506.7179266041
650371.4226369613
666434.951238998
682697.3110154042
699158.509506389
715818.5545138272
732677.4540488432
749735.2163661163
766991.8500363445
784447.3636607114
802101.7661565465
819955.0665913209
838007.2741984763
856258.3983557953
874708.4486016077
893357.4345650458
912205.3660073683
931252.2527736692
950498.104798498
969942.9320916351
989586.7447116164
1.0094295527723046e6
1.02947136641384e6
1.0497121958074088e6
1.0701520511421128e6
1.090790942610304e6
1.111628880401995e6
1.1326658746839117e6
1.1539019356432226e6
1.175337073401924e6
1.1969712980811545e6
1.2188046197115842e6
1.240837048325704e6
1.2630685938896516e6
1.285499266316087e6
1.308129075461685e6
1.3309580311047554e6
1.3539861429651014e6
1.377213420688428e6
1.400639873844341e6
1.4242655119204512e6
1.4480903443260712e6
1.472114380387377e6
1.4963376293409492e6
1.5207601003359712e6
1.5453818024305222e6
1.5702027445977808e6
1.5952229357059884e6
1.6204423845378554e6
1.6458610997770722e6
1.6714790900131834e6
1.697296363738873e6
1.7233129293478527e6
1.7495287951385481e6
1.7759439693082764e6
1.80255845995889e6
1.8293722750938192e6
1.856385422615563e6
1.883597910332192e6
1.911009745952906e6
1.9386209370893687e6
1.9664314912537825e6
1.994441415865494e6
2.0226507182459156e6
2.0510594056223305e6
2.0796674851238476e6
2.108474963789508e6
2.1374818485616003e6
2.1666881462915065e6
2.1960938637369396e6
2.2256990075692693e6
2.255503584362957e6
2.2855076006068587e6
2.3157110627007927e6
2.3461139769572914e6
2.3767163496022173e6
2.4075181867752494e6
2.4385194945324077e6
2.4697202788447402e6
2.501120545602051e6
2.532720300611833e6
2.564519549560007e6
2.5965182981706765e6
2.6287165519764475e6
2.661114316466104e6
2.693711597103344e6
2.7265083991392897e6
2.7595047278776905e6
2.7927005885142353e6
2.8260959861635044e6
2.8596909258734714e6
2.893485412620756e6
2.9274794513125764e6
2.961673046787368e6
2.996066203812206e6
3.0306589271052866e6
3.065451221291671e6
3.100443090729807e6
3.1356345403490537e6
3.171025574400813e6
3.206616197266625e6
3.242406413511911e6
3.2783962269494575e6
3.3145856420022366e6
3.3509746628184835e6
3.3875632934926585e6
3.4243515380554344e6
3.461339400487061e6
3.4985268847132814e6
3.538403565375063e6
3.573500733980535e6
3.611287106604583e6
3.649273116192085e6
3.6874587664066744e6
3.72584406086286e6
3.7644290031251763e6
3.803213596711626e6
3.842197845089928e6
3.8813817516833586e6
3.92076531986851e6
3.9603485529757137e6
4.000131454292526e6