18994.81378642506
19114.80144756229
19434.768981978996
19954.717561714686
20674.649022179903
21594.565768596847
22714.470655780548
24034.36685005194
25554.257681352232
27274.146495824316
29194.036517055618
31313.93072355316
33633.83174839326
36153.741804769044
38873.66263918119
41793.595512031374
44913.541203500296
48233.50004133259
51753.47194609248
55473.45648897461
59393.45295721956
63513.46042239334
67833.47780746639
72353.50394928873
77073.53765406295
81993.57774413921
87113.62309540759
92433.67266519387
97953.72551117529
103673.78080222331
109593.8378223652
115713.89596916483
122033.9547478703
128554.01376258486
135274.07270553347
142194.13134545574
149314.18951583304
156634.2471035444
164154.30403836188
171874.3602835402
179794.41582768044
187914.47067755388
196234.5248528931
204754.57838131805
213474.63129500812
222394.68362796857
231514.7354140642
240834.78668566086
250354.83747274973
260074.88780244184
269994.937698739
280114.98718251364
290435.03627162235
300955.0849811133
311675.13332348625
322595.18130897783
333715.2289458522
345035.2762406812
356555.3231986115
368275.3698235994
380195.41611863417
392315.4620859219
404635.50772705325
417155.5530431471
429875.5980349502
442795.64270297793
455915.68704756105
469235.7310689228
482755.77476724295
496475.81814269186
510395.8611954906
524515.903925889
538835.9463342371
553355.9884209764
568076.0301866558
582996.071631938
598116.1127576085
613436.1535645707
628956.194053849
644676.2342265947
660596.274084074
676716.313627666
693036.3528588681
709556.3917792741
726276.4303905854
743196.4686945904
760316.5066931956
777636.5443883501
795156.5817821105
812876.6188765983
830796.6556740047
848916.6921765817
867236.7283866394
885756.7643065399
904476.799938692
923396.8352855461
942516.8703495915
961836.9051333516
981356.9396393776
1.0010769738702461e6
1.0209970078285573e6
1.0411170415169268e6
1.0614370749379876e6
1.0819571080943802e6
1.1026771409887583e6
1.1235971736237793e6
1.1447172060021032e6
1.1660372381263908e6
1.1875572699993008e6
1.209277301623491e6
1.2311973330016108e6
1.253317364136302e6
1.2756373950301965e6
1.2981574256859175e6
1.3208774561060732e6
1.3437974862932598e6
1.3669175162500544e6
1.3902375459790237e6
1.4137575754827126e6
1.4374776047636527e6
1.4613976338243412e6
1.4855176626672759e6
1.509837691294923e6
1.5343577197097256e6
1.5590777479141112e6
1.5839977759104786e6
1.6091178037012042e6
1.6344378312886432e6
1.6599578586751272e6
1.6856778858629612e6
1.711597912854426e6
1.7377179396517787e6
1.7640379662572518e6
1.7905579926730508e6
1.8172780189013593e6
1.844198044944333e6
1.8713180708041003e6
1.89863809648277e6
1.9261581219824203e6
1.9538781473051086e6
1.981798172452862e6
2.009918197427684e6
2.038238222231559e6
2.066758246866438e6
2.0954782713342486e6
2.124398295636899e6
2.1535183197762696e6
2.182838343754214e6
2.212358367572565e6
2.2420783912331304e6
2.271998414737695e6
2.3021184380880157e6
2.3324384612858337e6
2.362958484332862e6
2.3936785072307857e6
2.4245985299812825e6
2.4557185525859892e6
2.4870385750465323e6
2.5185585973645146e6
2.550278619541514e6
2.5821986415790906e6
2.6143186634787777e6
2.6466386852420946e6
2.6791587068705317e6
2.71187872836557e6
2.7447987497286615e6
2.777918770961241e6
2.8112387920647236e6
2.8447588130405033e6
2.878478833889961e6
2.912398854614448e6
2.9465188752153087e6
2.980838895693862e6
3.015358916051407e6
3.0500789362892346e6
3.0849989564086054e6
3.1201189764107713e6
3.155438996296968e6
3.1909590160684115e6
3.226679035726271e6
3.262599055271778e6
3.2987190747060734e6
3.3350390940303137e6
3.371559113245632e6
3.4082791323531414e6
3.4451991513539595e6
3.4823191702491636e6
3.5196391890398297e6
3.557159207727024e6
3.5948792263117847e6
3.6327992447951515e6
3.6709192631781376e6
3.709239281461744e6
3.747759299646961e6
3.786479317734773e6
3.8253993357261405e6
3.8645193536220123e6
3.9038393714233297e6
3.9433593891310184e6
3.983079406745994e6