183219.03776358176
183171.60167634222
183045.3872198439
182841.1618539168
182560.1646361813
182204.1335531148
181775.24666992077
181276.20435738078
180710.02662212323
180080.3940223723
179391.31845363128
178647.2653380788
177853.14551369965
177014.31032012668
176136.51441720143
175225.97874586322
174289.13186911508
173333.09839238462
172365.14053174198
171393.11693453367
170425.00791074915
169469.32168512998
168534.87923257655
167630.8468049982
166766.74096644818
165952.41285105541
165198.04277451584
164514.15296099047
163911.59039527553
163401.53032379624
162995.49024930448
162705.30650085918
162543.1723478374
162521.61826514473
162653.54502060605
162952.19594734794
163431.23047612267
164104.6929420926
164987.05307124433
166093.2313477432
167438.62634655376
169039.15156808036
170911.2758731996
173072.07197511193
175539.27284929503
178331.33800320738
181467.53201580027
184968.0157287381
188853.95617264806
193147.6620552152
197872.73133776183
203054.2571029157
208719.05072410995
214895.94532510807
221616.15293233996
228913.7305021138
236826.16944003882
245395.14509281312
254667.49843043243
264696.4878804963
275543.40345156763
287279.6013251364
299988.976152287
313770.7800899743
328742.33219763136
345040.5396728016
362819.8239983408
382241.95857809874
403450.97285570286
426526.1733305878
451414.6702323431
477867.7439792257
505431.01413958904
533527.9824660071
561608.382297846
589272.9397256067
616312.4002835539
642673.1085195208
668396.5865668426
693568.3376794925
718285.3107581183
742639.4578631651
766711.2137844973
790568.1782468153
814266.0808800492
837850.5478815648
861358.9377104144
884821.9832418245
908265.1531837608
931709.7289398548
955173.6775730947
978672.2985078543
1.0022187434192086e6
1.0258244167366346e6
1.0494992965166746e6
1.0732521581347194e6
1.0970907902295382e6
1.1210221412299597e6
1.145052446433248e6
1.1691873263271293e6
1.1934318749604581e6
1.2177907263272984e6
1.242268113042984e6
1.2668679148113122e6
1.2915936989006414e6
1.3164487560532582e6
1.3414361300453362e6
1.3665586433538776e6
1.3918189136571917e6
1.41721940541862e6
1.4427623818177786e6
1.468449984720819e6
1.494284218872809e6
1.5202669627351484e6
1.5463999872981831e6
1.572684959020907e6
1.5991234493929676e6
1.625716946991618e6
1.6524668589631799e6
1.67937451743778e6
1.706441187888408e6
1.7336680728315827e6
1.761056314754433e6
1.788607002618607e6
1.8163211727322887e6
1.8441998164724016e6
1.8722438773805057e6
1.9004542597805397e6
1.928831828688976e6
1.9573774111676093e6
1.9860918004686232e6
2.0149757583903081e6
2.0440300148584724e6
2.0732552715305947e6
2.1026522030840702e6
2.132221458324697e6
2.161963648133047e6
2.191879414906201e6
2.221969297550464e6
2.2522338687472097e6
2.2826736681961976e6
2.3132892165565165e6
2.3440810169781353e6
2.375049555559837e6
2.40619530210716e6
2.437518712311835e6
2.4690202252914337e6
2.5007002689611837e6
2.5325592617979767e6
2.564597590905181e6
2.5968156512434427e6
2.629213818948526e6
2.6617924589675535e6
2.694551935419074e6
2.7274925748879258e6
2.7606147204541727e6
2.793918695324289e6
2.8274048211274557e6
2.8610733993293433e6
2.894924731006484e6
2.928959107010664e6
2.9631768103483296e6
2.997578116878755e6
3.032163294917106e6
3.066932595167184e6
3.101886294427095e6
3.1370246304097455e6
3.1723478453016235e6
3.2078561753553287e6
3.243549851055238e6
3.2794290976019227e6
3.31549412309517e6
3.3517451644840585e6
3.3881824196426156e6
3.424806093313053e6
3.461616384694498e6
3.498613489242425e6
3.53579759787609e6
3.5731688965539588e6
3.6107275679385527e6
3.6484737898022574e6
3.686407736742186e6
3.7245295793564743e6
3.7628394845797154e6
3.801337615563e6
3.840024131037056e6
3.87889919148818e6
3.9179629458408444e6
3.957215546032799e6
3.9966571390509387e6
4.036287868744125e6
4.076107876215759e6
4.11611729990405e6
4.156316275270945e6
4.196704935238229e6
4.237283410307158e6
4.278051827986488e6
4.319010313746031e6
4.360158990470007e6
4.40149797876139e6