18994.630634751185
19114.630634750298
19434.630634747955
19954.630634744244
20674.63063473931
21594.630634733287
22714.63063472636
24034.630634718793
25554.63063471079
27274.630634702553
29194.63063469436
31314.63063468637
33634.630634678775
36154.63063467175
38874.63063466537
41794.630634659785
44914.63063465498
48234.630634651054
51754.63063464794
55474.63063464564
59394.63063464411
63514.63063464328
67834.63063464308
72354.63063464343
77074.63063464426
81994.63063464548
87114.63063464702
92434.63063464883
97954.63063465082
103674.63063465295
109594.63063465516
115714.63063465743
122034.6306346597
128554.63063466198
135274.6306346642
142194.63063466645
149314.63063466863
156634.63063467073
164154.63063467277
171874.63063467474
179794.6306346767
187914.63063467856
196234.63063468042
204754.6306346822
213474.6306346839
222394.6306346856
231514.63063468723
240834.63063468883
250354.6306346904
260074.63063469192
269994.6306346934
280114.63063469494
290434.63063469634
300954.6306346978
311674.63063469925
322594.6306347006
333714.630634702
345034.6306347033
356554.6306347047
368274.630634706
380194.6306347074
392314.6306347087
404634.63063470996
417154.6306347112
429874.6306347124
442794.63063471374
455914.6306347151
469234.6306347162
482754.6306347176
496474.63063471875
510394.63063472
524514.630634721
538834.6306347223
553354.6306347235
568074.6306347246
582994.6306347256
598114.630634727
613434.6306347279
628954.630634729
644674.6306347301
660594.6306347311
676714.6306347323
693034.6306347332
709554.6306347344
726274.6306347356
743194.6306347366
760314.6306347377
777634.6306347386
795154.6306347398
812874.6306347407
830794.6306347417
848914.6306347426
867234.6306347435
885754.6306347447
904474.6306347456
923394.6306347465
942514.6306347473
961834.6306347485
981354.6306347487
1.0010746306347498e6
1.0209946306347506e6
1.0411146306347512e6
1.0614346306347528e6
1.0819546306347533e6
1.102674630634754e6
1.1235946306347551e6
1.1447146306347563e6
1.1660346306347565e6
1.187554630634758e6
1.2092746306347589e6
1.2311946306347596e6
1.2533146306347605e6
1.275634630634761e6
1.2981546306347616e6
1.320874630634763e6
1.3437946306347635e6
1.3669146306347642e6
1.3902346306347647e6
1.4137546306347658e6
1.437474630634766e6
1.461394630634768e6
1.4855146306347675e6
1.5098346306347689e6
1.534354630634769e6
1.5590746306347703e6
1.5839946306347712e6
1.6091146306347726e6
1.6344346306347724e6
1.659954630634774e6
1.6856746306347742e6
1.711594630634775e6
1.7377146306347756e6
1.7640346306347763e6
1.7905546306347763e6
1.8172746306347777e6
1.8441946306347786e6
1.8713146306347793e6
1.898634630634779e6
1.9261546306347796e6
1.953874630634782e6
1.9817946306347824e6
2.0099146306347828e6
2.0382346306347842e6
2.0667546306347856e6
2.0954746306347852e6
2.1243946306347856e6
2.153514630634786e6
2.1828346306347875e6
2.212354630634788e6
2.242074630634788e6
2.2719946306347894e6
2.3021146306347884e6
2.3324346306347903e6
2.362954630634792e6
2.393674630634792e6
2.424594630634793e6
2.455714630634793e6
2.487034630634793e6
2.5185546306347945e6
2.5502746306347954e6
2.582194630634795e6
2.614314630634796e6
2.646634630634797e6
2.6791546306347973e6
2.7118746306347977e6
2.744794630634799e6
2.7779146306347977e6
2.8112346306348e6
2.8447546306347987e6
2.8784746306348005e6
2.9123946306348e6
2.9465146306348e6
2.9808346306348033e6
3.015354630634802e6
3.050074630634804e6
3.084994630634804e6
3.120114630634804e6
3.1554346306348047e6
3.1909546306348057e6
3.2266746306348066e6
3.2625946306348084e6
3.2987146306348057e6
3.3350346306348075e6
3.3715546306348075e6
3.4082746306348075e6
3.4451946306348084e6
3.4823146306348094e6
3.5196346306348094e6
3.5571546306348094e6
3.5948746306348084e6
3.6327946306348112e6
3.6709146306348112e6
3.7092346306348112e6
3.747754630634812e6
3.786474630634813e6
3.825394630634813e6
3.864514630634814e6
3.903834630634813e6
3.943354630634816e6
3.983074630634814e6