18994.630656518115
19114.630654996
19434.63065099108
19954.630644648045
20674.63063619347
21594.630625924197
22714.63061419259
24034.630601389465
25554.630587925814
27274.630574214578
29194.630560653546
31314.630547610286
33634.630535409684
36154.630524324806
38874.63051457108
41794.63050630402
44914.63049961976
48234.63049455872
51754.63049111099
55474.63048922359
59394.63048880853
63514.63048975116
67834.63049191855
72354.6304951671
77074.6304993495
81994.63050432038
87114.630509941
92434.63051608267
97954.63052262909
103674.63052947767
109594.63053654002
115714.63054374183
122034.63055102195
128554.63055833156
135274.63056563263
142194.6305728966
149314.6305801029
156634.63058723754
164154.63059429184
171874.63060126125
179794.6306081443
187914.63061494185
196234.63062165628
204754.630628291
213474.63063484992
222394.63064133725
231514.63064775718
240834.63065411363
250354.63066041033
260074.6306666506
269994.6306728373
280114.6306789731
290434.6306850602
300954.6306911004
311674.6306970952
322594.63070304587
333714.6307089535
345034.6307148187
356554.6307206424
368274.6307264248
380194.63073216635
392314.6307378673
404634.630743528
417154.6307491484
429874.63075472845
442794.6307602687
455914.63076576893
469234.6307712288
482754.6307766488
496474.6307820289
510394.63078736886
524514.6307926688
538834.6307979289
553354.6308031492
568074.6308083297
582994.6308134703
598114.6308185715
613434.6308236332
628954.6308286556
644674.6308336384
660594.6308385823
676714.6308434872
693034.6308483535
709554.6308531812
726274.6308579706
743194.6308627219
760314.6308674354
777634.6308721111
795154.6308767495
812874.6308813508
830794.6308859154
848914.6308904432
867234.6308949349
885754.6308993903
904474.6309038105
923394.630908195
942514.6309125444
961834.6309168593
981354.6309211398
1.0010746309253859e6
1.0209946309295987e6
1.0411146309337772e6
1.0614346309379232e6
1.081954630942036e6
1.1026746309461165e6
1.1235946309501645e6
1.144714630954181e6
1.1660346309581662e6
1.1875546309621201e6
1.2092746309660424e6
1.2311946309699349e6
1.253314630973797e6
1.2756346309776292e6
1.298154630981432e6
1.3208746309852058e6
1.3437946309889508e6
1.3669146309926666e6
1.3902346309963542e6
1.413754631000014e6
1.4374746310036464e6
1.461394631007252e6
1.485514631010829e6
1.5098346310143801e6
1.5343546310179043e6
1.5590746310214035e6
1.5839946310248778e6
1.6091146310283244e6
1.6344346310317458e6
1.6599546310351435e6
1.685674631038516e6
1.7115946310418644e6
1.7377146310451885e6
1.7640346310484896e6
1.7905546310517655e6
1.8172746310550198e6
1.8441946310582508e6
1.871314631061458e6
1.8986346310646434e6
1.9261546310678066e6
1.953874631070948e6
1.9817946310740684e6
2.0099146310771664e6
2.0382346310802433e6
2.066754631083299e6
2.0954746310863337e6
2.1243946310893493e6
2.1535146310923435e6
2.182834631095318e6
2.2123546310982723e6
2.2420746311012073e6
2.2719946311041233e6
2.302114631107019e6
2.332434631109896e6
2.3629546311127557e6
2.3936746311155963e6
2.42459463111842e6
2.4557146311212233e6
2.4870346311240094e6
2.5185546311267787e6
2.550274631129529e6
2.5821946311322623e6
2.6143146311349794e6
2.64663463113768e6
2.6791546311403615e6
2.7118746311430293e6
2.74479463114568e6
2.777914631148312e6
2.811234631150931e6
2.8447546311535332e6
2.878474631156119e6
2.9123946311586904e6
2.946514631161246e6
2.9808346311637866e6
3.01535463116631e6
3.0500746311688228e6
3.084994631171315e6
3.120114631173798e6
3.155434631176264e6
3.190954631178719e6
3.2266746311811563e6
3.2625946311835814e6
3.2987146311859926e6
3.335034631188387e6
3.371554631190774e6
3.4082746311931415e6
3.4451946311955014e6
3.4823146311978446e6
3.519634631200175e6
3.557154631202494e6
3.594874631204796e6
3.6327946312070936e6
3.6709146312093735e6
3.7092346312116394e6
3.747754631213895e6
3.7864746312161405e6
3.825394631218372e6
3.864514631220592e6
3.9038346312227994e6
3.9433546312249964e6
3.983074631227184e6