322864.4537912243
322845.61839288066
322795.70227944234
322715.3844553565
322605.9794061951
322469.12313348975
322306.96912048664
322122.13957996015
321917.65453694004
321697.0634076197
321464.2255954441
321223.5096711827
320979.6397602059
320737.76493343816
320503.42453541514
320282.4701381435
320081.1883314729
319906.0196727355
319763.93835437275
319662.1588718818
319608.1252955649
319609.61507206655
319674.5129726009
319811.1021055955
320027.7863582913
320333.18101333035
320736.0862551036
321245.43284782534
321870.3085687165
322619.87984462024
323503.4572433918
324530.42530218593
325710.1341180176
327052.09886413
328565.77832538355
330260.66869488603
332146.2113626782
334231.83151449077
336526.89466095343
339040.6877155098
341782.40164141986
344761.12421053194
347985.80088925676
351465.2341124312
355208.06364699337
359222.7349187556
363517.5002687274
368100.38870389434
372979.20149015693
378161.4821764184
383654.50640718
389465.2784799746
395600.5060432103
402066.57112209976
408869.552483459
416015.18529437296
423508.86240071105
431355.62005381484
439560.12969862344
448126.6860586561
457059.20986016747
466361.2306659139
476035.8894372635
486085.93216026353
496513.708438665
507321.172593244
518509.8810380311
530080.996021896
542035.2910423935
554373.1506998282
567094.5827271371
580199.2254664978
593686.3480939694
607554.873953668
621803.4574106093
636430.1140248827
651433.0105679038
666809.7016031111
682557.5331102514
698673.5841072395
715154.6746888105
731997.3936321903
749198.1095931632
766752.9897377104
784658.0226937176
802909.0326847977
821501.6790064869
840431.5364285983
859694.0325334149
879284.5208865567
899198.2637985615
919430.4898689052
939976.3610385092
960831.0476368155
981989.6739399219
1.003447381837405e6
1.0251993346567184e6
1.0472407211878526e6
1.0695667784730985e6
1.0921727861333392e6
1.1150540954563569e6
1.138206128060415e6
1.1616243824442062e6
1.1853044511746098e6
1.2092420313749907e6
1.2334329046513452e6
1.2578729736359606e6
1.2825582441686722e6
1.3074848495740443e6
1.3326490249173439e6
1.358047147166568e6
1.3836757044894695e6
1.4095313154412087e6
1.4356107192704866e6
1.461910783763423e6
1.4884285167643891e6
1.5151610142742796e6
1.5421055417761405e6
1.5692594631900399e6
1.59662026711528e6
1.624185566459087e6
1.6519530865578726e6
1.6799206625489495e6
1.70808626425424e6
1.736447939341805e6
1.7650038732630964e6
1.793752336680632e6
1.822691707793405e6
1.8518204567594873e6
1.881137159130893e6
1.910640468899815e6
1.9403291368905692e6
1.9702019891839316e6
2.0002579476560166e6
2.0304960013443641e6
2.0609152254146344e6
2.0915147301265425e6
2.1222937487877514e6
2.1532515485578896e6
2.184387461758377e6
2.215700888955539e6
2.2471912737273253e6
2.278858126797749e6
2.3107010034365766e6
2.342719510032244e6
2.37491329963966e6
2.4072820658341036e6
2.439825550953392e6
2.4725435158189656e6
2.50543579171794e6
2.5385022120736353e6
2.571742664722302e6
2.605157059291279e6
2.638745335078728e6
2.672507457099168e6
2.706443431479539e6
2.740553235582735e6
2.7748369488745895e6
2.809294613332417e6
2.8439263070361023e6
2.8787321285299947e6
2.9137121905345963e6
2.9488666137129804e6
2.9841955476859296e6
3.019699145564608e6
3.0553775901828995e6
3.0912310113170333e6
3.1272596468174974e6
3.1634636775698434e6
3.1998433041859637e6
3.236398756153851e6
3.2731302382901786e6
3.310037982791122e6
3.3471222216950683e6
3.384383192283758e6
3.4218211361656273e6
3.4594362980111656e6
3.4972289264194886e6
3.5351992723269104e6
3.5733475890812916e6
3.611674131345292e6
3.650179156023757e6
3.6888629206732097e6
3.727725683579896e6
3.7667677037528125e6
3.8059892364331377e6
3.8453905526011433e6
3.8849718913692166e6
3.9247335236792522e6
3.964675702192524e6
4.0047986821255772e6
4.0451027174533163e6
4.08558806101396e6
4.1262549632124347e6
4.167103670669276e6
4.208134438151322e6
4.249347502478713e6
4.290743109155668e6
4.332321498506859e6
4.374082908855474e6