334673.51073617954
334651.546006163
334593.26124259504
334499.4148451106
334371.20883822895
334210.344129395
334018.9680023587
333799.6955843015
333555.55024158314
333290.045400304
333007.0687286778
332710.9992489967
332406.53792037384
332098.86242459493
331793.4794096417
331496.2554336082
331213.4395914227
330951.60409272905
330717.5958318353
330518.68333646306
330362.3307557169
330256.3053136576
330208.528816652
330227.28354833566
330321.0013883362
330498.3232658346
330768.08282909764
331139.24603560544
331620.91895624937
332222.33484175
332952.84203428647
333821.87139730644
334838.86162399466
336013.3727929051
337354.94160205685
338873.1496531607
340577.526350952
342477.6009954162
344582.8372180016
346902.63754818693
349446.32206581533
352223.113831126
355242.0971550874
358512.2290000656
362042.3112569634
365840.9633855743
369916.6204023772
374277.5038394254
378931.61804021534
383886.7191021743
389150.30727853824
394729.61248892266
400631.5895976182
406862.86808939266
413429.7840163071
420338.3375762063
427594.1981967003
435202.6678199973
443168.71482893033
451496.91827245976
460191.49113356904
469256.25866482453
478694.6587982655
488509.7339718359
498704.13256892015
509280.10435162566
520239.4988670106
531583.767528206
543313.9685131474
555430.7644371872
567934.4338368113
580824.877190137
594101.618425249
607763.8222135194
621810.2943334072
636239.5061348353
651049.5969219152
666238.3821600887
681803.3925923763
697741.8680342487
714050.7733583713
730726.8375309544
747766.5142661377
765166.0964437764
782921.6441066269
801029.043257059
819484.013915339
838282.1439408245
857418.8898314227
876889.597488278
896689.5337410131
916813.8806722931
937257.77221822
958016.3003577353
979084.5433929861
1.0004575658580278e6
1.0221304335175935e6
1.0440982352297752e6
1.0663561034617433e6
1.0888991999804627e6
1.1117227507491421e6
1.1348220526775331e6
1.1581924524194992e6
1.181829416777513e6
1.2057284920991599e6
1.2298853044993225e6
1.2542956108328644e6
1.2789552598522007e6
1.3038602267833487e6
1.3290066004469225e6
1.354390589225156e6
1.3800085285923881e6
1.4058568816399442e6
1.4319322266829016e6
1.4582312975307368e6
1.484750934898608e6
1.5114880861136394e6
1.5384398738555382e6
1.565603526097845e6
1.59297638180609e6
1.620555928675191e6
1.64833975221601e6
1.676325560139138e6
1.7045111980659864e6
1.7328946018601225e6
1.7614738218944725e6
1.7902470419544117e6
1.8192125107890316e6
1.8483686049093246e6
1.877713791923802e6
1.9072466384496267e6
1.936965800763964e6
1.9668700168681582e6
1.9969581308539084e6
2.0272290330869716e6
2.0576817504953162e6
2.0883153027494643e6
2.1191288591409414e6
2.150121622640406e6
2.1812928622282175e6
2.212641924426622e6
2.244168193749087e6
2.275871130864022e6
2.3077502414158885e6
2.33980508694104e6
2.3720352775488524e6
2.4044404647307415e6
2.437020344708248e6
2.4697746732449885e6
2.5027032156230714e6
2.5358057877494236e6
2.5690822529470325e6
2.6025324786995715e6
2.6361563952767216e6
2.669953939980146e6
2.703925085788089e6
2.7380698267094037e6
2.772388189539936e6
2.8068802083310513e6
2.841545954179473e6
2.876385505385641e6
2.911398965131785e6
2.946586442116068e6
2.9819480778825977e6
3.0174840157066965e6
3.053194431679331e6
3.089079446893206e6
3.125139297243587e6
3.1613741556041003e6
3.197784222207206e6
3.234369714370792e6
3.2711308436591243e6
3.308067830229847e6
3.3451809234022475e6
3.382470342302075e6
3.419936332851934e6
3.4575791402459117e6
3.4953990140908947e6
3.5333962058777413e6
3.571570970753441e6
3.609923565183326e6
3.648454247913098e6
3.687163279081499e6
3.72605091920517e6
3.7651174313253434e6
3.8043630761260763e6
3.843788119685253e6
3.8833928122109137e6
3.923177426493264e6
3.963142218911131e6
4.003287448876109e6
4.043613374270628e6
4.084120253219056e6
4.1248083393191015e6
4.1656778866821444e6
4.206729146989222e6
4.247962369358857e6
4.289377792972681e6
4.330975688057665e6
4.372756272472565e6