25246.87194225376
25363.13928242158
25673.243910367317
26177.344596968025
26875.697889151896
27768.656049079946
28856.66423631041
30140.256966649788
31620.053889749768
33296.754785791556
35171.13457917812
37244.037097778906
39516.36898909992
41989.09135067758
44663.2155611759
47539.79316477119
50619.91041775941
53904.67974401833
57395.2323402951
61092.71246443753
64998.264142830354
69113.03050270745
73438.14770343991
77974.73093523862
82723.87786834183
87686.64172233254
92864.06347258536
98257.1300245699
103866.78762460135
109693.93406197408
115739.41510877875
122004.02139059949
128488.48544326692
135193.47977944897
142119.61520809593
149267.43884130396
156637.43436115314
164230.0207245849
172045.55246986213
180084.32004295112
188346.5504864998
196832.40858448774
205541.99774698634
214475.3621233956
223632.48813964878
233013.3065226127
242617.69465223968
252445.4787844511
262496.43655638513
272770.2996741827
283266.7564806384
293985.4547862209
304926.0045913238
316087.98087697313
327470.926433712
339074.354588213
350897.7519911545
362940.5812904576
375202.28378031275
387682.28198428306
400379.98208372074
413294.77661603945
426426.0462983694
439773.1626792331
453335.49014766194
467112.3878914283
481103.2118834958
495307.3166811889
509724.0571000347
524352.7898370797
539192.8749389235
554243.6772466495
569504.5675678701
584974.9239348641
600654.1327011103
616541.5893986563
632636.6997556023
648938.8804464061
665447.5597732796
682162.1783389074
699082.189566859
716207.0604887166
733536.2708992744
751069.3159720385
768805.7043703652
786744.9595400719
804886.6195980615
823230.2375194025
841775.3811902418
860521.6333176002
879468.5915036302
898615.8684770532
917963.0911406731
937509.9016691268
957255.9557717914
977200.9242960027
997344.4919716575
1.0176863573588127e6
1.0382262317539674e6
1.0589638413151978e6
1.0798989242106164e6
1.1010312316890717e6
1.1223605275525847e6
1.143886587552167e6
1.1656091995487765e6
1.1875281628992457e6
1.20964328815172e6
1.2319543968092368e6
1.2544613206009301e6
1.277163902742492e6
1.3000619946124982e6
1.3231554583014785e6
1.3464441650070748e6
1.3699279947887475e6
1.3936068369230195e6
1.4174805868370426e6
1.4415491512400806e6
1.4658124425311582e6
1.4902703804239968e6
1.514922892535844e6
1.5397699133629922e6
1.564811382865115e6
1.590047248819009e6
1.615477463589508e6
1.641101985915903e6
1.6669207802551917e6
1.692933815633442e6
1.7191410667925386e6
1.745542512710026e6
1.7721381371820755e6
1.798927928106536e6
1.8259118775838723e6
1.8530899815846696e6
1.880462239751032e6
1.9080286552187218e6
1.9357892344321802e6
1.9637439869447039e6
1.991892925272762e6
2.0202360648648436e6
2.0487734231783114e6
2.0775050210165177e6
2.106430880972098e6
2.135551027749026e6
2.1648654884599256e6
2.1943742918367544e6
2.224077468410262e6
2.253975050520901e6
2.2840670717511624e6
2.314353567459994e6
2.3448345741053834e6
2.375510129430513e6
2.406380272310963e6
2.4374450426789424e6
2.468704481205869e6
2.500158629724393e6
2.531807530686272e6
2.5636512272518114e6
2.595689763193546e6
2.6279231829337687e6
2.6603515424946393e6
2.6929748533156514e6
2.7257931949865003e6
2.7588066020984035e6
2.7920151211768324e6
2.82541879790375e6
2.8590176798506337e6
2.8928118131624847e6
2.926801244689341e6
2.960986021372422e6
2.9953661900162203e6
3.029941797432615e6
3.064712890160912e6
3.0996795154075115e6
3.134841719132525e6
3.17019954781902e6
3.2057530476530064e6
3.2415022646076726e6
3.277447244409946e6
3.3135880325127095e6
3.349924674258478e6
3.386457214492334e6
3.423185697660477e6
3.4601101681734296e6
3.497230670023039e6
3.5345472467912715e6
3.572059941738707e6
3.6097687977974853e6
3.6476738574166587e6
3.685775162736114e6
3.724072755477842e6
3.762566676888074e6
3.801256968068298e6
3.8401436693372857e6
3.879226820788754e6
3.9185064620661885e6
3.9579826324577155e6
3.997655370618535e6
4.0375247150030835e6
4.0775907034865553e6
4.117853373485313e6