34956.39260628534
35062.25284793848
35344.67536021775
35804.00982207374
36440.82175225066
37255.88866682825
38250.19481283866
39424.924529007956
40781.45437744248
42321.343770914275
44046.324632858625
45958.29020632559
48059.28299361083
50351.48100800195
52837.18408280471
55518.800423266424
58398.82842365824
61479.84506208572
64764.49042720729
68255.44888160477
71955.43640360355
75867.18300180126
79993.41967962729
84336.86184514881
88900.207626991
93686.07082738099
98697.06731622809
103935.7081443826
109404.4311409932
115105.58743087502
121041.41795196131
127214.0665110466
133625.55031807467
140277.7634776528
147172.46846285416
154311.29321473552
161695.7223352963
169327.09801220437
177206.61604705366
185335.3242070037
193714.12354139212
202343.76487013546
211224.8538815791
220357.85079573744
229743.0734806121
239380.7005682499
249270.7747562447
259413.20791669626
269807.7852137469
280454.1707368633
291351.9113928339
302500.4460296128
313899.1080595011
325547.13395138155
337443.6682978972
349587.7712604952
361978.42469761166
374614.53881146247
387494.958719537
400618.47079433175
413983.8093883496
427589.6626140061
441434.6788952961
455517.4724772797
469836.6294833458
484390.7130304198
499178.2691541577
514197.8309425147
529447.9238976003
544927.0703701826
560633.7935297838
576566.6217362154
592724.0918981077
609104.7529443807
625707.169178945
642529.9230663707
659571.6178926703
676830.8800636816
694306.3614922797
711996.7414828681
729900.72803343
748017.0601675983
766344.5083610715
784881.8761301716
803628.0008771855
822581.7544425132
841742.0441052199
861107.8138423234
880678.0382792985
900451.7360565648
920427.9568594936
940605.7872628401
960984.3511216089
981562.8021464475
1.0023403415459149e6
1.0233161919579707e6
1.0444896178028393e6
1.0658599153773834e6
1.087426414559501e6
1.1091884774596319e6
1.1311454981354005e6
1.1532969016875112e6
1.1756421439931183e6
1.1981807088782093e6
1.2209121115100402e6
1.2438358926949291e6
1.2669516217546416e6
1.2902588934891864e6
1.313757328396611e6
1.3374465717071574e6
1.361326291546468e6
1.3853961814165725e6
1.4096559532253877e6
1.4341053425993267e6
1.4587441049679504e6
1.4835720153321486e6
1.5085888676352785e6
1.5337944737533547e6
1.5591886629165043e6
1.5847712809005643e6
1.6105421891055345e6
1.6365012648541653e6
1.662648398503632e6
1.688983495497465e6
1.7155064734666997e6
1.7422172630438637e6
1.7691158065782066e6
1.7962020576683728e6
1.8234759803588963e6
1.850937549429967e6
1.8785867482788756e6
1.9064235708871437e6
1.934448017131765e6
1.9626600982947869e6
1.991059831267557e6
2.0196472401550286e6
2.0484223566271944e6
2.0773852180890008e6
2.106535868118181e6
2.1358743555608117e6
2.1654007351667318e6
2.195115066008264e6
2.2250174108605683e6
2.2551078388424483e6
2.285386421117308e6
2.315853233214181e6
2.3465083538911594e6
2.3773518649700265e6
2.4083838509653504e6
2.4396043992962996e6
2.4710135995341376e6
2.5026115435680035e6
2.534398324647409e6
2.5663740385403866e6
2.598538782513799e6
2.6308926542898784e6
2.6634357539785374e6
2.6961681822603997e6
2.729090040538363e6
2.762201431600838e6
2.79550245744291e6
2.8289932225754606e6
2.8626738306570267e6
2.896544385789071e6
2.930604992583011e6
2.96485575511338e6
2.9992967783451066e6
3.0339281662623314e6
3.06875002382211e6
3.10376245423313e6
3.138965561353135e6
3.1743594485414936e6
3.2099442185780425e6
3.2457199737061253e6
3.2816868158379467e6
3.3178448459825404e6
3.354194165374791e6
3.3907348716989667e6
3.4274670661605755e6
3.464390846586845e6
3.501506310032321e6
3.53881355328067e6
3.5763126722602705e6
3.6140037617990766e6
3.651886915934546e6
3.689962227750944e6
3.7282297894059904e6
3.76668969200655e6
3.805342025858295e6
3.844186880130343e6
3.8832243430709904e6
3.922454501912766e6
3.9618774430601364e6
4.0014932509581596e6
4.0413020106133623e6
4.081303804921373e6
4.1214987155758217e6
4.1618868244073596e6
4.202468211024649e6
4.243242954568397e6