25860.517203929703
25976.210018286343
26284.78786582763
26786.42390483299
27481.39795093009
28370.094259033474
29452.998489849444
30730.69389662268
32203.856776667897
33873.25108030115
35739.723031132104
37804.194556010894
40067.65594841124
42531.15835006198
45195.80772415138
48062.754679268764
51133.18838378301
54408.32736448016
57889.41144220379
61577.695222982526
65474.43389637115
69580.88654316183
73898.29541227929
78427.89176768632
83170.87895306048
88128.42951999538
93301.6798537341
98691.7238218807
104299.60758647589
110126.3251091495
116172.81406833683
122439.95230625827
128928.55503152554
135639.3715883094
142573.08456391195
149730.30716554326
157111.58308425485
164717.38550677776
172548.11702688283
180604.11008864135
188885.6276086652
197392.86406346838
206125.94660295162
215084.93490631506
224269.83366280337
233680.57335234247
243317.03407122853
253179.03725275083
263266.3507490859
273578.6911930896
284115.72741586494
294877.08314273093
305862.3401128085
317071.0410956381
328502.69296130165
340156.76974922715
352032.71566334134
364129.9480427605
376447.8602710794
388985.8246404349
401743.19502460194
414719.309832303
427913.4941092543
441325.0623724137
454953.32090647554
468797.5699101478
482857.1057063055
497131.2227734586
511619.21550414036
526320.3801613696
541234.0164071278
556359.4289259342
571695.9287673279
587242.8347383906
602999.474593404
618965.1860493342
635139.3178795332
651521.2307678491
668110.2980745601
684905.9065914135
701907.4571319644
719114.3651357777
736526.0609335308
754141.9903915438
771961.6150380378
789984.4123875543
808209.8757532736
826637.5160177241
845266.8584418825
864097.4461074162
883128.8378225432
902360.6091934987
921792.3514583604
941423.672430222
961254.1949504343
981283.5584770663
1.0015114177178623e6
1.0219374423013083e6
1.0425613169735814e6
1.063382741135951e6
1.0844014286810285e6
1.1056171069029523e6
1.1270295179568876e6
1.148638416338501e6
1.1704435701861396e6
1.1924447600850137e6
1.2146417790179593e6
1.2370344319722431e6
1.2596225351515776e6
1.2824059173829616e6
1.305384416438223e6
1.3285578818477523e6
1.351926173133972e6
1.3754891595311172e6
1.3992467203845119e6
1.4231987417752189e6
1.4473451224675355e6
1.471685766054056e6
1.4962205866652434e6
1.5209495048215562e6
1.5458724494669356e6
1.570989355927726e6
1.5963001669154232e6
1.6218048313307564e6
1.647503304455361e6
1.673395547945645e6
1.6994815284375886e6
1.7257612188212096e6
1.7522345966400693e6
1.7789016446068469e6
1.8057623502314528e6
1.8328167047657424e6
1.860064704797619e6
1.8875063502151284e6
1.9151416448790317e6
1.9429702605895298e6
1.9709932151689343e6
1.9992095158526397e6
2.027619515391412e6
2.056223233210977e6
2.0850206925494184e6
2.1140119183882717e6
2.1431969380802223e6
2.1725757815491427e6
2.202148480402911e6
2.2319150687949164e6
2.261875580971472e6
2.2920300552292923e6
2.32237852999055e6
2.352921045309337e6
2.383657642626589e6
2.4145883646088634e6
2.4457132550538327e6
2.47703235856508e6
2.5085457209861837e6
2.5402533888327647e6
2.572155409369633e6
2.6042518305240604e6
2.636542700921711e6
2.66902806936439e6
2.701707985812089e6
2.734582499872688e6
2.7676516618387443e6
2.800915522434209e6
2.834374131952464e6
2.8680275419930853e6
2.9018758026558026e6
2.935918966374157e6
2.970157083126589e6
3.00459020441039e6
3.0392183813480986e6
3.0740416646854104e6
3.109060105941462e6
3.1442737552368487e6
3.1796826632604925e6
3.2152868803803674e6
3.251086456706431e6
3.287081442084486e6
3.3232718860519486e6
3.3596578380896687e6
3.3962393467881004e6
3.433016460858852e6
3.469989228565519e6
3.5071576978144287e6
3.544521916060723e6
3.5820819303992293e6
3.6198377875676895e6
3.65778953375655e6
3.6959372148199356e6
3.734280876222503e6
3.7728205628291615e6
3.811556319180097e6
3.8504881893098108e6
3.8896162167883893e6
3.928940444717496e6
3.9684609158144784e6
4.0081776721024164e6
4.0480907546041035e6
4.088200206938219e6
4.1285060671462915e6