30645.104491257604
30755.732584630547
31050.842109655976
31530.708541924672
32195.77725028203
33046.66026692456
34084.13167825833
35309.1228163644
36722.71442772818
38326.12978016364
40120.72565163432
42107.983566771596
44289.49939717946
46666.97076803827
49242.18811783867
52017.02092314203
54993.4064879276
58173.33792919738
61558.851153023395
65152.00953953437
68954.89717225758
72969.60063596698
77198.20013669932
81642.76117637705
86305.31632843336
91187.85552691348
96292.32220932902
101620.60215363886
107174.49806501743
112955.75676326215
118966.02866683122
125206.87517808382
131679.76286853332
138386.0562150859
145327.01562625013
152503.7905308146
159917.42114642257
167568.833899406
175458.84094922818
183588.14003386296
191957.31425579995
200566.83670223854
209417.05508432546
218508.23355757148
227840.48919942597
237413.87659552664
247228.32337073155
257283.66568291577
267579.6465000332
278115.91909744835
288892.0520590977
299907.52895737864
311161.77720034675
322654.1251608891
334383.85489725316
346350.1833387125
358552.27207808325
370989.2323743563
383660.1302459078
396563.9905854183
409699.80341745156
423066.5269949079
436663.09320811793
450488.4115110602
464541.3732659219
478820.8557439749
493325.72608126473
508054.8435309044
523007.06760193896
538181.2528454522
553576.2599439602
569190.9550466922
585024.2115860701
601074.914705988
617341.9629839389
633824.2694251591
650520.7640810488
667430.395846166
684552.133665507
701884.9679898781
719427.9119871366
737180.0023749978
755140.3006452937
773307.8935372916
791681.8935921704
810261.4400021848
829045.6986362454
848033.862529911
867225.151854574
886618.8142795281
906214.124817322
926010.3856274388
946006.9260587113
966203.1023867026
986598.2975274686
1.0071919206130507e6
1.0279834067247635e6
1.048972216736556e6
1.070157836028093e6
1.0915397750296672e6
1.113117568517843e6
1.1348907726678695e6
1.15685897002547e6
1.1790217626801045e6
1.2013787759946468e6
1.2239296561906438e6
1.2466740683952575e6
1.2696117007566346e6
1.2927422583410959e6
1.3160654657572194e6
1.339581065290337e6
1.3632888173956373e6
1.387188498199201e6
1.4112799009514297e6
1.435562834184913e6
1.4600371213590128e6
1.4847026005046596e6
1.5095591234151307e6
1.5346065551317488e6
1.559844773410331e6
1.5852736680904478e6
1.6108931411663769e6
1.6367031048822529e6
1.662703482851163e6
1.6888942083358283e6
1.715275225469757e6
1.7418464840620095e6
1.7686079479117645e6
1.7955595847496842e6
1.8227013727996913e6
1.8500332963037519e6
1.8775553474836831e6
1.905267524235836e6
1.933169832080563e6
1.9612622817961208e6
1.9895448897410638e6
2.0180176780008555e6
2.0466806733879352e6
2.0755339074648223e6
2.1045774165444234e6
2.1338112404504484e6
2.163235423418955e6
2.1928500129796034e6
2.2226550605196105e6
2.252650619738112e6
2.2828367484432324e6
2.3132135059528644e6
2.343780954489446e6
2.374539159018344e6
2.4054881861900147e6
2.436628104690955e6
2.4679589850360495e6
2.4994808996320474e6
2.531193920888256e6
2.5630981249072007e6
2.5951935872493684e6
2.627480385442926e6
2.6599585965237534e6
2.692628300180531e6
2.7254895757422727e6
2.7585425032173265e6
2.7917871632666225e6
2.825223636907609e6
2.858852005366406e6
2.8926723501737094e6
2.9266847531993203e6
2.960889295711852e6
2.995286060278858e6
3.029875127853181e6
3.0646565801907987e6
3.0996304987014486e6
3.1347969645670694e6
3.170156058408221e6
3.2057078609358454e6
3.2414524522068286e6
3.2773899119504495e6
3.313520308103182e6
3.349843753661718e6
3.3863602916124677e6
3.4230700126907434e6
3.4599729929909455e6
3.4970693091549342e6
3.534359037030871e6
3.5718422517876523e6
3.6095190280427765e6
3.647389439463485e6
3.685453559271902e6
3.7237114598011933e6
3.762163212755559e6
3.8008088890270228e6
3.839648558795754e6
3.87868229145897e6
3.9179101556135574e6
3.95733221916576e6
3.996948548677453e6
4.0367592114839414e6
4.076764272473177e6
4.1169637963818014e6
4.1573578471529623e6
4.197946488025913e6