26593.598818224586
26708.572937322962
27015.240295428914
27513.791280615456
28204.532839637985
29087.886777171363
30164.386301143233
31434.671897903158
32899.48641011125
34559.66920226993
36416.15032515994
38469.94340242241
40722.13770266019
43173.88990047947
45826.41760216088
48680.98826219181
51738.91269524214
55001.53424798007
58470.22167190507
62146.35886385809
66031.33695073734
70126.54451830965
74433.36179940683
78953.14572586723
83687.2363625363
88636.93413817105
93803.50353452771
99188.15873339902
104792.06862704115
110616.34144416318
116662.02539031091
122930.10347838416
129421.49020273711
136137.0283705521
143077.48748765187
150243.56106383097
157635.8662664049
165254.94262375662
173101.25206175924
181175.17907469935
189477.03136999556
198007.0410244466
206765.36553882732
215752.090033148
224967.22912370227
234410.7291445607
244082.471007653
253982.27259111428
264109.89179646986
274465.02986784384
285047.33411493467
295856.40160673973
306891.7822809636
318152.98234378593
329639.4676700977
341350.66714646877
353285.9760293135
365444.75922311377
377826.3545116415
390430.0759035185
403255.2158541471
416301.0498869782
429566.83786047006
443051.82756650477
456755.2569589252
470676.3571037499
484814.35418723256
499168.472009797
513737.93389804603
528521.9648697623
543519.7934533809
558730.6533697194
574153.7852549755
589788.4379406635
605633.8701160856
621689.3511533425
637954.1625950228
654427.5990011676
671108.9687957685
687997.5952324308
705092.8169521322
722393.9886688583
739900.481635598
757611.6840786572
775527.0016494376
793645.8576086584
811967.6931242025
830491.9669039932
849218.1566901957
868145.7571366765
887274.2825563725
906603.2636489992
926132.2498954736
945860.8087044839
965788.523972478
985914.9993504451
1.0062398515121782e6
1.0267627187049186e6
1.0474832527798095e6
1.0684011225564147e6
1.0895160127121187e6
1.1108276235044128e6
1.1323356707782221e6
1.1540398837170913e6
1.1759400080080642e6
1.198035802032882e6
1.220327038183467e6
1.2428135020699985e6
1.26549499211095e6
1.2883713191973397e6
1.3114423062899418e6
1.3347077879041946e6
1.3581676099259637e6
1.3818216289979583e6
1.4056697121858636e6
1.4297117367242384e6
1.4539475895108432e6
1.4783771667183167e6
1.5030003735021078e6
1.527817123317305e6
1.5528273389572105e6
1.5780309493435612e6
1.6034278925631756e6
1.6290181129092092e6
1.6548015618908645e6
1.680778197813808e6
1.7069479850555807e6
1.7333108940343517e6
1.7598669007882338e6
1.7866159869954798e6
1.813558139476501e6
1.8406933492341025e6
1.868021613113915e6
1.8955429315649848e6
1.9232573093999114e6
1.951164755323394e6
1.9792652819285716e6
2.0075589051243272e6
2.0360456444316644e6
2.0647255216671203e6
2.09359856269878e6
2.1226647955086157e6
2.1519242505863714e6
2.1813769612407745e6
2.211022962593006e6
2.2408622920622774e6
2.2708949891493865e6
2.3011210947435913e6
2.3315406519208695e6
2.362153704987457e6
2.392960299763596e6
2.4239604834501557e6
2.455154304238988e6
2.4865418115720637e6
2.518123055937463e6
2.5498980886486396e6
2.5818669617978632e6
2.6140297282353593e6
2.6463864414933953e6
2.678937154859476e6
2.7116819247254175e6
2.744620804281262e6
2.77775384933904e6
2.8110811156676775e6
2.844602658760543e6
2.8783185347842686e6
2.9122287994252983e6
2.9463335098691736e6
2.980632721245149e6
3.015126490039117e6
3.049814872363094e6
3.0846979240466286e6
3.119775701277348e6
3.155048259357331e6
3.190515653829696e6
3.226177939914531e6
3.2620351725523006e6
3.29808740638185e6
3.334334695579947e6
3.37077709480384e6
3.4074146568301115e6
3.4442474352127286e6
3.48127548279324e6
3.5184988520425856e6
3.5559175949265826e6
3.5935317630032655e6
3.6313414074315187e6
3.6693465787774017e6
3.7075473271942846e6
3.7459437024544347e6
3.7845357536306344e6
3.823323529443207e6
3.86230707804313e6
3.9014864471068094e6
3.940861683731461e6
3.98043283463211e6
4.0201999457375836e6
4.0601630627520615e6
4.1003222307593115e6
4.1406774939047387e6