53217.53222125079
53306.71106350512
53544.71392723211
53932.06504020092
54469.6128643314
55158.525261833216
56000.28288473483
56996.6708783379
58149.7689935496
59461.94069176837
60935.8193095614
62574.289649924496
64380.481764652184
66357.74204236473
68509.62601610593
70839.87201381515
73352.3841726903
76051.22326992438
78940.54055555776
82024.62590018663
85307.83150372567
88794.57448534021
92489.30488712399
96396.48976871668
100520.58412177803
104866.02728116408
109437.2125869928
114238.4549551355
119273.99049807643
124547.9500724496
130064.34212729178
135827.03689922512
141839.75759812412
148106.05701714396
154629.3113585839
161412.70252317932
168459.21580519204
175771.62595618961
183352.49312413088
191204.1518282579
199328.71103051328
207728.04780919984
216403.80764687413
225357.40077416346
234590.00492077883
244102.56520480555
253895.7977858763
263970.193074558
274326.020851668
284963.3359105338
295881.98329501285
307081.6083414572
318561.6620187537
330321.41066094424
342359.94505383173
354676.18987721775
367268.91374138725
380136.7392639857
393278.15374914266
406691.51954229956
420375.08482486417
434326.99398680136
448545.2984354637
463027.96709612664
477772.8961834606
492777.9201402229
508040.82016566605
523559.33449099964
539331.1668217985
555353.9961956261
571625.4842476554
588143.282576856
604905.0417519114
621908.4169314029
639151.0753004138
656630.7014922593
674345.003491662
692291.7176138095
710468.6136512076
728873.4992642679
747504.2207617613
766358.673180918
785434.7966091149
804730.5822966673
824244.0740997253
843973.370345819
863916.6257534178
884072.0524250809
904437.9211944358
925012.5616142123
945794.3635191398
966781.7764848324
987973.3100494226
1.0093675323826533e6
1.0309630749755743e6
1.0527586227428098e6
1.0747529227514265e6
1.0969447778488523e6
1.119333048610247e6
1.141916649968406e6
1.1646945520296632e6
1.1876657770453105e6
1.210829400594704e6
1.2341845480615017e6
1.2577303943187967e6
1.2814661618321156e6
1.3053911196853374e6
1.3295045813633883e6
1.3538059052471933e6
1.3782944902186214e6
1.4029697765615801e6
1.4278312433537864e6
1.45287840707719e6
1.478110820843359e6
1.503528072250009e6
1.5291297819404313e6
1.5549156025995591e6
1.5808852146199404e6
1.607038340121352e6
1.6333747097693842e6
1.6598940936979568e6
1.6865962844279334e6
1.7134810995914321e6
1.7405483773250852e6
1.7677979793124676e6
1.7952297878164775e6
1.8228437049817329e6
1.8506396509547832e6
1.8786175638766813e6
1.9067773989202494e6
1.9351191260849284e6
1.9636427318512606e6
1.9923482130824907e6
2.021235584723737e6
2.050304871214461e6
2.0795561084464116e6
2.108989344291294e6
2.138604636267254e6
2.1684020514450716e6
2.1983816661020154e6
2.228543563910368e6
2.25888783795378e6
2.2894145868573883e6
2.320123916414412e6
2.3510159381788326e6
2.382090769755083e6
2.413348534491488e6
2.444789358997562e6
2.4764133755354085e6
2.5082207197330203e6
2.540211530249587e6
2.57238595136906e6
2.604744126801942e6
2.637286205343117e6
2.6700123369549355e6
2.7029226741244355e6
2.7360173706856836e6
2.769296582356905e6
2.8027604657459552e6
2.8364091781681585e6
2.870242880053354e6
2.9042617288509593e6
2.938465884582659e6
2.9728555074084383e6
3.0074307573931254e6
3.0421917945237975e6
3.077138778682859e6
3.112271869438537e6
3.1475912257964336e6
3.183097006595131e6
3.218789368871575e6
3.2546684705503946e6
3.290734467656373e6
3.3269875155160306e6
3.363427768191556e6
3.400055379180181e6
3.4368705005108435e6
3.4738732830436127e6
3.5110638762300313e6
3.548442428766693e6
3.586009087036184e6
3.623763996727527e6
3.6617073019256815e6
3.699839145246567e6
3.738159667678198e6
3.7766690088764336e6
3.8153673067121906e6
3.854254697697996e6
3.893331316651214e6
3.9325972967741704e6
3.9720527697140966e6
4.0116978651637863e6
4.051532712251951e6
4.0915574369514743e6
4.131772164939302e6
4.1721770185170174e6
4.212772121036078e6
4.253557591729696e6
4.294533549358434e6
4.335700110825423e6