23186.133758687647
23304.089647078006
23618.678884677953
24130.01077396919
24838.261876587567
25743.674520861878
26846.55476280761
28147.269826534248
29646.245056389303
31343.9603127754
33240.94638260285
35337.7804976159
37635.081845250475
40133.50619640915
42833.74181783975
45736.503253276256
48842.52749482954
52152.56687593358
55667.38652981488
59387.752260805864
63314.437784525646
67448.20748226617
71789.8180300272
76340.01232721997
81099.5157256845
86069.03106980021
91249.23604558126
96640.77921905075
102244.27734980304
108060.3124778712
114089.42963749245
120332.1350535484
126788.89415618412
133460.13072534438
140346.2257340767
147447.51632567082
154764.29606496528
162296.8145632273
170045.27759758988
178009.8476826185
186190.6447461109
194587.74682943427
203201.19136778163
212030.9762771728
221077.06137169455
230339.36981272552
239817.78986907747
249512.17637348874
259422.35270402182
269548.11243094696
279889.22129670985
290445.4190785225
301216.4216624198
312201.92192429793
323401.59367997333
334815.0914691534
346442.0534425536
358282.1029250431
370334.8501783717
382599.89407755807
395076.8237162016
407765.2201744998
420664.6576561334
433774.70528444386
447094.928299201
460624.88938872557
474364.1499661344
488312.27119992767
502468.8152465533
516833.34616047225
531405.4308605853
546184.6400257372
561170.5488583883
576362.7378861033
591760.793495797
607364.3087223368
623172.8837744668
639186.1260599557
655403.6516466159
671825.0845777432
688450.0578259581
705278.2134369866
722309.2026477221
739542.6861529314
756978.334544806
774615.8277747191
792454.8566302918
810495.1204317689
828736.3294514747
847178.2036458701
865820.4726884455
884662.8769703179
903705.1654501691
922947.0977461988
942388.4428040817
962028.9790828921
981868.4943761829
1.0019067857432485e6
1.0221436592734572e6
1.0425789299370762e6
1.0632124213782041e6
1.0840439657752234e6
1.1050734041939056e6
1.1263005835457873e6
1.1477253619801146e6
1.1693476031957828e6
1.1911671788631238e6
1.21318396802376e6
1.2353978566666234e6
1.2578087376671927e6
1.2804165105965477e6
1.30322108086285e6
1.3262223621576454e6
1.3494202711261502e6
1.3728147303290234e6
1.3964056749532137e6
1.4201930342544797e6
1.4441767503099607e6
1.468356767890174e6
1.492733037103415e6
1.5173055124457388e6
1.542074152669657e6
1.5670389209070464e6
1.5921997843197112e6
1.6175567139666881e6
1.6431096844963538e6
1.668858674308456e6
1.6948036650743932e6
1.720944641619182e6
1.7472815920008738e6
1.7738145071023426e6
1.8005433806152316e6
1.8274682090276866e6
1.8545889908256398e6
1.8819057276448938e6
1.9094184228925589e6
1.9371270822084215e6
1.9650317132902832e6
1.9931323258393444e6
2.0214289309694492e6
2.0499215420600679e6
2.0786101738320757e6
2.107494842213113e6
2.1365755651638145e6
2.1658523614717233e6
2.1953252513581393e6
2.2249942561696954e6
2.2548593982626377e6
2.284920701133745e6
2.3151781891078684e6
2.345631887401266e6
2.3762818220147686e6
2.4071280197102507e6
2.438170507836208e6
2.4694093143388033e6
2.500844468040992e6
2.5324759979114956e6
2.564303933677161e6
2.5963283048612378e6
2.628549141898377e6
2.6609664757947307e6
2.6935803371886034e6
2.7263907572556697e6
2.7593977673814045e6
2.7926013992694058e6
2.8260016843402768e6
2.85959865450273e6
2.893392341543026e6
2.927382777417883e6
2.961569994064248e6
2.9959540232110033e6
3.0305348972939826e6
3.065312647629211e6
3.1002873061822597e6
3.1354589046351886e6
3.170827474581108e6
3.2063930474943505e6
3.242155654702609e6
3.2781153273614044e6
3.314272096725018e6
3.350625993161228e6
3.387177047448628e6
3.423925290207105e6
3.460870751466462e6
3.4980134612636114e6
3.535353449363041e6
3.5728907452658196e6
3.6106253782685273e6
3.6485573773624157e6
3.686686771294474e6
3.725013588531816e6
3.763537857403182e6
3.802259605730779e6
3.8411788611896257e6
3.8802956512153256e6
3.919610002845366e6
3.9591219428837844e6
3.9988314978932566e6
4.038738694071908e6
4.078843557320667e6