255385.75513563317
255386.46770692023
255388.64309603034
255393.03889973386
255400.8649554745
255413.81549178303
255434.02859519445
255464.11123219604
255507.08884668915
255566.43836564594
255646.07669832231
255750.2656609175
255883.77119442064
256051.66172380454
256259.42854768678
256512.98923160858
256818.1751814807
257181.8100990969
257610.560463071
258111.51887780492
258692.00525648583
259359.60898560018
260122.13149118423
260987.6053001125
261964.21999328397
263060.3316207126
264284.45350921917
265645.2224171801
267151.3490015889
268811.6237900643
270634.92711174424
272630.1969170312
274806.2132275663
277171.9898849071
279736.3610183185
282508.16408513085
285496.14073779585
288708.9492441827
292155.1372797967
295843.12850705354
299781.18536303774
303977.1493667428
308439.69630521943
313175.7556494215
318193.0597647298
323498.8377588106
329100.07220894104
335003.47840718506
341215.4064214391
347742.0301046184
354589.11909427086
361762.1424940776
369266.22533598746
377106.14262668905
385286.3189087482
393810.8084832008
402683.29502129956
411907.0872949006
421485.11278514995
431419.91776828934
441713.665692739
452368.1376487764
463384.733790109
474764.4784696165
486508.0223863801
498615.65203627193
511087.29453291884
523922.52337780164
537120.5783721423
550680.3637910698
564600.4716020818
578879.1896532353
593514.5123324513
608504.1618091768
623845.6025137894
639536.0390757022
655572.4919353989
671951.7142503437
688670.3067107417
705724.6792836245
723111.0886228075
740825.6498663608
758864.3538568504
777223.087899052
795897.6487582423
814883.7392603974
834177.0723703513
853773.2352084097
873667.8309144166
893856.4535309538
914334.6830672997
935098.118324119
956142.3831656827
977463.1269739941
999056.0863617597
1.0209169973153237e6
1.0430416965977211e6
1.0654260848011195e6
1.0880661433677482e6
1.1109579424679743e6
1.1340976405422527e6
1.1574814991126945e6
1.1811058707996095e6
1.2049672268820133e6
1.229062139400837e6
1.253387326198867e6
1.2779394782060243e6
1.3027156098833783e6
1.3277127154160747e6
1.352927926856961e6
1.378358505667294e6
1.404001817608667e6
1.4298553383827102e6
1.4559166693235168e6
1.4821835021266202e6
1.5086536660294528e6
1.5353250717641094e6
1.562195741976669e6
1.5892638153970153e6
1.616527507355886e6
1.6439851571771083e6
1.6716351759743723e6
1.699476077418325e6
1.727506460414231e6
1.7557250135378132e6
1.7841305040350044e6
1.8127217946179928e6
1.8414977920031508e6
1.8704575137754707e6
1.8996000280902565e6
1.928924477534604e6
1.9584300724301462e6
1.9881160754862716e6
2.017981824252621e6
2.0480267120581032e6
2.0782501553714122e6
2.108651673408916e6
2.1392308042886313e6
2.1699871358040264e6
2.2009203026515273e6
2.232029987561417e6
2.263315903813311e6
2.294777808985196e6
2.326415493757032e6
2.358228787669532e6
2.3902175450375224e6
2.4223816550639193e6
2.4547210329385023e6
2.487235622030762e6
2.519925390835759e6
2.552790329788512e6
2.585830452798434e6
2.619045793313122e6
2.6524364048224473e6
2.6860023568045427e6
2.719743737414619e6
2.753660648954718e6
2.787753210836112e6
2.8220215502415434e6
2.8564658120469092e6
2.8910861479890794e6
2.9258827249995163e6
2.960855713656497e6
2.996005298555159e6
3.0313316665184237e6
3.0668350195511123e6
3.102515562695279e6
3.138373500534168e6
3.174409049775915e6
3.210622431661171e6
3.2470138679735097e6
3.283583586430557e6
3.320331817671158e6
3.3572587945273407e6
3.3943647522226805e6
3.431649928036759e6
3.4691145600112444e6
3.5067588881213814e6
3.54458315231374e6
3.582587593661416e6
3.62077245259754e6
3.659137970594566e6
3.6976843877527886e6
3.736411944340045e6
3.7753208794365614e6
3.8144114313718346e6
3.853683835573613e6
3.893138332883759e6
3.93277515248811e6
3.9725945289350175e6
4.0125966930019907e6
4.052781874083648e6
4.0931502989757373e6
4.133702193389745e6
4.174437779892136e6
4.215357279301396e6
4.256460909759788e6
4.297748887768246e6
4.339221426553868e6
4.380878737567162e6