63206.55906496558
63288.68996126839
63507.91563935997
63864.80759097327
64360.29101609741
64995.639860657946
65772.46998678282
66692.73201685931
67758.70205668209
68972.95784552343
70338.38746197734
71858.15184279194
73535.69453865549
75374.68136941481
77379.03601177616
79552.8741065324
81900.5388033097
84426.4345885297
87135.26359663703
90031.75494783968
93120.76124279303
96407.21412926467
99896.10388505392
103592.44569898144
107501.26878987942
111627.58847830174
115976.38294132255
120552.5764247402
125361.01215044485
130406.43360983231
135693.48391894903
141226.61535716645
147010.20604311978
153048.41348496225
159345.2243165837
165904.42805279046
172729.5995582299
179824.09865913237
187191.05150168238
194833.34522359417
202753.62218495118
210954.27412489432
219437.4346870459
228204.984803582
237258.54278796932
246599.47015174883
256228.8702293319
266147.5920485045
276356.23403127596
286855.1481052726
297644.44697819254
308724.0098613413
320093.49084212835
331752.3275660579
343699.75018889067
355934.79149988503
368456.29742618324
381262.93774737505
394353.21746265196
407725.4884085354
421377.96073934983
435308.71485975897
449515.71316772606
463996.8119186231
478749.7728279263
493772.2748643998
509061.92440253013
524616.2681753499
540432.8018578717
556508.9812379964
572842.2321966754
589429.9594781983
606269.5566676238
623358.4071876261
640693.9238351993
658273.4947107761
676094.5507254279
694154.542461692
712450.9517482873
730981.2971104778
749743.1375160085
768734.0787172539
787951.7802230678
807393.9372645617
827058.3279837372
846942.7712920965
867045.1489405774
887363.4172716937
907895.5797259709
928639.7162512012
949593.9709494757
970756.5551529129
992125.7461739377
1.0136998900036997e6
1.0354773986929667e6
1.0574567505236948e6
1.0796364915950666e6
1.1020152313944427e6
1.124591644821078e6
1.1473644696436338e6
1.1703325061586634e6
1.193494615317581e6
1.2168497168187834e6
1.2403967898812678e6
1.2641348690754417e6
1.288063044603503e6
1.3121804599584779e6
1.3364863767949454e6
1.3609798397394442e6
1.3856603433608457e6
1.410527161415055e6
1.4355796790035018e6
1.4608173245579503e6
1.4862395715079708e6
1.5118459282021192e6
1.5376359445701549e6
1.5636092061739261e6
1.5897653363866445e6
1.616103989448906e6
1.642624853517537e6
1.669327645925872e6
1.6962121167062237e6
1.723278039134514e6
1.750525217975799e6
1.777953479579906e6
1.8055626764877164e6
1.8333526834322338e6
1.861323395332511e6
1.8894747299792587e6
1.917806623054402e6
1.9463190282929447e6
1.9750119175889816e6
2.003885277306697e6
2.0329391110482702e6
2.0621734359562253e6
2.0915882985165834e6
2.121183694213193e6
2.150959725484374e6
2.1809164426400918e6
2.2110539220503545e6
2.2413722495016437e6
2.2718715205252226e6
2.3025518381398497e6
2.3334133127880273e6
2.3644560624910956e6
2.395680211814962e6
2.4270858914564587e6
2.458673237113565e6
2.4904423903662553e6
2.5223934964198284e6
2.554526705050164e6
2.58684217088286e6
2.619340049191736e6
2.6520205013000225e6
2.684883690011366e6
2.717929779642491e6
2.7511589378093677e6
2.784571333466687e6
2.81816713673764e6
2.8519465189508004e6
2.885909655400161e6
2.9200567150339065e6
2.9543878749242914e6
2.988903308845023e6
3.0236031912034648e6
3.0584876967002708e6
3.0935569998029205e6
3.128811274656379e6
3.1642506949063772e6
3.199875433764021e6
3.2356856632192465e6
3.271681556186716e6
3.3078632806515647e6
3.3442310094638e6
3.3807849101783396e6
3.417525150323364e6
3.454451896059533e6
3.4915653124349867e6
3.5288655640494437e6
3.5663528101791656e6
3.6040272126713246e6
3.6418889306443604e6
3.6799381216168785e6
3.718174941432588e6
3.7565995442842906e6
3.795212082580707e6
3.834012707232585e6
3.8730016001119316e6
3.9121788097510887e6
3.95154458045593e6
3.991099023120828e6
4.0308422793293335e6
4.07077449006394e6
4.1108957929988476e6
4.1512063248629e6
4.191706220424571e6
4.232395612691464e6
4.273274632698714e6
4.314343409846412e6
4.355602071599974e6