129447.85195454519
129495.30405655334
129622.09946847154
129828.93666591181
130116.94463582942
130487.68917884422
130943.14928317716
131485.71967720083
132118.20271126518
132843.7818610107
133666.04979725258
134588.9384152714
135616.74081283977
136754.0930080423
138005.9252059175
139377.48727748927
140874.27437717916
142502.08026576164
144266.9045177484
146174.9662336618
148232.67601116968
150446.55459491158
152823.3828488327
155369.94723992195
158093.17026094103
161000.03350463946
164097.5649538738
167392.80711447832
170892.78856954578
174604.532171991
178534.97323720827
182690.97476394463
187079.32375762291
191706.65289819322
196579.48515668052
201704.13853964827
207086.77671746077
212733.35030554602
218649.5830768284
224840.97197546548
231312.75198493293
238069.89672035002
245117.09798066737
252458.75765475223
260098.9702113382
268041.52937019937
276289.9058160804
284847.24545268784
293716.3691690701
302899.76660915423
312399.5956571342
322217.6819810424
332355.52179673885
342814.2837566054
353594.8123115261
364697.6368289201
376122.97478460346
387870.7415287282
399940.5593462638
412331.7671990664
425043.43226575706
438074.362078459
451423.1162813623
465088.02136674203
479067.18285781326
493358.5016781631
507959.686848251
522868.2717737718
538081.6291335563
553596.9834668237
569411.4319483985
585521.9532240258
601925.4261310282
618618.6411103297
635598.318371877
652861.1141161192
670403.6445222865
688222.4905993192
706314.2071265753
724675.3473689202
743302.461214805
762192.0953488639
781340.8715586695
800745.3654235075
820402.2388039103
840308.1890797383
860459.9661545067
880854.3693659963
901488.2789725844
922358.6317864062
943462.4428539831
964796.8028147637
986358.8840256088
1.008145941176777e6
1.0301553152097329e6
1.0523844339613514e6
1.0748308140750744e6
1.09749206111499e6
1.1203658696927577e6
1.1434500266263161e6
1.1667424064881196e6
1.1902409731209534e6
1.2139437802494075e6
1.2378489675513569e6
1.2619547630068902e6
1.286259479040079e6
1.3107615108819143e6
1.3354593353490075e6
1.3603515084727942e6
1.3854366655219463e6
1.4107135167015241e6
1.4361808467407566e6
1.4618375085408946e6
1.4876824358815823e6
1.5137146149280898e6
1.539933094729945e6
1.566337005354946e6
1.5929255239241687e6
1.6196978834370635e6
1.6466533786521961e6
1.6737913560137455e6
1.701111211637448e6
1.7286123945518844e6
1.7562943953834684e6
1.7841567506270227e6
1.8121990419111054e6
1.840420890178538e6
1.868821952154518e6
1.8974019262037498e6
1.9261605457206578e6
1.95509757168307e6
1.9842128019380367e6
2.013506060988138e6
2.0429771996008104e6
2.0726261037002553e6
2.102452675437567e6
2.132456845289649e6
2.162638563601571e6
2.1929978039645264e6
2.223534558522433e6
2.25424883664562e6
2.2851406667640666e6
2.316210093610372e6
2.3474571756528546e6
2.3788819867286854e6
2.4104846132969824e6
2.4422651540305163e6
2.4742237200374175e6
2.5063604293256067e6
2.5386754149816083e6
2.571168815451484e6
2.603840778396913e6
2.636691458096385e6
2.6697210175256743e6
2.7029296245571147e6
2.7363174537287136e6
2.769884683978337e6
2.8036314992982605e6
2.8375580878596716e6
2.8716646400203654e6
2.905951354673163e6
2.94041842611788e6
2.9750660559841e6
3.009894446795181e6
3.044903802795032e6
3.0800943296723077e6
3.1154662346436405e6
3.1510197253867453e6
3.186755013449219e6
3.222672298257533e6
3.258771797948534e6
3.2950537178985015e6
3.3315182683630814e6
3.3681656555779525e6
3.40499608773547e6
3.4420097714654086e6
3.4792069124813066e6
3.5165877154908855e6
3.5541523812624714e6
3.591901119914096e6
3.6298341239384427e6
3.6679515952906273e6
3.7062537313852264e6
3.7447407282010205e6
3.783412779694557e6
3.82227007800141e6
3.8613128137177536e6
3.900541174950557e6
3.9399553479980305e6
3.9795555173152406e6
4.0193418649132764e6
4.059314570942359e6
4.099473813432564e6
4.139819768134284e6
4.1803526085636057e6
4.221072505447936e6
4.261979629893385e6
4.3030741468993975e6
4.344356221815986e6
4.385826017062562e6