45701.67397512871
45796.98000557406
46051.30289132375
46465.11469713587
47039.1793112758
47774.54754929946
48672.55179016321
49734.796690815274
50963.15050782962
52359.733823727176
53926.9070373259
55667.25697700147
57583.58127451321
59678.86321425738
61956.28844991393
64419.174262568326
67070.99556100398
69915.34202727833
72955.90925662767
76196.47379111042
79640.87367924771
83292.98948112549
87156.72228316942
91235.97787103572
95534.6455418923
100056.57601266788
104805.56354226737
109785.33746625029
114999.53443035609
120451.68528914792
126145.20350287904
132083.37053483794
138269.3204117747
144706.02931358886
151396.30862694164
158342.7865043821
165547.9118355264
173013.93957270533
180742.92641461964
188736.72984365755
196996.99839253075
205525.1793311102
214322.51040946544
223389.98889321895
232728.5395260744
242338.68586930062
252220.8847327463
262375.36441969976
272802.16342861287
283501.1361528755
294471.9596489492
305714.14044270886
317227.02277243184
329009.7960687225
341061.5040200518
353381.0531186782
365967.22186365904
378818.6698183552
391933.94706318853
405311.5036418321
418949.6984561635
432846.80931621965
447001.0412573961
461410.53613131127
476073.3809041921
490987.6164385547
506151.24558823206
521562.24131765374
537218.5538346159
553118.11826689
569258.8614313274
585638.7079014804
602255.5864439532
619107.4359556303
636192.2095450027
653507.8813400875
671052.4494581594
688823.9405176961
706820.4140398781
725039.9628618557
743480.7216461208
762140.8649927508
781018.6109342177
800112.22337633
819420.0125084931
838940.3421169716
858671.6177991953
878612.302720193
898760.9090519787
919116.0014970861
939676.1969785922
960440.163928491
981406.6165781287
1.0025743532369846e6
1.0239421719527876e6
1.0455089590255206e6
1.0672736403838864e6
1.0892351915919518e6
1.1113926376383812e6
1.1337450510361816e6
1.1562915511746304e6
1.1790313030520054e6
1.2019635165895522e6
1.225087445082352e6
1.2484023844105015e6
1.2719076700248308e6
1.295602679714032e6
1.319486827842556e6
1.3435595669633136e6
1.3678203835702664e6
1.3922688063397813e6
1.4169043857073886e6
1.4417267147306332e6
1.4667354107542927e6
1.4919301245492632e6
1.5173105341754274e6
1.5428763453000444e6
1.5686272898591817e6
1.5945631247574557e6
1.6206836308116843e6
1.6469886125507962e6
1.673477893048123e6
1.7001513269553538e6
1.727008762888291e6
1.7540501017744488e6
1.7812752412346222e6
1.808684100952663e6
1.8362766166246906e6
1.8640527390275886e6
1.8920124344559358e6
1.9201556796719362e6
1.94848246809152e6
1.9769928032166876e6
2.0056867000822742e6
2.0345641846583232e6
2.0636252924416e6
2.092870069289004e6
2.1222985690962644e6
2.1519108543566684e6
2.1817069951180085e6
2.2116870685132295e6
2.2418511594020277e6
2.272199357055107e6
2.302731757738557e6
2.333448462790127e6
2.3643495780678606e6
2.395435214520761e6
2.426705487075912e6
2.458160514004738e6
2.48980041751667e6
2.5216253226893237e6
2.553635357589659e6
2.585830652561617e6
2.6182113404820045e6
2.650777556252526e6
2.6835294362642076e6
2.7164671185753136e6
2.7495907425123053e6
2.782900448507512e6
2.816396378089833e6
2.8500786737091993e6
2.8839474769233633e6
2.9180029316287753e6
2.9522451809540377e6
2.9866743685621046e6
3.021290637235634e6
3.0560941306725796e6
3.09108499170922e6
3.1262633628673116e6
3.1616293860724033e6
3.1971832035012296e6
3.2329249553496162e6
3.268854781955332e6
3.3049728225366413e6
3.341279215422892e6
3.3777740986040016e6
3.4144576080312124e6
3.45132987922272e6
3.488391046460528e6
3.5256412431431967e6
3.5630806007997827e6
3.6007092502978356e6
3.638527320910253e6
3.676534940966686e6
3.714732237182421e6
3.7531193351081233e6
3.7916963587247017e6
3.8304634305208507e6
3.869420672191326e6
3.9085682033894355e6
3.9479061426087017e6
3.9874346066893586e6
4.027153711752732e6
4.0670635713682813e6
4.107164298508351e6
4.147456004052539e6
4.187938798153834e6
4.22861278903147e6
4.269478083485363e6
4.310534787042875e6