23385.486685125965
23503.298670334643
23817.505942058335
24328.222633249326
25035.63311456002
25939.990444484087
27041.614251741947
28340.888076691845
29838.256205122936
31534.219923068857
33429.333787440584
35524.20096709851
37819.46857777679
40315.8220860107
43013.98106679144
45914.692724333916
49018.72791132143
52326.87371927947
55839.930852612044
59558.70090227147
63483.99404151084
67616.61089134349
71957.34428790965
76506.97289894405
81266.25737642872
86235.93497423544
91416.71695828068
96809.28434558085
102414.28514566417
108232.33120807367
114263.9958974779
120509.81214497208
126970.27035390977
133645.8174912417
140536.8558364793
147643.74187522553
154966.78665883758
162506.25513505025
170262.36650024512
178235.29464699834
186425.16887879415
194832.07461527124
203456.0547165253
212297.11059905106
221355.2036791526
230630.2570148993
240122.15683845163
249830.7543743296
259755.8677461617
269897.283672648
280254.7598040033
290828.0261226015
301616.78744135966
312620.72512280586
323839.49912673794
335272.74992655084
346920.1004619864
358781.1579941903
370855.5159541388
383142.75570245937
395642.4482154269
408354.1559432985
421277.4340043707
434411.83207468124
447756.8956526993
461312.1674359466
475077.18871437776
489051.5004067038
503234.64438449545
517626.164426824
532225.6072388096
547032.5233966587
562046.4681546593
577267.0022895307
592693.6926670466
608326.1130735462
624163.8447726804
640206.476534986
656453.6061696336
672904.8398411612
689559.7930100823
706418.0906514239
723479.3673486708
740743.2675834517
758209.4446993839
775877.5680843524
793747.3085049156
811818.3531178227
830090.3980915232
848563.1499811105
867236.3255247384
886109.6527036503
905182.8684656486
924455.7209464989
943927.9680533851
963599.3776529266
983469.7274761946
1.0035388048527183e6
1.0238064066592149e6
1.0442723390657937e6
1.064936417338405e6
1.0857984656921006e6
1.106858317662201e6
1.1281158129095044e6
1.1495708028861631e6
1.1712231448581545e6
1.1930727044487721e6
1.2151193550193002e6
1.23736297720014e6
1.2598034588534916e6
1.2824406948553687e6
1.3052745867331368e6
1.3283050425753647e6
1.3515319767472814e6
1.3749553076908472e6
1.3985749678197135e6
1.4223908825311777e6
1.4464029918400915e6
1.4706112378010524e6
1.49501556825995e6
1.519615935646118e6
1.5444122968663457e6
1.5694046133252312e6
1.5945928509587036e6
1.6199769793227282e6
1.6455569720395424e6
1.671332806582211e6
1.697304463848676e6
1.7234719280386406e6
1.7498351867355148e6
1.7763942304787913e6
1.8031490527476945e6
1.8300996499484275e6
1.8572460205729494e6
1.884588166414894e6
1.9121260911160694e6
1.9398598006535373e6
1.9677893031579917e6
1.9959146088535981e6
2.0242357294172295e6
2.0527526789869699e6
2.0814654729665495e6
2.1103741281384705e6
2.1394786632696707e6
2.168779098168116e6
2.198275454020293e6
2.2279677532173414e6
2.2578560192034603e6
2.2879402766148e6
2.31822055094952e6
2.348696868636925e6
2.3793692569236537e6
2.4102377437360305e6
2.441302357939071e6
2.472563128842159e6
2.5040200863755895e6
2.5356732609993527e6
2.5675226838413645e6
2.5995683858148498e6
2.631810398781946e6
2.6642487552017462e6
2.6968834871450607e6
2.7297146272421647e6
2.7627422083389456e6
2.795966263616175e6
2.8293868260356486e6
2.8630039287337055e6
2.89681760521775e6
2.930827888837748e6
2.9650348130035433e6
2.9994384106713342e6
3.034038716470244e6
3.0688357624536864e6
3.1038295822864254e6
3.1390202091016416e6
3.174407675937729e6
3.2099920157065447e6
3.2457732613317408e6
3.2817514448892213e6
3.317926599544349e6
3.3542987568989936e6
3.3908679491902404e6
3.4276342082145875e6
3.464597565574535e6
3.501758052595036e6
3.5391157003012383e6
3.576670539780817e6
3.61442260139734e6
3.652371915533255e6
3.6905185122283073e6
3.7288624212311013e6
3.7674036721422477e6
3.8061422940326314e6
3.845078315828777e6
3.8842117661631377e6
3.923542673314809e6
3.9630710652768565e6
4.0027969697950576e6
4.042720414240132e6
4.082841425666579e6