32516.814794345788
32625.358596261576
32914.92262836777
33385.81671107598
34038.541814883414
34873.78653368309
35892.42225335458
37095.49693501339
38484.22839361036
40059.99496891812
41824.32656678658
43778.89505451318
45925.501181184125
48266.06430243929
50802.60902555345
53537.25291812858
56472.19038147664
59609.68255745324
62952.03986024442
66501.6129955544
70260.77288456011
74231.89876393344
78417.36895670195
82819.54230727637
87440.7533440388
92283.27691111166
97349.36014527972
102641.1661789558
108160.79380119019
113910.24736491413
119891.45297617425
126106.22767755401
132556.28397918673
139243.2225973201
146168.52582726497
153333.5541833811
160739.54381085723
168387.60317209092
176278.71151646326
184413.7186938211
192793.34433822942
201418.1788047773
210288.68477798
219405.19834837678
228767.93359018554
238376.98241243378
248232.3215113787
258333.8130107763
268681.21290561726
279274.17193589895
290112.2427992334
301194.88429088256
312521.46745381015
324091.2808092192
335903.53598030173
347957.3734977019
360251.86849835335
372786.0364462351
385558.8388375004
398569.1886760277
411815.9561744414
425297.9738617304
439014.0421275693
452962.93382132135
467143.3995868589
481554.17201408267
496193.9708842073
511061.5063891094
526155.4838491217
541474.6074092432
557017.58341328
572783.1237493621
588769.9490772156
604976.7917434486
621402.3980441918
638045.531344834
654904.9733055471
671979.5266404002
689268.0170033292
706769.2930112882
724482.2307956871
742405.7320838803
760538.7267146762
778880.1734384703
797429.0603867782
816184.4060961966
835145.2595408037
854310.7007041991
873679.8406239215
893251.8218407074
913025.8181760324
933001.0344349975
953176.7057506102
973552.1020425074
994126.5176769368
1.0148992811474546e6
1.0358697496823783e6
1.0570373100159336e6
1.0784013771528685e6
1.0999613945113756e6
1.1217168330124612e6
1.143667190474539e6
1.1658119917645683e6
1.1881507844539394e6
1.2106831453817938e6
1.2334086723835715e6
1.256326988003966e6
1.2794377375928056e6
1.3027405878967976e6
1.326235227662461e6
1.3499213659559155e6
1.373798731832555e6
1.3978670733955803e6
1.4221261573716942e6
1.4465757682307565e6
1.4712157074078019e6
1.496045792997101e6
1.5210658585869714e6
1.546275753817144e6
1.5716753395464947e6
1.597264494664312e6
1.6230431096093527e6
1.6490110865690329e6
1.6751683407783075e6
1.7015147984247347e6
1.728050397013051e6
1.7547750842763695e6
1.7816888183045806e6
1.8087915647272067e6
1.8360833009787677e6
1.863564010667347e6
1.8912336868888012e6
1.9190923280503666e6
1.9471399426137754e6
1.9753765438480114e6
2.0038021522029338e6
2.0324167935258509e6
2.0612204996044e6
2.0902133075691767e6
2.119395259291607e6
2.1487664013865907e6
2.178326784822297e6
2.208076464499167e6
2.2380154994082605e6
2.268143951590899e6
2.2984618862837483e6
2.328969372416703e6
2.359666480681868e6
2.3905532853245926e6
2.4216298623022134e6
2.4528962898997962e6
2.4843526484265164e6
2.5159990195822963e6
2.5478354871138395e6
2.579862136082932e6
2.6120790526980874e6
2.644486324397118e6
2.6770840396592612e6
2.7098722878732425e6
2.7428511583637157e6
2.7760207425216837e6
2.8093811311913184e6
2.8429324159222743e6
2.876674688462144e6
2.910608040941396e6
2.944732565571614e6
2.9790483544069347e6
3.0135554997519758e6
3.0482540935895257e6
3.0831442277714144e6
3.1182259939404074e6
3.153499483535984e6
3.188964787170601e6
3.224621995739326e6
3.2604711992042577e6
3.2965124871810945e6
3.3327459486898435e6
3.3691716721628415e6
3.405789745512634e6
3.4426002560630306e6
3.479603290000756e6
3.516798933191472e6
3.554187270344432e6
3.591768386494487e6
3.6295423648915826e6
3.6675092881058273e6
3.7056692374758623e6
3.7440222960732994e6
3.7825685421612267e6
3.82130805566325e6
3.8602409152918016e6
3.899367198555697e6
3.938686982218875e6
3.9782003422066947e6
4.0179073534986e6
4.057808090298206e6
4.0979026254372806e6
4.1381910317357606e6
4.1786733802666697e6
4.219349741621293e6