57902.86716466758
57988.614050173666
58217.47400623807
58589.99573530932
59107.067444129614
59769.91164485883
60580.08009953075
61539.44270658883
62650.18150441526
63914.77009768333
65335.9710728786
66916.81802070976
68660.59489247986
70570.81865926326
72651.23224801078
74905.77513962687
77338.54525024886
79953.80766616415
82756.0302410257
85749.66456589248
88939.34258291588
92329.74424181823
95925.59388239964
99731.6370687653
103752.62278078857
107993.28005241591
112458.29567062177
117152.29216600177
122079.81324503571
127245.29711109775
132653.05663722497
138307.28162776705
144211.9970778947
150371.06473929153
156788.19185695017
163466.77047888018
170410.16848770625
177621.4560794177
185103.34925210316
192858.5754058864
200889.4604583468
209198.13079649553
217786.46844281635
226656.1078491985
235808.4372304341
245244.59960513868
254965.49331054432
264971.77664928866
275263.8717798332
285841.96990605537
296706.03785088856
307855.82503682177
319290.87155486713
331010.5168312879
343013.9088451542
355300.01395390695
367867.6272471932
380715.3829659427
393841.7656325373
407245.12098827714
420923.6670662018
434875.5063168601
449098.63481592503
463590.95629359287
478350.2900028747
493374.3842705814
508660.92496112495
524207.54709289805
540011.8434172601
556071.3748228583
572383.6791557532
588946.2795082807
605756.6930936569
622812.4380447649
640111.041446531
657650.045069058
675427.0135586308
693439.5372267053
711685.2402315249
730161.7835662042
748866.870034357
767798.2481306553
786953.7153606113
806331.1215250271
825928.3709198468
845743.4252163675
865774.3043741449
886019.0893836743
906475.9225526835
927143.0089349158
948018.6164250448
969101.0773217856
990388.7867754825
1.0118802029228207e6
1.0335738509850284e6
1.0554683132601073e6
1.0775622387460289e6
1.0998543357215102e6
1.122343373943511e6
1.1450281821842422e6
1.1679076476494514e6
1.190980713891343e6
1.214246380995092e6
1.2377037036886006e6
1.2613517884792364e6
1.2851897941213378e6
1.3092169288815926e6
1.3334324492465006e6
1.357835659108626e6
1.382425906750299e6
1.4072025845823728e6
1.4321651270888983e6
1.4573130088003315e6
1.482645743568596e6
1.508162882642752e6
1.5338640128853645e6
1.5597487548325122e6
1.5858167639214685e6
1.6120677251532667e6
1.6385013543365826e6
1.665117395682856e6
1.6919156203819825e6
1.7188958278144065e6
1.746057839303725e6
1.7734015005816116e6
1.8009266806530622e6
1.8286332690248422e6
1.8565211748047774e6
1.8845903268206546e6
1.9128406719905613e6
1.9412721736630746e6
1.9698848107678387e6
1.998678577898222e6
2.0276534841586025e6
2.0568095514371537e6
2.0861468143388806e6
2.1156653195838397e6
2.1453651235141857e6
2.1752462940020827e6
2.2053089083552808e6
2.2355530522610443e6
2.2659788201253014e6
2.2965863138712673e6
2.327375642576531e6
2.3583469222034235e6
2.3895002733918778e6
2.420835824541562e6
2.452353707248614e6
2.4840540599200362e6
2.515937022494969e6
2.548002740411692e6
2.5802513624678e6
2.612683040701249e6
2.645297929064772e6
2.6780961854806915e6
2.711077968434918e6
2.744243439120542e6
2.777592760494551e6
2.8111260960372197e6
2.844843610195735e6
2.8787454727028925e6
2.91283184657311e6
2.9471029001144655e6
2.98155880100042e6
3.0161997167375567e6
3.0510258153939187e6
3.086037264265157e6
3.121234230531595e6
3.156616881021802e6
3.1921853823365546e6
3.227939898519835e6
3.263880595566892e6
3.300007637077434e6
3.3363211855306793e6
3.3728214014704092e6
3.4095084483562815e6
3.4463824842410395e6
3.4834436687681787e6
3.5206921554706157e6
3.5581281018002653e6
3.595751661252519e6
3.6335629863896538e6
3.6715622283491837e6
3.70974953646739e6
3.7481250586476047e6
3.786688941195987e6
3.8254413284665747e6
3.8643823636659337e6
3.9035121879301565e6
3.9428309408571282e6
3.9823387603709185e6
4.022035782269384e6
4.061922141793579e6
4.1019979710041787e6
4.14226340109259e6
4.182718561347978e6
4.22336357924777e6
4.264198580681335e6
4.305223689720687e6
4.34643902878438e6