371063.3451643053
371032.1730388432
370949.41184884345
370815.81436987885
370632.5539707433
370401.31318374374
370124.2240688661
369804.9461308246
369443.44964450516
369046.2708997923
368616.24133647967
368157.76248235407
367652.962785634
367174.6718118327
366660.7288226315
366139.5476571681
365617.37045253685
365100.7744018368
364596.5935105091
364112.12711234984
363654.8811237853
363232.5044033418
362853.086864581
362524.9005288797
362256.41317553027
362056.3389795736
361933.4917486303
361897.0404864758
361956.06734209985
362119.94250917423
362398.12618940964
362800.17629094294
363335.67935064086
364014.3639648908
364845.94526073127
365840.062628665
367006.9151437278
368355.8373402201
369896.7150029299
371639.2534207874
373593.09054225613
375767.798249622
378172.8492175939
380817.5896086383
383711.2695925352
386862.97409542766
390281.63143524644
393975.975105479
397954.6106028841
402225.83611377014
406797.78244130465
411678.3400653199
416875.10301563994
422395.44144013035
428246.4091760671
434434.7658778286
440966.95774443273
447849.1052741725
455086.98877044395
462686.03636425524
470651.3197331941
478987.5413077865
487699.0212366235
496789.69853119017
506263.1181361502
516122.42921829387
526370.3803286279
537009.3160335359
548041.1760357395
559467.5024660032
571289.4257993249
583507.6841301604
596122.6174547193
609134.1763790348
622541.9301072492
636345.0649270485
650542.437204646
665132.5034588974
680113.3978888144
695482.9391092011
711238.6206920731
727377.6396532967
743896.9101859321
760793.0804436873
778062.5529265658
795701.5002554939
813705.8705224292
832071.445913827
850793.808412021
869868.3917986586
889290.5039050132
909055.3154446485
929157.9083018687
949593.2782469252
970356.3680189694
991442.0585312095
1.0128452087865011e6
1.0345606586756777e6
1.0565832511695472e6
1.0789078441394882e6
1.101529324014905e6
1.124442619276016e6
1.147642702801324e6
1.1711246270811579e6
1.1948835081323073e6
1.2189145480820928e6
1.243213046531029e6
1.2677743907872217e6
1.2925940931641646e6
1.3176677562677476e6
1.3429911156856862e6
1.3685600290343198e6
1.3943704746923188e6
1.4204185558865159e6
1.4467005156265036e6
1.4732127353064911e6
1.499951688254896e6
1.5269140421653586e6
1.5540965609428226e6
1.581496150563881e6
1.609109851785318e6
1.6369348352526955e6
1.6649683925873272e6
1.6932079597173543e6
1.7216510887751267e6
1.7502954551562804e6
1.7791388555872769e6
1.8081792055615128e6
1.8374145330494556e6
1.8668429765369322e6
1.8964627875894022e6
1.9262723192749354e6
1.9562700232502865e6
1.9864544457981596e6
2.0168242449485236e6
2.0473781662494568e6
2.0781150008130446e6
2.1090336831302135e6
2.1401332020057957e6
2.1714126179406606e6
2.202871076880808e6
2.2345077834931677e6
2.266322019627138e6
2.2983131244471157e6
2.330480504564165e6
2.3628236230952432e6
2.395341992881037e6
2.428035184555983e6
2.460902815371213e6
2.49394455457492e6
2.5271601121361256e6
2.5605492373729874e6
2.594111726473579e6
2.6278474059080733e6
2.6617561402439685e6
2.6958378282298082e6
2.7300923986955676e6
2.7645198094085758e6
2.7991200465464517e6
2.833893119662859e6
2.8688390639022943e6
2.9039579402314066e6
2.9392498113792846e6
2.9747147904531024e6
3.0103529864150323e6
3.0461645474647777e6
3.0821495672290334e6
3.118308260079796e6
3.15464077967224e6
3.1911473169326005e6
3.227828062873094e6
3.2646832258082726e6
3.301713020513525e6
3.338917670976321e6
3.37629740848277e6
3.413852470239831e6
3.4515831141013675e6
3.4894895462515713e6
3.5275720624962104e6
3.5658309059260706e6
3.6042663374979375e6
3.6428786207276387e6
3.6816680217384454e6
3.720634809589696e6
3.7597792517360654e6
3.799101619420304e6
3.8386021889684573e6
3.8782812280578474e6
3.918139006553094e6
3.958175801441727e6
3.998391880997833e6
4.0387875172400707e6
4.079362979345467e6
4.1201185359620675e6
4.161054453935422e6
4.202170999266258e6
4.243468434796113e6
4.284947022810727e6
4.3266070225940375e6
4.368448691960427e6