29866.078027454147
29977.569766197805
30274.976732155235
30758.559123057974
31428.73757910356
32286.09009217561
33331.34758578459
34565.38935161868
35989.23551184272
37604.04027664523
39411.084245232545
41411.764239378565
43607.5851422713
46000.14675471894
48591.13662286286
51382.314391825916
54375.504757855466
57572.58206361602
60975.460368479995
64586.08131297551
68406.3998334661
72438.37463191894
76683.96004112411
81145.08900228726
85823.66885385753
90721.55290471009
95840.56788980223
101182.47006744238
106748.94716411
112541.622786591
118562.03425943776
124811.63399187593
131291.78320269572
138003.75007113538
144948.6917420156
152127.67823161045
159541.66463936953
167191.50161391214
175077.93212246743
183201.59135550537
191563.00686568063
200162.59946263576
209000.68528342177
218077.4770176228
227393.08619052646
236947.5271434791
246740.718828686
256772.48998405057
267042.5813170699
277550.6506050533
288296.2767346697
299278.9639417513
310498.14664644003
321953.1939547635
333643.4144031859
345568.0606775974
357726.33433474903
370117.39049164235
382740.34244904097
395594.266244746
408678.20506478334
421991.17351954675
435532.16240786365
449300.14141679695
463294.0644594528
477512.87260070554
491955.4977751461
506620.86614606983
521507.90132070764
536615.5272191097
551942.6709584501
567488.2655392524
583251.2521126837
599230.5822543614
615425.2200812058
631834.1443036254
648456.3493928274
665290.8480867852
682336.670744083
699592.8699498536
717058.5184652063
734732.7115077795
752614.5676615166
770703.2289525077
788997.8619779004
807497.6582861338
826201.8343667684
845109.6322357222
864220.3192419375
883533.1889604781
903047.5596112882
922762.7765677986
942678.2086804262
962793.251278
983107.3243510991
1.0036198724384212e6
1.0243303644616258e6
1.0452382932646389e6
1.0663431750293316e6
1.0876445491326586e6
1.109141977360486e6
1.1308350438620741e6
1.152723353204416e6
1.1748065322881197e6
1.19708422782574e6
1.2195561067824597e6
1.2422218534734994e6
1.2650811740168268e6
1.2881337903731223e6
1.3113794423163498e6
1.3348178883248447e6
1.3584489003940772e6
1.3822722682077182e6
1.406287796319682e6
1.4304953036977402e6
1.4548946235565608e6
1.4794856027056708e6
1.5042681008280853e6
1.529241990162449e6
1.5544071548307326e6
1.5797634905288066e6
1.605310903878949e6
1.6310493118316794e6
1.6569786416158976e6
1.6830988296330979e6
1.7094098217346543e6
1.735911572325694e6
1.7626040442037566e6
1.7894872071564188e6
1.816561039902116e6
1.8438255269804394e6
1.871280660398806e6
1.898926437300839e6
1.9267628630347932e6
1.9547899463148848e6
1.9830077025074747e6
2.0114161515829714e6
2.040015318384796e6
2.0688052322499084e6
2.097785926576035e6
2.126957438747091e6
2.15631980991465e6
2.1858730844346522e6
2.2156173103465987e6
2.2455525380353373e6
2.275678821149649e6
2.3059962157557704e6
2.3365047794734584e6
2.367204574913326e6
2.3980956627982147e6
2.429178108693108e6
2.4604519783408265e6
2.4919173399839774e6
2.5235742616306595e6
2.5554228149385415e6
2.587463071000816e6
2.6196951026896783e6
2.652118982634987e6
2.6847347858397486e6
2.7175425869135926e6
2.750542461605153e6
2.78373448556053e6
2.8171187353028813e6
2.8506952873965004e6
2.884464218825916e6
2.9184256065573455e6
2.952579527756887e6
2.9869260595742515e6
3.021465279115416e6
3.056197263302552e6
3.0911220890075793e6
3.1262398329548626e6
3.161550571247254e6
3.1970543801327227e6
3.2327513352637147e6
3.2686415119825127e6
3.3047249851527116e6
3.3410018297157246e6
3.3774721181776733e6
3.414135925645256e6
3.45099332416621e6
3.488044386063363e6
3.5252891833393187e6
3.5627277870074823e6
3.6003602676666533e6
3.638186695036642e6
3.6762071384203383e6
3.7144216662959536e6
3.752830346525484e6
3.7914332462517223e6
3.8302304319087802e6
3.8692219692633008e6
3.908407923246265e6
3.947788358193978e6
3.987363337630993e6
4.0271329244214077e6
4.0670971805908033e6
4.1072561674030465e6
4.1476099454659936e6
4.1881585741965105e6