155944.94557368197
155981.10575947515
156077.79811654956
156235.74336257292
156456.08994516137
156740.486433881
157090.94446043746
157509.97051668924
158000.37781182159
158565.55744575674
159209.16738080303
159935.293820569
160748.36033045757
161653.24746632553
162655.00723339996
163759.11325988453
164971.3248333932
166297.64535906172
167744.37145074888
169318.02505182807
171025.28032991948
172873.0965555124
174868.53545205377
177018.815475807
179331.26753969246
181813.3063722247
184472.45040019666
187316.22289930284
190352.18830074923
193587.90347538993
197030.88882087806
200688.62336197047
204568.51493454975
208677.84801969014
213023.8307362139
217613.48723873845
222453.717179886
227551.209691973
232912.46942498948
238543.77511067374
244451.1711134023
250640.45237227203
257117.13718159182
263886.474242077
270953.4051169721
278322.57533148257
285998.3102704366
293984.61027370096
302285.144711844
310903.24348139245
319841.89628989965
329103.74451192404
338691.1007046488
348605.86379519216
358849.6863635469
369423.8115786991
380329.16045207344
391566.32090444275
403135.55420812167
415036.8030895249
427269.7005184666
439833.581845259
452727.49369973823
465950.2073595054
479500.22988017957
493375.8219711888
507575.00770932954
522095.59136358503
536935.1729148699
552091.160513832
567560.7941813422
583341.1501709593
599429.1656244227
615821.6478654479
632515.30006241
649506.7206817361
666792.4334231971
684368.8926994305
702232.5016233494
720379.624288198
738806.5973453945
757509.7438889232
776485.389888997
795729.8616960438
815239.5111270645
835010.7172995243
855039.8968990566
875323.5135369408
895858.0846167358
916640.1848170005
937666.4600110943
958933.625438062
980438.4765014556
1.0021778771182813e6
1.0241487947398028e6
1.0463482763693121e6
1.0687734547463367e6
1.0914215612762761e6
1.1142899147722044e6
1.1373759387608627e6
1.1606771411748137e6
1.1841911352106337e6
1.2079156240689796e6
1.2318484078165244e6
1.2559873702973686e6
1.280330535685304e6
1.3048759473282367e6
1.3296217945197825e6
1.3545663330045475e6
1.379707913236951e6
1.4050449701607735e6
1.4305760228300504e6
1.4562996705976087e6
1.4822145933914525e6
1.5083195461818764e6
1.5346133588120053e6
1.561094933830563e6
1.5877632460707882e6
1.6146173287477964e6
1.6416562889453208e6
1.6688792930918904e6
1.6962855690726247e6
1.7238743992183297e6
1.751645122141302e6
1.7795971298891653e6
1.807729863825816e6
1.8360428150850306e6
1.8645355180717895e6
1.8932075530182929e6
1.9220585452958755e6
1.9510881519042102e6
1.980296075562862e6
2.0096820483232697e6
2.0392458393439993e6
2.0689872455963811e6
2.0989061061376343e6
2.12900227821685e6
2.1592756473473636e6
2.189726128769513e6
2.220353659235024e6
2.251158196220832e6
2.2821397210753355e6
2.3132982342035496e6
2.3446337559083216e6
2.376146323584006e6
2.4078359892161246e6
2.4397028220948726e6
2.471746904840324e6
2.503968333254046e6
2.536367216518448e6
2.5689436729545686e6
2.6016978337578387e6
2.634629838518156e6
2.667739835903204e6
2.7010279827299817e6
2.734494444769951e6
2.768139391381658e6
2.801963001263078e6
2.83596545833648e6
2.8701469486875236e6
2.904507668791892e6
2.9390478123501595e6
2.9737675802680803e6
3.0086671766561414e6
3.04374681029768e6
3.079006685990306e6
3.1144470160190896e6
3.150068012938039e6
3.1858698947537853e6
3.2218528621873725e6
3.258017144365721e6
3.294362952188765e6
3.330890512543518e6
3.367600021714196e6
3.404491704786099e6
3.4415657773084003e6
3.4788224538666946e6
3.5162619483239325e6
3.5538844740446545e6
3.5916902546185157e6
3.629679477441639e6
3.6678523628397654e6
3.706209125135561e6
3.744749952645497e6
3.7834750678270063e6
3.822384667801688e6
3.861478953166109e6
3.900758121088443e6
3.9402223732798067e6
3.9798719043328254e6
4.019706903470474e6
4.0597275633878945e6
4.0999340730113783e6
4.1403266188142947e6
4.1809053856072766e6
4.221670538188636e6
4.262622288998969e6
4.3037607995249e6
4.345086244817967e6
4.386598797707526e6