184032.40113309034
184057.18305931464
184124.92052000933
184235.22960456557
184389.64317570315
184589.83407772027
184837.89681856512
185136.3703154093
185488.13375865525
185896.5585511628
186365.6790616303
186899.40696844223
187502.39586068186
188179.47539163954
188936.2116221308
189777.9833191395
190710.6263481539
191740.5807898077
192874.21066138262
194118.28969251152
195479.78089836935
196965.8644253361
198583.92027681132
200341.47056934613
202246.19218040138
204305.8434617894
206528.2710892439
208921.56102826438
211493.6319768616
214252.5681954878
217206.25977331048
220362.7703621307
223730.0373384581
227315.94066788352
231128.267621149
235174.68936182247
239462.74319587086
243999.8029736223
248793.07577502527
253849.56703928745
259176.0702936854
264779.143977611
270665.1000507219
276839.985080192
283309.5674997843
290079.3189686652
297154.40598227584
304539.6780622215
312239.6573814134
320258.52855199925
328600.13291976694
337267.96340947226
346265.15474528563
355594.4865580369
365258.377772782
375258.8874951089
385597.715887164
396276.2068577433
407295.35168845765
418655.79448766226
430357.8384189275
442401.4548625393
454786.29058916273
467511.6777190042
480576.649798637
493979.94635430886
507720.0315968599
521795.10550182196
536203.1194518341
550941.7927469139
566008.6220051831
581400.9072362585
597115.7588067004
613150.1166748223
629500.768737288
646164.3662557246
663137.4366974167
680416.4033932653
697997.6011454604
715877.289455659
734051.6687406115
752516.8928499713
771269.0861034377
790304.3527537952
809618.7919439856
829208.5113999592
849069.6272914549
869198.2926857595
889590.6935405668
910243.0645129682
931151.6858414127
952312.9200521008
973723.1685885725
995378.9259637746
1.0172767688406317e6
1.039413346539795e6
1.061785405292675e6
1.084389778956525e6
1.1072234013150553e6
1.1302832972463416e6
1.1535665942283534e6
1.177070519117946e6
1.2007923987729906e6
1.2247296639168854e6
1.2488798431164927e6
1.2732405712962647e6
1.2978095793317377e6
1.3225846992532923e6
1.3475638644263106e6
1.372745098676834e6
1.3981265268515828e6
1.423706365608397e6
1.4494829249576689e6
1.475454532658257e6
1.501619877998233e6
1.5279773259576967e6
1.5545255999758025e6
1.5812634229588027e6
1.608189604825889e6
1.6353030393364422e6
1.6626026711950484e6
1.6900875317992773e6
1.7177567111024112e6
1.7456093654866174e6
1.7736447132321023e6
1.801862030947678e6
1.830260653513523e6
1.858839966493098e6
1.887599412127445e6
1.9165384790082253e6
1.9456567038755675e6
1.9749536673453026e6
2.0044289986738013e6
2.0340823539129067e6
2.0639134343541306e6
2.0939219903849675e6
2.1241077863429664e6
2.1544706444307594e6
2.185010387168682e6
2.2157268867759584e6
2.2466200382011896e6
2.2776897620571055e6
2.308936003064124e6
2.3403587247244567e6
2.371957930751442e6
2.403733616984608e6
2.4356858210611464e6
2.467814574135517e6
2.5001199616836123e6
2.53260204227723e6
2.565260915351456e6
2.5980966860841895e6
2.6311094815035826e6
2.664299413633705e6
2.697666630232399e6
2.7312112806882574e6
2.76493352411073e6
2.7988335266114236e6
2.8329114612208325e6
2.867167509470238e6
2.9016018582325615e6
2.9362146985224234e6
2.9710062285812143e6
3.005976638957875e6
3.0411261568874847e6
3.0764549806012567e6
3.111963322055342e6
3.147651403985376e6
3.1835194124957845e6
3.2195676106615784e6
3.255796178793391e6
3.292205366368216e6
3.3287953875599746e6
3.3655664620441403e6
3.4025188137750137e6
3.4396526660810597e6
3.476968241340255e6
3.514465762879821e6
3.552145452114628e6
3.5900075304673575e6
3.628052218104359e6
3.6662797338680383e6
3.7046902960124686e6
3.743284130860838e6
3.7820614241112294e6
3.821022418618449e6
3.860167315930687e6
3.8994963264185498e6
3.9390096578324772e6
3.978707516390958e6
4.0185901060856683e6
4.0586576286835894e6
4.0989102840124294e6
4.139348260550393e6
4.1799717809134517e6
4.220781010737979e6
4.261776149681863e6
4.302957386310158e6
4.3443249063150035e6
4.385878893538596e6