33651.56731062225
33758.85474170148
34045.0755095137
34510.55864821328
35155.83624089399
35981.639736753044
36988.894904644345
38178.715473102
39552.395499118604
41111.40072306059
42857.358201245195
44792.04619478452
46917.38220152201
49235.40936868219
51748.284736530855
54458.26545461372
57367.69215298278
60478.975872348936
63794.5875876575
67317.03625724184
71048.85759613581
74992.59960992532
79150.80899599228
83526.01436517731
88120.71750160372
92937.37373573023
97978.38541807765
103246.09118273295
108742.74638985535
114470.52397888314
120431.4978827534
126627.63841419731
133060.80297317682
139732.7304298786
146645.03589856537
153799.20523240967
161196.59103107947
168838.41148366206
176725.74686483212
184859.53988933997
193240.59352428923
201869.57312057144
210747.00701466136
219873.28840063707
229248.67764638356
238873.30733733808
248747.18258635915
258870.18595383965
269242.08669957024
279862.5385407286
290731.09031750367
301847.18888942106
313210.1854250736
324819.3417174481
336673.83579551184
348772.76817819336
361115.1679854559
373699.9990130983
386526.1659370234
399592.5201562251
412897.8659552204
426440.9659352277
440220.5471219268
454235.3058961549
468483.91370718286
482965.0216461597
497677.2661256609
512619.27231555805
527789.6595171847
543187.0447264677
558810.0466683147
574657.2895838637
590727.406356812
607019.0416853544
623530.8549950595
640261.5235303999
657209.743757293
674374.2344393084
691753.7386950927
709347.023841528
727152.8865791194
745170.1509890427
763397.6710840007
781834.3317349682
800479.0493953429
819330.7728633212
838388.4836716603
857651.1965315896
877117.9594660142
896787.8543965061
916659.9964339726
936733.533950608
957007.6511538585
977481.5603450574
998154.5115060047
1.0190257845126363e6
1.040094691643086e6
1.0613605768659774e6
1.0828228145030108e6
1.1044808094088272e6
1.126333995941883e6
1.1483818373760548e6
1.1706238255105442e6
1.1930594785055944e6
1.215688342654449e6
1.2385099894364905e6
1.2615240159723177e6
1.2847300433232635e6
1.3081277164974287e6
1.331716703439658e6
1.3554966934716203e6
1.3794673995915845e6
1.4036285517749367e6
1.4279799023460965e6
1.452521221861834e6
1.4772522991900102e6
1.502172940934714e6
1.5272829703549074e6
1.5525822269221235e6
1.5780705657675283e6
1.6037478557878125e6
1.6296139819496705e6
1.6556688407181832e6
1.6819123426002185e6
1.7083444097876055e6
1.7349649764662578e6
1.7617739878470448e6
1.788771399638018e6
1.8159571773657738e6
1.8433312965883636e6
1.8708937410060454e6
1.8986445041584074e6
1.9265835843994473e6
1.954710993832817e6
1.9830267452180728e6
2.011530861338498e6
2.0402233710309872e6
2.069104308739705e6
2.098173712745853e6
2.1274316340142908e6
2.1568781171649853e6
2.186513219339513e6
2.216336998630675e6
2.2463495193595393e6
2.276550848075724e6
2.306941054148894e6
2.337520212047673e6
2.3682883972557094e6
2.399245689334429e6
2.4303921695239167e6
2.4617279215398165e6
2.4932530312992265e6
2.524967586006204e6
2.556871675155388e6
2.5889653895510444e6
2.6212488212165977e6
2.6537220634327168e6
2.686385210562531e6
2.719238357671814e6
2.7522816006715065e6
2.785515036333526e6
2.8189387615717375e6
2.852552873956533e6
2.886357471142121e6
2.920352651222517e6
2.954538512350276e6
2.9889151524147685e6
3.023482669648072e6
3.0582411617829627e6
3.0931907265829192e6
3.1283314614845384e6
3.1636634635213735e6
3.199186829252664e6
3.234901655121476e6
3.270808036341123e6
3.306906068692652e6
3.343195846983547e6
3.379677463362905e6
3.416351012900156e6
3.453216587710024e6
3.4902742792557273e6
3.5275241786248265e6
3.564966376077676e6
3.602600961050082e6
3.640428022107334e6
3.6784476469326783e6
3.7166599221317554e6
3.755064934433232e6
3.7936627680799384e6
3.832453507438941e6
3.8714372357193166e6
3.910614034640666e6
3.949983987137839e6
3.989547171945245e6
4.029303669055938e6
4.0692535569568295e6
4.109396912836426e6
4.149733813753523e6
4.190264334940185e6
4.23098855110173e6