244703.5074291961
244707.60448542412
244718.83675760165
244737.86396194
244765.9915523061
244804.87592621433
244856.65325188584
244923.9250660569
245009.70799073594
245117.4725996332
245251.1137111404
245414.92414021178
245613.6156148623
245852.25197117298
246136.31174163008
246471.58048072644
246864.1975236446
247320.63151159236
247847.6300119378
248452.25348370487
249141.782506407
249923.7690311079
250805.9720360284
251796.36459697894
252903.08576641447
254134.42310444347
255498.83348233538
257004.87178765953
258661.16829795152
260476.44206046686
262459.43868341256
264618.9925989316
266963.8551942211
269502.8299736616
272244.6521304889
275198.0195112979
278371.52769530314
281773.67450360523
285412.8481541588
289297.29071813985
293435.08430634346
297833.8879792672
302502.122872268
307446.56922944053
312674.68667540204
318193.5063938264
324009.7568424589
330129.9057008734
336560.05503849563
343306.1069440093
350373.56730851374
357767.62802697165
365493.1361242041
373554.583294452
381956.10764909483
390701.47465146164
399794.0783366227
409236.93741525576
419032.6899911762
429183.5954233715
439691.53312263545
450558.00347325107
461784.13372973626
473370.67888070847
485318.02932138316
497626.2195084105
510294.93467621575
523323.51376226515
536710.9785123268
550456.0241040743
564557.05300828
579012.1500926354
593819.1648178182
608975.657010963
624478.9520682748
640326.1375932833
656514.1184089377
673039.562745054
689898.9911259643
707088.7765306521
724605.0704061941
742444.0102023543
760601.5666748735
779073.6054605853
797855.9540806777
816944.3359258221
836334.5026994736
856022.0900858598
876002.7726403503
896272.2070663252
916826.0616496829
937660.0262922461
958769.8257662226
980151.2254955929
1.0018000534743859e6
1.0237121896845329e6
1.0458835903972116e6
1.0683102860729785e6
1.090988393522556e6
1.1139141203608406e6
1.137083773201174e6
1.1604937339841134e6
1.1841405199929643e6
1.2080207397582578e6
1.2321311091099777e6
1.2564684527058266e6
1.2810297162770734e6
1.305811944517217e6
1.3308123089258908e6
1.3560280801590458e6
1.3814566509436877e6
1.4070955247974573e6
1.4329423136929716e6
1.4589947369632083e6
1.4852506289412447e6
1.5117079224227204e6
1.5383646509920512e6
1.565218949719106e6
1.59226906229318e6
1.6195133186372109e6
1.6469501517653693e6
1.6745780854604992e6
1.7023957232001293e6
1.7304017479094432e6
1.758594950309196e6
1.7869741766440608e6
1.8155383574744908e6
1.844286498603853e6
1.8732176749766236e6
1.902331029134222e6
1.931625769497148e6
1.9611011690702897e6
1.99075655184887e6
2.0205913111747683e6
2.0506048936699121e6
2.0807967679881717e6
2.111166499787258e6
2.1417136735878335e6
2.1724379187151417e6
2.20333891052322e6
2.234416368883866e6
2.2656700427136067e6
2.297099721508899e6
2.328705229298295e6
2.360486419963175e6
2.3924431776994346e6
2.4245754172590235e6
2.4568830752664357e6
2.4893661170396972e6
2.5220245305117015e6
2.5548583298065504e6
2.587867530968506e6
2.62105219517765e6
2.6544123882282353e6
2.687948190664904e6
2.7216597031015265e6
2.755547037993858e6
2.7896103239184325e6
2.823849696782089e6
2.8582653088413132e6
2.892857318607317e6
2.9276258985394933e6
2.962571224785033e6
2.9976934999952465e6
3.032992871828714e6
3.0684695908852997e6
3.1041238115095217e6
3.1399558397857267e6
3.175965799879962e6
3.2121539423534228e6
3.2485204919878254e6
3.285065675205942e6
3.3217897218580265e6
3.3586928641144023e6
3.395775336043114e6
3.43303737331156e6
3.470479212257476e6
3.508101090414046e6
3.545903245938815e6
3.583885916928846e6
3.6220493409537487e6
3.66039375682997e6
3.6989194013927416e6
3.737626511824353e6
3.77651533882526e6
3.815586069874804e6
3.8548389875999955e6
3.8942743084572763e6
3.933892259995567e6
3.973693072211823e6
4.0136769724922883e6
4.053844185855092e6
4.0941949356744564e6
4.1347294423385165e6
4.1754479253171715e6
4.216350600851163e6
4.25743768303448e6
4.298709384075122e6
4.340165913036175e6
4.381807477245545e6