40316.36213655103
40416.668856839155
40684.30779774778
41119.6989461545
41723.52173624688
42496.710730340914
43440.449695564836
44556.16412973107
45845.51230175403
47310.37488255929
48952.84325276161
50775.20996549926
52779.94140582101
54969.67896083297
57347.22360290727
59915.49987617135
62677.56795821822
65636.57143897773
68795.74522115296
72158.39075469525
75727.85498984213
79507.51181916831
83500.7501567798
87710.94762841551
92141.46185391108
96795.60443473389
101676.63388174397
106787.73425228902
112132.00271635933
117712.43697818572
123531.92060918835
129593.21228176111
135898.93523891206
142451.56700782228
149253.43188452275
156306.69317504746
163613.34547404395
171175.21617809165
178993.94833620006
187071.01342326083
195407.69876555869
204005.11055373694
212864.1744162567
221985.63567716384
231370.06188635755
241017.8456984679
250929.208895137
261104.20649067673
271542.7306363721
282244.52388480335
293209.1700140947
304436.11652807525
315924.67338831385
327674.0224786161
339683.2252284504
351951.23041877546
364476.8822204935
377258.9283318941
390296.0280865284
403586.76067154895
417129.6329237772
430923.0874078989
444965.51083008945
459255.2397687455
473790.5706434018
488569.7647744833
503591.0562224268
518852.6579586942
534352.7683500842
550089.5772370935
566061.2710064957
582266.0391829927
598702.0769887369
615367.592596768
632260.8096315367
649379.9720096732
666723.3471489607
684289.2291911921
702075.9422833164
720081.8431158077
738305.3227882423
756744.8086804132
775398.771963872
794265.7159853879
813344.1912115526
832632.7895188535
852130.1464230333
871834.941339968
891745.8988167648
911861.7880295631
932181.4237571781
952703.6653259122
973427.4175029048
994351.6293572055
1.0154752944849075e6
1.036797447371834e6
1.0583171766166128e6
1.0800335966947456e6
1.1019458754112704e6
1.124053218055671e6
1.1463548702520924e6
1.168850116685322e6
1.1915382804998131e6
1.214418721492697e6
1.237490836094405e6
1.2607540550747484e6
1.2842078444433124e6
1.3078517021183013e6
1.3316851582443907e6
1.3557077742164298e6
1.379919140668045e6
1.4043188769023865e6
1.4289066300183604e6
1.4536820737761594e6
1.4786449069484684e6
1.5037948536057384e6
1.5291316604086764e6
1.5546550971418729e6
1.5803649548295494e6
1.6062610451216279e6
1.6323431993577273e6
1.6586112676321769e6
1.685065117914578e6
1.7117046357823296e6
1.7385297204700403e6
1.7655402903539045e6
1.7927362762580644e6
1.8201176229661875e6
1.8476842886660842e6
1.8754362445558908e6
1.903373471771627e6
1.9314959649654299e6
1.959803727489315e6
1.9882967729227573e6
2.0169751259452128e6
2.045838816448074e6
2.0748878855944474e6
2.104122380961269e6
2.13354235741318e6
2.163147876266377e6
2.1929390065580513e6
2.2229158212187383e6
2.253078399426969e6
2.283426825918804e6
2.313961189549937e6
2.3446815835525235e6
2.375588105194303e6
2.4066808554586163e6
2.437959938301665e6
2.469425461283231e6
2.501077534528079e6
2.5329162704278925e6
2.5649417840795745e6
2.5971541915207324e6
2.6295536128067053e6
2.6621401665593376e6
2.694913975710556e6
2.727875162464503e6
2.761023850807605e6
2.794360165361172e6
2.8278842315176236e6
2.8615961751457225e6
2.8954961223254814e6
2.9295841997626503e6
2.9638605342246303e6
2.998325251398116e6
3.0329784802537947e6
3.0678203449435034e6
3.102850972153668e6
3.138070487946772e6
3.1734790172206536e6
3.2090766848695376e6
3.24486361499108e6
3.28083993087223e6
3.3170057552164653e6
3.3533612099274434e6
3.3899064153720825e6
3.4266414935162137e6
3.463566561593136e6
3.500681738685604e6
3.5379871415288066e6
3.5754828863550136e6
3.6131690880704e6
3.6510458606422013e6
3.689113316749449e6
3.7273715678895423e6
3.765820724653611e6
3.804460895942772e6
3.843292189928186e6
3.8823147131566107e6
3.921528571276265e6
3.9609338683818476e6
4.000530707595722e6
4.0403191905085053e6
4.080299417750449e6
4.1204714882636396e6
4.160835500199951e6
4.201391550139862e6
4.242139733470161e6
4.283080144495668e6