396125.04380458395
396087.8995010011
395989.3666850105
395829.9956989256
395611.03106057143
395334.24290669116
395001.68526346586
394615.95550453884
394180.055222397
393697.55846794613
393172.27141008247
392608.54108393064
392011.0570405907
391384.9623949174
390735.7673409226
390069.3106499517
389391.81862082705
388709.8660410937
388030.2674235065
387360.3204075993
386707.5521172561
386079.57489703025
385484.5070485902
384930.5893285447
384426.3185568255
383980.4250846453
383601.7507264047
383299.5068739373
383082.7781957234
382960.9978696301
382943.6680661264
383040.3937497875
383260.87709540967
383614.8837121072
384112.22072895046
384762.6283640686
385576.4833565713
386563.17982764856
387732.7783164602
389095.1358306905
390660.0706793056
392437.34906211693
394436.65434436186
396667.55969397153
399139.5646728765
401862.01823398285
404844.13805594144
408094.9637973177
411623.419394781
415438.1590059495
419547.68630358996
423960.2525496788
428683.90152559127
433726.4037535717
439095.26939602825
444797.72704350576
450840.7099344594
457230.84502732137
463974.4303563002
471077.43608467176
478545.4846197412
486383.8442411327
494597.41162494675
503190.7132127343
512167.8887615424
521532.68821208074
531288.4650183961
541438.1731158417
551984.3558197902
562929.149829049
574274.3150955905
586021.1511954793
598170.5906478125
610723.1459270075
623678.9451952688
637037.7331076926
650798.8296759184
664961.2340488535
679523.553203933
694484.0386355381
709840.6101382321
725590.8576342156
741732.0578218999
758261.1907375169
775174.9710046382
792469.8008097818
810141.8999182823
828187.2306549551
846601.547714194
865380.4403573426
884519.2344572222
904013.2436921978
923857.5550369945
944047.1633184537
964576.9827066504
985441.8986916795
1.0066364738543337e6
1.0281556413109201e6
1.049994030538336e6
1.0721463344143755e6
1.0946072490526773e6
1.1173714929889282e6
1.1404338116442582e6
1.163789011857191e6
1.1874319475805622e6
1.2113575324453167e6
1.2355608023164957e6
1.2600368267899854e6
1.2847808173069614e6
1.3097880598772508e6
1.335053969055951e6
1.360574079167228e6
1.3863440342342905e6
1.412359614372354e6
1.4386167298676465e6
1.4651114320059079e6
1.491839864157104e6
1.5187983711657596e6
1.5459833938032393e6
1.5733915210023168e6
1.6010194776483718e6
1.628864139489507e6
1.6569224858464757e6
1.6851916635929302e6
1.7136689401259066e6
1.7423517120629696e6
1.7712375051013317e6
1.8003239758431914e6
1.8296088967656724e6
1.8590901618309834e6
1.8887657879617398e6
1.9186338998976664e6
1.9486927262425248e6
1.9789406200369794e6
2.00937602242683e6
2.0399974926778472e6
2.0708036366243514e6
2.101793217424619e6
2.1329650496108877e6
2.1643180428009583e6
2.195851184647354e6
2.2275635443412308e6
2.2594542632356766e6
2.2915225569230057e6
2.323767700208131e6
2.356189048454983e6
2.3887860077712964e6
2.4215580443294263e6
2.4545046842678357e6
2.48762550133794e6
2.52092012257549e6
2.5543882227355475e6
2.5880295199235817e6
2.621843776598582e6
2.655830789879454e6
2.6899904024661616e6
2.7243224862922924e6
2.758826949328182e6
2.793503730717456e6
2.828352796608537e6
2.863374143983986e6
2.8985677970903637e6
2.933933786388556e6
2.969472193849355e6
3.0051831013127654e6
3.0410666161258523e6
3.0771228627299094e6
3.1133519828858455e6
3.149754130473093e6
3.1863294820733597e6
3.22307821532422e6
3.2600005268308255e6
3.2970966230717595e6
3.3343667192594516e6
3.3718110402472243e6
3.4094298212655424e6
3.447223298361893e6
3.4851917207800886e6
3.523335339992346e6
3.5616544137077588e6
3.6001492035752223e6
3.638819975320698e6
3.6776669972179593e6
3.716690544310357e6
3.755890886500386e6
3.795268326677182e6
3.8348230746550118e6
3.874555462912289e6
3.9144657652257853e6
3.9545542546365405e6
3.9948212093896405e6
4.0352669095375515e6
4.075891632597204e6
4.116695653010811e6
4.1576792552954764e6
4.198842706558786e6
4.240186281587854e6
4.281710253080329e6
4.323414889930166e6
4.365300465374643e6