22819.670165464813
22937.877714020593
23253.135031139616
23765.542440750425
24475.26214320842
25382.516734950754
26487.587315521567
27790.811111844912
29292.57865012182
30993.330413407803
32893.553511365026
34993.777527542064
37294.570357324075
39796.53324765683
42500.296999035156
45406.51622695488
48515.86581525009
51829.034367636734
55346.721828153844
59069.62842970171
62998.4611424008
67133.91801585222
71476.68958527382
76027.45332439303
80786.87019269708
85755.58010408774
90934.1995090375
96323.31778901374
101923.49483701796
107735.25835416968
113759.10190156849
119995.48318603958
126444.82232273968
133107.5010915545
139983.86190109802
147074.20693561697
154378.79837685818
161897.85814113577
169631.56800977606
177580.07020457825
185743.4680251294
194121.8265783316
202715.17389130642
211523.50202830372
220546.7683534982
229784.8969309633
239237.78011203324
248905.27992693466
258787.2298601755
268883.4364401836
279193.6810044085
289717.7214328385
300455.29385965416
311406.1144140299
322569.88096896117
333946.2748033662
345534.9623075926
357335.5965948438
369347.81909631536
381571.26110356883
394005.54519996815
406650.2869182457
419505.09568152693
432569.5765073427
445843.33108237
459325.95892187563
473017.05856727494
486916.22849382245
501023.06823506777
515337.1791925491
529858.1655122109
544585.6348870321
559519.1992480214
574658.4754710174
590003.0856056986
605552.6589778579
621306.8296870983
637265.2400270498
653427.5393672835
669793.3847863823
686362.4414514656
703134.3828383065
720108.8907853814
737285.6559814068
754664.3778560867
772244.7648023744
790026.5342152521
808009.412539816
826193.1353729512
844577.4473435255
863162.1019594292
881946.8624737858
900931.5000001682
920115.7952803934
939499.53769278
959082.5250028671
978864.5638518687
998845.4690766518
1.0190250637974895e6
1.039403179230083e6
1.0599796543542675e6
1.0807543364260236e6
1.1017270800873134e6
1.1228977456440665e6
1.1442662037459253e6
1.1658323299433785e6
1.1875960070831804e6
1.2095571247280503e6
1.2317155788593101e6
1.2540712713681874e6
1.2766241107895826e6
1.2993740106169407e6
1.3223208919765316e6
1.3454646786935683e6
1.3688053020213176e6
1.3923426965565053e6
1.4160768037393952e6
1.4400075685322e6
1.464134940395522e6
1.4884588736648988e6
1.512979326662091e6
1.5376962615370117e6
1.5626096447030788e6
1.587719445844097e6
1.613025638468785e6
1.638528199311061e6
1.6642271085030234e6
1.6901223491846588e6
1.716213907371063e6
1.7425017720297463e6
1.7689859347100107e6
1.7956663895291882e6
1.8225431331606219e6
1.8496161641044766e6
1.8768854836892865e6
1.9043510950604843e6
1.9320130031225057e6
1.9598712148474574e6
1.9879257389960077e6
2.0161765856264194e6
2.0446237668870657e6
2.0732672960243805e6
2.102107187800333e6
2.131143458121907e6
2.1603761243768693e6
2.1898052048856188e6
2.2194307190831923e6
2.249252687337366e6
2.2792711310449657e6
2.3094860723898937e6
2.339897534359272e6
2.370505540665127e6
2.4013101157218553e6
2.432311284479715e6
2.463509072565283e6
2.4949035060641025e6
2.5264946113964054e6
2.558282415788493e6
2.5902669466057424e6
2.622448231129857e6
2.6548262978610084e6
2.6874011747968206e6
2.720172890429461e6
2.7531414735563966e6
2.7863069528362877e6
2.8196693573156516e6
2.8532287160690264e6
2.8869850581665803e6
2.9209384128347933e6
2.955088809291301e6
2.9894362765633618e6
3.023980844326503e6
3.0587225412441175e6
3.0936613965561483e6
3.128797439138044e6
3.1641306983171185e6
3.199661202491882e6
3.235388980483714e6
3.271314060819861e6
3.307436472079295e6
3.343756242222008e6
3.380273399330281e6
3.416987971330715e6
3.4538999859137773e6
3.4910094705458046e6
3.5283164524888094e6
3.5658209587791567e6
3.6035230162599995e6
3.6414226515047164e6
3.679519890859801e6
3.717814760418475e6
3.756307286148965e6
3.794997493557856e6
3.833885408018214e6
3.87297105468454e6
3.9122544583506095e6
3.9517356435929392e6
3.9914146347806207e6
4.0312914559318055e6
4.071366130807768e6