22969.294253204036
23087.401160225276
23402.391181492938
23914.368362802466
24623.500768082275
25530.01904986556
26634.214496462566
27936.43658087952
29437.090042663574
31136.631438223965
33035.56570437086
35134.441870824434
37433.8487640651
39934.40987881189
42636.77946097493
45541.63657277677
48649.681430626755
51961.62862827085
55478.20469007293
59200.136583032094
63128.15848100097
67262.99546812041
71605.36502639974
76155.97128171856
80915.50141804415
85884.62097192585
91063.97131964113
96454.16592537532
102055.78782340237
107869.38679687667
113895.47734395093
120134.53688342632
126587.00393439402
133253.2773277252
140133.71511341113
147228.63365333213
154538.30783833083
162062.97079280857
169802.81399422826
177757.98785070257
185928.60235774406
194314.72779330934
202916.39594707452
211733.60117451765
220766.30175952357
230014.42130583015
239477.85041862878
249156.44811698276
259050.04367575445
269158.4382711889
279481.40680460405
290018.6997034224
300770.0446932115
311735.1486051448
322913.6991897762
334305.3668456655
345909.8063904181
357726.65873465163
369755.55255079316
381996.10585924913
394447.9275370062
407110.6190359662
419983.77536388626
433066.9868613875
446359.8403221888
459861.92020272627
473572.80987212487
487492.092558296
501619.3525237186
515954.17591034074
530496.1516546349
545244.8723293815
560199.9348614112
575360.9412748334
590727.4992407735
606299.222722419
622075.7325646935
638056.6564652603
654241.6303636248
670630.2977881433
687222.3107561369
704017.3299058966
721015.0246060188
738215.0732054831
755617.1634409546
773220.9921554597
791026.2655888523
809032.6993884079
827240.018717115
845647.9581064505
864256.2613401723
883064.682324292
902072.9831233113
921280.9358483098
940688.3215452107
960294.9300101778
980100.5570888269
1.0001050198449355e6
1.0203081249148636e6
1.0407097000431481e6
1.061309577885625e6
1.082107599698821e6
1.1031036143803613e6
1.124297476885009e6
1.1456890526777916e6
1.1672782124816943e6
1.1890648345721504e6
1.2110488042057166e6
1.2332300133137444e6
1.2556083599754593e6
1.2781837491770582e6
1.300956091060723e6
1.323925303707193e6
1.3470913080006642e6
1.3704540325507734e6
1.3940134094393586e6
1.4177693778719672e6
1.4417218807051876e6
1.4658708654777957e6
1.4902162847865236e6
1.5147580953879938e6
1.539496258005467e6
1.564430737793403e6
1.589561503309502e6
1.6148885270826994e6
1.640411784993326e6
1.6661312564557088e6
1.6920469240033329e6
1.7181587731602327e6
1.7444667925162965e6
1.7709709733429668e6
1.7976713095785805e6
1.8245677978141943e6
1.8516604365448123e6
1.8789492271905774e6
1.9064341730677814e6
1.9341152793129557e6
1.9619925532116778e6
1.9900660039049196e6
2.0183356418789565e6
2.0468014797912743e6
2.0754635314138024e6
2.1043218120963657e6
2.133376338585553e6
2.16262712873604e6
2.19207420169153e6
2.221717577666123e6
2.251557277835652e6
2.281593324461201e6
2.311825740591825e6
2.342254550127047e6
2.3728797777127842e6
2.403701448720783e6
2.4347195890826597e6
2.4659342254232387e6
2.4973453847153904e6
2.5289530947962995e6
2.5607573837469807e6
2.5927582795763584e6
2.6249558111655144e6
2.6573500079350118e6
2.689940898962268e6
2.7227285138358762e6
2.7557128824590934e6
2.7888940345947407e6
2.8222720003986885e6
2.8558468100605155e6
2.8896184937608126e6
2.9235870818415782e6
2.9577526046342757e6
2.9921150922702556e6
3.026674575554747e6
3.061431084239449e6
3.096384648672394e6
3.131535298967066e6
3.166883065128781e6
3.2024279770613704e6
3.2381700645302916e6
3.2741093571385117e6
3.31024588459721e6
3.346579675677038e6
3.383110759896459e6
3.4198391659709048e6
3.456764922701047e6
3.4938880585644683e6
3.531208601861694e6
3.568726580634701e6
3.6064420227297824e6
3.6443549557127636e6
3.6824654069116255e6
3.7207734033933077e6
3.7592789720926126e6
3.7979821394647583e6
3.836882931826188e6
3.87598137526548e6
3.9152774954964994e6
3.954771318006751e6
3.994462868068355e6
4.0343521705884067e6
4.0744392502069287e6