104731.81762748922
104790.81216349872
104948.37651561882
105205.17924026027
105562.30335095152
106021.24191298895
106583.89354128076
107251.95331024163
108029.873139392
108918.93043757556
109923.12174067134
111046.20615083608
112292.26856201043
113665.69592472876
115171.19610215694
116813.71536700265
118598.47092029493
120530.91065801564
122616.70033590542
124861.66712985781
127271.81237789016
129853.29469448398
132612.35459093604
135555.33514804236
138688.64375171013
142018.73336159263
145552.0586864989
149295.0635845831
153254.1714647722
157435.75019473903
161846.0654399402
166491.30037346372
171377.50121285085
176510.16516933247
181896.26508776966
187540.1249178488
193447.50680663058
199623.54215433105
206073.12851266272
212800.93584142497
219811.33095386968
227108.43726656435
234696.08406052436
242577.81329986465
250756.86416497384
259236.17231567146
268018.36291476595
277105.7506018649
286500.3352661419
296203.8043639299
306217.5340940403
316542.5915977081
327179.74045659474
338129.4454288287
349391.8794701793
360966.9318610329
372854.2169901723
385053.08443523716
397562.62942056754
410381.705197647
423508.93439304375
436942.7225224988
450681.27078225696
464722.59030062094
479064.5151407406
493704.7211791754
508640.729198086
523869.93265992706
539389.6033372139
555196.9073198171
571288.9202723356
587662.6393327262
604314.9969005443
621242.8731867733
638443.0997627773
655912.5151731911
673647.8862435534
691646.013250435
709903.6870295699
728417.713394761
747184.9193008956
766202.1607323096
785466.3324510569
804974.3732663738
824723.2715984427
844710.072242238
864931.8810231783
885385.8696037235
906069.2788439421
926979.4202392021
948113.6890906369
969469.5478032589
991044.5442010748
1.0128363088155985e6
1.0348425486394918e6
1.057061061953017e6
1.0794897266949925e6
1.1021265030541667e6
1.124969436679109e6
1.1480166558983633e6
1.17126637025145e6
1.194716871213955e6
1.218366531291396e6
1.242213796759551e6
1.2662571980502894e6
1.2904953364963206e6
1.314926888770002e6
1.3395506032667654e6
1.364365297947636e6
1.389369859125113e6
1.4145632394447355e6
1.439944455608997e6
1.4655125841609058e6
1.4912667676460866e6
1.5172061934694615e6
1.5433301252475407e6
1.569637856243262e6
1.5961287456773315e6
1.6228021996086682e6
1.6496576680010676e6
1.6766946486485614e6
1.7039126837497558e6
1.7313113538844115e6
1.7588902789086609e6
1.7866491201720135e6
1.814587569314204e6
1.8427053538887757e6
1.8710022334060674e6
1.8994780037325837e6
1.9281324812468856e6
1.9569655127254433e6
1.985976972918555e6
2.0151667594826196e6
2.0445347938169683e6
2.0740810184201582e6
2.103805397504503e6
2.133707914445797e6
2.1637885697759977e6
2.1940473818709506e6
2.2244843848904297e6
2.255099628219583e6
2.2858931749322806e6
2.316865101396323e6
2.34801549594787e6
2.3793444581897967e6
2.410852097995717e6
2.44253853582229e6
2.4744039004409737e6
2.506448328162292e6
2.538671965013526e6
2.5710749615420015e6
2.6036574761400837e6
2.6364196730769766e6
2.669361720931184e6
2.7024837941087233e6
2.735786070768563e6
2.769268733106513e6
2.802931965668878e6
2.8367759575013355e6
2.8708008993327427e6
2.90500698647925e6
2.939394411683934e6
2.9739633730124226e6
3.008714069034377e6
3.0436466979772435e6
3.078761460261079e6
3.1140585566091943e6
3.1495381877978113e6
3.1852005550693856e6
3.2210458588551125e6
3.2570742988856146e6
3.2932860766441445e6
3.3296813913088352e6
3.3662604403834734e6
3.403023422394677e6
3.43997053472309e6
3.4771019715377567e6
3.514417927652079e6
3.5519185958792516e6
3.5896041677308604e6
3.627474832733206e6
3.6655307789336797e6
3.7037721931063095e6
3.74219925988351e6
3.780812162110571e6
3.819611080844501e6
3.85859619545901e6
3.897767682114617e6
3.937125718033135e6
3.9766704744363194e6
4.0164021230846466e6
4.0563208330089804e6
4.096426771229064e6
4.1367201026022453e6
4.1772009896649225e6
4.2178695932994895e6
4.258726071781757e6
4.299770581614157e6
4.341003276996561e6
4.382424310000845e6