24108.550206565204
24225.80250175417
24538.523689028607
25046.845370380004
25750.98015964855
26651.2199285319
27747.93340932356
29041.563184019244
30532.62209673086
32221.689006412213
34109.40455835724
36196.46589391917
38483.62136061875
40971.66410698737
43661.42717755508
46553.776693316795
49649.606093468996
52949.82903558547
56455.37472132617
60167.17798401345
64086.1776109212
68213.3085265158
72549.49546568382
77095.64982094163
81852.6542113507
86821.37885635532
92002.6556006127
97397.28465156563
103006.02852950207
108829.6088292579
114868.70321592252
121123.9431329545
127595.91128013271
134285.14047661412
141192.11210572638
148317.2547531804
155660.94450235486
163223.50407517405
171005.203151342
179006.25878372407
187226.8361602222
195667.04931185112
204326.96153416036
213206.59195126197
222305.9064027383
231624.8300290657
241163.24363070267
250920.98681138028
260897.86014869442
271093.6271433126
281508.0169046958
292140.7257574978
302991.420140729
314059.73858956137
325345.29412864463
336847.6764930693
348566.4543979432
360501.177732619
372651.3796946431
385016.57888699777
397596.2812682933
410389.9824190345
423397.1686910477
436617.31988975406
450049.910364443
463694.4108150701
477550.2898695352
491617.01544748514
505894.0562511237
520380.88263367803
535076.9684895548
549981.791687505
565094.835412866
580415.588939802
595943.5486903933
611678.2187725434
627619.1119528803
643765.7495977322
660117.6634989309
676674.3951089517
693435.4965992231
710400.5313434193
727569.0732534577
744940.708646337
762515.0352548548
780291.6626862835
798270.2125607952
816450.3188178921
834831.6270980127
853413.7962940269
872196.4959084217
891179.4088173137
910362.2291811609
929744.6634523864
949326.429747354
969107.2577930802
989086.8888398833
1.0092650755493082e6
1.0296415809408488e6
1.0502161800907576e6
1.0709886578960575e6
1.0919588099182344e6
1.1131264425644544e6
1.1344913695529317e6
1.1560534181374311e6
1.1778124225220452e6
1.19976822664913e6
1.2219206834133535e6
1.2442696543075508e6
1.266815009217713e6
1.2895566261896142e6
1.3124943910509814e6
1.335628197285025e6
1.3589579456860246e6
1.382483544550829e6
1.4062049072460057e6
1.43012195635051e6
1.454234619127884e6
1.4785428288379244e6
1.5030465256635954e6
1.5277456536888208e6
1.55264016428741e6
1.5777300126975938e6
1.603015159761643e6
1.6284955704961165e6
1.6541712148740676e6
1.6800420667451553e6
1.706108104657405e6
1.732369310573616e6
1.7588256704656638e6
1.7854771737409655e6
1.8123238130788489e6
1.8393655849222178e6
1.8666024879651414e6
1.8940345243070796e6
1.9216616986629243e6
1.9494840183493453e6
1.9775014931107005e6
2.0057141351390735e6
2.0341219583119333e6
2.0627249792780436e6
2.0915232163019243e6
2.1205166889419863e6
2.1497054194025015e6
2.179089430873622e6
2.2086687481453666e6
2.2384433974466487e6
2.2684134061713023e6
2.298578803009858e6
2.3289396179076172e6
2.359495881602371e6
2.39024762588203e6
2.421194883397927e6
2.452337687525691e6
2.4836760725027495e6
2.5152100731562455e6
2.5469397249127077e6
2.5788650637288536e6
2.610986126233085e6
2.6433029487367487e6
2.675815569177757e6
2.70852402478097e6
2.741428353434525e6
2.774528593367417e6
2.8078247827613344e6
2.8413169598630886e6
2.875005163533657e6
2.908889432301916e6
2.9429698046572525e6
2.9772463195513296e6
3.0117190155540365e6
3.0463879313075026e6
3.081253105369888e6
3.1163145762207233e6
3.151572382195916e6
3.1870265615157764e6
3.222677152249174e6
3.2585241924660895e6
3.294567719246393e6
3.3308077708854415e6
3.3672443840120556e6
3.4038775958005805e6
3.440707442919095e6
3.477733962113793e6
3.5149571893182397e6
3.552377160430002e6
3.589993911357697e6
3.6278074771330403e6
3.665817892825339e6
3.7040251931050895e6
3.7424294122734927e6
3.7810305844955444e6
3.8198287432980835e6
3.858823922041894e6
3.898016153731496e6
3.9374054709764756e6
3.9769919061249746e6
4.016775490911453e6
4.0567562571209595e6
4.0969342358454494e6