346643.04644747055
346617.99272571143
346551.4466245279
346444.192644938
346297.41703839356
346112.82342924003
345892.55033763533
345639.2215380784
345355.8476194842
345045.9613309599
344713.4152056173
344362.59278851224
343998.23266329104
343625.44351686
343249.77893423033
342877.09659922647
342513.6408368726
342165.97267405863
341840.96871915483
341545.89568222873
341288.22255694005
341075.71052425366
340916.30283249577
340818.3238237592
340790.1460186605
340840.54769726645
340978.2926069754
341212.41171578015
341552.03886764776
342006.4305814813
342584.9925611749
343297.2038612652
344152.55467971985
345160.6718214537
346331.15175939526
347673.6575870982
349197.7989430422
350913.19622539147
352829.40798978065
354955.951879855
357302.2571022279
359877.6759599373
362691.42422266793
365752.6069911873
369070.17332733294
372652.9124282008
376509.4332439278
380648.1396803702
385077.23100422183
389804.66847275314
394838.165117812
400185.1797120125
405852.8877311795
411848.17291677394
418177.6191917852
424847.48562171904
431863.7082575351
439231.8629497647
446957.1982313843
455044.5782941838
463498.5067548412
472323.1029577047
481522.0996093382
491098.84035646764
501056.27101663675
511396.93925273616
522122.9927139793
533236.1765064583
544737.8362967605
556628.9280391478
568909.9990581675
581581.2293697358
594642.4003795602
608092.9345937181
621931.8727550854
636157.9233449287
650769.4400789782
665764.4517290799
681140.6735639891
696895.5188776341
713026.1181899277
729529.3371304659
746401.7797705799
763639.8298295359
781239.6504378903
799197.2066421357
817508.2806727123
836168.5132299693
855173.3827628606
874518.2531951801
894198.3901267698
914208.9595981275
934545.0656500739
955201.7560279684
976174.054851444
997456.9484767045
1.0190454324605513e6
1.0409344993458078e6
1.0631191799778314e6
1.0855945245354231e6
1.1083556482138115e6
1.1313976954630702e6
1.1547159124980425e6
1.1783056157030403e6
1.202162196115318e6
1.2262811424538274e6
1.2506580600753282e6
1.2752886386567312e6
1.3001687036302076e6
1.3252941723658766e6
1.350661109697327e6
1.3762656855385045e6
1.4021042049592542e6
1.4281730885502794e6
1.4544689166917866e6
1.48098837293186e6
1.5077282522986894e6
1.5346855325608565e6
1.5618572843353543e6
1.5892407154545519e6
1.6168358809614312e6
1.644632077865487e6
1.672635036585254e6
1.7008397576947142e6
1.7292440479770277e6
1.7578458443050669e6
1.7866431925479546e6
1.8156342495252613e6
1.844817280264275e6
1.8741906342900358e6
1.9037527913638782e6
1.933502306938157e6
1.963437827462157e6
1.993558100521376e6
2.0238619543658122e6
2.0543483174153997e6
2.0850161414632367e6
2.115864509173802e6
2.1468925705953185e6
2.1780995255910465e6
2.209484655834793e6
2.241047289317568e6
2.272786832584566e6
2.3047027377394103e6
2.336794518479519e6
2.369061738783937e6
2.401504007027898e6
2.4341209824915067e6
2.466912370871107e6
2.4998779120903444e6
2.5330173928929563e6
2.5663306329735587e6
2.5998174886441776e6
2.6334778491174555e6
2.667311631336175e6
2.7013187869195193e6
2.735499289851853e6
2.7698531424735775e6
2.8043803668272123e6
2.8390810103062443e6
2.8739551542809457e6
2.9090028713495946e6
2.9442242629787833e6
2.9796194613972013e6
3.01518859954843e6
3.0509318458233117e6
3.086849313339421e6
3.1229412299101395e6
3.1592077629756248e6
3.195649113256589e6
3.2322654885607976e6
3.2690570986466045e6
3.306024167615111e6
3.343166924467504e6
3.380485604368202e6
3.417980447870313e6
3.455651699518165e6
3.4934996090140133e6
3.5315244287467618e6
3.5697264150366043e6
3.6081058259032676e6
3.6466629219980645e6
3.6853979650307135e6
3.7243111904740804e6
3.7634029428766132e6
3.8026734219395355e6
3.8421229031000766e6
3.881751646966323e6
3.9215599312272924e6
3.9615480157050206e6
4.0017161638757274e6
4.0420646376475166e6
4.0825936996801593e6
4.1233036080442932e6
4.1641946210998236e6
4.205266995403701e6
4.246520984417571e6
4.287956840891002e6
4.329574814291028e6
4.371375152985569e6