383514.0330002444
383479.80048231955
383389.14378359297
383242.59390741284
383041.3989083122
382787.21529948735
382482.2692211557
382129.0713955964
381730.64201016445
381290.5679940368
380812.6308840149
380301.2252841778
379761.01340314606
379197.19041983096
378615.2442810865
378021.04343534575
377420.78457917867
376821.0647327722
376228.7058595938
375651.0103213022
375095.4968629305
374569.7909895164
374082.0001892814
373640.38856158394
373253.4343519673
372929.85600846924
372678.49541468115
372508.5407304551
372429.0789389912
372449.5066766994
372579.31231149274
372828.07597588305
373205.45957355975
373721.1835903272
374385.0474445426
375206.71222091053
376196.4889764393
377363.73957536777
378718.44023871847
380270.375070712
382029.2786314092
384004.8221492951
386206.2784663374
388644.03995419276
391326.556920429
394263.36029969796
397463.5270204821
400935.9532503213
404689.3962726275
408732.34775591304
413073.1218809843
417719.79985518806
422680.2078864009
427961.91140293446
433572.20084708766
439518.07394585764
445806.223855379
452443.02747140545
459434.52917438967
466786.42920059816
474504.0776792065
482592.46217746614
491056.19302830636
499899.50437470246
509126.23948632926
518739.8485850719
528743.3816357027
539139.4897498115
549930.4109267538
561117.9881273871
572703.6524861816
584688.431110569
597072.9530025134
609857.4494403017
623041.7626189447
636625.3477483835
650607.2995370501
664986.3297293287
679760.8088301925
694928.7615644478
710487.8896168794
726435.5785604093
742768.9187729612
759484.7132728265
776579.521842359
794049.6050166346
811891.055001924
830099.7354739045
848671.3019316227
867601.2472676917
886884.9122621747
906517.5141675471
926494.1213463692
946809.7314932707
967459.2640769128
988437.5618297391
1.0097394351957741e6
1.0313596599220213e6
1.0532929931065377e6
1.0755342323553772e6
1.0980781377674097e6
1.1209195569991418e6
1.1440532895228588e6
1.167474316853974e6
1.1911776039844118e6
1.2151582116391826e6
1.2394112942177719e6
1.2639320884637549e6
1.288715951788853e6
1.313758328987304e6
1.3390547939760066e6
1.3646010447024677e6
1.3903928882774503e6
1.4164262736977455e6
1.4426972731286613e6
1.4692021068741211e6
1.4959370837898797e6
1.5228987119508e6
1.5500835948783956e6
1.577488482724089e6
1.6051102583439061e6
1.6329459534437137e6
1.6609926992535102e6
1.6892477918485904e6
1.7177086433608253e6
1.7463727924595017e6
1.7752379032328355e6
1.804301763253145e6
1.8335622762095954e6
1.8630174572782216e6
1.8926654541543014e6
1.9225044970208313e6
1.952532930660272e6
1.9827492131105675e6
2.0131518905008216e6
2.0437396194251508e6
2.0745110927807637e6
2.105465185283541e6
2.136600779850958e6
2.1679168665593434e6
2.1994125171137657e6
2.2310868701969157e6
2.2629391401395546e6
2.2949686034487863e6
2.3271746078199204e6
2.3595565614616927e6
2.3921139230818157e6
2.4248462167844353e6
2.4577530143206557e6
2.4908339371735714e6
2.5240886558787352e6
2.557516885317547e6
2.5911183821619796e6
2.624892943489667e6
2.6588404004645855e6
2.692960625222284e6
2.7272535190315177e6
2.7617190160393794e6
2.796357078517311e6
2.831167697003203e6
2.8661508877019235e6
2.9013066937665627e6
2.9366351632732116e6
2.97213639217117e6
3.0078104798196363e6
3.043657543389431e6
3.079677719859974e6
3.1158711609485405e6
3.152238029866481e6
3.1887785110025764e6
3.2254927887657187e6
3.2623810643516555e6
3.299443554350975e6
3.3366804730898608e6
3.374092051061432e6
3.4116785238744435e6
3.449440131872581e6
3.487377126606625e6
3.5254897562616505e6
3.5637782818675786e6
3.602242964007046e6
3.6408840674788677e6
3.679701859682797e6
3.7186966123853116e6
3.7578685946309236e6
3.7972180827204664e6
3.8367453494564365e6
3.8764506711273394e6
3.916334322767489e6
3.9563965787063553e6
3.996637718272245e6
4.037058012648351e6
4.0776577367684753e6
4.1184371604714426e6
4.1593965641347575e6
4.200536209693681e6
4.241856367701419e6
4.2833573053915445e6
4.325039285686331e6
4.366902574945832e6