22917.441501877893
23035.58364567155
23350.667169465163
23862.794861935025
24572.132754862738
25478.908708730643
26583.41048060102
27885.98329910647
29387.026977452708
31086.99250085254
32986.37862681978
35085.72764431533
37385.62112398614
39886.67484794399
42589.534933849165
45494.87196803975
48603.37738336675
51915.75676144932
55432.72740907287
59155.007021995334
63083.32033926987
67218.38306598832
71560.9033382519
76111.57603488732
80871.07924083456
85840.0696014178
91019.17984244144
96409.01506912807
102010.15028239222
107823.12759856979
113848.45424529191
120086.60079496574
126537.99937325639
133203.04288620464
140082.0839473598
147175.4339890308
154483.3634818318
162006.10164978704
169743.836594482
177696.7158711107
185864.84714224786
194248.29887000128
202847.10153411722
211661.248681719
220690.69825578592
229935.37401460978
239395.16715326527
249069.9377220547
258959.5164431301
269063.706337096
279382.28452500846
289915.00400757114
300661.5954154681
311621.7687936511
322795.21539289964
334181.6093752949
345780.6095624163
357591.8610889611
369614.9970397115
381849.6400331358
394295.4036901023
406951.894345882
419818.71197829966
432895.45203293755
446181.7065243663
459677.06491569127
473381.11604128376
487293.4483412137
501413.6513684847
515741.3165517998
530276.0380969413
545017.4138159202
559965.0458338578
575118.5413211603
590477.5130331636
606041.579948527
621810.3678465534
637783.5092791594
653960.6449399537
670341.4230189277
686925.5000900277
703712.5412395538
720702.2201742408
737894.2194668088
755288.230956946
772883.9554733753
790681.1031198051
808679.3932854154
826878.5547461169
845278.3255352927
863878.4528037495
882678.6936936934
901678.8134047866
920878.5870441286
940277.7985371025
959876.2404422072
979673.71130336
999670.0305375254
1.0198650073662861e6
1.0402584717761469e6
1.0608502586147748e6
1.0816402112157596e6
1.1026281804933064e6
1.1238140231732982e6
1.1451976065974096e6
1.1667788031328823e6
1.1885574926382e6
1.2105335618604466e6
1.232706904132917e6
1.255077418854375e6
1.2776450122392753e6
1.3004095955896743e6
1.3233710880401894e6
1.3465294114927794e6
1.3698844954717197e6
1.3934362729284877e6
1.4171846838431521e6
1.441129671799375e6
1.4652711850012203e6
1.489609176644464e6
1.5141436040296357e6
1.538874428371707e6
1.5638016152614283e6
1.58892513364433e6
1.6142449563882519e6
1.639761059668607e6
1.6654734231456711e6
1.691382029802171e6
1.717486864616163e6
1.7437879170219565e6
1.7702851781482184e6
1.7969786419944544e6
1.8238683051808267e6
1.8509541661992131e6
1.8782362264413764e6
1.9057144891623552e6
1.9333889594176093e6
1.9612596443835585e6
1.9893265530686975e6
2.0175896958105261e6
2.0460490850895331e6
2.0747047345114965e6
2.103556659230018e6
2.132604875578828e6
2.161849401404659e6
2.191290255508618e6
2.2209274578347527e6
2.250761029281464e6
2.280790991801325e6
2.31101736815232e6
2.3414401819147416e6
2.372059457410763e6
2.4028752196808658e6
2.4338874943146305e6
2.4650963075929875e6
2.496501686138398e6
2.52810365742384e6
2.5599022489887527e6
2.5918974890172402e6
2.6240894054805203e6
2.6564780275989096e6
2.689063384075801e6
2.721845504119887e6
2.754824417251753e6
2.788000152851823e6
2.821372740691034e6
2.854942210573649e6
2.8887085922954017e6
2.92267191581207e6
2.9568322110692807e6
2.99118950781669e6
3.025743836467668e6
3.0604952263974487e6
3.0954437075705524e6
3.1305893095768197e6
3.1659320624711653e6
3.2014719953522086e6
3.2372091377532836e6
3.2731435179688865e6
3.3092751681481274e6
3.345604113886512e6
3.382130385271201e6
3.41885401065786e6
3.455775018488584e6
3.492893436879418e6
3.5302092937828973e6
3.5677226168892765e6
3.605433433697642e6
3.6433417714305175e6
3.681447657075826e6
3.7197511173639502e6
3.758252178895152e6
3.796950867796312e6
3.835847210057496e6
3.874941231444124e6
3.9142329573515737e6
3.9537224129522853e6
3.993409623205891e6
4.033294612711939e6
4.073377405806401e6