49160.60522345803
49252.98243690646
49499.505197336315
49900.671205460676
50457.28748143854
51170.46414706152
52041.608330387186
53072.41567945684
54264.861948801175
55621.18966289994
57143.897209900315
58835.72168649742
60699.62643052486
62738.7832082751
64956.55486819506
67356.47791299218
69942.23885960912
72717.65811217716
75686.67136458293
78853.30114793876
82221.64851839203
85795.85767029825
89580.10333839967
93578.56800781537
97795.42937237775
102234.81977888488
106900.84479325303
111797.50356066416
116928.73706058552
122298.36722801506
127910.1053837766
133767.51287073825
139874.01565708066
146232.87801202812
152847.1575307263
159719.7815383776
166853.4440843546
174250.6513293261
181913.71365371183
189844.6778871916
198045.45085285173
206517.67015761012
215262.76329179882
224281.94197315784
233576.19225827482
243146.28855482882
252992.78825854018
263116.0370587361
273516.17859088886
284193.15494042635
295146.71599295083
306376.4259606458
317881.67153965856
329661.67008209636
341715.4786280204
354042.00305313093
366640.00771701685
379508.1249886631
392644.8654363471
406048.62765479216
419717.70825666294
433650.31174425915
447844.560815446
462298.5052661011
477010.1324148297
491977.375531149
507198.1243063558
522670.22831098107
538391.515289739
554359.789234258
570572.8429248504
587028.4638150384
603724.4406719353
620658.5706866505
637828.6644691043
655232.5524191423
672868.087003473
690733.1526915793
708825.664634852
727143.5767385632
745684.879753072
764447.6114500737
783429.8508953893
802629.7356428963
822045.4386846609
841675.1950252492
861517.2886771627
881570.0606808303
901831.9049784103
922301.2721683827
942976.6685589758
963856.6566436987
984939.855526758
1.0062249389813371e6
1.0277106373068265e6
1.0493957352150618e6
1.0712790722357705e6
1.0933595406147717e6
1.1156360858395887e6
1.1381077048793957e6
1.1607734447396714e6
1.1836324025862115e6
1.2066837232375722e6
1.2299265988828123e6
1.2533602676317487e6
1.2769840098312981e6
1.3007971521831509e6
1.3247990614344277e6
1.3489891442146758e6
1.3733668466531462e6
1.397931652410306e6
1.4226830819933778e6
1.4476206860828819e6
1.4727440618748101e6
1.4980528215964953e6
1.5235466188172733e6
1.5492251346316773e6
1.5750880750635297e6
1.601135185477424e6
1.62736621864759e6
1.6537809643598888e6
1.6803792327761804e6
1.7071608572238032e6
1.7341256911041464e6
1.7612736084868866e6
1.788604503186455e6
1.8161182869277464e6
1.8438148888406337e6
1.8716942540850197e6
1.899756343977209e6
1.9280011336971968e6
1.9564286134467612e6
1.9850387833281413e6
2.0138316600120373e6
2.0428072690333265e6
2.0719656468157033e6
2.1013068408499574e6
2.130830907586813e6
2.1605379114274886e6
2.190427927208931e6
2.220501035195846e6
2.2507573249287736e6
2.281196890935437e6
2.3118198343863077e6
2.3426262624309137e6
2.373616286961033e6
2.4047900255572144e6
2.436147599289258e6
2.467689133739485e6
2.4994147582237665e6
2.531324604943413e6
2.5634188096147515e6
2.5956975106519284e6
2.628160848369205e6
2.660808965714784e6
2.6936420073289247e6
2.7266601194055025e6
2.7598634494072027e6
2.793252146353279e6
2.8268263599769785e6
2.860586240821386e6
2.894531940077614e6
2.928663608971058e6
2.9629813994120196e6
2.997485463538951e6
3.032175952649266e6
3.06705301884624e6
3.102116813435526e6
3.137367487285009e6
3.172805190611088e6
3.2084300738483006e6
3.2442422854693e6
3.280241973955704e6
3.3164292866899013e6
3.3528043702439805e6
3.389367369735773e6
3.4261184298808705e6
3.463057693748524e6
3.5001853032297087e6
3.537501399539576e6
3.5750061216281373e6
3.6126996078567803e6
3.650581995046474e6
3.6886534186397726e6
3.7269140125932395e6
3.765363909535682e6
3.8040032406726936e6
3.84283213506647e6
3.8818507214757185e6
3.92105912620214e6
3.9604574745116606e6
4.0000458895364674e6
4.039824494042718e6
4.079793407859497e6
4.1199527503290595e6
4.160302638228609e6
4.200843187983201e6
4.241574513741609e6
4.282496728230743e6
4.323609942666033e6