24298.170767324722
24415.26721749116
24727.574494406068
25235.228760104
25938.45000153758
26837.540224183555
27932.8809829748
29224.9302809081
30714.218873167105
32401.345890822944
34286.97448364273
36371.826367551315
38656.67637462974
41142.34583681678
43829.69753907535
46719.628677273795
49813.06491675209
53110.95305981693
56614.256231346146
60323.94359429859
64240.98865320138
68366.36120140096
72701.02068288437
77245.91063709621
82001.95451090674
86970.04896601959
92151.06061831716
97545.82118126642
103155.1235437807
108979.71840384722
115020.3111358652
121277.55936335353
127752.07048818324
134444.40016467473
141355.05097033118
148484.4708532347
155833.05340175444
163401.13694625167
171189.0048694738
179196.88600840437
187424.95542616447
195873.33512007198
204542.09555825568
213431.25688561914
222540.79061727057
231870.62151203954
241420.62937669375
251190.65114484957
261180.4831981666
271389.88332999643
281818.57353097724
292466.2416217275
303332.5443186373
314417.10923260485
325719.5373710588
337239.40543800127
348976.26818956214
360929.6607092336
373099.10062922514
385484.09030384757
398084.1188412637
410898.66447326983
423927.1956636097
437169.1740731921
450624.0555318976
464291.2920081492
478170.33317642985
492260.6279638589
506561.62587031757
521072.7783684971
535793.540652806
550723.3700136029
565861.7324975366
581208.0981683333
596761.94501738
612522.7589665321
628490.0348841585
644663.2765247873
661041.9984320679
677625.725145261
694413.9923043812
711406.3469930221
728602.3477899042
746001.5654065064
763603.582701516
781407.994874848
799414.4095570823
817622.4471428747
836031.7404214574
854641.9349559358
873452.6887369032
892463.672742519
911674.569807982
931085.0755814208
950694.8977990424
970503.7562515445
990511.3826822225
1.0107175206802654e6
1.0311219245808142e6
1.0517243612368566e6
1.0725246076890156e6
1.0935224520464363e6
1.1147176936743131e6
1.136110139519285e6
1.1576996105819596e6
1.1794859350672644e6
1.2014689512922731e6
1.2236485068495038e6
1.2460244582673477e6
1.2685966707729674e6
1.291365018059812e6
1.314329381893847e6
1.337489651980789e6
1.3608457256117992e6
1.3843975078572156e6
1.4081449090424362e6
1.432087849050978e6
1.4562262526220623e6
1.4805600507074532e6
1.5050891809917886e6
1.5298135870023074e6
1.5547332171193582e6
1.5798480255287157e6
1.60515797178883e6
1.630663019750153e6
1.65636313843409e6
1.6822583008765043e6
1.7083484849162577e6
1.7346336720259965e6
1.761113847788579e6
1.7877890013210175e6
1.8146591252918884e6
1.841724215712776e6
1.8689842717477647e6
1.8964392955190705e6
1.9240892920064423e6
1.9519342690099373e6
1.9799742365599042e6
2.008209207437883e6
2.036639196103646e6
2.0652642198931999e6
2.0940842978066662e6
2.1230994501821264e6
2.152309700095213e6
2.181715071640836e6
2.211315590563804e6
2.2411112840985213e6
2.271102180580975e6
2.301288310079924e6
2.331669703379835e6
2.362246392464205e6
2.3930184103036737e6
2.423985790764065e6
2.455148568452254e6
2.486506778871587e6
2.5180604581245803e6
2.5498096429355503e6
2.5817543705738657e6
2.613894679000231e6
2.6462306058434974e6
2.6787621904165135e6
2.7114894712914308e6
2.74441248770672e6
2.7775312792795203e6
2.8108458854552424e6
2.8443563461561296e6
2.87806270132276e6
2.9119649909594026e6
2.946063254930639e6
2.9803575335526145e6
3.0148478667802582e6
3.049534294616059e6
3.0844168569801324e6
3.119495593707448e6
3.154770544483589e6
3.1902417488709027e6
3.2259092462741146e6
3.261773075894966e6
3.2978332767141284e6
3.334089887751084e6
3.3705429471291844e6
3.4071924933091886e6
3.444038564233808e6
3.4810811979256636e6
3.5183204315632535e6
3.5557563022870254e6
3.593388847247826e6
3.6312181026867777e6
3.669244104882595e6
3.7074668897021394e6
3.7458864926208723e6
3.7845029489831757e6
3.823316293465305e6
3.8623265605718745e6
3.9015337844367614e6
3.9409379987854185e6
3.9805392370712617e6
4.0203375321114194e6
4.0603329167752825e6
4.10052542321294e6