22875.344861270016
22993.515358325803
23308.67411559088
23820.92290118143
24530.426097147556
25437.40929736665
26542.1573922614
27845.012164989865
29346.369429782815
31046.67564955278
32946.42456606966
35046.15299702251
37346.43662398512
39847.88496953106
42551.13755480418
45456.85808788532
48565.7308741111
51878.454182587
55395.73784147629
59118.292024636874
63046.83381678561
67182.07131730876
71524.70507969566
76075.42248407601
80834.89423673299
85803.76977363626
90982.67480727064
96372.20766672152
101972.93684162335
107785.39823503302
113810.09318342968
120047.4867127327
126498.00577012851
133162.0384638253
140039.93300597114
147131.99683993158
154438.49685960088
161959.65913516658
169695.6690398705
177646.6718249738
185812.77327106812
194194.04037780908
202790.502572992
211602.15275494498
220628.94861116572
229870.8140255714
239327.640684849
248999.2894863998
258885.59233682664
268986.3537610656
279301.3526916661
289830.3442255305
300573.06135891273
311529.21675217774
322698.5045040862
334080.60183761525
345675.17083012115
357481.86004878604
369500.30616951594
381730.1355426903
394170.96564634214
406822.4067767338
419684.0629677189
432755.5337938932
446036.41545921954
459526.30166580464
473224.78551439405
487131.4597355899
501245.91817888577
515567.75656625384
530096.5733828169
544831.9706938866
559773.5548467659
574920.9371900144
590273.7346080847
605831.5701512538
621594.0736056676
637560.8814647167
653731.6382821793
670105.9960332022
686683.6149913339
703464.1638547566
720447.3198023634
737632.7689872554
755020.2064299004
772609.3362460358
790399.8716765838
808391.5351489121
826584.0583760401
844977.1822286178
863570.6565961251
882364.2412507263
901357.7039349291
920550.8221901928
939943.3822803377
959535.1790081675
979326.0161778493
999315.7059102787
1.019504068734766e6
1.0398909333898193e6
1.0604761365036932e6
1.0812595230974155e6
1.1022409456895613e6
1.1234202625466469e6
1.1447973424337544e6
1.1663720590887424e6
1.188144293655232e6
1.2101139340921664e6
1.2322808748722242e6
1.2546450164666492e6
1.2772062660882678e6
1.2999645359819639e6
1.3229197461391645e6
1.3460718192892363e6
1.369420685700174e6
1.392966279030595e6
1.4167085398904674e6
1.440647412454881e6
1.464782845469087e6
1.489114792616045e6
1.513643211639093e6
1.538368064153819e6
1.563289316104607e6
1.5884069367543077e6
1.6137208992461648e6
1.6392311799955475e6
1.6649377588653853e6
1.6908406190051811e6
1.716939745540412e6
1.743235128002596e6
1.7697267576015482e6
1.7964146283870938e6
1.8232987370019546e6
1.8503790819412016e6
1.8776556645689746e6
1.9051284880929247e6
1.9327975575031224e6
1.9606628798876107e6
1.9887244641481177e6
2.0169823205016037e6
2.0454364612852763e6
2.0740868999496298e6
2.1029336514808456e6
2.1319767320272326e6
2.1612161592384595e6
2.1906519517082386e6
2.220284129161494e6
2.250112712268038e6
2.280137722741075e6
2.310359183091342e6
2.340777116643712e6
2.3713915474573933e6
2.402202500303759e6
2.4332100004966646e6
2.4644140740354666e6
2.495814747258922e6
2.5274120473443815e6
2.5592060015388513e6
2.59119663772653e6
2.623383983581825e6
2.6557680680150487e6
2.688348919425712e6
2.7211265667143734e6
2.754101039090089e6
2.7872723656230755e6
2.8206405757714e6
2.8542056990264053e6
2.8879677648711186e6
2.9219268029474798e6
2.956082842887788e6
2.990435914130928e6
3.024986046772818e6
3.059733269881861e6
3.094677613111208e6
3.1298191057433183e6
3.1651577775200712e6
3.2006936572385556e6
3.2364267741258857e6
3.272357157110031e6
3.308484835230703e6
3.3448098366563194e6
3.381332190051069e6
3.418051923666567e6
3.454969065589012e6
3.4920836436449955e6
3.5293956854998195e6
3.566905218559257e6
3.604612270040139e6
3.642516866885899e6
3.680619035807952e6
3.7189188032631786e6
3.7574161955796448e6
3.7961112386175566e6
3.835003958101423e6
3.8740943795338697e6
3.913382528051521e6
3.9528684285704563e6
3.9925521057962705e6
4.0324335840784363e6
4.072512887505692e6