28546.390455592744
28659.32478887007
28960.568688497922
29450.355178398182
30129.06092291276
30997.20320339271
32055.43680971113
33304.547996258436
34745.44943301918
36379.1731060653
38206.86352968318
40229.76837608454
42449.23105132127
44866.678722159995
47483.61568881583
50301.609912375934
53322.28487975629
56547.30806212721
59978.37927575759
63617.22000831136
67465.56862415666
71525.15505968027
75797.71264263743
80284.93921659891
84988.5216047028
89910.09973784167
95051.27049763725
100413.5790566035
105998.50196055285
111807.4610129258
117841.79668500561
124102.77324150522
130591.57199568636
137309.2881389117
144256.92672269972
151435.40013118502
158845.5271200531
166488.03553004
174363.53868064538
182472.58172192634
190815.5956053483
199392.921754729
208204.80841269373
217251.41244238964
226532.79688009946
236048.9601653297
245799.78503896832
255785.09627286997
266004.63671007106
276458.07652587094
287145.0171377704
298064.9950677004
309217.48618490517
320601.90976721985
332217.6326840018
344063.9736622333
356140.20734206284
368445.5685370241
380979.2562374148
393740.43764057267
406728.2520162032
419941.81449556164
433380.21985262877
447042.54572904314
460927.8564535383
475035.2058981915
489363.64056046464
503912.202906752
518679.9336355377
533665.8744798742
548869.0705380738
564288.5726800247
579923.4395333652
595772.739331022
611835.551864471
628110.9700086387
644598.1009836993
661296.0685461392
678204.0125772842
695321.0917328713
712646.4835499825
730179.3854401316
747919.015396279
765864.6123114515
784015.4370247145
802370.7721789054
820929.9226770333
839692.2159925775
858657.0021083329
877823.6538101376
897191.5664035726
916760.1581056882
936528.8685121287
956497.1610700772
976664.5206935348
997030.4529447828
1.0175944856715061e6
1.038356168858961e6
1.0593150794536956e6
1.080470784330459e6
1.101822917085323e6
1.1233710989165686e6
1.1451149786074902e6
1.1670542228650446e6
1.1891885169576588e6
1.2115175633808854e6
1.2340410817973986e6
1.2567588084202223e6
1.2796704953322278e6
1.3027759101755666e6
1.3260748361458804e6
1.349567069904198e6
1.3732524229373506e6
1.3971307199429977e6
1.4212017985642352e6
1.445465509114016e6
1.4699217127279742e6
1.4945702865670389e6
1.5194111122058083e6
1.54444408612072e6
1.5696691145988863e6
1.5950861126524431e6
1.6206950052302051e6
1.6464957261667112e6
1.6724882175759801e6
1.6986724299538038e6
1.7250483214818838e6
1.7516158578072465e6
1.7783750107816241e6
1.8053257602723404e6
1.8324680915160421e6
1.8598019961207337e6
1.8873274708081386e6
1.9150445172864187e6
1.9429531469314964e6
1.9710533684064043e6
1.999345199830283e6
2.0278286624795015e6
2.0565037819331342e6
2.0853705863824263e6
2.114429109182176e6
2.143679386027014e6
2.1731214558136594e6
2.2027553609047085e6
2.232581145041533e6
2.262598856081847e6
2.292808543317346e6
2.323210258166143e6
2.353804054497717e6
2.3845899877343443e6
2.415568115014796e6
2.4467384951050193e6
2.478101188093783e6
2.5096562553812005e6
2.541403759666576e6
2.5733437645039167e6
2.6054763345115865e6
2.637801535086339e6
2.6703194329066738e6
2.703030092965309e6
2.7359335845563016e6
2.7690299745887015e6
2.8023193313363967e6
2.8358017232580595e6
2.8694772190506244e6
2.903345887284141e6
2.937407797595672e6
2.971663018367603e6
3.0061116187509354e6
3.040753667626727e6
3.075589233830073e6
3.1106183859948893e6
3.1458411923880996e6
3.1812577212953856e6
3.2168680405387403e6
3.2526722176631503e6
3.288670319831265e6
3.3248624138396317e6
3.3612485660648653e6
3.397828842625954e6
3.4346033086165553e6
3.471572029139572e6
3.508735068647585e6
3.5460924910482066e6
3.5836443597836e6
3.6213907375845658e6
3.659331686722681e6
3.697467268803913e6
3.7357975448678685e6
3.77432257534157e6
3.8130424198339907e6
3.85195713787507e6
3.8910667877659146e6
3.9303714274605494e6
3.9698711141632805e6
4.0095659045359083e6
4.049455854334967e6
4.0895410189746656e6
4.1298214530466916e6
4.170297210505058e6