22842.80522183581
22960.997478206424
23276.213970281184
23788.555677342967
24498.18570630502
25405.327899122643
26510.26493054387
27813.33592070656
29314.933593082653
31015.50091543875
32915.527753135284
35015.54669552812
37316.12887313629
39817.87897134863
42521.43141393696
45427.44459413409
48536.59731008701
51849.582181060905
55367.103257405266
59089.86490189097
63018.578286453936
67153.9456355103
71496.6616458635
76047.40790621779
80806.8494245973
85775.63006994434
90954.37013959949
96343.66273115693
101944.07130780043
107756.1269767402
113780.32652784404
120017.13070703548
126466.9624661283
133130.20621231524
140007.20676342037
147098.26848666157
154403.65551946542
161923.59150194627
169658.2597053503
177607.8036082859
185772.32754379933
194151.89738834943
202746.54176360922
211556.2530733936
220580.98881417958
229820.67297320673
239275.1976237336
248944.4243234025
258828.18589948228
268926.2880461028
279238.51109994686
289764.611782911
300504.3249242424
311457.3652101994
322623.42894431495
334002.19571910816
345593.33013169316
357396.4834053427
369411.2949944349
381637.39413653343
394074.40129285445
406721.92982378235
419579.58689994796
432646.97528911603
445923.69436641166
459409.3413172179
473103.5123357364
487005.8035384405
501115.81209673744
515433.137051872
529957.3801971639
544688.1468870437
559625.0467320671
574767.6943111327
590115.7094023835
605668.7190989441
621426.355389286
637388.2581121
653554.0748053752
669923.4603703645
686496.0779406206
703271.5990065346
720249.7034705102
737430.0801356368
754812.4266006041
772396.4494790798
790181.8644412968
808168.3962621776
826355.7789238954
844743.7554954931
863332.0779791224
882120.5081819107
901108.8158193842
920296.7802945417
939684.1897000836
959270.8405673032
979056.538358311
999041.0967811774
1.0192243378786312e6
1.0396060918388506e6
1.0601861966622164e6
1.080964498676461e6
1.101940851640969e6
1.1231151150139952e6
1.1444871586619108e6
1.1660568573815231e6
1.18782409331187e6
1.2097887553489432e6
1.2319507388468832e6
1.254309945106676e6
1.2768662821136029e6
1.299619662842054e6
1.3225700079464966e6
1.345717240796558e6
1.3690612922358906e6
1.3926020964702105e6
1.416339594597279e6
1.4402737312499995e6
1.4644044555923648e6
1.4887317216848228e6
1.5132554876135201e6
1.537975715304323e6
1.5628923709755505e6
1.5880054241359069e6
1.6133148481420705e6
1.6388206195954215e6
1.6645227185160506e6
1.690421127950023e6
1.7165158338357757e6
1.742806825081888e6
1.7692940931941736e6
1.7959776322618206e6
1.8228574389452222e6
1.8499335117423953e6
1.8772058519965915e6
1.904674462878918e6
1.9323393493293358e6
1.960200518368033e6
1.988257978814208e6
2.0165117407919941e6
2.0449618165280744e6
2.0736082193538728e6
2.1024509641242246e6
2.13149006684644e6
2.1607255450168727e6
2.1901574170697443e6
2.219785702560361e6
2.249610421981997e6
2.2796315968629178e6
2.3098492495228187e6
2.3402634030891224e6
2.3708740814181995e6
2.401681309072686e6
2.4326851111539574e6
2.4638855134434956e6
2.495282542184161e6
2.5268762239545393e6
2.5586665861458066e6
2.5906536562868627e6
2.6228374618226127e6
2.6552180314236954e6
2.687795393254744e6
2.7205695759776677e6
2.753540608560993e6
2.7867085198349142e6
2.8200733390155737e6
2.8536350953521766e6
2.887393818086018e6
2.9213495366162634e6
2.9555022803328573e6
2.9898520784343067e6
3.0243989607707285e6
3.05914295617392e6
3.0940840940555823e6
3.1292224034604845e6
3.1645579138878747e6
3.200090653902344e6
3.2358206524937986e6
3.271747938356072e6
3.307872540233483e6
3.344194486251578e6
3.3807138046548855e6
3.4174305235324246e6
3.4543446707432983e6
3.491456273890057e6
3.528765360416043e6
3.5662719575065165e6
3.603976092160038e6
3.6418777911040843e6
3.679977080836127e6
3.718273987601304e6
3.7567685375172035e6
3.7954607562374244e6
3.8343506692811693e6
3.873438301947626e6
3.9127236791731524e6
3.9522068256754302e6
3.991887765963459e6
4.031766524193157e6
4.071843124261906e6