223825.33902612736
223836.31377123523
223865.86047430686
223914.7084740451
223984.09786390577
224075.659851484
224191.5535486837
224334.36882914754
224507.10559413553
224713.1727443022
224956.48655324336
225241.29462941107
225572.28529500536
225954.45543318067
226393.26577717217
226894.44984557835
227464.08922418888
228108.58227419475
228834.61857376667
229649.16480851738
230559.4223903797
231572.84643341065
232697.08870948595
233940.00160735432
235309.6060682403
236814.0110067344
238461.55275067076
240260.60541379167
242219.6119873622
244347.08862462896
246651.59554774762
249141.69426621153
251825.91267739306
254712.78267818847
257810.7440557857
261128.20571603737
264673.4459306426
268454.59949925204
272479.7217774809
276756.6701165822
281293.11822111387
286096.5653735232
291174.27270638605
296533.2885689021
302180.370468095
308122.05898323556
314364.5827991644
320913.87819373555
327775.5752732728
334954.97701257747
342457.06100873486
350286.4603286156
358447.45321703557
366943.9607899698
375779.54381145514
384957.39157284226
394480.32063161756
404350.77545731363
414570.82520800544
425142.167211543
436066.1270349796
447343.6645295638
458975.37812195416
470961.51023671334
483301.95670659054
495996.2771339507
509043.70092797116
522443.14153445774
536193.2101697996
550292.2237529269
564738.2255922423
579528.9973483309
594662.0709323075
610134.7547464257
625944.1338837219
642087.1014916445
658560.3705443507
675360.4864456352
692483.8535684084
709926.7437321682
727685.31541727
745755.6320415242
764133.6732723492
782815.3631238234
801796.5688917808
821073.105650289
840640.8275694503
860495.4997486038
880632.9471810965
901048.9961975662
921739.499948248
942700.3509247587
963927.4902547724
985416.9136528311
1.0071646885990496e6
1.0291669466800069e6
1.0514199029334004e6
1.0739198521484793e6
1.0966631932910737e6
1.1196463991154619e6
1.1428660537709827e6
1.1663188417326552e6
1.1900015421428983e6
1.2139110540803163e6
1.2380443750959653e6
1.2623986128341765e6
1.2869709857508084e6
1.3117588123084474e6
1.3367595448518717e6
1.3619707048184453e6
1.3873899611288446e6
1.4130150592303604e6
1.4388438654490998e6
1.4648743404150966e6
1.4911045501198987e6
1.51753265934462e6
1.5441569312888065e6
1.5709757108624694e6
1.5979874475448262e6
1.6251906726193014e6
1.652584015933367e6
1.6801661768803443e6
1.7079359409045356e6
1.735892167919477e6
1.7640338054974405e6
1.7923598502987176e6
1.8208693949469374e6
1.8495615733683358e6
1.8784356022787814e6
1.9074907531556666e6
1.9367263570524957e6
1.9661418013330488e6
1.9957365148089575e6
2.0255100160227013e6
2.0554618107794316e6
2.085591506987558e6
2.115898720589745e6
2.1463831404896956e6
2.177044465995259e6
2.20788244525332e6
2.2388968652279954e6
2.270087539468414e6
2.3014543171945782e6
2.3329970772394864e6
2.3647157249496756e6
2.396610194241956e6
2.428680441455719e6
2.460926447493328e6
2.4933482145955656e6
2.525945766106651e6
2.558719143621818e6
2.5916684068397963e6
2.6247936312356656e6
2.658094909978331e6
2.6915723474045885e6
2.725226063725346e6
2.759056190386066e6
2.793062870142003e6
2.8272462556621036e6
2.8616065022285054e6
2.89614380609963e6
2.9308583205107213e6
2.965750245188215e6
3.0008197825208753e6
3.036067093368438e6
3.0714924226407786e6
3.107095977598331e6
3.1428779390411354e6
3.1788385580992713e6
3.214978044155469e6
3.2512966204891657e6
3.2877945146347415e6
3.3244719530079486e6
3.36132916650629e6
3.398366385378484e6
3.4355838417116622e6
3.47298176790677e6
3.51056039710212e6
3.548319962090162e6
3.5862606959555005e6
3.6243828307103543e6
3.6626865982451336e6
3.701172229770176e6
3.7398399553115303e6
3.7786900042262664e6
3.8177226028477503e6
3.8569379754971005e6
3.8963363552865805e6
3.9359179564475166e6
3.975683002961953e6
4.0156317137542414e6
4.055764306284043e6
4.096080995396423e6
4.136581994419366e6
4.1772675137366243e6
4.218137761559978e6
4.259192945288509e6
4.300433267025915e6
4.341858928864452e6
4.383470129509887e6