288400.96050494106
288391.7380685188
288367.41907246155
288328.76719004905
288276.9985516239
288213.7993705914
288141.3259930932
288062.1891189314
287979.4227543664
287896.56340155855
287817.40612420766
287746.4270514854
287688.27611213503
287648.0954170809
287631.43303011335
287644.1033901564
287692.3321835544
287782.6592833899
287921.93676041055
288117.319623927
288376.18492302066
288706.31589694833
289115.52127143356
289611.9800487432
290204.0231567046
290900.1536982133
291709.05992397387
292639.5697102845
293700.5396024325
294901.05097765836
296250.20578732446
297757.1682339851
299431.11159629
301281.2630339548
303316.82675817376
305547.0066620542
307980.93436900096
310627.6752586594
313496.24078995467
316595.51826332475
319934.2728068462
323521.1424945777
327364.5858819615
331472.8932305705
335854.167711911
340516.2791239574
345466.8804838699
350713.37222288654
356262.8946683458
362122.3068165105
368298.17111849773
374796.7581055729
381623.9977113666
388785.50221878826
396286.5330250134
404132.0054411909
412326.46688303386
420874.09945667814
429778.7039619279
439043.7020598621
448672.1283699279
458666.6300564668
469029.46209947637
479762.49117977626
490867.19344788115
502344.6583388221
514195.6027089227
526420.347775226
539018.8678946828
551990.7555858501
565335.2639836816
579051.3035596584
593137.4537748023
607591.9759580302
622412.8309242977
637597.6893514611
653143.9550567259
669048.757637732
685309.0118948079
701921.3930130538
718882.3715883365
736188.2388633658
753835.1090012752
771818.9460513778
790135.5914570023
808780.7167893605
827750.0010321455
847038.938334316
866643.0028988293
886557.6134005836
906778.1550738872
927300.005183191
948118.5097998668
969229.0338227334
990627.0009926246
1.0123078071031489e6
1.034266934250878e6
1.0564999043376753e6
1.0790023141066728e6
1.1017698222082232e6
1.1247981693231936e6
1.148083193854488e6
1.1716208048191776e6
1.1954070594829721e6
1.2194380833795168e6
1.2437101026146729e6
1.2682194812008487e6
1.2929626821627778e6
1.3179362987451805e6
1.343137025615885e6
1.3685616923608775e6
1.3942072436773134e6
1.42007074823278e6
1.446149384915792e6
1.4724404621584746e6
1.4989414042461724e6
1.5256497593854507e6
1.552563157376539e6
1.5796793917824759e6
1.6069963335205307e6
1.6345119760419542e6
1.6622244094430306e6
1.6901318313740029e6
1.7182325431150286e6
1.7465249416849362e6
1.7750075190956001e6
1.8036788582408952e6
1.8325376314697806e6
1.8615825967837872e6
1.8908125934222636e6
1.9202265423835749e6
1.9498234397596994e6
1.9796023506775636e6
2.009562416675751e6
2.0397028516686799e6
2.0700229142876447e6
2.10052194385182e6
2.131199325743239e6
2.1620545094767283e6
2.1930869922593823e6
2.224296328849427e6
2.255682112942054e6
2.287243981502421e6
2.3189816286373185e6
2.350894779082612e6
2.3829831979960455e6
2.4152466887699347e6
2.4476850832974883e6
2.480298252423102e6
2.513086094947463e6
2.546048533025748e6
2.579185533525184e6
2.6124970651021264e6
2.6459831332165543e6
2.679643763148654e6
2.7134790007579606e6
2.747488911024194e6
2.7816735794913783e6
2.816033101203034e6
2.8505675932595786e6
2.885277184847072e6
2.9201620190669787e6
2.955222246113479e6
2.9904580363273104e6
3.025869561845327e6
3.061457014609136e6
3.097220581234435e6
3.1331604669002825e6
3.1692768794394094e6
3.205570032206832e6
3.2420401502619446e6
3.2786874552553864e6
3.315512178500908e6
3.3525145543533373e6
3.389694820619045e6
3.4270532160950163e6
3.464589984935208e6
3.502305372168459e6
3.5401996238393635e6
3.578272987950868e6
3.616525712692321e6
3.6549580458684666e6
3.693570242185056e6
3.7323625459121047e6
3.7713352080965005e6
3.810488477332404e6
3.8498226042270567e6
3.8893378281780845e6
3.9290344029433634e6
3.9689125673351875e6
4.0089725731228124e6
4.04921465322145e6
4.089639050344386e6
4.1302460016645147e6
4.171035743286092e6
4.2120085089755505e6
4.253164529870373e6
4.294504035275515e6
4.336027251458313e6
4.3777344028764395e6