120996.21619727291
121047.49104469808
121184.47738289999
121407.86424996998
121718.76713673162
122118.72776346855
122609.70665027192
123194.06189406136
123874.55379507216
124654.34411576236
125536.95250251351
126526.26475438484
127626.50440402856
128842.2587284736
130178.32469262197
131639.92787240018
133232.45228428367
134961.5910741056
136833.23647284243
138853.49257492906
141028.62861270257
143365.09294910348
145869.45400460015
148548.38218245647
151408.62676688735
154457.02424271023
157700.40782663724
161145.6385348099
164799.54879000518
168668.9580502213
172760.58454378424
177081.08520766694
181637.00062790254
186434.7361202469
191480.5545143118
196780.54264867862
202340.58790503265
208166.38468660033
214263.3837712457
220636.80367590298
227291.60624936884
234232.47971301267
241463.83151041667
248989.7745934108
256814.12713527717
264940.38669829327
273371.74332903
282111.06227876176
291160.8857426307
300523.4334286209
310200.5877548981
320193.921443267
330504.6748714255
341133.7721105346
352081.82362873794
363349.1331029765
374935.7047620377
386841.2525139239
399065.20897445886
411606.73728198395
424464.7418153286
437637.8814314543
451124.5810629134
464923.0467738289
479031.2794944111
493447.08776840323
508168.10524215724
523191.80295239727
538515.5056281164
554136.4045205328
570051.5758168581
586257.992211442
602752.5359298933
619532.0193839383
636593.1875021579
653932.741573267
671547.3448548641
689433.6393202584
707588.2529022472
726007.8128324163
744688.9558084647
763628.3331860601
782822.6292505371
802268.5593486511
821962.8832148516
841902.4099158476
862084.0039344493
882504.5938371959
903161.169679564
924050.7980496513
945170.6162223327
966517.8451719407
988089.7780457153
1.009883796692572e6
1.031897367504878e6
1.054128041667836e6
1.0765734589419393e6
1.0992313454646887e6
1.1220995152658392e6
1.1451758721559166e6
1.1684584049838188e6
1.191945191544507e6
1.2156343926092423e6
1.2395242559599958e6
1.263613112428729e6
1.2878993743781392e6
1.3123815357383722e6
1.3370581658598133e6
1.3619279121040674e6
1.3869894975286112e6
1.412241716820816e6
1.4376834348453898e6
1.463313584915701e6
1.489131169752222e6
1.515135249229525e6
1.541324949325062e6
1.5676994542585642e6
1.5942580066878365e6
1.6209998991984017e6
1.6479244828612092e6
1.6750311569906576e6
1.7023193705272493e6
1.729788616257304e6
1.7574384339869027e6
1.7852684025180133e6
1.8132781427180243e6
1.8414673141106588e6
1.86983561216284e6
1.8983827662213924e6
1.9271085420287068e6
1.9560127304632978e6
1.9850951593333527e6
2.0143556742836023e6
2.043794155266063e6
2.0734105093922692e6
2.1032046594731193e6
2.1331765555465464e6
2.1633261675602794e6
2.1936534839538042e6
2.224158513193408e6
2.254841278972109e6
2.2857018225215403e6
2.3167402008924447e6
2.3479564834546195e6
2.3793507530164337e6
2.4109231060007457e6
2.442673648684862e6
2.474602499247634e6
2.5067097828101525e6
2.5389956372818304e6
2.5714602065344052e6
2.60410364208983e6
2.636926102194554e6
2.6699277529091523e6
2.703108764766619e6
2.736469310230353e6
2.770009580828657e6
2.803729750777163e6
2.8376300125707323e6
2.8717105570058813e6
2.905971581977676e6
2.940413282343443e6
2.9750358586277473e6
3.009839512292174e6
3.044824446172404e6
3.0799908645141777e6
3.115338972671627e6
3.150868976321744e6
3.186581081646397e6
3.222475495181595e6
3.2585524228913854e6
3.2948120707262745e6
3.331254644497608e6
3.367880352435553e6
3.404689394711384e6
3.441681976371528e6
3.4788582999257506e6
3.516218566755649e6
3.5537629768689414e6
3.5914917291514017e6
3.6294050204311376e6
3.6675030480722445e6
3.705786001037557e6
3.7442540766691477e6
3.7829074636026914e6
3.821746350470101e6
3.8607709239945426e6
3.899981368839973e6
3.9393778675443935e6
3.978960600888902e6
4.0187297473866516e6
4.058685483571961e6
4.09882798331322e6
4.1391574200467537e6
4.1796739625439304e6
4.220377778965646e6
4.261269035059705e6
4.302347894210402e6
4.34361451767233e6
4.385069064465232e6