27983.972860736845
28097.50931743649
28400.35444891223
28892.72922241992
29574.99060428806
30447.629608699062
31511.2664323692
32766.646550383855
34214.63494181342
35856.20947701049
37692.45444326082
39724.55155546556
41953.77285529683
44381.46930077262
47009.06441911
49838.04146602044
52869.935617605515
56106.32303202702
59548.80952624019
63199.022514619835
67058.59904812255
71129.1768075604
75412.38063058126
79909.82246028687
84623.08343358911
89553.71002262799
94703.19872546627
100073.00500152644
105664.51919209695
111479.06898330654
117517.91242591973
123782.23288148163
130273.13495974356
136991.6404587872
143938.6867093533
151115.1223437455
158521.70738729715
166159.11151279317
174027.9132767914
182128.60063383763
190461.57141435143
199027.13414109996
207825.50976058657
216856.83302962186
226121.1556044329
235618.4476277684
245348.60171748055
255311.43501237477
265506.69319843105
275934.05387704365
286593.1300414864
297483.4740826107
308604.58164147683
319955.8954448531
331536.8093487371
343346.6722665301
355384.7920994874
367650.4396493352
380142.8524174861
392861.2384982359
405804.77998225915
418972.6367638473
432363.94985318196
445977.8446838497
459813.4343963641
473869.82260205323
488146.10656015633
502641.3797115436
517354.73433264554
532285.2638893367
547432.0653199602
562794.2411604873
578370.9015166379
594161.1656938342
610164.1642072477
626379.039803219
642804.9492219916
659441.0643086105
676286.5729868573
693340.6804616714
710602.6099378854
728071.6034160051
745746.9223246692
763627.8478802703
781713.6820388127
800003.7471436016
818497.3868667689
837193.9658717436
856092.8702504041
875193.5074855629
894495.3063294905
913997.7168633842
933700.2103610518
953602.2790235439
973703.4362725327
994003.2148824425
1.0145011684466955e6
1.0351968715050722e6
1.0560899167727907e6
1.0771799164427028e6
1.0984665021226294e6
1.119949322730025e6
1.1416280459425456e6
1.163502356292869e6
1.1855719559020405e6
1.2078365630793078e6
1.230295912338546e6
1.2529497538120188e6
1.2757978526087662e6
1.2988399886759263e6
1.322075956004366e6
1.3455055622525276e6
1.3691286284431755e6
1.3929449882332091e6
1.4169544875129098e6
1.441156984114615e6
1.4655523470536445e6
1.4901404568154716e6
1.5149212035330248e6
1.5398944877874842e6
1.5650602203485789e6
1.5904183202296009e6
1.61596871586406e6
1.6417113441167434e6
1.6676461496151623e6
1.6937730850314829e6
1.72009211017567e6
1.746603192022303e6
1.7733063034502068e6
1.8002014249107724e6
1.827288541926545e6
1.8545676460601522e6
1.8820387337580414e6
1.9097018074233872e6
1.9375568736942594e6
1.96560394395034e6
1.9938430338231395e6
2.0222741629256473e6
2.050897355363999e6
2.0797126372163133e6
2.1087200397823276e6
2.1379195965346266e6
2.1673113439876363e6
2.196895321941168e6
2.226671571568992e6
2.2566401378951883e6
2.2868010673408313e6
2.3171544083784847e6
2.3477002117945375e6
2.3784385298641766e6
2.40936941652228e6
2.4404929272987116e6
2.471809118794788e6
2.5033180491660694e6
2.5350197776206466e6
2.5669143642262844e6
2.599001870164565e6
2.6312823570786295e6
2.6637558878089995e6
2.696422525131659e6
2.7292823333132416e6
2.7623353762854533e6
2.795581718029944e6
2.829021424348657e6
2.862654559702988e6
2.896481189204435e6
2.930501378840214e6
2.9647151934267366e6
2.9991226984827e6
3.0337239593392448e6
3.0685190412577973e6
3.103508009322797e6
3.138690928290171e6
3.1740678629290345e6
3.209638877588352e6
3.245404036356175e6
3.281363402971981e6
3.3175170408315845e6
3.353865012940231e6
3.39040738208198e6
3.4271442100355057e6
3.464075558632221e6
3.5012014890695894e6
3.538522062084552e6
3.576037337892535e6
3.61374737611257e6
3.651652235901841e6
3.689751975791407e6
3.7280466537569026e6
3.766536327599652e6
3.805221053229131e6
3.84410088776162e6
3.8831758865040494e6
3.9224461043879315e6
3.961911596116417e6
4.0015724154199576e6
4.0414286153094163e6
4.0814802485295758e6
4.121727366959527e6
4.162170021939181e6