26210.527835355853
26325.881524485783
26633.55801705325
27133.738576113625
27826.716126264444
28712.892948603738
29792.77752790392
31066.98058873087
32536.210366380714
34201.26700134966
36063.03694006698
38122.486101971306
40380.65225609079
42838.6371572522
45497.60030237495
48358.74831550868
51423.328587956465
54692.6197045947
58167.92300689089
61850.55585027515
65741.83654657844
69843.08819651068
74155.61662627518
78680.71678089531
83419.6547864902
88373.66502879673
93543.94537598274
98931.64597919164
104537.87289604178
110363.67411670447
116410.04006903127
122677.89868341965
129168.11253897533
135881.4753834915
142818.711183406
149980.47130431246
157367.33431370952
164979.804886553
172818.31368473422
180883.21777679952
189174.8012027295
197693.27613187855
206438.78392585274
215411.3972517824
224611.12191435907
234037.89902440878
243691.6076313764
253572.0672509588
263679.040577956
274012.23674310127
284571.31396612956
295355.88296636567
306365.5100349358
317599.7202164659
329058.0005578805
340739.8032815269
352644.54898249306
364771.62972935743
377120.412131943
389690.24036529096
402480.4390115912
415490.3159547339
428719.1650525716
442166.26877648156
455830.90062963776
469712.3275832363
483809.81232698524
498122.6154250107
512649.9972078161
527391.2197609846
542345.5486384163
557512.2545204386
572890.614708344
588479.9144486019
604279.4484391353
620288.5216149101
636506.4505485471
652932.5642467614
669566.2049431095
686406.7290062269
703453.50745128
720705.926630365
738163.3886001145
755825.311572362
773691.1303213199
791760.296368498
810032.278216393
828506.5612848073
847182.648422227
866060.0596446911
885138.331946037
904417.0198267017
923895.6943925025
943573.9440817701
963451.3730004317
983527.6032728305
1.0038022722679995e6
1.0242750335397786e6
1.0449455564230339e6
1.0658135263235164e6
1.0868786411996377e6
1.108140617110725e6
1.1295991833148645e6
1.1512540817060296e6
1.1731050700110327e6
1.1951519180387366e6
1.2173944088763054e6
1.2398323382147604e6
1.2624655138878603e6
1.285293755587488e6
1.3083168944902727e6
1.3315347727313838e6
1.3549472432768887e6
1.3785541693105428e6
1.4023554245984107e6
1.426350890009401e6
1.4505404593759535e6
1.4749240328859496e6
1.4995015198725802e6
1.524272837704727e6
1.549237912135993e6
1.574396675504534e6
1.599749068377222e6
1.62529503737401e6
1.6510345359387344e6
1.6769675240316717e6
1.7030939674141714e6
1.7294138375763693e6
1.755927111358896e6
1.7826337710066328e6
1.8095338036558768e6
1.8366272004340047e6
1.863913958040618e6
1.891394076620125e6
1.9190675604783066e6
1.9469344178018451e6
1.97499465991502e6
2.0032483020004856e6
2.031695362448172e6
2.0603358617600333e6
2.089169824351483e6
2.1181972766693654e6
2.1474182475644276e6
2.1768327685756143e6
2.2064408729944862e6
2.236242596293336e6
2.2662379759388543e6
2.296427050772857e6
2.326809861667801e6
2.3573864507168126e6
2.3881568614589274e6
2.419121138763302e6
2.450279328435202e6
2.481631477502615e6
2.513177633992547e6
2.5449178467250695e6
2.576852165273358e6
2.608980639942726e6
2.641303321697046e6
2.673820261716066e6
2.706531512378896e6
2.7394371256784312e6
2.7725371543414374e6
2.805831651505278e6
2.839320670055293e6
2.8730042635063203e6
2.9068824849987463e6
2.9409553889146186e6
2.9752230279502906e6
3.0096854559122524e6
3.0443427263262533e6
3.0791948923185416e6
3.114242007825123e6
3.1494841253020954e6
3.1849212976872763e6
3.2205535780331534e6
3.2563810184330163e6
3.2924036711552045e6
3.3286215880254335e6
3.3650348207984134e6
3.4016434203197747e6
3.438447437529801e6
3.4754469229084165e6
3.5126419265473825e6
3.5500324980780906e6
3.587618686741036e6
3.6254005414035446e6
3.663378110361843e6
3.7015514415282193e6
3.7399205824524793e6
3.778485580020444e6
3.8172464807837573e6
3.8562033307637624e6
3.8953561756970356e6
3.9347050600081454e6
3.974250028950594e6
4.013991126221008e6
4.053928395505383e6
4.0940618799014757e6
4.1343916216157167e6