69082.31700492257
69160.70104526609
69369.94274439212
69710.63441595426
70183.7357100517
70790.56724407323
71532.8022538985
72412.46578740011
73431.91979170058
74593.84325254828
75901.22683060923
77357.3640791805
78965.82525452223
80730.4386982127
82655.27834296672
84744.67312534494
87003.01688834882
89435.10723342202
92045.70627697211
94839.81898663103
97822.52299273838
100998.98754231085
104374.44839685911
107954.18078432904
111743.48590732383
115747.64947950712
119971.93230824181
124421.54695838693
129101.63193550202
134017.22902481016
139173.26799847628
144574.5524448317
150225.72372235978
156131.26593412005
162295.46848407268
168722.42955308376
175416.0315283806
182379.93365275385
189617.55821740034
197132.08497759138
204926.44044585864
213003.29223226616
221365.0446858324
230013.83481619434
238951.52950927828
248179.7270039564
257699.7541561474
267512.74567101704
277619.2759842995
288020.09904609574
298715.4257200219
309705.287877843
320989.4775562319
332567.55487761693
344438.8570543987
356602.508097777
369057.4292172219
381802.3511799936
394835.8229450955
408156.22628888127
421761.7875650235
435650.5875477914
449820.57650836895
464269.58538179914
478995.3381011486
493995.46413152944
509267.5091703951
524808.9492123416
540617.2008089246
556689.6252639128
573023.5558757877
589616.2915679102
606465.1141210338
623567.2958570037
640920.1089336735
658520.8329426982
676366.7635513413
694455.2165469866
712783.5389785608
731349.1115900334
750149.3551520552
769181.7362327706
788443.7702838804
807933.0276767749
827647.1347940918
847583.7784229685
867740.7080921766
888115.7380955848
908706.7496057621
929511.6916361868
950528.5821817346
971755.510041781
993190.633098235
1.0148321761697301e6
1.0366784533297262e6
1.0587278185353344e6
1.0809787174121197e6
1.103429657354257e6
1.1260792154486326e6
1.148926034782765e6
1.1719688245529623e6
1.1952063590696754e6
1.2186374742326476e6
1.242261069751304e6
1.2660761046409295e6
1.2900815965286007e6
1.3142766187549918e6
1.338660302268424e6
1.3632318296257593e6
1.3879904353970469e6
1.4129354049100194e6
1.4380660704928758e6
1.4633818110270523e6
1.4888820533639244e6
1.51456626187944e6
1.5404339447451115e6
1.5664846505424217e6
1.5927179608218148e6
1.6191335083905607e6
1.6457309394425903e6
1.6725099454457033e6
1.6994702478531636e6
1.7266115984680103e6
1.7539337772668267e6
1.781436586572067e6
1.8091198634576467e6
1.8369834628795253e6
1.8650272666719253e6
1.8932511727114301e6
1.9216551076395104e6
1.9502390117415113e6
1.9790028467488165e6
2.0079465895091873e6
2.037070235553845e6
2.066373794697579e6
2.0958572915485916e6
2.1255207642738447e6
2.1553642638986814e6
2.185387851819073e6
2.2155916032596556e6
2.245975601754877e6
2.2765399411784513e6
2.3072847242441056e6
2.33821006197765e6
2.369316072965645e6
2.4006028833554694e6
2.4320706239873297e6
2.4637194344673604e6
2.4955494581855736e6
2.5275608437830224e6
2.5597537442086036e6
2.592128316892865e6
2.624684723401187e6
2.6574231269983025e6
2.690343695683288e6
2.7234465991608123e6
2.756732009449591e6
2.790200100650401e6
2.823851048387136e6
2.8576850293850354e6
2.8917022247676137e6
2.925902808868135e6
2.960286964875314e6
2.9948548728056457e6
3.029606711673577e6
3.064542663797131e6
3.099662909153338e6
3.1349676281374013e6
3.170457000684304e6
3.2061312060707593e6
3.241990422529297e6
3.278034827924921e6
3.3142646003337116e6
3.3506799178805635e6
3.387280950055016e6
3.424067873686181e6
3.4610408619658262e6
3.498200082230591e6
3.535545705378203e6
3.5730779049623054e6
3.6107968414420225e6
3.6487026815675627e6
3.686795588889026e6
3.725075726287083e6
3.7635432513585985e6
3.802198323596795e6
3.841041099387523e6
3.880071733464321e6
3.9192903786569787e6
3.9586971859995006e6
3.9982923047837866e6
4.038075881914882e6
4.0780480657159025e6
4.118208995123353e6
4.1585588139538355e6
4.19909766212118e6
4.239825677558002e6
4.28074299631386e6
4.3218497526095165e6
4.363146078741368e6