174499.4188904735
174528.21125316044
174605.26160908223
174731.30063430849
174907.4866862286
175135.29605716083
175418.1297516381
175755.6858908463
176153.27612381126
176614.01865855645
177140.30856697715
177737.65148400317
178410.12589685892
179162.60745695356
180000.3497576937
180928.90945669718
181954.15292622388
183082.23978755367
184319.6106299457
185672.88721004833
187149.00085390563
188755.07045133266
190498.34690423345
192386.2679115396
194426.40450348362
196626.4107037988
198994.0737850353
201537.21501854167
204263.63065605762
207181.3655297045
210298.11082979792
213621.7570410851
217160.08022231725
220920.76814000087
224911.41977191257
229139.50548164314
233612.35348362627
238337.12104865676
243320.79500878736
248570.1279777714
254091.68657213647
259891.7769328995
265976.45006428595
272351.5015644444
279022.4135448118
285994.395160801
293272.3328924248
300860.7957195173
308764.0223057299
316985.9124064713
325530.021437685
334399.5583016142
343597.3735929835
353125.96635193424
362987.4782532165
373183.6960325502
383716.0531867041
394585.63341099373
405793.1759283587
417339.0813848992
429223.4193084412
441445.9374930116
454006.0714543892
466902.95376302407
480135.4298990269
493702.0664786909
507601.16757974017
521830.7877074166
536388.7468934925
551272.6463672672
566479.8902498818
582007.6776868897
597853.0582773751
614012.911709128
630483.9837834059
647262.8971522934
664346.1666149325
681730.2142243705
699411.3870940418
717385.9697230104
735650.1988474587
754200.2764819455
773032.3850988374
792142.6964648196
811527.388256842
831182.6509450956
851104.6994540719
871289.7842046595
891734.1984363832
912434.2865751818
933386.4516040303
954587.1650359957
976032.9619597206
997720.4637263846
1.0196463719108058e6
1.0418074745671861e6
1.0642006425960176e6
1.0868228461024715e6
1.1096711499751762e6
1.132742710200313e6
1.156034788175329e6
1.1795447402167646e6
1.2032700218971157e6
1.2272081897083719e6
1.2513569003560627e6
1.2757139074735933e6
1.3002770645214126e6
1.3250443205242073e6
1.3500137188928337e6
1.3751833996608076e6
1.4005515934393834e6
1.426116622057584e6
1.4518768969245073e6
1.4778309096900444e6
1.5039772422988699e6
1.5303145541912545e6
1.5568415884131205e6
1.5835571506904643e6
1.6104601368069267e6
1.637549506608597e6
1.664824289157958e6
1.692283582855809e6
1.7199265450433507e6
1.7477523958271507e6
1.7757604157680513e6
1.8039499390535746e6
1.8323203541355955e6
1.8608711023871186e6
1.8896016726037508e6
1.9185116009214618e6
1.9476004686147522e6
1.9768678983376494e6
2.0063135592863455e6
2.0359371393831265e6
2.0657383840861814e6
2.0957170688568435e6
2.125872995169577e6
2.1562060004689246e6
2.186715948794557e6
2.2174027332057846e6
2.248266268775886e6
2.2793064995509153e6
2.3105233903829576e6
2.341916927665244e6
2.373487119147839e6
2.4052339872818794e6
2.4371575829241313e6
2.4692579498163857e6
2.501535177371206e6
2.533989350253218e6
2.566620570684627e6
2.599428952981463e6
2.632414623704873e6
2.6655777188818515e6
2.6989183846066175e6
2.732436784029624e6
2.7661330651339553e6
2.8000074067678675e6
2.8340599861396006e6
2.8682909845141e6
2.9027006038745623e6
2.9372890183969196e6
2.972056436170282e6
3.0070030597149148e6
3.0421290950972396e6
3.077434751704188e6
3.112920241209111e6
3.1485857853557575e6
3.1844315781275164e6
3.22045785870569e6
3.256664838577558e6
3.2930527339328546e6
3.3296217756244694e6
3.3663721613248386e6
3.4033041399638373e6
3.440417919931137e6
3.477713721118155e6
3.5151917641901076e6
3.552852267299521e6
3.59069544913648e6
3.628721514136122e6
3.6669307028283626e6
3.7053232177074375e6
3.7438992719073407e6
3.7826590769029474e6
3.8216028428000016e6
3.8607307771294303e6
3.900043087191605e6
3.939539976523052e6
3.9792216479131663e6
4.0190883016532967e6
4.0591401356340516e6
4.0993773461541794e6
4.1398001270548366e6
4.18040867071894e6
4.221203163883278e6
4.262183795853365e6
4.303350751814158e6
4.344704210937529e6
4.386244355968335e6