146929.76180676473
146969.65504920526
147076.299120296
147250.4088672277
147493.1275361208
147806.07884719167
148191.2613770593
148651.14864934058
149188.55642593143
149806.8127673338
150509.55680518117
151300.81437712556
152184.99877730964
153166.86907315286
154251.4910995936
155444.23476461924
156750.80647529676
158177.1255893852
159729.41008929673
161414.0751170571
163237.72539591478
165207.17087931177
167329.43578706236
169611.54428770588
172060.72078402966
174684.25121898428
177489.49643023402
180483.82636106116
183674.64761390953
187069.33249309313
190675.2275598851
194499.61635648107
198549.70612872692
202832.57409510846
207355.20731413006
212124.40651647604
217146.8312376867
222428.93270722477
227976.96480454478
233796.94937638086
239894.669680713
246275.650151521
252945.13773958836
259908.10210450683
267169.20599615935
274732.811506268
282602.95912286825
290783.3653920087
299277.4131685804
308088.1519203333
317218.2880719056
326670.1880265431
336445.87470070284
346547.0299602966
356974.9963935998
367730.7812509547
378815.0615749239
390228.19074470666
401970.20583440014
414040.8366289997
426439.51523514616
439165.38783463766
452217.3258844012
465593.93831629097
479293.58490403125
493314.39196222054
507654.26502566354
522310.9033772063
537281.8177353279
552564.3416712359
568155.6532889841
584052.7829157207
600252.6371261491
616752.0050564295
633547.5816250604
650635.9768453934
668013.7325774487
685677.3359151762
703623.2326411285
721847.8402061934
740347.5587672574
759118.7835774273
778157.9206443079
797461.3855416685
817025.625770304
836847.1213803682
856922.3951956565
877248.0259378024
897820.6419146699
918636.940689221
939693.6910515076
960987.7325333735
982515.9874697969
1.0042754450633962e6
1.0262632052692887e6
1.048476438067122e6
1.0709124097641697e6
1.0935684764321009e6
1.1164420863187881e6
1.1395307841766607e6
1.1628322053899113e6
1.1863440830811714e6
1.210064240745631e6
1.233990591830349e6
1.2581211379308729e6
1.2824540139827142e6
1.3069873736453955e6
1.33171950651465e6
1.3566487749900771e6
1.3817736281363354e6
1.4070925963741979e6
1.432604290708662e6
1.4583074003331922e6
1.4842006907328083e6
1.5102829987698996e6
1.5365532094042483e6
1.5630103756480513e6
1.5896534696889208e6
1.6164816198552889e6
1.6434939991156016e6
1.670689837228488e6
1.6980684218752487e6
1.7256290913601932e6
1.7533712430758248e6
1.7812943162111898e6
1.8093978023345945e6
1.8376812391459304e6
1.8661442046968983e6
1.8947863203746234e6
1.9236072503452227e6
1.9526066884891654e6
1.9817843715040195e6
2.0111400643149195e6
2.0406735628764029e6
2.0703847034886018e6
2.1002733401505854e6
2.130339358670926e6
2.1605826688475376e6
2.191003205836081e6
2.2216009297645213e6
2.2523758077558056e6
2.283327848195201e6
2.314457062683207e6
2.345763487402891e6
2.377247171677745e6
2.4089081804759856e6
2.4407465941871353e6
2.472762505301172e6
2.5049560189575357e6
2.537327252330914e6
2.5698763317774544e6
2.6026033940188717e6
2.6355085850786427e6
2.6685920584934396e6
2.701853975912486e6
2.735294505783306e6
2.7689138225372885e6
2.8027121061878167e6
2.836689541964101e6
2.8708463197398265e6
2.9051826354763582e6
2.939698683948418e6
2.974394666408825e6
3.009270788401522e6
3.0443272560011367e6
3.079564274585061e6
3.114982055253117e6
3.1505808092176816e6
3.1863607525864155e6
3.2223220858877986e6
3.2584650348540465e6
3.2947898082129774e6
3.3312966219811314e6
3.367985687438535e6
3.404857222699227e6
3.441911427926012e6
3.479148527527081e6
3.5165687277490743e6
3.554172239075204e6
3.5919592701128046e6
3.629930028169218e6
3.6680847189616906e6
3.706423562352909e6
3.7449467261603624e6
3.783654436627778e6
3.822546887945148e6
3.8616242774418043e6
3.90088680068779e6
3.9403346512668217e6
3.979968033813337e6
4.0197871114223115e6
4.059792084881494e6
4.099983138991286e6
4.1403604567278186e6
4.1809242192758573e6
4.221674603309486e6
4.262611786792078e6
4.303735942998638e6
4.345047243704488e6
4.386545858137504e6