27475.257569656038
27589.32954143356
27893.59862012093
28388.274449744626
29073.696541549463
29950.330548428086
31018.765454238222
32279.708906502317
33733.98186863202
35382.51228221938
37226.32888211831
39266.55257246972
41504.38962539255
43941.12080488673
46578.095277114044
49416.7183248489
52458.443947137974
55704.76418104922
59157.19927871834
62817.28808074229
66686.57871456444
70766.6168947015
75058.94308247295
79565.07326517846
84286.50276139811
89224.682845461
94381.03490738996
99756.91896755793
105353.64808167648
111172.4690391065
117214.5631789093
123481.0405681036
129972.93612524943
136691.20603129675
143636.72574919264
150810.2869812891
158212.5969541996
165844.2772768831
173705.86315551584
181797.80420088652
190120.46447816212
198674.12378281035
207458.97915524693
216475.1463542485
225722.6625351324
235201.48839692326
244911.5112842766
254852.5477957615
265024.3470921216
275426.5945519485
286058.9148000175
296920.8756463332
308011.99169000797
319331.7280097983
330879.50392659387
342654.6967282506
354656.6454348574
366884.65442934283
379337.99716322793
392015.9195170577
404917.6435332827
418042.37020146195
431389.2836568962
444957.5532262122
458746.3371300944
472754.78488925094
486982.0403250894
501427.2439339752
516089.5353747426
530968.0556589571
546061.9493245865
561370.3665380391
576892.4640839159
592627.4087400017
608574.3772174127
624732.558139069
641101.1534434222
657679.3794337419
674466.4676963509
691461.6662030898
708664.239997922
726073.4719254313
743688.6632221085
761509.1338573128
779534.2233605265
797763.2907749229
816195.714852221
834830.8946114243
853668.2491224784
872707.217689022
891947.256346405
911387.8547238333
931028.502287234
950868.72171643
970908.0519991639
991146.0514816486
1.0115822978814784e6
1.0322163863482786e6
1.0530479326283778e6
1.074076569148383e6
1.0953019463351853e6
1.1167237320360946e6
1.1383416113949101e6
1.160155284488165e6
1.1821644697734392e6
1.204368899808817e6
1.2267683228170117e6
1.2493625016665924e6
1.272151213528002e6
1.2951342495042062e6
1.3183114140061615e6
1.3416825243695206e6
1.3652474105666107e6
1.3890059145265403e6
1.4129578897529512e6
1.4371032010513805e6
1.4614417239537043e6
1.4859733441485835e6
1.510697957859159e6
1.5356154697983689e6
1.5607257950567328e6
1.5860288563726498e6
1.6115245854201976e6
1.637212921871723e6
1.6630938127450966e6
1.6891672126761544e6
1.7154330831337604e6
1.7418913921505678e6
1.768542114102409e6
1.7953852294333572e6
1.8224207241791338e6
1.8496485897038067e6
1.8770688227759234e6
1.9046814247773252e6
1.9324864017505127e6
1.960483764101796e6
1.9886735263032594e6
2.0170557066690805e6
2.0456303274494533e6
2.074397413352349e6
2.1033569935946264e6
2.1325090996728144e6
2.1618537659083037e6
2.1913910297848936e6
2.22112093010091e6
2.2510435092968326e6
2.281158811194269e6
2.311466881538405e6
2.3419677683378775e6
2.37266152093644e6
2.4035481903522853e6
2.4346278290950977e6
2.4659004907063153e6
2.4973662302394286e6
2.5290251036931146e6
2.5608771679841853e6
2.5929224810431018e6
2.6251611012666887e6
2.657593088458098e6
2.6902185013269796e6
2.723037401584093e6
2.756049849408262e6
2.789255906064922e6
2.8226556332256957e6
2.856249092430923e6
2.890036345399719e6
2.9240174547596555e6
2.958192481991365e6
2.992561489318744e6
3.0271245387629285e6
3.061881692292382e6
3.0968330117107327e6
3.131978558534231e6
3.1673183942779754e6
3.2028525800880953e6
3.238581176842935e6
3.274504245129594e6
3.310621845194166e6
3.346934036923503e6
3.3834408800142757e6
3.4201424331792644e6
3.4570387552193454e6
3.4941299043305046e6
3.5314159382760967e6
3.5688969143275726e6
3.606572888896732e6
3.6444439191631987e6
3.682510059911908e6
3.720771366607875e6
3.759227894000364e6
3.797879696071341e6
3.836726826382225e6
3.875769337868718e6
3.9150072829795373e6
3.954440713443184e6
3.9940696806161148e6
4.0338942349543027e6
4.073914426506313e6
4.114130305014867e6
4.1545419192137155e6