165136.027613608
165168.48731719475
165255.31471583917
165397.2358036032
165595.4007190863
165851.42130700522
166167.5102999764
166545.9734593646
166989.79591046064
167502.3135255386
168087.25563594606
168748.7573795466
169491.24855758908
170319.63796494005
171239.09865703824
172255.127197151
173373.4759583432
174600.4439194947
175942.17605195293
177405.34065386152
178996.7337656463
180723.3984287391
182592.49301246827
184611.34855323547
186787.42528470047
189128.25284547714
191641.49987247272
194334.83530575456
197215.97703130898
200292.64291166177
203572.52977918164
207063.29824087542
210772.54684792162
214707.7616504039
218876.35257718188
223285.57442033506
227942.54260729783
232854.1853110685
238027.25330883428
243468.2616589961
249183.5238349525
255179.08723262703
261460.75812047825
268034.0298359301
274904.13952603174
282076.0093316143
289554.2467327922
297343.13772282866
305446.63565643044
313868.35495610646
322611.56749777816
331679.196628063
341073.8147496294
350797.6430210075
360852.55081890005
371240.0580499889
381961.33825296705
393017.22285437974
404408.2074919791
416134.4587752596
428195.8227573709
440591.834891739
453321.73047751334
466384.4544245079
479778.67779774725
493502.80646598886
507554.9981183782
521933.17526103
536635.0399193484
551658.0932304107
566999.6453727463
582656.8333931935
598626.6392320971
614905.9018531938
631491.3387936321
648379.5551153899
665567.0660545395
683050.288221234
700825.6306613531
718889.3767455876
737237.820466684
755867.2190727072
774773.826708639
793953.8851711852
813403.6576967577
833119.4259353173
853097.5047643052
873334.2478828449
893826.0601619608
914569.398100939
935560.7868299312
956796.8190009367
978274.1577363886
999989.5492012326
1.0219398274527382e6
1.0441219031091719e6
1.06653278543525e6
1.0891695760179637e6
1.1120294673453388e6
1.1351097490962695e6
1.1584078084969558e6
1.181921125463342e6
1.2056472960767765e6
1.2295839865767863e6
1.253728966255091e6
1.2780801447301866e6
1.3026354539256205e6
1.3273929720915111e6
1.3523508515034113e6
1.3775073356832806e6
1.4028607625240062e6
1.4284095532019907e6
1.454152215463645e6
1.4800873394537382e6
1.506213589524768e6
1.5325297176346795e6
1.5590345453010807e6
1.5857269704989458e6
1.6126059533167118e6
1.6396705284558553e6
1.6669198038939205e6
1.6943529358757667e6
1.7219691489913997e6
1.7497677243847756e6
1.7777479990664213e6
1.8059093634392049e6
1.834251258167431e6
1.8627731725596725e6
1.8914746438997153e6
1.9203552513867754e6
1.9494146181123406e6
1.9786524022938043e6
2.0080683175027564e6
2.037662085114936e6
2.0674334761062646e6
2.0973823018977414e6
2.127508391948293e6
2.1578116092067864e6
2.188291843546345e6
2.2189490110414503e6
2.2497830483710966e6
2.280793919703072e6
2.311981607904334e6
2.3433461171235237e6
2.3748874654283226e6
2.4066057054041084e6
2.438500880698045e6
2.470573067196235e6
2.502822350847777e6
2.535248831093873e6
2.5678526155575635e6
2.6006338373479024e6
2.6335926203235146e6
2.6667291099511674e6
2.7000434581440226e6
2.7335358256607614e6
2.767206379830986e6
2.801055297191953e6
2.835082752542952e6
2.8692889367473284e6
2.9036740417984496e6
2.938238261132131e6
2.9729817932189633e6
3.0079048538384656e6
3.043007632488347e6
3.0782903429523977e6
3.1137531983283097e6
3.149396412191442e6
3.185220199240029e6
3.221224786459722e6
3.257410369700933e6
3.2937771765978653e6
3.3303254275474534e6
3.367055338648303e6
3.403967129133359e6
3.441061016939403e6
3.478337219665459e6
3.515795953920957e6
3.5534374363499596e6
3.591261881653625e6
3.629269503754278e6
3.6674605149961375e6
3.705835126979213e6
3.744393535305381e6
3.783135976339235e6
3.8220626421771776e6
3.861173737230858e6
3.900469464650755e6
3.9399500248746388e6
3.979615616633282e6
4.0194664372166395e6
4.059502680211381e6
4.0997245247630225e6
4.1401321886218153e6
4.1807258465788392e6
4.221505681953248e6
4.26247188029211e6
4.303624621879643e6
4.344964084954436e6
4.386490447863674e6