23935.23444145511
24052.626013051868
24365.717068507314
24874.63503283051
25579.585766347587
26480.85185903104
27578.79029944528
28873.829547280497
30366.466045578985
32057.26009239175
33946.83173072262
36035.855607811856
38325.055832996906
40815.19976597509
43507.093243206094
46401.57396270672
49499.50589425246
52801.77239330174
56309.27165649076
60022.907147079
63943.585933395254
68072.21111309674
72409.67572062778
76956.85962209867
81714.61477812861
86683.78069877745
91865.15979340894
97259.52341428181
102867.60657043781
108690.10431968581
114727.66912111593
120980.90858795225
127450.38306961715
134136.60457035847
141040.03526539102
148161.0862167757
155500.11765627319
163057.4382021595
170833.3051733542
178827.92501575977
187041.45405711586
195473.99921117237
204125.61842864656
212996.3269171279
222086.08863262745
231394.82817057666
240922.42740148972
250668.72849106207
260633.5360065698
270816.6188078944
281217.71264732815
291836.52172925224
302672.72151208686
313725.9606269916
324995.86318993376
336482.0309490964
348184.04547485604
360101.4702771844
372233.85286832805
384580.72678113816
397141.6134515601
409916.0244013996
422903.4623476858
436103.4237838672
449515.4000295622
463138.8789690749
476973.3465828301
491018.28829737264
505273.1900285416
519737.5400512818
534410.8294336058
549292.5534793348
564382.2126119339
579679.3131829393
595183.3684894551
610893.8992896002
626810.4347363039
642932.51232011
659259.6796231553
675791.4935813544
692527.521497746
709467.3415229579
726610.5419803729
743956.7231952988
761505.4965233353
779256.4847984135
797209.3224544072
815363.6558315654
833719.1425680988
852275.4531039884
871032.2679879047
889989.2812288016
909146.1969128954
928502.7315407653
948058.6127390708
967813.5793430414
987767.3813143579
1.0079197796306623e6
1.0282705452726652e6
1.0488194608576284e6
1.0695663184855888e6
1.0905109205534281e6
1.1116530799288177e6
1.1329926165418765e6
1.1545293633847302e6
1.1762631601664356e6
1.1981938559974197e6
1.220321308632743e6
1.2426453841317326e6
1.2651659566573887e6
1.2878829082543303e6
1.3107961284845227e6
1.3339055143012598e6
1.3572109697231445e6
1.3807124060139747e6
1.4044097393385405e6
1.4283028947565344e6
1.4523918018596435e6
1.4766763960304917e6
1.5011566190082836e6
1.5258324176379726e6
1.5507037438062243e6
1.575770554473785e6
1.6010328116793854e6
1.626490481500827e6
1.652143534717629e6
1.677991946216858e6
1.7040356948900004e6
1.7302747632891957e6
1.756709137755749e6
1.7833388079528452e6
1.8101637667103542e6
1.8371840104977647e6
1.8643995379640386e6
1.89181035105306e6
1.9194164542582824e6
1.9472178545188343e6
1.97521456123334e6
2.003406586094716e6
2.0317939424524468e6
2.060376646332531e6
2.0891547153304017e6
2.1181281682946095e6
2.147297026634192e6
2.1766613127196627e6
2.2062210504649105e6
2.235976265182934e6
2.265926983319301e6
2.2960732326614447e6
2.3264150418449e6
2.35695244083731e6
2.387685460248487e6
2.418614131623157e6
2.4497384872049806e6
2.4810585600776975e6
2.512574383897336e6
2.544285992902682e6
2.5761934218484014e6
2.608296706140763e6
2.640595880885789e6
2.673090982760294e6
2.705782047758e6
2.738669112514689e6
2.771752213866268e6
2.805031389046054e6
2.8385066749281185e6
2.872178108948014e6
2.906045728470665e6
2.9401095707273297e6
2.9743696734054615e6
3.0088260738158654e6
3.043478809346859e6
3.0783279173073657e6
3.1133734349302305e6
3.148615399313543e6
3.1840538474442605e6
3.219688816163389e6
3.2555203423177795e6
3.29154846179475e6
3.327773211669231e6
3.3641946273825327e6
3.4008127449243264e6
3.437627599793203e6
3.474639227562098e6
3.5118476630190555e6
3.549252940923555e6
3.5868550960301906e6
3.6246541622683043e6
3.6626501735936645e6
3.700843163577389e6
3.73923316543511e6
3.7778202122519705e6
3.8166043364978274e6
3.855585570474279e6
3.894763946156895e6
3.9341394951216774e6
3.973712248621869e6
4.0134822376337172e6
4.053449492706499e6
4.093614044037115e6