23503.054349280872
23620.779272783853
23934.755426593227
24445.099790497923
25152.00133753032
26055.719450474095
27156.581758182067
28454.981418965508
29951.373885009034
31646.27307452345
33540.24756034826
35633.9158070978
37927.94140303492
40423.02733210748
43119.911641324
46019.36080834082
49122.165671398165
52429.13384177649
55941.08697536339
59658.84795965409
63583.248347068045
67715.11022808398
72055.24781431547
76604.46093467725
81363.53108973807
86333.21592649253
91514.2465780439
96907.3232834147
102513.11255289768
108332.2439194292
114365.30754480464
120612.85220784569
127075.38314180642
133753.361089138
140647.20100378487
147757.270898954
155083.89220609187
162627.33906823874
170387.8386909456
178365.57178615598
186560.67329355376
194973.23309013792
203603.29733969894
212450.8696237824
221515.912418967
230798.34876679425
240298.06384256226
250014.90681314602
259948.6927883091
270099.20455737744
280466.19498238334
291049.3884335522
301848.4833518669
312863.1540108749
324093.0526216471
335537.8112965727
347197.04405685805
359070.3487401459
371157.30888907786
383457.49558264273
395970.46914810286
408695.7810818536
421632.9752789177
434781.5899743282
448141.1590479724
461711.2134384519
475491.2825822442
489480.89547752345
503679.5820507234
518086.87415308575
532702.3065425288
547525.4179941406
562555.7520125096
577792.8576893258
593236.2904373789
608885.612684739
624740.3945320594
640800.2137677801
657064.6574452039
673533.3211833743
690205.8101342262
707081.7393423386
724160.7331813981
741442.4276835392
758926.4661678516
776612.5066222848
794500.2148691742
812589.2681179717
830879.3543590421
849370.172255266
868061.4309206946
886952.851024295
906044.1624866453
925335.1066249877
944825.4348708328
964514.9088642211
984403.3003809366
1.0044903910571104e6
1.0247759723373989e6
1.0452598452135172e6
1.0659418200218068e6
1.0868217162961462e6
1.107899363103689e6
1.1291745959514077e6
1.1506472622444713e6
1.1723172155050873e6
1.1941843178025354e6
1.2162484391567425e6
1.238509457053885e6
1.260967256410159e6
1.2836217293448453e6
1.306472774809526e6
1.3295202984949187e6
1.3527642125382836e6
1.3762044332619025e6
1.3998408913446055e6
1.423673510247997e6
1.4477022284522944e6
1.4719269865301582e6
1.4963477310011948e6
1.5209644130934805e6
1.5457769886204745e6
1.570785418030668e6
1.5959896664133216e6
1.6213897025761132e6
1.646985499500281e6
1.6727770341206277e6
1.6987642868859207e6
1.7249472416339966e6
1.7513258856749644e6
1.7779002093523808e6
1.8046702060260477e6
1.831635872059045e6
1.8587972059533864e6
1.8861542095995962e6
1.9137068867828774e6
1.9414552436838641e6
1.9693992886922488e6
1.9975390323231437e6
2.0258744866648756e6
2.0544056661992453e6
2.0831325868121928e6
2.1120552657451658e6
2.1411737222997127e6
2.1704879768369393e6
2.199998051129907e6
2.2297039681898775e6
2.2596057521019108e6
2.289703428174887e6
2.319997022600336e6
2.350486562522943e6
2.3811720759244016e6
2.4120535914784153e6
2.44313113883032e6
2.474404748069638e6
2.505874449924465e6
2.5375402756645316e6
2.569402257243041e6
2.601460426392245e6
2.6337148158128043e6
2.6661654588221293e6
2.6988123883321565e6
2.7316556378294956e6
2.7646952410199735e6
2.797931231952723e6
2.8313636443635663e6
2.864992512509126e6
2.898817870585129e6
2.932839752670342e6
2.967058193263599e6
3.0014732265269523e6
3.036084886702951e6
3.0708932079536817e6
3.1058982243842636e6
3.1410999699808178e6
3.1764984786297786e6
3.2120937840901916e6
3.247885920125687e6
3.2838749196345457e6
3.3200608166257623e6
3.3564436435184362e6
3.3930234331984934e6
3.4298002187039345e6
3.4667740321536656e6
3.503944905620597e6
3.541312870989311e6
3.5788779601367298e6
3.6166402041933327e6
3.6545996343122167e6
3.6927562812918103e6
3.731110175631656e6
3.769661347679172e6
3.808409827237697e6
3.847355643961854e6
3.886498827204293e6
3.9258394059543577e6
3.965377408907807e6
4.005112864506302e6
4.045045800806222e6
4.0851762455392233e6