31522.476312509214
31632.127305994887
31924.637298741232
32400.298281040494
33059.58235580403
33903.1383631604
34931.7872572802
36146.51612872945
37548.47188153272
39138.95217754874
40919.39693483114
42891.378868232685
45056.59291027623
47416.84209067479
49974.02986199499
52730.143917663474
55687.24520584349
58847.455109039496
62212.94198522842
65785.90425377653
69568.56500191662
73563.14997130659
77771.87992736264
82196.96515927745
86840.57456390944
91704.84671562104
96791.8559039371
102103.62385069762
107642.09762140572
113409.144561753
119406.54381706375
125635.97924923702
132099.03345376317
138797.1830396104
145731.7924964809
152904.11105305905
160315.27105777495
167966.28427606367
175858.04121667
183991.31070523686
192366.73939504323
200984.8531911456
209846.05798175873
218950.64258828055
228298.78043718517
237890.5324570523
247725.8506228573
257804.5838433711
268126.4780214634
278691.18481565034
289498.26374451246
300547.18772172567
311837.3485733385
323368.0620100402
335138.57289673144
347148.0607041587
359395.6448297031
371880.3899716854
384601.3113928058
397557.38007966965
410747.5279615374
424170.65298554127
437825.62356678443
451711.2835719851
465826.4568285393
480169.9511862382
494740.5632368991
509537.08126952586
524558.2898121456
539802.9725479741
555269.9161614445
570957.9129530146
586865.7637893322
602992.2807156995
619336.2895490048
635896.6317487762
652672.1669029121
669661.7741611594
686864.3540513838
704278.8299282424
721904.1483759093
739739.284062713
757783.2337609057
776035.0240965774
794493.7082586964
813158.3677605169
832028.113132417
851102.0834687636
870379.446977169
889859.401310719
909541.1732582678
929424.0186802144
949507.2225518471
969790.0984995458
990271.9888182947
1.0109522637270524e6
1.0318303212257493e6
1.0529055869199038e6
1.0741775126072313e6
1.0956455768399881e6
1.1173092842854466e6
1.1391681623415914e6
1.1612217668145045e6
1.1834696741766273e6
1.2059114859782462e6
1.2285468259116595e6
1.2513753378999352e6
1.2743966905104565e6
1.2976105701590483e6
1.3210166848275925e6
1.3446147604998383e6
1.368404542575675e6
1.3923857940685204e6
1.4165582954778792e6
1.440921843837946e6
1.4654762520900462e6
1.490221348737478e6
1.5151569768678988e6
1.5402829937481578e6
1.5655992703700927e6
1.591105689826421e6
1.6168021492741902e6
1.6426885560495986e6
1.668764829727728e6
1.6950309001989167e6
1.7214867079536633e6
1.7481322031016012e6
1.7749673454829897e6
1.80199210209601e6
1.8292064508587972e6
1.8566103756787346e6
1.8842038692780829e6
1.911986929468859e6
1.93995956350213e6
1.968121783291028e6
1.9964736068636223e6
2.0250150583844155e6
2.053746166920802e6
2.0826669667571126e6
2.111777496481891e6
2.1410777998880767e6
2.1705679238203326e6
2.2002479195000017e6
2.230117841924402e6
2.2601777488356326e6
2.2904277014964623e6
2.3208677638888024e6
2.351498002257504e6
2.382318486001415e6
2.4133292862147503e6
2.4445304762137104e6
2.475922131114433e6
2.5075043281917577e6
2.5392771442742343e6
2.57124066068443e6
2.6033949761555875e6
2.6357401176690967e6
2.6682762233358603e6
2.7010033585430067e6
2.7339216079159426e6
2.767031056567879e6
2.800331790135042e6
2.833823894700414e6
2.8675074564941693e6
2.901382562200803e6
2.9354492986203227e6
2.9697077520388165e6
3.0041580100818262e6
3.038800158614069e6
3.0736342843779447e6
3.1086604736646055e6
3.143878811913178e6
3.179289386490133e6
3.2148922811470088e6
3.2506875812693676e6
3.2866753713387954e6
3.322855735274788e6
3.3592287564901956e6
3.3957945178380148e6
3.4325531017627134e6
3.469504589486337e6
3.5066490621511894e6
3.5439865999664213e6
3.581517282513034e6
3.6192411887312294e6
3.65715839655258e6
3.6952689834830486e6
3.7335730259598005e6
3.7720705998610468e6
3.8107617796670194e6
3.849646640468689e6
3.8887252551998016e6
3.9279976963695125e6
3.9674640357480184e6
4.007124344195533e6
4.0469786918689436e6
4.087027147815333e6
4.1272697803030335e6
4.1677066571405227e6
4.208337844896581e6