36468.8239639988
36573.06217592499
36851.16738741995
37303.511364307444
37930.69540331491
38733.546328471726
39713.11100260394
40870.649405811055
42207.62657134757
43725.70234019439
45426.721189419026
47312.69996644695
49385.815064338254
51648.39040734594
54102.87956123355
56751.85267891754
59597.97955875269
62644.01698691609
65892.78742814522
69347.16557792494
73010.06342055708
76884.40859350403
80973.2890196157
85279.15534231624
89805.36973924148
94554.62529194799
99529.70847782191
104733.34361606797
110168.16848429567
115836.7268090413
121741.4581231815
127884.68574973587
134268.61109490547
140895.29742512206
147766.67850686284
154884.53755579214
162250.51167917222
169866.08242804336
177732.58665906667
185851.16579399334
194222.85816060606
202848.51084607496
211728.815720656
220864.31364918995
230255.39098282706
239902.28396339534
249805.0825644069
259963.73412791418
270378.0497992629
281047.70858909976
291972.2634790365
303151.1477489136
314583.6812487242
326269.07711513137
338206.44852451613
350394.8156864885
362833.11286346294
375520.19542205555
388454.84686467703
401635.78583802935
415061.6729724809
428731.1177247872
442642.68508017244
456794.9011968522
471186.2549954521
485815.23352668784
500680.26670830307
515779.79428325815
531112.240316604
546676.0243916058
562469.5657222907
578491.2882513632
594739.6241556718
611213.0178706124
627909.9294449391
644828.8379136105
661968.2438894071
679326.6735089967
696902.6779350273
714694.8387300665
732701.7680010551
750922.110371284
769354.5445411875
787997.7845198769
806850.5800137277
825911.7188479863
845180.02590055
864654.3644957114
884333.6364392842
904216.782491674
924302.7824929287
944590.6544147227
965079.4555764771
985768.281337634
1.0066562646855458e6
1.0277425768538836e6
1.0490264257060976e6
1.0705070553423597e6
1.0921837461543914e6
1.11405581303692e6
1.1361226055614802e6
1.1583835066587804e6
1.180837931973575e6
1.203485329250661e6
1.2263251765694413e6
1.2493569825780205e6
1.272580285536015e6
1.2959946509941688e6
1.3195996725572157e6
1.343394970279894e6
1.3673801895063552e6
1.391555000276974e6
1.4159190850247496e6
1.4404721830153954e6
1.4652140332487891e6
1.4901443722665205e6
1.5152629915088846e6
1.5405696902535846e6
1.5660642864284979e6
1.5917466154950804e6
1.6176165304059638e6
1.6436739001147028e6
1.6699186082204797e6
1.6963505544104127e6
1.7229696513923453e6
1.749775825756317e6
1.7767690166109635e6
1.803949175247359e6
1.8313162639873072e6
1.8588702567220067e6
1.8866111363737877e6
1.9145388968863997e6
1.9426535404264785e6
1.97095507834039e6
1.9994435298226438e6
2.028118921460641e6
2.0569812877441638e6
2.0860306693903466e6
2.1152671134501034e6
2.144690673109195e6
2.1743014068399756e6
2.204099378895173e6
2.234084656757489e6
2.2642573146817433e6
2.294617429520065e6
2.325165081446509e6
2.3559003559579216e6
2.386823340682405e6
2.417934125931057e6
2.449232805653672e6
2.4807194756353176e6
2.5123942343079676e6
2.5442571816400276e6
2.576308420000655e6
2.6085480533108925e6
2.6409761862520087e6
2.673592925285556e6
2.7063983786273585e6
2.7393926544075077e6
2.772575861949595e6
2.8059481112774075e6
2.8395095128205554e6
2.8732601775145503e6
2.9072002164244424e6
2.941329741101437e6
2.975648862749443e6
3.010157692784339e6
3.0448563425640524e6
3.079744922939716e6
3.114823544826692e6
3.150092318481454e6
3.185551353974253e6
3.2212007607125044e6
3.2570406475507915e6
3.293071122787383e6
3.3292922940070713e6
3.3657042681493536e6
3.4023071512941667e6
3.4391010487974808e6
3.4760860654314924e6
3.5132623043580046e6
3.5506298684950164e6
3.5881888595809555e6
3.6259393785238573e6
3.663881525142405e6
3.702015398347595e6
3.7403410959291076e6
3.7788587149669332e6
3.8175683502350766e6
3.8564700975547163e6
3.895564050061442e6
3.934850300576357e6
3.97432894019264e6
4.014000059460921e6
4.0538637476773476e6
4.093920092986637e6
4.1341691821803013e6
4.1746111017528055e6
4.215245936203443e6
4.256073769487134e6