112752.15720568018
112807.28067423464
112954.52621572322
113194.5731905043
113528.5221908573
113957.9800759368
114484.61071468398
115111.00800461942
115839.80152042062
116674.09887667184
117617.36835361415
118673.43564834443
119846.45642266746
121140.90231591402
122561.59261276442
124113.5534843517
125802.10803480216
127632.8368875469
129611.53311184703
131744.14490756227
134036.82922867054
136495.88678777523
139127.73234893932
141938.8787044269
144935.90932699162
148125.46908070127
151514.2208088703
155108.8130634755
158915.8797990187
162942.0277066812
167193.73665699127
171677.44834191675
176399.45843883473
181365.92938583312
186582.8555802518
192056.07712943325
197791.21381725938
203793.67775806607
210068.65137825368
216621.0715037477
223455.61403191587
230576.68393557114
237988.40497224106
245694.58814296275
253698.77816901993
262004.18681542794
270613.71868699405
279529.96255316737
288755.18628867134
298291.3388436567
308140.04978594126
318302.6309695621
328780.0805928835
339573.08778826846
350682.03846694843
362107.02290468407
373847.8439003362
385904.0261227195
398274.82678954455
410959.24621996586
423956.0406350142
437263.73440951854
450880.63305072184
464804.83716185763
479034.25698490534
493566.625117769
508399.51376764884
523530.34632436687
538956.4139899153
554674.8868619988
570682.8556797012
586977.2433736403
603555.0035173079
620412.9583814037
637547.8978150694
654956.5696982772
672635.7009211641
690582.0026410419
708792.1783131375
727262.9430951125
745991.0247681199
764973.171721401
784206.1782701708
803686.8610777585
823412.0959339009
843378.808071241
863583.9808371367
884024.6637996163
904697.9725621212
925601.0957662628
946731.2977380649
968085.9207989995
989662.3870406757
1.0114582043042686e6
1.0334709526068561e6
1.0556983208969997e6
1.0781380575482533e6
1.1007880125321816e6
1.1236461149373474e6
1.1467103823293326e6
1.1699789159103872e6
1.1934499015561715e6
1.2171216069635511e6
1.240992384129531e6
1.2650606615122587e6
1.289324951298186e6
1.3137838339749086e6
1.338435977168425e6
1.3632801130500296e6
1.3883150477320533e6
1.4135396571397237e6
1.438952883951882e6
1.4645537342290776e6
1.4903412835903028e6
1.5163146577187628e6
1.5424730488101633e6
1.5688157012982203e6
1.5953419161513934e6
1.6220510462921239e6
1.6489424870205102e6
1.6760157023964205e6
1.7032701766773532e6
1.7307054519778118e6
1.7583211100537202e6
1.7861167707523564e6
1.8140920933770456e6
1.8422467725483193e6
1.87058053703705e6
1.899093148490475e6
1.9277844014994225e6
1.956654115120936e6
1.9857021426881065e6
2.014928353276555e6
2.0443326531206067e6
2.0739149651547396e6
2.103675234215334e6
2.1336134282036815e6
2.163729532232877e6
2.194023551898677e6
2.2244955079820654e6
2.2551454383936077e6
2.285973395889233e6
2.316979447456958e6
2.348163672849086e6
2.3795261566760605e6
2.4110670237201904e6
2.442786367065707e6
2.4746843173309513e6
2.5067610060005914e6
2.539016575105598e6
2.571451172288128e6
2.6040649536357205e6
2.636858079546497e6
2.669830718688835e6
2.702983043573569e6
2.7363152316625747e6
2.769827464324611e6
2.803519927459148e6
2.8373928097967e6
2.8714463023675596e6
2.9056806015814017e6
2.9400959027799405e6
2.9746924042330105e6
3.009470306374093e6
3.0444298100656825e6
3.079571118372292e6
3.1148944337380943e6
3.1503999598494703e6
3.1860879008487514e6
3.221958450411577e6
3.258011839728803e6
3.294248244575126e6
3.330667878959569e6
3.3672709413950387e6
3.404057635341856e6
3.441028160370432e6
3.4781827154277638e6
3.515521498573737e6
3.5530447062488263e6
3.5907525338310846e6
3.62864517442744e6
3.666722821411553e6
3.7049856613702355e6
3.7434338865829585e6
3.782067682497006e6
3.8208872339362605e6
3.8598927240991946e6
3.8990843328955183e6
3.938462241686534e6
3.978026625142797e6
4.017777658926598e6
4.057715515743739e6
4.0978403663717955e6
4.138152379535363e6
4.1786517210259484e6
4.219338555783868e6
4.260213045439234e6
4.301275351138445e6
4.342525627792397e6
4.383964033623593e6