266229.59502243646
266226.95949143555
266220.20648468245
266207.71554746747
266197.83819838427
266185.13121813186
266174.1062556343
266167.39858294866
266168.00687400607
266179.47571904905
266205.6120110127
266250.8036945957
266319.77243260853
266417.6079086486
266549.81648416264
266722.22221212153
266941.00649539515
267212.67951091554
267544.0537039258
267916.59742086433
268414.59413296415
268968.74057232944
269612.5251207407
270354.0177523503
271201.4651336389
272163.2691197998
273248.01641627523
274464.40889410913
275821.2272301463
277327.34442872147
278991.7349317043
280823.3896026504
282831.2977544693
285024.4825201723
287411.93942480447
290002.6308598789
292805.4372312031
295829.1806922415
299082.5207325577
302574.09032988996
306312.31543099205
310305.4812373441
314561.6873325129
319088.83660985075
323894.62895570707
328986.5094733895
334371.6914247129
340057.11373925756
346049.43895754364
352355.03316014784
358979.95105059474
365929.9324928134
373210.37620115036
380826.3399367732
388782.53208706656
397083.29348864406
405732.5983579125
414734.0461883311
424090.85541570577
433805.86223047785
443881.51803637313
454319.88880572334
465122.6556906359
476291.11555665697
487826.1902506636
499728.4261829258
511998.0017011233
524634.735101863
537638.0960820204
551007.2101573176
564740.8764821178
578837.5781657833
593295.4926725067
608112.5071078176
623286.2366912274
638814.0366048316
654693.0196222286
670920.0702499344
687491.8705513037
704404.908238397
721655.4949393228
739239.7903920509
757153.8132687946
775393.4644432382
793954.5473591589
812832.7291978092
832023.7078498658
851523.0319995723
871326.2475740144
891428.8835786675
911826.445243533
932514.441094507
953488.4141869885
974743.8973082413
996276.5216042981
1.0180819053233963e6
1.0401557624091933e6
1.0624938647180337e6
1.0850920603153445e6
1.1079462835464692e6
1.1310525524449986e6
1.1544069857960662e6
1.1780057914593457e6
1.201845297754643e6
1.2259219294972792e6
1.2502322215703507e6
1.2747728331808695e6
1.2995405215242095e6
1.324532168670225e6
1.3497447689186374e6
1.375175431687586e6
1.4008214082567617e6
1.4266800257833158e6
1.4527487590557395e6
1.4790251764959109e6
1.5055069761081408e6
1.5321919397501466e6
1.5590779809779923e6
1.5861631068939846e6
1.6134454463708736e6
1.6409232122392124e6
1.668594719059945e6
1.6964583774048223e6
1.724512693388663e6
1.7527562635060588e6
1.7811877663158556e6
1.8098059701330164e6
1.838609721057237e6
1.8675979439064283e6
1.8967696372654838e6
1.9261238738417153e6
1.9556597966820477e6
1.9853766058820665e6
2.0152735785144037e6
2.045350049997255e6
2.0756053856841892e6
2.1060390512731597e6
2.136650537645745e6
2.1674393869819175e6
2.198405191570735e6
2.229547595105107e6
2.260866271184015e6
2.2923609436835423e6
2.3240313712485973e6
2.355877348759637e6
2.3878987061436423e6
2.420095303145581e6
2.4524670312830824e6
2.485013812006063e6
2.5177355888347616e6
2.5506323359321435e6
2.5837040542315156e6
2.6169507413139846e6
2.650372454656768e6
2.6839692434829525e6
2.7177411830601627e6
2.7516883573950897e6
2.7858108961434844e6
2.8201088958761557e6
2.8545825012272736e6
2.889231856745596e6
2.9240571215698603e6
2.9590584607392405e6
2.994236054048251e6
3.029590111246658e6
3.0651207551128906e6
3.1008282566205207e6
3.1367128013324416e6
3.172774601727113e6
3.2090138763569747e6
3.2454308484618333e6
3.2820257441506414e6
3.3187987949537034e6
3.355750234314724e6
3.3928802983344137e6
3.430189225788595e6
3.467677255766037e6
3.5053446310781743e6
3.5431915932716993e6
3.5812183861175966e6
3.6194252527443487e6
3.6578124373514336e6
3.696380183196038e6
3.7351287337332787e6
3.7740583314835494e6
3.813169218342576e6
3.8524616348903114e6
3.8919358208390586e6
3.9315920141823525e6
3.971430449095959e6
4.0114513683284335e6
4.0516549974115435e6
4.0920415700799963e6
4.1326113156892424e6
4.1733644612269616e6
4.214301232076812e6
4.255421850237191e6
4.2967265366982175e6
4.338215508845166e6
4.379888982452925e6