23103.31244427449
23221.326703659386
23536.070859127914
24047.65220554997
24756.24405911066
25662.084288826252
26765.473310372843
28066.771567839656
29566.396535296244
31264.81917148715
33162.56038863452
35260.18664476836
37558.305528103076
40057.560477871775
42758.62676157987
45662.20536452596
48769.019224660304
52079.80625152888
55595.31682059743
59316.30189042019
63243.52005866345
67377.72068114737
71719.64544576615
76270.02242261243
81029.56236377025
85998.95384063346
91178.8606457774
96569.91791280887
102172.72948495616
107987.86506642528
114015.85798650241
120257.20343875588
126712.35654319759
133381.73151616682
140265.70054386623
147364.59279808446
154678.69467558438
162208.24945637656
169953.45742303604
177914.47643203902
186091.42258501076
194484.3709251755
203093.3566998728
211918.37643440583
220959.3893285527
230216.31868386868
239689.05363477964
249377.45058717765
259281.33513899447
269400.50375069823
279734.7256370158
290283.7446218309
301047.2809664111
312025.0332385858
323216.6801789619
334621.8824951408
346240.2846889043
358071.51678833814
370115.19607460406
382370.92872385547
394838.3113944196
407516.93288131675
420406.37538172194
433506.216099981
446816.02849520603
460335.38356836094
474063.8511114713
488001.0007151039
502146.4029731506
516499.63037280727
531060.2582390924
545827.8656099315
560802.0359826142
575982.3580961686
591368.4264536317
606959.8420920526
622756.2130964145
638757.1546222
654962.2903250505
671371.2516887303
687983.6789580167
704799.2212779459
721817.5368092126
739038.2929879169
756461.1669504095
774085.8450161668
791912.0241228428
809939.4095730056
828167.7174133023
846596.6731501007
865226.0118579625
884055.4790913983
903084.8287835284
922313.8253501287
941742.2423884127
961369.8625584902
981196.4780642821
1.0012218899237064e6
1.0214459080687605e6
1.0418683511331083e6
1.0624890462487997e6
1.0833078289102733e6
1.104324543319163e6
1.125539039406401e6
1.1469511781114526e6
1.1685608258135421e6
1.1903678567013252e6
1.2123721521870159e6
1.2345736005875086e6
1.256972096577719e6
1.2795675419780735e6
1.3023598439398934e6
1.3253489178278658e6
1.3485346819029478e6
1.37191706241797e6
1.3954959892160106e6
1.4192713995038187e6
1.4432432342694148e6
1.4674114393371916e6
1.4917759657629489e6
1.5163367689033786e6
1.5410938082155925e6
1.5660470477372487e6
1.591196455024824e6
1.616542001739002e6
1.642083663003821e6
1.6678214178499924e6
1.6937552475190335e6
1.7198851378603943e6
1.7462110768789963e6
1.772733055605465e6
1.7994510678235893e6
1.82636511005855e6
1.8534751807976859e6
1.8807812816140477e6
1.9082834158205066e6
1.9359815889192135e6
1.9638758084309704e6
1.9919660838418312e6
2.0202524260250654e6
2.0487348480977232e6
2.0774133644460526e6
2.1062879906023936e6
2.135358744266118e6
2.1646256437951233e6
2.1940887089986308e6
2.223747960790213e6
2.2536034210745203e6
2.283655112876712e6
2.3139030600335393e6
2.3443472872582055e6
2.3749878200339847e6
2.4058246845917213e6
2.4368579077387345e6
2.4680875168719958e6
2.49951354024203e6
2.5311360062513934e6
2.5629549440423734e6
2.594970382561344e6
2.6271823516501985e6
2.659590881708513e6
2.6921960027798014e6
2.724997745433582e6
2.757996140561815e6
2.791191218911267e6
2.8245830116374134e6
2.858171549919234e6
2.89195686493081e6
2.92593898801361e6
2.9601179504913464e6
2.994493783483968e6
3.029066518805048e6
3.06383618717649e6
3.0988028199399156e6
3.133966448185209e6
3.1693271028990652e6
3.204884814956138e6
3.240639615088583e6
3.2765915338599635e6
3.312740601935894e6
3.349086849099622e6
3.3856303056182703e6
3.4223710013332376e6
3.459308965908315e6
3.4964442287389217e6
3.533776819036712e6
3.571306765744581e6
3.60903409760739e6
3.646958843071563e6
3.6850810303441705e6
3.723400687358236e6
3.7619178419111306e6
3.8006325213042926e6
3.839544752695009e6
3.8786545630052183e6
3.917961978768129e6
3.957467026287279e6
3.997169731630422e6
4.0370701205061525e6
4.077168218334714e6