42779.13881761572
42877.0874248934
43138.447515030275
43563.6648159716
44153.46048744948
44908.82665461933
45831.020282760146
46921.55544755139
48182.19406620404
49614.935162702255
51222.002748018334
53005.83240863145
54969.057123777864
57114.48987233944
59445.10390991729
61964.01465182338
64674.549632156675
67579.99275015283
70683.83391148786
73989.60523546062
77500.89475783109
81221.32391322605
85154.53042259582
89304.15045614104
93673.79568595244
98267.04439217251
103087.41221594415
108138.34692770243
113423.20604965833
118945.24380616291
124707.60987322277
130713.28339379205
136965.1610828935
143465.9508363422
150218.2064719491
157224.3145564277
164486.48422037365
172006.74351494727
179786.93390763647
187828.7046096408
196133.5137997646
204702.6261488128
213537.11165502874
222637.84695959993
232005.51804350814
241640.62187907993
251543.47085416416
261714.1968440627
272152.75658602786
282858.93743755104
293832.36372744135
305072.50386571145
316578.6777155726
328350.064463818
340385.7105098064
352684.5381276876
365245.3538331045
378066.8571685966
391147.64926916995
404486.24176411715
418081.06524560344
431930.47824403964
446032.77525802446
460386.1951204634
474988.9291889304
489839.1290558913
504934.914091359
520274.3784535096
535855.5982278651
551676.6379735053
567735.5569782323
584030.4146963023
600559.2762420021
617320.2185686884
634311.3339018988
651530.7344812165
668976.5575081401
686646.9670961646
704540.1590476462
722654.3634418226
740987.8464908168
759538.9146172791
778305.9148302888
797287.2371542329
816481.316338103
835886.6330945861
855501.7135769674
875325.1330548176
895355.5144033087
915591.5282766272
936031.8948321163
956675.3821889642
977520.8074492714
998567.0361685449
1.0198129794442521e6
1.0412575991066885e6
1.0628999016035534e6
1.0847389396642598e6
1.1067738091331734e6
1.1290036579408376e6
1.1514276657027071e6
1.1740450621669784e6
1.1968551163779595e6
1.2198571375850895e6
1.2430504743921177e6
1.2664345122231205e6
1.2900086753365425e6
1.3137724217135673e6
1.3377252449612496e6
1.3618666718122119e6
1.386196260877004e6
1.410713601216354e6
1.4354183145644139e6
1.4603100469848155e6
1.485388474985675e6
1.510653300885777e6
1.53610425225597e6
1.5617410809652656e6
1.5875635622672527e6
1.6135714932642602e6
1.639764692500119e6
1.6661429986603095e6
1.6927062697656155e6
1.7194543821624028e6
1.7463872292291832e6
1.7735047216335237e6
1.8008067851456164e6
1.8282933609080021e6
1.855964403750441e6
1.8838198828670743e6
1.9118597777024785e6
1.940084082474788e6
1.9684928013168743e6
1.9970859486778253e6
2.0258635496596592e6
2.0548256378264967e6
2.0839722568787655e6
2.113303457236515e6
2.142819298289343e6
2.1725198456220217e6
2.202405172034029e6
2.2324753573870664e6
2.2627304853108553e6
2.2931706466179276e6
2.3237959363643546e6
2.354606454115141e6
2.385602304080737e6
2.416783594120954e6
2.448150435434401e6
2.4797029426468983e6
2.5114412340141786e6
2.5433654284252278e6
2.575475649511439e6
2.6077720218580537e6
2.6402546721282136e6
2.6729237284739134e6
2.705779320825905e6
2.738821579945873e6
2.7720506380791906e6
2.8054666281302767e6
2.8390696837076843e6
2.8728599391046166e6
2.9068375285100117e6
2.9410025869959523e6
2.9753552496301807e6
3.009895650968674e6
3.0446239259907454e6
3.079540209341202e6
3.1146446351654255e6
3.149937337328253e6
3.1854184488347797e6
3.221088102660285e6
3.2569464306642697e6
3.2929935640926864e6
3.3292296332381973e6
3.3656547680667005e6
3.4022690968200946e6
3.4390727472126517e6
3.476065845864794e6
3.513248518426407e6
3.550620889337212e6
3.588183081594649e6
3.6259352173762806e6
3.6638774176712437e6
3.7020098021481074e6
3.740332489150636e6
3.7788455959322294e6
3.817549238014443e6
3.856443530222685e6
3.8955285856785253e6
3.9348045162225813e6
3.9742714323913157e6
4.013929443290921e6
4.0537786570712477e6
4.093819179982486e6
4.1340511169403465e6
4.174474572056827e6
4.215089647618769e6
4.255896444650058e6
4.296895062925972e6