311215.93674384884
311200.2782139464
311158.7805205083
311092.2055795203
311001.79933890747
310889.22272708407
310756.6142754832
310606.63414718304
310442.28895137773
310267.0857431262
310084.9131450135
309900.17609606613
309717.55489932734
309542.19842338446
309379.65826577164
309235.7759588565
309116.83347868815
309029.2658588547
308980.0399317858
308976.39751852443
309025.6596773876
309135.6856877967
309314.3133170538
309569.81017455563
309910.547335991
310345.116177178
310882.27994666947
311530.93043474166
312300.1130536641
313198.94570339913
314236.68272337463
315422.6444114157
316766.1228598741
318276.55057894136
319963.30586752674
321835.79756228667
323903.3711287235
326175.3368061818
328660.9512632386
331369.38217746693
334309.6821016448
337490.7978791711
340921.5222639272
344610.4987494
348566.188891329
352796.86258184223
357310.5787700414
362115.16485870664
367218.20999761636
372627.04169590835
378348.6946811378
384389.9411618544
390757.2404848902
397456.7195990316
404494.1916270837
411875.12270293536
419604.6248365664
427687.4560122446
436127.9981259641
444930.25769717846
454097.85870555067
463634.0367832916
473541.6348747906
483823.1039293787
494480.49843719613
505515.480467571
516929.31797552074
528722.8894479456
540896.6909703308
553450.8365615134
566385.0717817082
579698.7819219022
593390.9944875019
607460.4015346935
621905.3593306409
636723.9119298074
651913.8010011315
667472.4808774558
683397.1352708158
699684.6955929358
716331.8539960152
733335.0751831245
750690.6378404251
768394.6236346909
786442.9554411024
804831.3868039718
823555.6035786617
842611.101717684
861993.3186538237
881697.6346718506
901719.3355403636
922053.678535024
942695.8964921115
963641.1861956688
984884.7804350519
1.0064219057423298e6
1.0282478191448041e6
1.0503578101307487e6
1.0727472356173883e6
1.095411495939985e6
1.118346071188327e6
1.1415465147478988e6
1.1650084692683436e6
1.1887276684086728e6
1.212699957022116e6
1.236921271111699e6
1.2613876510190214e6
1.2860952728426205e6
1.3110404189121632e6
1.3362194813792764e6
1.3616289859265015e6
1.387265580303009e6
1.413126035335204e6
1.4392072390998362e6
1.4655062129688705e6
1.4920201093908942e6
1.5187461664494849e6
1.5456817910840982e6
1.5728244874249226e6
1.6001718780643796e6
1.6277217004745146e6
1.6554718270672716e6
1.6834201939998036e6
1.7115648953094857e6
1.7399041080212295e6
1.768436116139154e6
1.797159300761514e6
1.8260721429467879e6
1.8551732121205116e6
1.8844611806467874e6
1.9139347909489356e6
1.9435928834930658e6
1.9734343655864266e6
2.0034582368575842e6
2.0336635684461365e6
2.0640494911537073e6
2.094615213379683e6
2.125360005906527e6
2.156283205812728e6
2.1873842036316385e6
2.218662454502275e6
2.250117454069908e6
2.281748761272608e6
2.31355597708896e6
2.3455387516144863e6
2.377696777409808e6
2.410029786728489e6
2.442537551059328e6
2.475219880544333e6
2.5080766203497415e6
2.541107640753759e6
2.5743128523829523e6
2.6076921968696686e6
2.641245620301297e6
2.674973124445679e6
2.7088747176821306e6
2.7429504308711067e6
2.7772003709087493e6
2.811624464285427e6
2.846222945133283e6
2.880995877930846e6
2.9159433795847073e6
2.9510655906029935e6
2.9863626635756353e6
3.0218347597096595e6
3.0574820573227545e6
3.093304732959414e6
3.1293029864439215e6
3.165477016345522e6
3.201827033498757e6
3.238353253932663e6
3.275055900854617e6
3.3119352008251203e6
3.348991388435934e6
3.3862247010766696e6
3.4236353806083226e6
3.4612236709948685e6
3.498989820240145e6
3.536934077746865e6
3.575056694939547e6
3.6133579250812596e6
3.651838020405696e6
3.690497242060515e6
3.7293358397437427e6
3.768354071102271e6
3.807552188164657e6
3.846930457736929e6
3.886489117050953e6
3.926228431390591e6
3.9661486503469124e6
4.0062500250597317e6
4.0465328051791135e6
4.0869972388866562e6
4.1276435729349814e6
4.1684720492874747e6
4.209482917452699e6
4.250676410558181e6
4.292052769204591e6
4.3336122291788645e6
4.37535502386227e6