358773.0056122096
358744.8933786322
358670.19163564296
358549.68010602245
358384.54731417465
358176.4952749523
357927.6569581016
357640.65474882355
357318.50488930364
356964.6935907177
356583.1359743372
356178.18627147196
355754.55882121454
355317.379618377
354872.1964278896
354424.86159026733
353981.6186909796
353549.04601394286
353133.9830717706
352743.72432260396
352385.7519074779
352067.798259061
351797.8482770224
351584.203870219
351435.332713594
351359.88599240757
351366.76930938783
351464.9847450548
351663.71508682816
351972.27247374435
352400.04913562775
352956.58980566607
353651.4318189689
354494.25717946247
355494.7281244762
356662.43389522936
358007.4662366642
359539.1244728366
361267.1937537675
363201.29221522354
365350.95582992135
367725.64693654265
370334.71890272264
373187.40599417913
376292.803287529
379659.85608583427
383297.3365810003
387213.8106732433
391417.70819011494
395917.1401117405
400720.0407000643
405834.08657045325
411266.669225416
417024.92509875266
423115.6668244539
429545.41079030035
436320.35399986885
443446.3406391318
450928.8949570474
458773.1632389385
466983.9339680317
475565.6207318656
484522.2502766494
493857.464914337
503574.50996290834
513676.2334369387
524165.0826007723
535043.1006508416
546311.9284085954
557972.8130758035
570026.5887475595
582473.7113203797
595314.2393691898
608547.8505811072
622173.8346305336
636191.1653087244
650598.4319886761
665393.8469896229
680575.3471713974
696140.5359235673
712086.719571488
728410.9213918634
745109.8960709001
762180.1487507308
779617.9554363124
797419.3771299727
815580.2725300668
834096.3439313029
852963.1157772043
872175.9770756776
891730.2096465481
911620.974737653
931843.359009512
952392.3770110562
973263.0077491428
994450.1792930199
1.0159488111334599e6
1.037753816596634e6
1.0598601315526927e6
1.0822627027604526e6
1.1049565255959441e6
1.1279366452836294e6
1.151198150824591e6
1.1747362344599925e6
1.1985461482765232e6
1.222623236207968e6
1.2469629472741638e6
1.2715608170197806e6
1.2964125259567285e6
1.3215138206113097e6
1.3468606097425618e6
1.372448903278891e6
1.3982748459531919e6
1.4243347027798793e6
1.4506248785412847e6
1.4771419164136501e6
1.5038824487301016e6
1.5308433001958826e6
1.5580213907502005e6
1.585413778603244e6
1.6130176538763246e6
1.640830333779764e6
1.6688492536037457e6
1.6970719872746645e6
1.7254962227418816e6
1.754119766502779e6
1.7829405451718867e6
1.8119565933543178e6
1.8411660601586923e6
1.8705671983637128e6
1.9001583693059066e6
1.9299380323014443e6
1.959904735468963e6
1.9900571381933817e6
2.0203939758075022e6
2.050914087978885e6
2.0816163501966472e6
2.112499779743286e6
2.1435634386443e6
2.174806464488254e6
2.2062280717972256e6
2.2378275263772663e6
2.269604177386703e6
2.301557421109342e6
2.3336867191736316e6
2.3659915871905796e6
2.398471586921937e6
2.431126334711482e6
2.463955492139074e6
2.4969587696301425e6
2.5301359125269484e6
2.563486707796775e6
2.5970109818249075e6
2.63070859521904e6
2.6645794388952446e6
2.698623439157089e6
2.7328405483541074e6
2.7672307475035125e6
2.80179404252037e6
2.836530462010374e6
2.871440059447087e6
2.9065229121035184e6
2.941779094886558e6
2.977208734905944e6
3.012811953056022e6
3.048588908232903e6
3.08453970390787e6
3.1206645617824728e6
3.156963642285329e6
3.1934371435055225e6
3.2300852613271745e6
3.2669082087346944e6
3.303906204271045e6
3.341079474668806e6
3.378428253548108e6
3.4159527796959598e6
3.4536532974377833e6
3.4915300570469815e6
3.5295833105136887e6
3.5678133152620886e6
3.6062203303194796e6
3.6448046191329346e6
3.6835664448781773e6
3.7225060749475113e6
3.7616237737232414e6
3.8009198102520895e6
3.8403944621333876e6
3.8800479782135184e6
3.9198806434991886e6
3.95989272110742e6
4.000084478335097e6
4.040456180054039e6
4.0810080971239707e6
4.1217404890070627e6
4.1626536176329707e6
4.203747746375792e6
4.2450231326418165e6
4.286480033990543e6
4.328118704741914e6
4.369939397780461e6