234183.21538581725
234190.7332158824
234211.0625233625
234244.93414173587
234293.57911307484
234358.6716278233
234442.34342301145
234547.19404927504
234676.22487803982
234832.90254734966
235021.1078244724
235245.1268131217
235509.65763047765
235819.70968293914
236180.78733055978
236598.63811598354
237079.37420427005
237629.43366829012
238255.53145315734
238964.87947436245
239764.1545150969
240661.4238962522
241664.20926091945
242780.42685909822
244018.1531947739
245385.60825820753
246891.16755244558
248543.3264256006
250350.6043576532
252321.6204512831
254465.05244202728
256789.58451326223
259303.86679748955
262016.5670700336
264936.2858590761
268071.5731076668
271430.87824638654
275022.5048545735
278854.69911270775
282935.27183846396
287272.80233199033
291874.3023409345
296747.4878596249
301899.6343941961
307337.7309609504
313068.5770547647
319098.6472955834
325434.13845908316
332080.950743248
339044.65164650267
346330.5031177569
353943.4174082102
361887.95728375006
370168.3292726539
378788.3838826708
387751.5972623206
397061.07493915886
406719.54686306475
416729.3649661039
427092.5053485731
437810.5671843422
448884.7776343316
460315.99592785025
472104.7163029822
484251.0776897317
496754.8711923802
509615.5486139945
522832.2325780989
536403.7309620688
550328.5443584496
564604.8924834268
579230.6918757842
594203.6365132593
609521.1484883863
625180.4281279871
641178.4618719437
657512.0404997068
674177.7743287603
691172.116727268
708491.3716572978
726131.7187132803
744089.2250180641
762359.8628496681
780939.5319867978
799824.0646686542
819009.2272577375
838490.8209334391
858264.5415490252
878326.13381458
898671.3358419621
919295.9058155937
940195.6320355913
961366.3450743228
982803.9234251955
1.004504313763117e6
1.026463516577119e6
1.0486776185172899e6
1.0711427990153148e6
1.0938552879721583e6
1.1168114361914555e6
1.140007693474311e6
1.16344059207631e6
1.1871067814396643e6
1.2110030119879125e6
1.235126144385581e6
1.259473135674664e6
1.2840411002467966e6
1.308827192838936e6
1.3338287306218976e6
1.3590431204053317e6
1.3844678855791804e6
1.4101006612302193e6
1.4359391845512325e6
1.4619812924676575e6
1.4882249518255284e6
1.514668198391608e6
1.5413091924522608e6
1.568146172790195e6
1.5951774888991294e6
1.6224015785015705e6
1.6498169674414885e6
1.6774222745524812e6
1.7052161879579993e6
1.7331974900862977e6
1.7613650428378687e6
1.7897177798343734e6
1.8182546990490055e6
1.8469748939070322e6
1.875877502089156e6
1.904961725022694e6
1.9342268488727144e6
1.963672197250985e6
1.9932971528511436e6
2.023101168207287e6
2.0530837197942394e6
2.0832443460160648e6
2.1135826493609007e6
2.1440982570924335e6
2.17479083906045e6
2.205660107202309e6
2.2367058175258758e6
2.267927751307212e6
2.2993257286409573e6
2.330899605363245e6
2.362649253778236e6
2.39457459222323e6
2.42667555296141e6
2.4589520970430635e6
2.4914042083778093e6
2.5240318936160468e6
2.5568351780491117e6
2.589814107894446e6
2.6229687464449005e6
2.656299169569136e6
2.689805482992714e6
2.72348778606992e6
2.757346205413945e6
2.791380876299191e6
2.825591943216637e6
2.859979565820975e6
2.8945439081984353e6
2.9292851450452465e6
2.9642034641270936e6
2.9992990650388245e6
3.034572103569356e6
3.070022825538977e6
3.1056514359353776e6
3.1414581131515442e6
3.1774431093204133e6
3.213606633269969e6
3.249948908788559e6
3.2864701632298953e6
3.3231706254045013e6
3.360050526076542e6
3.397110097737835e6
3.4343495745034306e6
3.471769190724818e6
3.509369181845351e6
3.547149783254949e6
3.5851112307863105e6
3.623253759130717e6
3.6615776038630963e6
3.7000829987365208e6
3.73877017721287e6
3.777639372308235e6
3.8166908144654245e6
3.8559247335726484e6
3.8953413584221466e6
3.9349409152634363e6
3.974723628986862e6
4.014689722960681e6
4.0548394180843434e6
4.095172933628429e6
4.135690486234942e6
4.1763922911081105e6
4.217278560395598e6
4.258349504203359e6
4.299605330579134e6
4.341046244338715e6
4.382672448953863e6