24505.31578636825
24622.23801777385
24934.082537604478
25440.990475820392
26143.189852285846
27040.993713702162
28134.797586868684
29425.076279386805
30912.380066606813
32597.33017573115
34480.614289140045
36562.98091631156
38845.233770816354
41328.22492400596
44012.84960560583
46900.03891970583
49990.7537046383
53285.976947785246
56786.7088204952
60493.955984131186
64408.72988348318
68532.03840566216
72864.87898348428
77408.23279276263
82163.06046920764
87130.29512252059
92310.83895170032
97705.55819525263
103315.27904900182
109140.7841031854
115182.80918216833
121442.04068983946
127919.11307584004
134614.60720106866
141529.04900879547
148662.90772890963
156016.60090179785
163590.4702829181
171384.82825954873
179399.9121418142
187635.9079906777
196092.94671615807
204771.10565539173
213670.4098025477
222790.83354972588
232132.30261525133
241694.69589157763
251477.84765245373
261481.54982896446
271705.55416397774
282149.575032882
292813.29116619437
303696.3487890327
314798.3637360913
326118.9240306201
337657.5922772307
349413.9081101318
361387.39056165866
373577.5403720979
385983.8422535163
398605.7670138825
411442.7739611233
424494.3122553287
437759.8236941138
451238.74398790963
464930.5047003111
478834.5349000185
492950.26278786326
507277.1170560261
521814.5283692129
536561.9306942716
551518.7620452978
566684.4665712046
582058.4944600258
597640.3036151255
613429.360133071
629425.1393699632
645627.1258728234
662034.8153865755
678647.7140045862
695465.339361785
712487.220910585
729712.900065312
747141.930923475
764773.8800550066
782608.3269349352
800644.8639876215
818883.0966932217
837322.643725344
855963.1368529781
874804.2207108205
893845.5535937957
913086.806014296
932527.6618365664
952167.8174909733
972006.981942901
992044.8765820517
1.0122812351267994e6
1.0327158024488259e6
1.053348336452885e6
1.0741786056288742e6
1.0952063899759916e6
1.1164314811986126e6
1.1378536788755327e6
1.159472797207978e6
1.1812886578785575e6
1.2033010930811428e6
1.2255099446623162e6
1.247915063740117e6
1.2705163104867018e6
1.2933135538670686e6
1.3163066712262295e6
1.3394955482046886e6
1.3628800782567728e6
1.386460162965727e6
1.4102357093584528e6
1.4342066343984164e6
1.458372860082854e6
1.4827343148832049e6
1.507290934230912e6
1.5320426596501388e6
1.5569894376942944e6
1.5821312209463469e6
1.6074679676022283e6
1.63299964016145e6
1.658726206740052e6
1.6846476394266859e6
1.7107639153617367e6
1.737075015448837e6
1.7635809248561605e6
1.7902816324175403e6
1.8171771306496453e6
1.8442674155378705e6
1.8715524863180607e6
1.8990323453612607e6
1.9267069978997896e6
1.954576452158889e6
1.9826407186567208e6
2.0108998107523012e6
2.039353743566457e6
2.0680025351654862e6
2.0968462053787948e6
2.1258847753928583e6
2.1551182692418396e6
2.184546712009552e6
2.214170130469565e6
2.24398855288333e6
2.274002008996013e6
2.3042105297958427e6
2.334614147377576e6
2.3652128949837848e6
2.396006806879473e6
2.4269959182519764e6
2.4581802650553943e6
2.489559884166768e6
2.521134813083651e6
2.552905089945081e6
2.584870753446252e6
2.6170318430039384e6
2.64938839767915e6
2.681940458282088e6
2.7146880648473636e6
2.747631258098872e6
2.7807700791470744e6
2.8141045689267153e6
2.847634768858992e6
2.8813607203822415e6
2.915282464995495e6
2.94940004405774e6
2.983713499382405e6
3.018222872412646e6
3.052928204636192e6
3.0878295374526847e6
3.122926912170956e6
3.1582203699421054e6
3.1937099517872753e6
3.2293956985611767e6
3.265277650907496e6
3.301355849236019e6
3.3376303339870945e6
3.374101144695701e6
3.4107683211312816e6
3.447631902970108e6
3.484691929095785e6
3.5219484383876957e6
3.5594014692458212e6
3.5970510601749597e6
3.634897248722355e6
3.672940072478204e6
3.7111795686132517e6
3.749615773875068e6
3.7882487248841794e6
3.827078457566238e6
3.8661050076607894e6
3.9053284105338985e6
3.9447487011171784e6
3.9843659140632404e6
4.0241800833625467e6
4.0641912430602433e6
4.1043994264520397e6