82276.35509306853
82347.03247564434
82535.7361438252
82843.09405150558
83270.12329896077
83818.22537407753
84489.17855737978
85285.12550467494
86208.55680769324
87262.38812782985
88449.74056054986
89774.14286116484
91239.38732866108
92849.58360817921
94609.07393286398
96522.46198750302
98594.57081965022
100830.42611240267
103235.23470140496
105814.3597584657
108573.29709955191
111517.64823313573
114653.10177012111
117985.40518756877
121520.34549631181
125263.61980774658
129221.30338354516
133398.85235914963
137802.0541684399
142436.51673656577
147307.74556863078
152421.12514265356
157781.8913179649
163395.12289808548
169265.7156233243
175398.37003835387
181797.57409720487
188467.58690153065
195412.4329074984
202635.88259944317
210141.44707380058
217932.36754693938
226011.61025621812
234381.85879960292
243045.51150183438
252004.67736801907
261261.17713102707
270816.54243417695
280672.0084059919
290828.5395501286
301286.81084467843
312047.22225964523
323109.9062822985
334474.73348075745
346141.32207916246
358109.04672853916
370377.0491449572
382944.2487692998
395809.3547282035
408970.8777301066
422427.1424178205
436176.30040937173
450216.343422769
464545.1156366718
479160.3286630062
494059.57313356514
509240.3322748366
524699.9950244519
540435.869953455
556445.195454204
572725.1502221443
589272.8715610397
606085.4601501083
623159.9928968914
640493.5330087254
658083.1398798921
675925.8786742319
694018.8256067352
712359.0810595142
730943.7727877032
749770.0714565672
768835.1577754053
788136.3075731907
807670.816766391
827436.0456814498
847429.4151145349
867648.4100824774
888090.5809981577
908753.5520578534
929635.0159604679
950732.736305576
972044.5555953254
993568.3893579898
1.015302229846062e6
1.0372441448844174e6
1.0593922819510642e6
1.0817448594442387e6
1.104300174768404e6
1.127056599504772e6
1.1500125726659652e6
1.1731666310017912e6
1.1965173461189186e6
1.2200633854045682e6
1.2438034752002219e6
1.267736414210874e6
1.291861062781963e6
1.3161763476787633e6
1.340681255982397e6
1.3653748353242115e6
1.390256191759217e6
1.4153244874900784e6
1.4405789396543936e6
1.4660188163206805e6
1.4916434406559693e6
1.517452178232198e6
1.5434444450478216e6
1.5696197015427144e6
1.5959774511754746e6
1.6225172382402415e6
1.6492386467111874e6
1.676141297766713e6
1.7032248490637438e6
1.7304889936294095e6
1.7579334549104474e6
1.7855579894030434e6
1.8133623806737135e6
1.8413464426114287e6
1.8695100151909993e6
1.897852961321616e6
1.92637517261649e6
1.955076558835558e6
1.983957052630988e6
2.0130166054832395e6
2.0422551896776154e6
2.0716727944708255e6
2.101269422235147e6
2.13104510543714e6
2.160999870257683e6
2.1911337683962216e6
2.221446864815387e6
2.2519392339801965e6
2.282610962124113e6
2.313462145638572e6
2.344492891620069e6
2.3757033145720325e6
2.407093538698244e6
2.4386636933359522e6
2.470413919364595e6
2.5023443598565664e6
2.5344551661108397e6
2.5667464935322693e6
2.599218503146738e6
2.6318713612844674e6
2.6647052347481907e6
2.6977202995928195e6
2.7309167291811705e6
2.7642947032470643e6
2.797854402907253e6
2.831596011482376e6
2.8655197135699783e6
2.899625699248672e6
2.9339141516051763e6
2.9683852609702637e6
3.003039218043679e6
3.037876211870269e6
3.0728964331124895e6
3.108100072251924e6
3.1434873197135865e6
3.179058365485886e6
3.214813399235459e6
3.250752608807101e6
3.2868761858072374e6
3.323184314732073e6
3.35967718276743e6
3.3963549722070424e6
3.433217874031378e6
3.4702660680201077e6
3.5074997372926674e6
3.5449190583959883e6
3.5825242120586555e6
3.620315375092993e6
3.6582927227453277e6
3.6964564277282613e6
3.734806664392318e6
3.77334360188996e6
3.81206740838715e6
3.850978250524645e6
3.890076291988907e6
3.9293616979946815e6
3.9688346267719013e6
4.008495238044594e6
4.0483436886434588e6
4.0883801334967944e6
4.128604725558882e6
4.169017615335779e6
4.20961895219757e6
4.2504088828908745e6
4.291387552203782e6
4.332555103294617e6
4.373911676773371e6