24977.953159770637
25094.463335670902
25405.213184577588
25910.355108857766
26610.135356496154
27504.892031037307
28595.05237077101
29881.12932995167
31363.71750296047
33043.488295449024
34921.18511381243
36997.61734366149
39273.654339831875
41750.2180582464
44428.27765521643
47308.84111218442
50392.949308522446
53681.66792002138
57176.081408099504
60877.280937941665
64786.368127640846
68904.43235589832
73232.56141594672
77771.82158681161
82523.25851201158
87487.88869062153
92666.69580209647
98060.62517965183
103670.57941950797
109497.4143799625
115541.93579403815
121804.89630615323
128286.9926719082
134988.86394767754
141911.0899084303
149054.18919099914
156418.61954007365
164004.7766565733
171812.99449104397
179843.54560025534
188096.64183917266
196572.43547995677
205271.02010375558
214192.4326354601
223336.65484456188
232703.61531178514
242293.1916922591
252105.21286989603
262139.4613616194
272395.67590658617
282873.5539378675
293572.75429614115
304492.899842192
315633.58013291925
326994.35414166824
338574.7528284382
350374.2818571403
362392.42412121384
374628.642282045
387082.3812345899
399753.07042519737
412640.1264193353
425742.9546605854
439060.95198990294
452593.5085140755
466340.0095476154
480299.8374537345
494472.3733728373
508856.9988028594
523453.09716316056
538260.0553109199
553277.2642088714
568504.1214984205
583940.0312328143
599584.4055213104
615436.6654597522
631496.2419025447
647762.5762153447
664235.1209081145
680913.3403670662
697796.7112055698
714884.7230934821
732176.8779094003
749672.6923202198
767371.6958647761
785273.4322381496
803377.4591992164
821683.3487081594
840190.6869694596
858899.074483251
877808.1258041754
896917.4701580583
916226.7501741742
935735.6231653645
955443.7592778361
975350.8435431349
995456.5736461558
1.0157606609164538e6
1.036262828768474e6
1.0569628148187713e6
1.0778603681787672e6
1.098955250470194e6
1.1202472352685612e6
1.1417361077944357e6
1.163421664532373e6
1.1853037131765229e6
1.207382072079653e6
1.229656570071512e6
1.252127045773056e6
1.274793348791076e6
1.2976553365501221e6
1.3207128767258413e6
1.3439658457116447e6
1.3674141283848698e6
1.3910576184449056e6
1.4148962154887007e6
1.4389298299083724e6
1.4631583775472215e6
1.4875817812634273e6
1.5121999714720037e6
1.5370128851911013e6
1.562020464765316e6
1.5872226596347534e6
1.612619424242034e6
1.6382107187336201e6
1.6639965088328677e6
1.6899767646611165e6
1.7161514618014242e6
1.7425205799133864e6
1.7690841032674387e6
1.7958420200987859e6
1.822794322604514e6
1.8499410067823075e6
1.8772820721091784e6
1.9048175214140103e6
1.9325473607293644e6
1.9604715990378351e6
1.9885902481942174e6
2.0169033228551124e6
2.045410839627564e6
2.0741128183161793e6
2.1030092804453676e6
2.1321002496683104e6
2.161385751705238e6
2.1908658139691865e6
2.2205404658082863e6
2.2504097380441683e6
2.2804736627873965e6
2.3107322738491646e6
2.341185606108662e6
2.3718336956782294e6
2.402676579766069e6
2.433714296598022e6
2.464946885112086e6
2.496374385370761e6
2.527996838034193e6
2.5598142844456667e6
2.5918267665432235e6
2.624034327041234e6
2.6564370191323454e6
2.6890348543840186e6
2.72182790877827e6
2.754816215533622e6
2.7879998191418136e6
2.8213787639116677e6
2.8549530946540087e6
2.8887228562015207e6
2.9226880934388973e6
2.956848851101867e6
2.99120517438717e6
3.025757108111856e6
3.0605046969297486e6
3.0954479861409166e6
3.1305870198551007e6
3.165921842684801e6
3.201452498961055e6
3.2371790328143477e6
3.2731014881417905e6
3.3092199085820396e6
3.345534337770005e6
3.382044818370391e6
3.418751393640839e6
3.4556541058477988e6
3.4927529973382973e6
3.5300481099684457e6
3.5675394851860967e6
3.6052271645377227e6
3.6431111884919996e6
3.6811915976372636e6
3.719468432052504e6
3.757941731368205e6
3.796611535075703e6
3.835477881912516e6
3.8745408104108707e6
3.913800358664987e6
3.9532565644317507e6
3.9929094649595204e6
4.032759096915472e6
4.0728054969959664e6
4.113048701058891e6