23777.153695444365
23894.66956206178
24208.090667909564
24717.540621704862
25423.219113630497
26325.400254080527
27424.43030345726
28720.724821373602
30214.765270590593
31907.094997952343
33798.315233035835
35889.08008485648
38180.09153563174
40672.09340577645
43365.866701641935
46262.223187347416
49361.9999494785
52666.052706810326
56175.25138555665
59890.47085113978
63812.58904190628
67942.48072717126
72281.00940018616
76829.02644753685
81587.35590766688
86556.80937665259
91738.16242418821
97132.16031358647
102739.51291436498
108560.89122679114
114596.92482723712
120848.19970768303
127315.2559518581
133998.58670352807
140898.63675838828
148015.8013030114
155350.4262717039
162902.80754970323
170673.1913208083
178661.7745002825
186868.70547067112
195294.08479769577
203937.96664551727
212800.35992935696
221881.2298781553
231180.49976599152
240698.0525681076
250433.7329098825
260387.34911544222
270558.67504579405
280947.45262266055
291553.3933402927
302376.1809830685
313415.4734841273
324670.9051649181
336142.08881348796
347828.6178042641
359730.0681451862
371846.00047255616
384175.9620010097
396719.4883433695
409476.10561738384
422445.3315178562
435626.67780721234
449019.65132884344
462623.7556843355
476438.492709387
490463.3637067672
504697.8707988362
519141.51803435886
533793.812501436
548654.2653696127
563722.3928001432
578997.7167756128
594479.7659540451
610168.0763779457
626062.192101479
642161.6653627369
658466.0581703894
674974.9415889384
691687.8967558248
708604.5153055673
725724.3987331823
743047.1601489407
760572.423377248
778299.8232969238
796229.0060707811
814359.6293607783
832691.3617740053
851223.8842831638
869956.8876755445
888890.0757401955
908023.1620225775
927355.8720777379
946887.9422254065
966619.1196273303
986549.1622101285
1.0066778385546873e6
1.0270049269228994e6
1.0475302168261317e6
1.068253506961008e6
1.0891746059713988e6
1.1102933326379727e6
1.1316095125758708e6
1.1531229840291776e6
1.1748335917474874e6
1.1967411895726253e6
1.2188456397114214e6
1.2411468124058926e6
1.2636445857371492e6
1.2863388454153487e6
1.3092294844243873e6
1.332316402900391e6
1.3555995078186947e6
1.3790787131639167e6
1.402753937669385e6
1.426625108673531e6
1.450692157903823e6
1.4749550226949588e6
1.4994136465338992e6
1.5240679778517706e6
1.5489179699621163e6
1.5739635810913949e6
1.5992047743840418e6
1.6246415169276125e6
1.6502737802385332e6
1.6761015399996373e6
1.7021247756508554e6
1.728343470199225e6
1.7547576103398644e6
1.7813671859746159e6
1.808172190077977e6
1.8351726193000071e6
1.8623684718097246e6
1.8897597498609729e6
1.9173464575853162e6
1.94512860165425e6
1.973106191045409e6
2.0012792370772643e6
2.029647752601843e6
2.0582117530812763e6
2.0869712555030223e6
2.115926278071859e6
2.1450768414748134e6
2.1744229673332805e6
2.203964678767118e6
2.233702000253891e6
2.263634957373143e6
2.293763577004071e6
2.324087886955029e6
2.3546079159237244e6
2.385323693830836e6
2.4162352511113533e6
2.447342618977916e6
2.478645829459541e6
2.510144915142802e6
2.54183990918045e6
2.5737308452313333e6
2.605817757582022e6
2.6381006802369277e6
2.6705796487211045e6
2.7032546979019246e6
2.7361258632693947e6
2.7691931805134993e6
2.8024566857071477e6
2.835916414578513e6
2.869572403404116e6
2.9034246883926485e6
2.937473305625651e6
2.971718291627966e6
3.0061596825620914e6
3.0407975146673704e6
3.07563182410778e6
3.11066264697543e6
3.1458900192341944e6
3.181313976739687e6
3.2169345552110504e6
3.2527517903700806e6
3.2887657170160953e6
3.324976371102512e6
3.361383786982595e6
3.397987999560911e6
3.4347890432639197e6
3.471786952587925e6
3.508981761272094e6
3.5463735030273097e6
3.5839622115610214e6
3.6217479197832e6
3.6597306606286094e6
3.697910466655867e6
3.73628737010312e6
3.774861403045725e6
3.813632596989087e6
3.852600983268611e6
3.8917665929066064e6
3.931129456537176e6
3.9706896044827458e6
4.0104470667974567e6
4.0504018731225207e6
4.090554052757089e6