213630.46305225833
213644.93065649664
213683.78437706057
213747.79992336992
213838.10499911723
213956.42200000703
214104.8724360074
214286.0289376873
214502.88733394645
214758.85157325075
215057.8132962423
215403.99387091145
215802.06404418658
216257.02115340196
216774.27291994038
217359.5243374524
218018.83250138597
218758.55261357923
219585.4247792666
220506.09544585206
221527.98745213178
222658.40765392125
223904.94573209013
225275.39104052124
226777.67020215627
228419.83012869422
230210.11734048722
232156.79945429796
234268.22914033002
236552.79845821226
239018.95171854508
241675.12153546492
244529.7067437703
247591.08235101358
250867.54187127863
254367.3237512896
258098.52967934762
262069.12695416497
266286.96355010115
270759.69412044354
275494.53993312304
280499.5326316224
285780.94464458816
291345.8420392048
297200.7468178631
303351.9261920379
309805.35895186325
316566.72315665975
323641.3708792246
331034.33413352165
338750.3048415362
346793.63058004633
355168.31553197897
363877.9805372106
372925.9055503814
382314.98965127673
392047.7661060842
402126.3966723548
412552.6723613392
423328.01649289974
434453.4872887138
445929.7848573311
457757.25536933413
469935.8986929507
482465.3776806297
495345.03059902077
508573.8763688954
522150.6312468307
536073.7222138346
550341.2973003552
564951.2388002555
579901.191836598
595188.5615852054
610810.5404462547
626764.1217730524
643046.116874032
659653.1730227683
676581.7857522637
693828.3214864825
711389.0369315555
729260.0781914464
747437.5174369832
765917.354272163
784695.5477225562
803768.0043479812
823130.5962083768
842779.2475096082
862709.7994544199
882918.1605231315
903400.2511363986
924152.0266506445
945169.4879590555
966448.6903908837
987985.7510498685
1.0097768587642027e6
1.0318182765215882e6
1.0541063502635178e6
1.076637512970675e6
1.0994082896036583e6
1.12241530072706e6
1.1456552664198903e6
1.1691250071589598e6
1.1928214491477436e6
1.2167416180582403e6
1.2408826624632152e6
1.2652418163534382e6
1.289816431673102e6
1.3146039637086308e6
1.3396019883056586e6
1.364808168728867e6
1.3902202767766905e6
1.4158361920453198e6
1.441653900670568e6
1.4676714711304735e6
1.493887087217293e6
1.5202990169514406e6
1.5469056290746506e6
1.57370537054876e6
1.6006967861232825e6
1.6278785022111412e6
1.6552492371841534e6
1.6828077780176483e6
1.7105529909623114e6
1.7384838174103482e6
1.766599272370015e6
1.7948988766986243e6
1.8233804623726865e6
1.8520445579993434e6
1.880889991528559e6
1.9099161185111261e6
1.9391222947411588e6
1.9685079734421633e6
1.9980726424606056e6
2.0278158534304562e6
2.0577371672528554e6
2.0878362155807833e6
2.11811268129598e6
2.148566269206155e6
2.179196721784694e6
2.210003811915704e6
2.2409873730418365e6
2.2721472402707897e6
2.303483288545842e6
2.3349954139765636e6
2.366683561132415e6
2.3985476783451824e6
2.430587740868223e6
2.4628037484253934e6
2.4951957198853334e6
2.527763694473282e6
2.5605077278796625e6
2.593427892986688e6
2.6265242772685676e6
2.659796977277364e6
2.6932461289122785e6
2.726871839223079e6
2.760674254773919e6
2.794653525278744e6
2.828809809562247e6
2.8631432768376474e6
2.8976541021716837e6
2.932342468748189e6
2.967208565398016e6
3.0022525998472674e6
3.0374747585169603e6
3.072875255010935e6
3.108454298382517e6
3.144212103669712e6
3.180148889152718e6
3.216264874914319e6
3.252560284263414e6
3.2890353426428153e6
3.3256902766880156e6
3.362525314394347e6
3.3995406854979945e6
3.436736619619125e6
3.47411334672567e6
3.511671097499607e6
3.54941010250396e6
3.587330591540995e6
3.6254327940158457e6
3.663716938485363e6
3.7021832527159327e6
3.74083196385645e6
3.7796632973319287e6
3.818677476262976e6
3.857874721642962e6
3.8972552618548363e6
3.9368193081490393e6
3.976567080554334e6
4.0164987943286304e6
4.056614662581919e6
4.096914896499214e6
4.1373997055156413e6
4.178069296062103e6
4.21892387274169e6
4.259963637435636e6
4.301188790239265e6
4.342599528369803e6
4.384196046808561e6