299728.0772837071
299715.6160143198
299682.65935014444
299629.973425401
299558.76567247487
299470.7404956352
299368.03795273066
299253.28569022065
299135.9141584666
299000.2005238493
298869.2763084208
298741.11310877535
298620.39417464985
298512.2810460752
298422.2918969367
298356.2853548201
298320.5260416398
298321.4474649672
298366.0054814641
298461.4097343388
298614.98400705575
298834.55996969756
299127.9713957208
299503.4063629183
299969.29544961505
300534.1159141212
301206.6236461316
301995.66973252903
302910.2306380775
303959.38871870213
305152.33349558566
306498.300075911
308006.55005441967
309686.39310829487
311547.1326925909
313598.0767288766
315848.4715321336
318307.50407660834
320983.9875129492
323887.93952507694
327027.2856912334
330411.1538564903
334048.1720753331
337946.81152874016
342115.3579511874
346561.88930892444
351294.2640270357
356320.10197239625
361646.76833078003
367281.3614228651
373230.68156353565
379501.25673147215
386099.2810499578
393030.63033299113
400300.84388250846
407915.11265218846
415878.2706340623
424194.787204696
432868.7531304477
441903.885422149
451303.5125591877
461070.5749858769
471207.6205929825
481716.8065061682
492599.8958974829
503858.2631553859
515492.8934036731
527504.3876370159
539892.9727828032
552658.5015705526
565800.4633299718
579318.0046546025
593209.9210052494
607474.6837577848
622110.4445928375
637115.0541198326
652486.0759288475
668220.8006022833
684316.2638320294
700769.264869123
717576.3758282139
734733.9683439471
752238.2330877985
770085.1847394297
788270.7010377697
806790.4767914317
825640.2014542534
844815.3614318518
864311.4014382601
884123.7111893164
904247.6329947833
924678.4665449539
945411.5044392159
966442.0303909562
987765.352003975
1.0093767949805175e6
1.031271708725935e6
1.053445502574374e6
1.0758936475196863e6
1.098611681399746e6
1.1215952099419034e6
1.1448399252335802e6
1.1683416086879713e6
1.1920961453966163e6
1.216099522437356e6
1.2403478226015684e6
1.2648372550862334e6
1.2895641315285722e6
1.31452489347092e6
1.339716083302067e6
1.3651343883141833e6
1.390776597899079e6
1.416639635941128e6
1.4427205384806828e6
1.4690164702088186e6
1.4955247286903043e6
1.5222426985144285e6
1.5491679028588976e6
1.5762979995585508e6
1.6036307337207303e6
1.6311639742678592e6
1.6588957248662543e6
1.6868239871782637e6
1.714947033172864e6
1.7432631248154985e6
1.7717706554513716e6
1.8004681085566876e6
1.8293540639577906e6
1.8584271868341304e6
1.8876862320269644e6
1.917130040117228e6
1.9467575260757783e6
1.9765676805692173e6
2.006559579175062e6
2.0367323567237337e6
2.0670852170548057e6
2.0976174368764907e6
2.1283283428702666e6
2.159217330991418e6
2.190283846786935e6
2.221527396342571e6
2.2529475237883413e6
2.2845438354658643e6
2.316315973439968e6
2.3482636278517516e6
2.3803865307049467e6
2.412684448407005e6
2.4451571855781353e6
2.477804583341476e6
2.5106265135308686e6
2.5436228783630407e6
2.576793609023922e6
2.610138665146452e6
2.6436580290919337e6
2.677351707664494e6
2.711219731464925e6
2.74526214820449e6
2.7794790322531015e6
2.8138704652084243e6
2.848436552631343e6
2.8831774139739573e6
2.918093184203643e6
2.953184003950413e6
2.9884500367627973e6
3.0238914506430696e6
3.0595084300781125e6
3.0953011579627395e6
3.13126983552021e6
3.167414667590846e6
3.2037358650228195e6
3.240233651667098e6
3.276908246639504e6
3.31375988161032e6
3.3507887901436924e6
3.387995226882977e6
3.425379381942784e6
3.462941550079974e6
3.5006819608853846e6
3.538600862217561e6
3.576698504043814e6
3.6149751369988103e6
3.6534310111864246e6
3.69206638475223e6
3.730881504469244e6
3.7698766247261865e6
3.809051997387386e6
3.848407877025878e6
3.8879445066645574e6
3.927662143369753e6
3.9675610334528135e6
4.007641423781655e6
4.047903560206523e6
4.0883476864748895e6
4.1289740448404634e6
4.16978287314107e6
4.210774415786758e6
4.251948898642041e6
4.293306567897296e6
4.334847644206803e6
4.3765723598147e6