138095.25848541904
138138.9161501727
138255.59668404754
138446.00420418463
138711.28230569186
139053.01645066304
139473.20460076066
139974.28025320405
140559.04977882578
141230.78421590908
141993.08624854137
142849.94546682265
143805.7124724465
144865.09136268724
146033.0854482071
147314.9985041286
148716.4506475624
150243.28574443364
151901.62648613058
153697.7843859556
155638.28634052287
157729.79389555374
159979.21804309683
162393.46125287132
164979.6056825649
167744.79044897557
170696.21597865026
173841.09059261554
177186.6371488162
180740.06417972804
184508.51077644463
188499.05989699467
192718.7084901168
197174.3237501899
201872.65808144188
206820.27678707638
212023.59688521794
217488.82181269507
223221.94529310399
229228.7281013361
235514.68506739894
242085.0641047054
248944.8390211268
256098.6939234977
263551.0146511457
271305.8800957628
279367.0281589196
287737.90871016565
296421.6165186832
305420.91939572705
314738.24780671793
324375.6934142171
334335.01419848535
344617.63094890205
355224.63365127455
366156.7853251969
377414.52837582654
388997.9917318405
400906.9992002071
413141.07904298126
425699.4745735047
438581.1557886373
451784.83183506347
465308.9630655405
479151.7751571589
493311.2747761686
507785.26200862427
522571.3459791763
537666.9614724098
553069.3809313048
568775.7348535496
584783.0214990247
601088.1277419282
617687.8367037971
634578.8496929535
651757.7962198333
669221.2486396349
686965.7357070801
704987.7558659683
723283.7876971653
741850.3031004088
760683.7779959531
779780.7021927617
799137.5882705282
818750.9821079287
838617.4695301475
858733.68797882
879096.3243913909
899702.1324983597
920547.9255103108
941630.5983912069
962947.1142926039
984494.5198759828
1.0062699433809546e6
1.0282705997068884e6
1.0504937890949887e6
1.072936904029065e6
1.0955974304978708e6
1.1184729364460346e6
1.1415610916725916e6
1.1648596520172716e6
1.1883664658266827e6
1.2120794762591012e6
1.2359967100231496e6
1.2601162902497333e6
1.2844364235242046e6
1.3089554054296003e6
1.333671613757656e6
1.3585835111109086e6
1.383689640246041e6
1.40898862389231e6
1.4344791619200595e6
1.4601600273512697e6
1.4860300717578428e6
1.512088211046579e6
1.5383334181382647e6
1.5647647570983334e6
1.5913813398403565e6
1.6181823354083025e6
1.6451669801878934e6
1.6723345621336168e6
1.6996844270927624e6
1.7272159681256833e6
1.754928631496277e6
1.7828219071595876e6
1.8108953326660045e6
1.8391484876610734e6
1.8675809931236384e6
1.896192507992889e6
1.924982733303741e6
1.9539513967982086e6
1.983098267628896e6
2.0124231412114494e6
2.041925841891283e6
2.0716062318349225e6
2.1014641899235393e6
2.1314996253890507e6
2.1617124685564893e6
2.1921026752313757e6
2.2226702204591455e6
2.2534150977639407e6
2.2843373219209667e6
2.315436922394016e6
2.346713948118094e6
2.378168460773387e6
2.4098005368960532e6
2.4416102660908597e6
2.473597750419191e6
2.505763103652141e6
2.538106449255774e6
2.57062792089473e6
2.603327661074113e6
2.636205820252483e6
2.669262557107933e6
2.70249803685966e6
2.735912430961336e6
2.7695059165522163e6
2.803278675853777e6
2.8372308957304596e6
2.87136276701588e6
2.9056744865409713e6
2.940166249686859e6
2.97483825826466e6
3.009690715514704e6
3.044723827663773e6
3.0799377986278147e6
3.1153328401359892e6
3.15090916069055e6
3.1866669742756304e6
3.222606480917166e6
3.2587279028474367e6
3.2950314467932098e6
3.3315173263446493e6
3.368185750371078e6
3.4050369296287317e6
3.4420710740799806e6
3.479288392558744e6
3.5166890927643958e6
3.554273378872407e6
3.59204146459887e6
3.629993545367483e6
3.6681298268847363e6
3.7064505098497765e6
3.7449557939786036e6
3.7836458766674567e6
3.8225209538257513e6
3.861581219213553e6
3.9008268650058676e6
3.9402580809014477e6
3.9798750549393194e6
4.0196779729012875e6
4.0596670183974905e6
4.0998423731215186e6
4.140204226894657e6
4.180752736163974e6
4.221488086001284e6
4.262410448888474e6
4.303519995574059e6
4.344816893834214e6
4.386301309738638e6