203599.3327185332
203617.3288706319
203665.46619631178
203744.75362315736
203856.34704714766
204001.69445296112
204183.02666314508
204402.7869333894
204664.32638346645
204970.65915492797
205325.79829437568
205733.93230779973
206199.70430109822
206728.09459571508
207324.47120810763
207994.51947747203
208744.24291507297
209579.96238792923
210508.27683864548
211536.0514733444
212670.3841751617
213918.6083677894
215288.24255074575
216786.99671662718
218422.73402170787
220203.39392970924
222137.12754676488
224232.10399972615
226496.56580587177
228938.7894961988
231567.0859627507
234389.74442818438
237415.0314918191
240651.15471656775
244106.25443564626
247788.38784198722
251705.47725110056
255865.29561664935
260275.49304968756
264943.5129499588
269876.6132177162
275081.82898072246
280565.9675323331
286335.59254390665
292396.9695368982
298756.11588602536
305418.74162585626
312390.2547540829
319675.7330798174
327279.9280948695
335207.24800160516
343461.7611337233
352047.17056879145
360966.82728703367
370223.7149202238
379820.4514020331
389759.28763811383
400042.1063930221
410670.4264815819
421645.40403006563
432967.8375218903
444638.1744639883
456656.5182419565
469022.6351190794
481735.4474311626
494795.6401630379
508200.47694922483
521949.0086704084
536039.4899090993
550469.9108452133
565238.0155947839
580341.3168308574
595777.1086962179
611542.4859340899
627634.3598465037
644049.4746412766
660784.4253783121
677835.6705666652
695199.555457247
712872.3223897591
730850.1287931066
749129.0616910917
767705.1520001709
786574.4009388615
805732.7664928397
825176.1927980693
844900.670468757
864902.1269313343
885176.561857573
905719.9953805036
926528.4863646047
947598.1566106761
968925.1705203375
990505.7722735816
1.0123362747237633e6
1.0344130723032634e6
1.0567326433205465e6
1.0792915465615895e6
1.1020864687202799e6
1.1251141419919776e6
1.1483714321151788e6
1.1718552971834561e6
1.1955628018494623e6
1.219491105873243e6
1.2436374861473162e6
1.2679993181294752e6
1.2925740838265675e6
1.3173593674300173e6
1.342352863874764e6
1.3675523617122397e6
1.3929557579819027e6
1.4185610465855454e6
1.4443663248890159e6
1.4703697793577695e6
1.4965696933197535e6
1.522964441934857e6
1.5495524917243556e6
1.576332387466274e6
1.6033027673221605e6
1.6304623468136718e6
1.6578099287076036e6
1.6853443829123788e6
1.713064654582779e6
1.740969760555072e6
1.7690587864638728e6
1.7973308839636478e6
1.8257852657592415e6
1.8544212527324916e6
1.8832380367219606e6
1.9122351463216252e6
1.9414119719472048e6
1.9707680052424618e6
2.000302780348511e6
2.0300158900629499e6
2.0599069420103836e6
2.0899756277213055e6
2.1202216342236437e6
2.150644714528361e6
2.181244651474704e6
2.2120212426838977e6
2.2429743391265506e6
2.2741038132445365e6
2.3054095640381007e6
2.3368915192332454e6
2.3685496288291803e6
2.400383867934957e6
2.4323942226711186e6
2.4645807270116764e6
2.496943406970036e6
2.529482315391953e6
2.562197522024637e6
2.595089101875998e6
2.628157172382466e6
2.6614018368321336e6
2.694823218976573e6
2.728421455677201e6
2.762196692858363e6
2.796149086850516e6
2.8302788016485637e6
2.864586011085024e6
2.8990708947781925e6
2.933733638783059e6
2.968574440130775e6
3.003593492968468e6
3.0387910013804585e6
3.074167174811096e6
3.1097222232984747e6
3.145456361467953e6
3.181369808155913e6
3.217462782850845e6
3.253735508410019e6
3.290188208398934e6
3.326821108740044e6
3.3636344358857633e6
3.400628416641814e6
3.437803279614607e6
3.4751592519216365e6
3.5126965617511817e6
3.5504154368288023e6
3.5883161042166254e6
3.6263987901424025e6
3.6646637201358224e6
3.703111118920621e6
3.7417412098114234e6
3.780554214901228e6
3.8195503543471745e6
3.858729847297923e6
3.8980929109966527e6
3.9376397608956364e6
3.977370610242167e6
4.017285670846634e6
4.0573851519471123e6
4.0976692608530964e6
4.138138202831308e6
4.178792180733128e6
4.219631395067342e6
4.2606560442264415e6
4.301866323908847e6
4.343262427793706e6
4.384844546887945e6