27013.634963342425
27128.183846391956
27433.720907547773
27930.445510261787
28618.680507710553
29498.868666339833
30571.56997078056
31837.457146752335
33297.31053289278
34952.01200236844
36802.53887295956
38849.956494973274
41095.4100009762
43540.11565978238
46185.35415614761
49032.459009540136
52082.80976252405
55337.82070319859
58798.933357977534
62467.6058191229
66345.30610341649
70433.49256968798
74733.62682307407
79247.14363020405
83975.44981081047
88919.92548382081
94081.90613640436
99462.67635727054
105063.4737765179
110885.47269656774
116929.78474534955
123197.45342371418
129689.45052797682
136406.67274983827
143349.9399390218
150519.99217664113
157917.4893877864
165543.00985868412
173397.05024971574
181480.02573779633
189792.27055600277
198334.03924564598
207105.50760829812
216106.77521852977
225337.86693257824
234798.7355666397
244489.26469735894
254409.27119741548
264558.5084022285
274936.6696176764
285543.3908761425
296378.25498826767
307440.794640696
318730.49604578456
330246.8025288442
341989.1180185704
353956.8106150548
366149.21605631243
378565.6410725
391205.3668502633
404067.6521622168
417151.7365885825
430456.84353738325
443982.1831990976
457726.9552467447
471690.3516395207
485871.55857799196
500269.7612611044
514884.1415803416
529713.8847351602
544758.1790080019
560016.2180023966
575487.2024598981
591170.3416359138
607064.8550665795
623169.9734449593
639484.9402110914
656009.0124488899
672741.4618056493
689681.5754914791
706828.6569296604
724182.0264124428
741741.0216701924
759504.9983173598
777473.3302835419
795645.4100957816
814020.649162351
832598.4773564016
851378.3446070779
870359.7190886716
889542.0883034824
908924.9590820174
928507.8567231139
948290.3257777973
968271.9281706688
988452.2459500255
1.0088308782593192e6
1.0294074410658614e6
1.0501815698129626e6
1.071152915699168e6
1.0923211469860333e6
1.1136859484058903e6
1.1352470210599382e6
1.1570040801984402e6
1.1789568584405854e6
1.2011051017843946e6
1.2234485710326135e6
1.2459870408625696e6
1.2687202994876201e6
1.2916481483467566e6
1.3147704014596827e6
1.3380868850900014e6
1.3615974374851258e6
1.3853019082148047e6
1.409200157825911e6
1.4332920575760556e6
1.457577488895741e6
1.4820563429809753e6
1.5067285203453496e6
1.5315939309173585e6
1.5566524930896035e6
1.581904133215075e6
1.607348785994576e6
1.6329863937317322e6
1.6588169056507954e6
1.684840278320876e6
1.711056474672863e6
1.737465463992482e6
1.7640672214601682e6
1.790861728186098e6
1.8178489706814373e6
1.8450289398395931e6
1.872401632694421e6
1.8999670499930044e6
1.9277251972389368e6
1.9556760839207242e6
1.9838197234511273e6
2.012156132911669e6
2.040685333120223e6
2.0694073472721928e6
2.0983222028159983e6
2.127429929433275e6
2.156730559410196e6
2.1862241279863613e6
2.2159106722914157e6
2.245790231902603e6
2.275862848413666e6
2.3061285650941706e6
2.3365874273632346e6
2.3672394819353484e6
2.3980847771174293e6
2.429123362654023e6
2.4603552893059673e6
2.491780609183356e6
2.523399375419496e6
2.5552116420378475e6
2.5872174638757706e6
2.6194168965386697e6
2.651809996347396e6
2.6843968198431395e6
2.7171774248624356e6
2.7501518688027565e6
2.783320209843115e6
2.816682506576239e6
2.8502388174628047e6
2.883989201339214e6
2.9179337168085193e6
2.9520724239354176e6
2.9864053806189974e6
3.0209326461844766e6
3.055654279557228e6
3.0905703394831e6
3.1256808845688803e6
3.160985973252809e6
3.196485663695523e6
3.232180013861723e6
3.2680690813994794e6
3.304152923642253e6
3.340431597428003e6
3.3769051600878653e6
3.413573667001491e6
3.450437174327956e6
3.487495737490644e6
3.52474941148851e6
3.562198250869022e6
3.59984230963155e6
3.6376816414440176e6
3.6757162992975884e6
3.7139463357693353e6
3.752371803029711e6
3.7909927525071693e6
3.829809235257203e6
3.868821301739291e6
3.90802900190762e6
3.9474323851072597e6
3.9870315002810727e6
4.026826395538783e6
4.0668171187594556e6
4.1070037170553193e6
4.147386236989261e6