23280.031223377657
23397.919923826772
23712.3308302277
24223.375520680504
24931.234235585467
25836.154358090535
26938.44833798342
28238.491085376976
29736.716866998882
31433.615635466515
33329.729373769616
35425.64752995125
37722.002444914775
40219.46387473491
42918.73482990527
45820.54523374765
48925.64802202988
52234.81189326585
55748.81872708331
59468.451175078924
63394.5001133895
67527.7469803685
71868.96546976709
76418.91532144061
81178.33847007212
86147.9539750246
91328.45530952967
96720.50630831074
102324.7384095394
108141.7476866647
114172.09248655397
120416.29158643867
126874.8221525179
133548.1188555508
140436.57267788312
147540.52985523865
154860.2921239237
162396.11632499064
170148.21451517483
178116.75453849902
186301.86071053983
194703.61451937945
203322.05592760857
212157.18447369026
221208.96071250958
230477.30768934722
239962.1127328464
249663.22893757722
259580.47718476312
269713.6478215035
280062.5026814054
290626.77698621654
301406.18146565766
312400.40324675327
323609.1099122608
335031.9492588103
346668.55225906055
358518.5346589418
370581.4987812015
382857.03524072206
395344.7245878249
408044.13911908236
420954.8440404559
434076.3993082349
447408.3608589467
460950.28202461964
474701.7145254205
488662.2102006794
502831.32157585595
517208.6031515646
531793.612322057
546585.9102941591
561585.0628716928
576790.6412762727
592202.222697526
607819.3911015221
623641.7377713895
639668.861334254
655900.3692587073
672335.8771557629
688975.0097565651
705817.4010612254
722862.694460483
740110.5430104636
757560.6098837231
775212.5680553585
793066.1006351577
811120.900870159
829376.6722662842
847833.1284647707
866489.9930430559
885347.0005470759
904403.894272956
923660.4284279718
943116.3667564724
962771.4827341703
982625.5593850192
1.0026783892094853e6
1.0229297739456887e6
1.0433795244156803e6
1.0640274603142447e6
1.0848734100656928e6
1.1059172111856206e6
1.127158707167798e6
1.1485977530029793e6
1.170234209357303e6
1.1920679450506063e6
1.2140988364426875e6
1.2363267669985713e6
1.2587516272280223e6
1.2813733144880072e6
1.3041917326229315e6
1.3272067918795114e6
1.350418408628954e6
1.373826503221597e6
1.3974310094431348e6
1.4212318550042247e6
1.445228980733232e6
1.4694223302103016e6
1.4938118524739149e6
1.5183975010486601e6
1.5431792338107862e6
1.5681570131137953e6
1.5933308054314505e6
1.6187005812210953e6
1.6442663148773797e6
1.6700279835575542e6
1.695985569370705e6
1.7221390565778057e6
1.7484884330110427e6
1.77503368939032e6
1.8017748193051617e6
1.8287118192043405e6
1.8558446875740604e6
1.8831734261241602e6
1.9106980383704535e6
1.9384185301109543e6
1.966334909245842e6
1.9944471857216817e6
2.0227553709276326e6
2.0512594785668359e6
2.0799595237137408e6
2.1088555226730304e6
2.1379474938266976e6
2.167235456400132e6
2.1967194310829164e6
2.2263994397132127e6
2.2562755051594065e6
2.286347651454749e6
2.316615903476281e6
2.347080287011751e6
2.377740828648624e6
2.4085975557509796e6
2.439650496159313e6
2.4708996788066276e6
2.5023451328003267e6
2.5339868878729627e6
2.5658249744115644e6
2.5978594225941473e6
2.630090263528673e6
2.662517528905498e6
2.6951412500382015e6
2.727961458788121e6
2.7609781872290745e6
2.7941914677610183e6
2.827601332491575e6
2.861207814026603e6
2.8950109448454524e6
2.929010757600986e6
2.963207284924883e6
2.9976005592341963e6
3.032190613670236e6
3.066977480225193e6
3.1019611915565818e6
3.1371417800309528e6
3.1725192779227057e6
3.2080937173842993e6
3.2438651305796895e6
3.27983354884764e6
3.3159990045945e6
3.352361528686757e6
3.3889211525578313e6
3.4256779074816164e6
3.462631824130943e6
3.499782933183103e6
3.5371312649544375e6
3.5746768498232653e6
3.6124197174607487e6
3.650359897557256e6
3.6884974194702413e6
3.726832312270808e6
3.765364604888005e6
3.8040943257332006e6
3.8430215030772686e6
3.8821461649043094e6
3.9214683388540037e6
3.960988052285376e6
4.000705332321086e6
4.040620205710913e6
4.0807326989006996e6