29170.50712994166
29282.763468229197
29582.204176807063
30069.075330122694
30743.774711223436
31606.848657882365
32658.98880301375
33901.02577854888
35333.92392667421
36958.77388829684
38776.7854745308
40789.277902587535
42997.672020467566
45403.477750764345
48008.2871233786
50813.76023466588
53821.61655319278
57033.62297537894
60451.58139271414
64077.31981245341
67912.67787218206
71959.49590982293
76219.61293186445
80694.84426874672
85386.9676088601
90297.74016047639
95428.86040853075
100781.97367908902
106358.66273965465
112160.44200620725
118188.74020704694
124444.91817187364
130930.23992070797
137645.8816871907
144592.92404755484
151772.3497130498
159185.04376170973
166831.78917953486
174713.26762730538
182830.05914928485
191182.64233456616
199771.39581454484
208596.59935876637
217658.43535892386
226956.99224796574
236492.26666711608
246264.16624311596
256272.5141146349
266517.05123473756
276997.441141687
287713.27373720094
298664.06944865506
309849.2836979911
321268.31116860884
332920.4902961386
344805.1077032931
356921.4026333219
369268.5713616268
381845.7715195255
394652.1265620984
407686.7289540225
420948.64608800085
434436.92244071554
448150.5840393909
462088.64214091195
476250.0965490103
490633.9389430444
505239.1560128176
520064.73243553506
535109.6535879918
550372.908118164
565853.4905277423
581550.4033074281
597462.6589345485
613589.2819244731
629929.3105900458
646481.7982560524
663245.8157099909
680220.4507859902
697404.8111093366
714798.0243128766
732399.239052528
750207.6258084623
768222.3773918946
786442.709446652
804867.8612691197
823497.0955146274
842329.6983403997
861364.9818129059
880602.2794496634
900040.9503617823
919680.3767398647
939519.9671499241
959559.1503424774
979797.3800498825
1.0002341338089042e6
1.0208689111619765e6
1.0417012342812319e6
1.062730647320984e6
1.0839567159255506e6
1.1053790276971022e6
1.1269971896318896e6
1.1488108299528244e6
1.1708195958618405e6
1.1930231543751338e6
1.2154211907144925e6
1.238013408386297e6
1.2607995284607774e6
1.2837792888564242e6
1.306952443735295e6
1.3303187636080566e6
1.353878036690857e6
1.3776300603529746e6
1.4015746507793386e6
1.4257116371502634e6
1.4500408610706478e6
1.4745621775115875e6
1.4992754539751078e6
1.5241805680322566e6
1.5492774108181482e6
1.5745658833281868e6
1.6000458963041445e6
1.6257173709434024e6
1.6515802378128443e6
1.6776344363744976e6
1.7038799148787158e6
1.7303166296146363e6
1.756944544869197e6
1.7837636314700344e6
1.8107738687117156e6
1.8379752415155196e6
1.8653677416080337e6
1.8929513660427902e6
1.9207261185638786e6
1.9486920075816948e6
1.9768490468242455e6
2.0051972546637293e6
2.0337366540316856e6
2.0624672721622135e6
2.091389140130433e6
2.120502292798362e6
2.1498067685889574e6
2.1793026090194285e6
2.208989859026637e6
2.2388685658635553e6
2.268938779809135e6
2.299200553508998e6
2.329653941610889e6
2.36029900135159e6
2.3911357915842505e6
2.422164372950548e6
2.4533848078002264e6
2.4847971601757505e6
2.5164014942340637e6
2.5481978771998873e6
2.5801863765903506e6
2.612367060359785e6
2.6447399979237667e6
2.677305259664952e6
2.7100629149767905e6
2.7430130365804415e6
2.7761556954665645e6
2.8094909638379235e6
2.8430189140904923e6
2.8767396188553357e6
2.910653150841252e6
2.94475958296198e6
2.979058988142504e6
3.013551439257368e6
3.0482370090201697e6
3.083115770145209e6
3.1181877951080357e6
3.153453155983544e6
3.188911924791192e6
3.2245641733143767e6
3.260409972285445e6
3.2964493937034407e6
3.3326825069698193e6
3.3691093824642827e6
3.405730089930195e6
3.442544698030478e6
3.4795532753885905e6
3.5167558899788917e6
3.5541526091829003e6
3.591743499885609e6
3.6295286280210246e6
3.6675080593391894e6
3.7056818591527906e6
3.7440500912562315e6
3.782612819485271e6
3.821370106797689e6
3.860322015579863e6
3.899468607391219e6
3.938809943264848e6
3.9783460834360314e6
4.018077087570474e6
4.0580030143679897e6
4.0981239222145327e6
4.1384398684141864e6
4.178950909924419e6