25540.245580751805
25656.241623003138
25965.6253279738
26468.56237155012
27165.320467786478
28056.26723216749
29141.867259659826
30422.678452219538
31899.34763902476
33572.60538595167
35443.26081984503
37512.19515263365
39780.35537273467
42248.74552744089
44918.42241744352
47790.485071957955
50866.06907086459
54146.33767187919
57632.474122447464
61325.67534795581
65227.13960546872
69338.06293389676
73659.63566872208
78193.0263325731
82939.38181261759
87899.81802953318
93075.41591327231
98467.21536286917
104076.21032500529
109903.34451796592
115949.50757172579
122215.53164620098
128702.18884237787
135410.18812246888
142340.17455439892
149492.72659401988
156868.3565472889
164467.50907040533
172290.56151197947
180337.82418237464
188609.54109243624
197105.89101491155
205826.98847560337
214772.88588508064
223943.5751274397
233338.98965208768
242959.00691058475
252803.45067887282
262872.09360091854
273164.66009481513
283680.82892912126
294420.23620533955
305382.4782328472
316567.11441131623
327973.6701647986
339601.63989624067
351450.48978015466
363519.6606504894
375808.57074802864
388316.6184354252
401043.18474602303
413987.63621960004
427149.3268470949
440527.60071017436
454121.7943932653
467931.2387444512
481955.26110984397
496193.18723811104
510644.34295129793
525308.0559618919
540183.6573730726
555270.4831752924
570567.8755241747
586075.1840765974
601791.767082657
617716.9923669472
633850.2383618397
650190.8949060391
666738.3639731549
683492.0603722623
700451.4123270294
717615.8620252361
734984.8672963707
752557.8950888403
770334.4358757457
788313.989653568
806496.0732588745
824880.218897641
843465.974668826
862252.9039878384
881240.5859407452
900428.6154368827
919816.6022381148
939404.1721028982
959190.9649563453
979176.636592671
999360.8573444191
1.0197433120304234e6
1.0403236988002461e6
1.0611017313869386e6
1.0820771362525786e6
1.103249652907358e6
1.1246190350206876e6
1.146185048054657e6
1.1679474703738093e6
1.1899060923588201e6
1.2120607166544008e6
1.2344111551985089e6
1.2569572338960785e6
1.2796987885057908e6
1.302635663866874e6
1.3257677160347921e6
1.3490948105921347e6
1.3726168223942393e6
1.3963336359430605e6
1.4202451421659417e6
1.44435124380807e6
1.4686518493680516e6
1.493146875702584e6
1.5178362468959086e6
1.542719894910468e6
1.56779775724341e6
1.593069779566289e6
1.6185359123461163e6
1.6441961127058011e6
1.6700503437475262e6
1.6960985733403175e6
1.7223407753272862e6
1.7487769279712455e6
1.7754070145518822e6
1.802231022696292e6
1.8292489443154198e6
1.8564607754292504e6
1.883866515868587e6
1.9114661691113864e6
1.9392597420813544e6
1.967247244954079e6
1.995428690972328e6
2.0238040964685285e6
2.0523734798351787e6
2.081136862964205e6
2.1100942695287485e6
2.139245725740178e6
2.1685912585741556e6
2.198130901988407e6
2.2278646842580307e6
2.2577926405361444e6
2.2879148060113746e6
2.3182312177249496e6
2.3487419149815505e6
2.37944693392429e6
2.410346318605718e6
2.4414401097145495e6
2.472728349779487e6
2.5042110825660303e6
2.5358883524727575e6
2.567760204629819e6
2.5998266848013494e6
2.632087839428475e6
2.664543715128046e6
2.6971943596315826e6
2.7300398203395577e6
2.7630801453094524e6
2.7963153830135795e6
2.8297455815576366e6
2.863370790237176e6
2.8971910573698236e6
2.931206431874978e6
2.9654169627639246e6
2.999822698898835e6
3.03442368914542e6
3.0692199820790077e6
3.104211626972925e6
3.139398671787049e6
3.174781165025617e6
3.210359154883224e6
3.2461326893220586e6
3.2821018159462227e6
3.31826658247985e6
3.3546270360014136e6
3.391183223101597e6
3.4279351904326794e6
3.464882982320799e6
3.5020266502969763e6
3.5393662341492963e6
3.576901780869584e6
3.6146333352162414e6
3.6525609414458773e6
3.6906846434585196e6
3.7290044848297886e6
3.767520508467399e6
3.806232757248564e6
3.8451412731612264e6
3.884246097915027e6
3.9235472731373855e6
3.963044839440108e6
4.0027388372093034e6
4.042629306513638e6
4.082716286813184e6
4.122999817088366e6