277234.73947590974
277228.7922738988
277213.2078002638
277188.7472822489
277156.6304484915
277118.5354238794
277076.6236307703
277033.4996822165
276992.1995648342
276956.25059366424
276929.47930984764
276916.2640969653
276921.34451248194
276949.8248185913
277007.2193705041
277099.36211364286
277232.45499532693
277413.0235536507
277647.9008680021
277944.2249795423
278309.37683813024
278751.01287625864
279277.01681692066
279895.50517607847
280614.74112182425
281443.2097591669
282389.5430292686
283462.49020582135
284670.9118871807
286023.75896994
287530.08000967215
289198.9579674517
291039.4758596054
293060.76715147996
295271.92759397405
297682.04998135625
300300.1413367355
303135.15148776287
306195.92466727947
309491.2194544823
313029.63732718216
316819.6457130505
320869.5266054779
325187.38136385
329781.1151280979
334658.3907658379
339826.64410434756
345293.0494515226
351064.5109556139
357147.6460502892
363548.76605701545
370273.87622476724
377328.64802897023
384718.41388579295
392448.1649925751
400522.52728725
408945.76479262544
417721.76688752515
426854.0441386375
436345.7247248266
446199.55096120347
456417.87744794256
467002.66990147595
477955.508799055
489277.58866509894
500969.72591078613
513032.3598119585
525465.5608210496
538269.041248731
551442.1581005037
564983.9304945057
578893.0502207538
593167.8878756429
607806.5115247777
622806.7028148299
638165.966970118
653881.5535805835
669950.468973133
686369.4979666153
703135.2146911671
720244.0065308632
737692.0899706392
755475.5243170594
773590.2373274984
792032.0421310398
810796.6015296881
829879.6041772886
849276.55994433
868982.9747255242
888994.3155158499
909306.0295187603
929913.5478338691
950812.31262582
971997.7736085863
993465.452322012
1.015210845063169e6
1.0372295774885057e6
1.059517256814874e6
1.0820696259121406e6
1.104882467107102e6
1.127951672320818e6
1.1512732129311052e6
1.1748431599742994e6
1.1986576892129234e6
1.2227130736752492e6
1.2470057002798528e6
1.2715320839339467e6
1.2962888346556781e6
1.3212726889396529e6
1.3464805130232966e6
1.3719092564256454e6
1.3975560191674992e6
1.4234180109466035e6
1.4494925494895875e6
1.4757770827091553e6
1.502269176874418e6
1.528966486039144e6
1.5558667940853783e6
1.5829680085423847e6
1.610268122302256e6
1.6377652447900595e6
1.665457579377761e6
1.6933434333005836e6
1.7214212123241897e6
1.749689414890842e6
1.7781466305276533e6
1.8067915351037364e6
1.8356228903600248e6
1.8646395403830986e6
1.8938404057734723e6
1.923224485452129e6
1.9527908509167011e6
1.982538636968015e6
2.0124670561217468e6
2.042575384871583e6
2.0728629268408022e6
2.1033291003972506e6
2.1339733380464604e6
2.1647951392526124e6
2.1957940490182796e6
2.226969669798862e6
2.2583216332025547e6
2.28984962697313e6
2.3215533702133284e6
2.3534326306373575e6
2.3854872048774823e6
2.417716923804816e6
2.450121652477638e6
2.482701286796826e6
2.5154557496141894e6
2.548385013144687e6
2.5814889871844407e6
2.6147677369564213e6
2.6482212612861036e6
2.6818496019900353e6
2.715652819149714e6
2.749630991288851e6
2.783784216877609e6
2.8181126023806105e6
2.8526162750712405e6
2.8872953729062853e6
2.922150047477061e6
2.957180456286211e6
2.9923867755811894e6
3.0277691828172375e6
3.0633278748437217e6
3.0990630418838025e6
3.134974892442136e6
3.1710636372125144e6
3.2073294914559443e6
3.2437726814904003e6
3.280393429244841e6
3.31719196718065e6
3.354168529488792e6
3.3913233534580735e6
3.4286566767904093e6
3.466168742452014e6
3.503859794102009e6
3.541730075603204e6
3.579779832689054e6
3.6180093113178955e6
3.65641875683397e6
3.6950084203201127e6
3.7337785435350672e6
3.772729373816935e6
3.811861157028396e6
3.85117413691403e6
3.8906685571637717e6
3.930344659292471e6
3.970202681879983e6
4.0102428691589474e6
4.0504654580965484e6
4.0908706790088727e6
4.131458768099698e6
4.17222995660062e6
4.213184474190272e6
4.254322547119286e6
4.295644400815362e6
4.337150256923918e6
4.378840335717073e6