22805.831811044238
22924.048530092296
23239.330177670716
23751.776742580736
24461.549882937717
25368.871450200048
26474.021601745448
27777.33643213217
29279.20515334643
30980.066762326256
32880.40672055811
34980.75281385379
37281.671002738774
39783.76047773936
42487.64987243381
45393.99154307597
48503.45803263455
51816.73554347975
55334.521564105526
59057.513857813414
62986.416882233
67121.92619067174
71464.72983005834
76015.50281379322
80774.90368085742
85743.5699806475
90922.1158639086
96311.12849064944
101911.16561977507
107722.75291651348
113746.38201218686
119982.50879733695
126431.55169195912
133093.8909060268
139969.86740871426
147059.7820801615
154363.89593396435
161882.4298569787
169615.56474095257
177563.44205752018
185726.1644947222
194103.79668553534
202696.36631808925
211503.86524992032
220526.25076746228
229763.44698208838
239215.34641274842
248881.81137351727
258762.6757433485
268857.74655064766
279166.80573255906
289689.6118626761
300425.90185606445
311375.39270799555
322537.78322865535
333912.7557072642
345499.9776074079
357299.103173363
369309.77501932153
381531.6256659337
393964.2789663504
406607.3517574395
419460.4547971247
432523.1944618084
445795.1738168314
459275.99377133086
472965.25427095324
486862.55520199204
500967.4975111444
515279.6840119391
529798.7202575222
544524.2153399438
559455.7825782436
574593.0402222662
589935.61168049
605483.1276142572
621235.2234442376
637191.5427580206
653351.7361950311
669715.4620785106
686282.3867918709
703052.1849985037
720024.5396952895
737199.1426980876
754575.6945327132
772153.9046562064
789933.4914952915
807914.1824941677
826095.7142156546
844477.8322217278
863060.2909210387
881842.8544317458
900825.2947037764
920007.3932798813
939388.940307498
958969.7342905588
978749.5825756927
998728.300675094
1.0189057123537106e6
1.0392816494420017e6
1.059855951505812e6
1.0806284663565028e6
1.1015990491641057e6
1.1227675607417389e6
1.1441338722077906e6
1.1656978595634862e6
1.1874594060790115e6
1.2094184017168437e6
1.2315747428326984e6
1.2539283316713513e6
1.276479077096598e6
1.2992268929125075e6
1.3221717005277188e6
1.3453134240401003e6
1.3686519949480814e6
1.3921873480813734e6
1.415919425088356e6
1.4398481711258974e6
1.463973535833274e6
1.4882954737067542e6
1.512813943214292e6
1.5375289066380619e6
1.5624403305082913e6
1.5875481846136444e6
1.6128524425539006e6
1.6383530811423643e6
1.6640500805782452e6
1.6899434240578103e6
1.7160330976422136e6
1.7423190903340022e6
1.7688013937088912e6
1.795480001901044e6
1.8223549115915943e6
1.84942612128211e6
1.8766936322923817e6
1.9041574477525554e6
1.931817572545882e6
1.9596740136157712e6
1.9877267796879408e6
2.0159758807812503e6
2.0444213289973505e6
2.0730631375319923e6
2.1019013210914275e6
2.1309358955227267e6
2.1601668781487807e6
2.189594287221918e6
2.2192181421052613e6
2.2490384630915406e6
2.279055271498983e6
2.3092685894302786e6
2.3396784397886447e6
2.370284846199771e6
2.401087832989393e6
2.4320874250173806e6
2.463283647817656e6
2.4946765273816576e6
2.5262660900348867e6
2.558052362905028e6
2.590035373259628e6
2.6222151482827575e6
2.6545917163726226e6
2.687165105426934e6
2.7199353438362526e6
2.752902460295765e6
2.7860664833619753e6
2.819427441978446e6
2.8529853651166745e6
2.8867402817439535e6
2.920692220983438e6
2.954841211949613e6
2.989187283567426e6
3.023730465407781e6
3.058470786033468e6
3.0934082745813215e6
3.128542959825804e6
3.1638748709911588e6
3.1994040363767357e6
3.2351304847028474e6
3.2710542443971257e6
3.307175343939599e6
3.343493811191183e6
3.3800096741370694e6
3.4167229606066546e6
3.453633698194129e6
3.490741914270409e6
3.5280476360028875e6
3.5655508903341894e6
3.603251704014458e6
3.6411501035251045e6
3.6792461151215103e6
3.717539764806732e6
3.756031078459352e6
3.794720081497967e6
3.833606799208202e6
3.872691256657913e6
3.911973478555583e6
3.9514534893932235e6
3.9911313134561875e6
4.0310069746801904e6
4.0710804967449973e6