38236.053539706656
38338.44917306991
38611.649464731745
39056.04966176642
39672.289105526695
40461.2470680142
41424.03704278328
42561.99954297865
43876.693471687235
45369.88698821646
47043.54337130382
48899.81202261738
50941.01170416959
53169.62345731075
55588.264728212
58199.68166654036
61006.72427769989
64012.354883507476
67219.56453017992
70631.46162927485
74251.15762272422
78081.79634236018
82126.5296418414
86388.4973757118
90870.8098617655
95576.5505468109
100508.72158435066
105670.2734156485
111064.05431302806
116692.83335291076
122559.25811409784
128665.85892116406
135015.03639685223
141609.04102168404
148450.02301870118
155539.9115764652
162880.52274205448
170473.49894620327
178320.3192333065
186422.28921135757
194780.55163955915
203396.07239814792
212269.66269324906
221401.94653295766
230793.39593148083
240444.3175918779
250354.85926109232
260525.01820721076
270954.63728937745
281643.4211476526
292590.9350837858
303796.6142515341
315259.76976859063
326979.595879906
338955.1771960921
351185.4961353488
363669.4403811883
376405.8104925305
389393.32746403606
402630.6403340963
416116.3333820014
429848.93375618535
443826.9187330901
458048.7215856449
472512.74046864745
487217.3430266093
502160.87345395377
517341.6583861258
532758.0126691053
548408.2448613769
564290.6619771821
580403.5746070683
596745.301252897
613314.1727322915
630108.5352932304
647126.755439687
664367.2221054089
681828.349687231
699508.58121857
717406.3905167899
735520.284178687
753848.803515856
772390.5262303054
791144.067640558
810108.0820266544
829281.2635450009
848662.3467762426
868250.1075556339
888043.3631236828
908040.9726684948
928241.8372623418
948644.899802285
969249.1446133442
990053.597532362
1.0110573254458972e6
1.0322594356819134e6
1.0536590756690518e6
1.0752554318025946e6
1.0970477294050609e6
1.1190352317150603e6
1.1412172387135345e6
1.1635930866180453e6
1.1861621474847088e6
1.208923827111852e6
1.2318775646612928e6
1.2550228320511747e6
1.2783591332477182e6
1.3018860017414642e6
1.3256030010704584e6
1.3495097234791478e6
1.3736057888473067e6
1.3978908416570923e6
1.4223645553647815e6
1.447026625388877e6
1.4718767718974438e6
1.496914737504824e6
1.522140286428812e6
1.5475532044147104e6
1.5731532962664654e6
1.5989403871585845e6
1.624914315027278e6
1.6510749499162408e6
1.6774221597828718e6
1.7039558398573585e6
1.7306758974358342e6
1.7575822535395797e6
1.7846748465381805e6
1.811953622057763e6
1.8394185413937608e6
1.8670695773905357e6
1.8949067120351058e6
1.9229299399224264e6
1.9511392639043152e6
1.979534696693062e6
2.008116259565435e6
2.0368839815216435e6
2.065837899961971e6
2.094978059224422e6
2.1243045101144025e6
2.153817309871406e6
2.183516522056589e6
2.21340221531675e6
2.243474462741387e6
2.2737333435991835e6
2.304178940535927e6
2.3348113406779915e6
2.36563063474729e6
2.3966369167442294e6
2.427830283995187e6
2.4592108368959054e6
2.490778677685225e6
2.5225339130652524e6
2.5544766487292643e6
2.5866069946931032e6
2.618925062160843e6
2.651430962731872e6
2.684124811117643e6
2.7170067219304545e6
2.7500768112282082e6
2.7833351969200955e6
2.816781984602388e6
2.850417320418873e6
2.8842412968685855e6
2.9182540408424903e6
2.9524556712634712e6
2.986846306715007e6
3.021426065973153e6
3.0561950677586515e6
3.091153430572502e6
3.1263012717209747e6
3.161638709459198e6
3.197165860740737e6
3.2328828421257404e6
3.2687897694558213e6
3.3048867580961087e6
3.3411739223595676e6
3.3776513762216102e6
3.4143192324810373e6
3.4511776031004163e6
3.488226600023196e6
3.525466331764873e6
3.562896908863046e6
3.6005184390201205e6
3.638331029622862e6
3.6763347865956416e6
3.7145298150570197e6
3.7529162188770277e6
3.7914941011514366e6
3.830263562655892e6
3.8692247048768206e6
3.9083776268750783e6
3.9477224269258976e6
3.98725920199953e6
4.026988048007112e6
4.0669090608595535e6
4.1070223306808053e6
4.147327952931041e6
4.1878260180135714e6
4.228516615662802e6
4.26939983490821e6