75462.77526062008
75537.32908660281
75736.36376633684
76060.49041353914
76510.69867276677
77088.35182906201
77795.17809653401
78633.26210999253
79605.04789250108
80713.31756730619
81961.14292182293
83351.93606959478
84889.38943690932
86577.5004915795
88420.4592196448
90422.63529576137
92588.83902174493
94923.8723684357
97432.76651941045
100120.69438396327
102992.95494403646
106054.94169103602
109312.12746519982
112770.02660571152
116434.19551257559
120310.18270454029
124403.50990633128
128719.67056962571
133264.0865200888
138042.08673292273
143058.89432477384
148319.61043140784
153829.17633729047
159592.37500380914
165613.8099128769
171897.87603859606
178448.76392695043
185270.43051599315
192366.60189251293
199740.75227609774
207396.095417918
215335.59270313478
223561.91893391206
232077.48113466045
240884.40804962878
249984.54798359523
259379.46877858133
269070.45750038314
279058.53236650815
289344.41411740787
299928.5892796164
310811.26095013996
321992.3809765298
333471.6547242529
345248.54945357953
357322.30394322204
369691.9387817156
382356.26775519364
395313.9092339736
408563.2983648428
422102.6993028086
435930.2175154531
450043.81338858744
464441.3137603558
479120.4265068823
494078.7510761786
509313.79247394705
524822.9746031588
540603.6491512377
556653.1105666014
572968.6029540132
589547.3425160429
606386.50809908
623483.2698821106
640834.7889163592
658438.2292776399
676290.7656928385
694389.5907868308
712731.9226976619
731315.0123286803
750136.1477647619
769192.6620716273
788481.9365899991
808001.4054645938
827748.5602334965
847720.9540770722
867916.2024435092
888331.987829515
908966.0609997587
929816.2424110053
950880.4244022488
972156.571862747
993642.7220590152
1.0153369867824351e6
1.0372375507631279e6
1.0593426707271435e6
1.08165068020344e6
1.104159981316784e6
1.1268690501394304e6
1.1497764316571674e6
1.1728807417793802e6
1.1961806637118082e6
1.2196749479888736e6
1.243362409733604e6
1.2672419281497516e6
1.2913124452330202e6
1.3155729624478228e6
1.3400225404066052e6
1.3646602959849765e6
1.3894854014333123e6
1.4144970822930462e6
1.4396946146280197e6
1.465077324849178e6
1.49064458865238e6
1.516395822792171e6
1.5423304916381252e6
1.5684481010916126e6
1.5947481928500119e6
1.6212303644535104e6
1.6478942247080058e6
1.674739434811222e6
1.701765685526939e6
1.7289727008211692e6
1.7563602328577992e6
1.7839280642733558e6
1.8116760010151418e6
1.8396038933038379e6
1.8677115884386993e6
1.8959989748468543e6
1.9244659605273937e6
1.953112472831736e6
1.9819384598303328e6
2.010943886885466e6
2.0401287392096757e6
2.069493017141841e6
2.0990367369725425e6
2.1287599306006925e6
2.158662640999659e6
2.1887449255255884e6
2.219006854807903e6
2.249448508534372e6
2.2800699777428145e6
2.3108713628512276e6
2.3418527734011733e6
2.3730143270062455e6
2.404356149653056e6
2.435878372094351e6
2.46758113495054e6
2.499464582666931e6
2.5315288653417504e6
2.5637741381536634e6
2.596200560802307e6
2.628808297811357e6
2.661597514946883e6
2.694568383983261e6
2.7277210785097945e6
2.761055773678457e6
2.7945726482215016e6
2.8282718817868256e6
2.8621536558165383e6
2.8962181548639485e6
2.9304655611436856e6
2.964896059139409e6
2.9995098358407016e6
3.034307075735491e6
3.0692879756499617e6
3.1044526898606066e6
3.139801435620992e6
3.1753343891968396e6
3.211051732806135e6
3.246953651771296e6
3.2830403279883782e6
3.3193119490822e6
3.355768691425666e6
3.392410737213581e6
3.429238267396398e6
3.466251456172421e6
3.503450483460359e6
3.540835520987437e6
3.578406744887451e6
3.616164329667199e6
3.6541084410643647e6
3.692239249858674e6
3.730556922953404e6
3.7690616257990752e6
3.807753521889892e6
3.8466327729518325e6
3.885699538903669e6
3.9249539773753746e6
3.964396244785392e6
4.004026495310901e6
4.0438448808816415e6
4.0838515507085496e6
4.1240466564878295e6
4.1644303427578784e6
4.205002754234239e6
4.245764033368485e6
4.286714320911663e6
4.32785375564827e6
4.369182474100789e6