408896.35977936233
408856.32686749904
408749.90697314264
408577.9227254874
408341.5065012154
408042.26749715465
407682.4466917078
407264.6005336506
406791.6885089647
406267.27385296347
405695.13150023017
405079.6538773058
404425.5319959015
403737.87639649713
403022.1829834223
402284.29173750523
401530.4244339742
400767.1147734601
400001.21356355876
399240.00196072354
398490.99968441005
397761.8069405308
397060.5377704593
396395.44999513065
395775.0309464099
395208.0002014657
394703.22089645907
394269.9152865653
393917.1732596132
393654.43320178264
393491.2384279575
393437.19764825085
393502.0452911487
393695.5754925574
394027.6506909651
394508.0166893314
395147.15207170334
395954.4664469373
396940.09136656136
398113.9523404642
399485.95495590195
401065.940630181
402863.6815950173
404888.87638096046
407151.1118662744
409659.8656063705
412424.4900794714
415454.14798417233
418757.9339937116
422344.65466593043
426222.96997794823
430401.33856188564
434887.9768970938
439690.861536936
444817.7151885702
450275.9880713287
456072.84344161313
462215.1563290886
468709.4686869109
475562.0127521971
482778.6784487389
490365.0096141128
498326.1849266122
506667.0194378884
515391.94657930697
524505.0145124535
534009.8783561081
543909.79611644
554207.6163576968
564905.7928269343
576006.3612999413
587510.9469171579
599420.7726962713
611736.6566881574
624459.009779477
637587.8476693584
651122.7927367722
665063.083662848
679407.5863635696
694154.7998220981
709302.8707985384
724849.6120455738
740792.4984381022
757128.6994143367
773855.1018933813
790968.2670775589
808464.5525329619
826340.043749331
844590.6030747648
863211.879342149
882199.3556140687
901548.3145565048
921253.9101789538
941311.157421422
961714.975672124
982460.2403499775
1.0035414835639485e6
1.0249536004067676e6
1.046691167607006e6
1.0687488058088105e6
1.0911211316421195e6
1.1138027710920312e6
1.136788365303245e6
1.160072616731009e6
1.1836502262897124e6
1.2075160268158035e6
1.2316648701327431e6
1.2560917033247002e6
1.2807915849577175e6
1.305759643674933e6
1.3309911353893443e6
1.3564814327297988e6
1.3822260126757978e6
1.4082204915467626e6
1.4344606062083505e6
1.460942252505892e6
1.4876613926746217e6
1.5146142098936944e6
1.5417969807583136e6
1.5692061243146434e6
1.596838207515987e6
1.6246899397820225e6
1.652758151915977e6
1.6810398346698e6
1.7095321042821035e6
1.7382322110103196e6
1.7671375384143163e6
1.7962456024781999e6
1.8255540434704206e6
1.8550606237022553e6
1.8847632354249633e6
1.914659885358347e6
1.9447486741671704e6
1.975027853610034e6
2.0054957517661536e6
2.0361508269127703e6
2.066991575648278e6
2.098016690898494e6
2.129224873806263e6
2.1606149576430176e6
2.1921858452012404e6
2.2239365263616834e6
2.255866071403795e6
2.287973621039776e6
2.320258396065466e6
2.352719675520898e6
2.385356811903232e6
2.418169214820725e6
2.4511563572698897e6
2.4843177658657273e6
2.517653019388212e6
2.551161748385977e6
2.584843634735721e6
2.618698393893794e6
2.652725795948583e6
2.686925647976003e6
2.7212977969367285e6
2.755842105345475e6
2.7905585030522035e6
2.8254469262757916e6
2.860507355468213e6
2.895739778688565e6
2.931144242450317e6
2.9667207441791063e6
3.0024694184787557e6
3.0383903300736095e6
3.0744835946024493e6
3.1107493413620987e6
3.1471877163401647e6
3.1837988818110107e6
3.2205830126651297e6
3.257540295338143e6
3.2946709363460043e6
3.331975139978603e6
3.3694531288383696e6
3.407105134995831e6
3.4449313920238754e6
3.4829321473806323e6
3.521107652612314e6
3.559458160960849e6
3.597983937943242e6
3.6366852486725817e6
3.675562362979285e6
3.7146155549281337e6
3.75384509931412e6
3.7932513002159023e6
3.832834369631494e6
3.8725946420455e6
3.912532396781256e6
3.952647909031739e6
3.992941460850015e6
4.0334133365384513e6
4.0740638175438014e6
4.114893182630949e6
4.1559017214138512e6
4.197089745250143e6
4.238457453537507e6
4.280005163972832e6
4.321733150451453e6
4.363641685903849e6