89458.68365443495
89525.46481427443
89703.78408068189
89994.28447463023
90398.0077054945
90916.38785538482
91551.2481397666
92304.78804255827
93179.57608594323
94178.53681667536
95304.94218189336
96562.3852094872
97954.76370523145
99486.36412088599
101161.47002027676
102984.99460775891
104961.83117221648
107097.17529927494
109396.38938602604
111865.01010856961
114508.71526902055
117333.30360831253
120344.66317700388
123548.76204549024
126951.57838519986
130559.17133893617
134377.5536883738
138412.71262087577
142670.60340619468
147157.09246256002
151877.95660612438
156838.85458353054
162045.30400662063
167502.66914818404
173216.13706778627
179190.69970189422
185431.14219670228
191942.01584828293
198727.64590553366
205792.09804423308
213139.17385491545
220772.41034751295
228695.05905557572
236910.0866133391
245420.16775877084
254227.68142248256
263334.7102036539
272743.03674736037
282454.14567369944
292469.228162637
302789.1811984725
313414.61556094594
324345.85966030974
335582.96703385527
347125.7253929287
358973.66440972383
371126.06640839914
383581.97659340734
396340.21503623866
409399.38834823715
422757.9022733583
436413.9749673476
450365.6487226536
464610.8061703256
479147.1817249056
493972.3758791464
509083.86849331914
524479.0331868255
540155.1494460057
556109.4160153313
572338.9638187289
588840.8684534251
605612.1613618146
622649.8411167758
639950.8853835207
657512.2596954359
675330.930284451
693403.8685521414
711728.0614852997
730300.52407052
749118.2994740808
768178.4711250309
787478.16580361
807014.5616609146
826784.8912930656
846786.4476235097
867016.585493413
887472.7297785183
908152.3708235675
929053.0808457172
950172.4941027876
971508.3294484215
993058.3803926846
1.0148205186179896e6
1.0367926957698968e6
1.0589729413658287e6
1.0813593641843381e6
1.1039501509598617e6
1.1267435675212278e6
1.1497379557861774e6
1.1729317331776335e6
1.1963233965015435e6
1.2199115100904554e6
1.2436947123172889e6
1.2676717150057969e6
1.2918412961841028e6
1.3162023020277447e6
1.3407536437087166e6
1.3654942959416274e6
1.3904232950227915e6
1.4155397367433035e6
1.440842774739991e6
1.466331617721476e6
1.4920055296886335e6
1.5178638234433685e6
1.543905863247848e6
1.5701310609281817e6
1.5965388732762386e6
1.6231287940615958e6
1.649900388751571e6
1.676853218682229e6
1.7039869108006204e6
1.7313011258704788e6
1.7587955559253169e6
1.7864699244511523e6
1.8143239906873063e6
1.8423575419049035e6
1.8705703937174839e6
1.8989623883140627e6
1.927533392065233e6
1.9562833005803055e6
1.9852120270475056e6
2.0143195068088223e6
2.0436056976901658e6
2.073070575144525e6
2.1027141330799786e6
2.1325363817299902e6
2.162537348770602e6
2.1927170722508156e6
2.2230756101540485e6
2.2536130293383533e6
2.2843294097780166e6
2.315224843588108e6
2.34629943134927e6
2.3775532844773536e6
2.4089865241745478e6
2.4405992765314532e6
2.472391682803406e6
2.5043638813944515e6
2.5365160239528385e6
2.568848265752439e6
2.601360767800935e6
2.634053697167665e6
2.666927220234196e6
2.699981514677037e6
2.733216757070354e6
2.7666331276999307e6
2.8002308103248193e6
2.834009988988095e6
2.867970853836058e6
2.9021135950963097e6
2.936438401792186e6
2.9709454665407133e6
3.0056349824647983e6
3.0405071419668887e6
3.0755621533321985e6
3.110800174751467e6
3.146221435545921e6
3.1818261182951517e6
3.217614416760265e6
3.2535865229845042e6
3.2897426331737717e6
3.326082935879076e6
3.362607621159745e6
3.3993168848475353e6
3.43621090976754e6
3.473289885359043e6
3.5105539977437533e6
3.5480034317219085e6
3.5856383705871147e6
3.623458994972112e6
3.661465487296219e6
3.6996580232965704e6
3.7380367804073775e6
3.7766019332846384e6
3.8153536547679016e6
3.8542921159472466e6
3.8934174848301774e6
3.932729931163703e6
3.9722296174667804e6
4.0119167077810206e6
4.0517913631420378e6
4.0918537429532856e6
4.1321040040250504e6
4.1725423012603447e6
4.213168787847208e6
4.253983614771026e6
4.294986930700077e6
4.336178883117369e6
4.377559616197529e6