24731.37829185772
24848.1058774718
25159.433328146402
25665.50717714631
26366.564181587004
27262.92939821806
28355.01355286884
29643.30973548376
31128.389460570215
32810.89800062883
34691.54973859019
36771.12235028882
39050.45099499302
41530.421218941905
44211.963724756424
47096.0461625419
50183.66809979358
53475.85183596789
56973.6379446692
60678.073984409144
64590.21279926793
68711.10386837689
73041.78608579509
77583.28176366608
82336.59217436735
87302.69028039218
92482.51721110617
97876.9769678204
103486.93226259942
109313.2006255885
115356.55124767224
121617.70212616032
128097.31741436441
134796.00569672743
141714.31857330457
148852.74876762438
156211.73053032736
163791.63850757972
171592.78805529384
179615.43561128137
187859.77941578635
196325.96055324495
205014.06389614905
213924.12004458404
223056.1067629917
232409.95108062477
241985.5310772986
251782.67835157827
261801.18024011483
272040.7820714513
282501.1901236184
293182.07338909863
304083.06684537587
315203.77365417266
326543.76784753904
338102.5967914793
349879.78378805186
361874.8304968095
374087.21936154796
386516.41597356263
399161.8712834218
412023.0241143242
425099.3025649772
438390.12696412846
451894.9111107987
465613.06440071296
479543.99350513815
493687.10406969825
508041.80217082833
522607.4958303261
537383.5964557269
552369.5195334133
567564.6867998263
582968.5264718662
598580.4745073625
614399.9754274783
630426.4831932571
646659.4618902588
663098.3863682211
679742.7427392219
696592.0290072048
713645.7557067632
730903.4450337789
748364.6334071346
766028.8695742483
783895.715868972
801964.7481180294
820235.5557315705
838707.7418322494
857380.9232284325
876254.7300921491
895328.8068394129
914602.8106008313
934076.4126193357
953749.2964343635
973621.1598320116
993691.7127443436
1.0139606781537767e6
1.0344277906499101e6
1.0550927984080026e6
1.0759554606273859e6
1.0970155484941122e6
1.1182728446476758e6
1.1397271428918247e6
1.1613782478174563e6
1.1832259747675308e6
1.205270149293845e6
1.2275106069974096e6
1.2499471928603495e6
1.2725797623957857e6
1.2954081786163517e6
1.3184323143611792e6
1.3416520508293097e6
1.365067277355773e6
1.388677891735876e6
1.4124837974253553e6
1.4364849082301022e6
1.4606811431871788e6
1.485072428069727e6
1.509658695893613e6
1.534439886018559e6
1.5594159430165759e6
1.584586817753176e6
1.609952466921521e6
1.6355128516835119e6
1.6612679390516598e6
1.6872177001630529e6
1.7133621114009875e6
1.7397011530664163e6
1.7662348098892393e6
1.7929630704095718e6
1.8198859269918338e6
1.8470033755876557e6
1.8743154155908944e6
1.9018220495533827e6
1.9295232831253095e6
1.957419124792514e6
1.985509585804938e6
2.013794680106279e6
2.0422744235250512e6
2.0709488349557696e6
2.0998179351172145e6
2.128881746131697e6
2.158140293079846e6
2.1875936021274226e6
2.2172417010949547e6
2.247084619723702e6
2.27712238873316e6
2.3073550404965226e6
2.3377826084431396e6
2.3684051271884628e6
2.399222632413374e6
2.430235160726493e6
2.4614427495755744e6
2.492845437304064e6
2.524443262951318e6
2.5562362661864697e6
2.5882244872593363e6
2.6204079671668885e6
2.6527867465300085e6
2.685360867784834e6
2.7181303725561346e6
2.75109530318241e6
2.7842557023968045e6
2.81761161275295e6
2.8511630772956847e6
2.884910139093689e6
2.918852841270756e6
2.952991226801554e6
2.9873253391312486e6
3.0218552213147236e6
3.0565809164536046e6
3.091502467550579e6
3.1266199175148406e6
3.1619333090861617e6
3.1974426848684344e6
3.2331480872895643e6
3.269049558554366e6
3.305147140622422e6
3.3414408754659295e6
3.3779308041794347e6
3.4146169681030298e6
3.451499408163309e6
3.4885781649968224e6
3.525853278870469e6
3.5633247896416346e6
3.6009927372749653e6
3.638857160740462e6
3.676918099047756e6
3.715175590771716e6
3.753629674045372e6
3.7922803868684834e6
3.83112776651768e6
3.870171850074849e6
3.909412674233839e6
3.948850275233905e6
3.988484689025161e6
4.028315950868137e6
4.0683440960838906e6
4.1085691591981687e6