23031.1512112395
23149.215636323057
23464.092923797372
23975.888619124304
24684.7732104853
25590.98068124926
26694.806532491417
27996.605300872405
29496.787603384466
31195.81664348216
33094.2047308475
35192.508938365005
37491.32675075124
39991.290866494484
42693.065231911765
45597.33902518795
48704.82294665469
52016.24234764112
55532.334756400145
59253.83820833715
63181.49814397107
67316.0508435054
71658.22495382701
76208.73564419238
80968.28096764849
85937.53708300176
91117.15570262588
96507.760283144
102109.94344195988
107924.26416455506
113951.2456116219
120191.37339906397
126645.09369401766
133312.81241679974
140194.89412452123
147291.66108167646
154603.3934751063
162130.32910131707
169872.66348957006
177830.55047196778
186004.10284830278
194393.39308353883
202998.45455017872
211819.28259282123
220855.83590602252
230108.03794245602
239575.7786185838
249258.91573295445
259157.27685694402
269270.66097934917
279598.84036773985
290141.5623931696
300898.5513281153
311869.5101816581
323054.1225395758
334452.05432083405
346062.95557578997
357886.4621867255
369922.19756338507
382169.7742548685
394628.79549778835
407298.85688839946
420179.5475272152
433270.4516906356
446571.1500060118
460081.2207236276
473800.2409412747
487727.78759268473
501863.43862770963
516206.77388492203
530757.3760171145
545514.8313487091
560478.7306069515
575648.6696785649
591024.2501696867
606605.0800627822
622390.7743171314
638380.9548406564
654575.2519026202
670973.3034711939
687574.7561293837
704379.2652099968
721386.4949076874
738596.1185338963
756007.8189318129
773621.2881907453
791436.2279432269
809452.3493740824
827669.3733331081
846087.0301853702
864705.0596931659
883523.211917796
902541.2451407721
921758.9279467555
941176.0379348877
960792.3616059318
980607.694832423
1.0006218421438232e6
1.0208346168232278e6
1.0412458406997803e6
1.061855343816678e6
1.0826629649547697e6
1.103668550657532e6
1.124871953621463e6
1.1462730372210112e6
1.1678716701737945e6
1.1896677288666032e6
1.2116610967807956e6
1.2338516641774205e6
1.256239327563753e6
1.278823990462914e6
1.3016055616355522e6
1.3245839579073696e6
1.3477590989504708e6
1.3711309122852557e6
1.394699328958786e6
1.4184642872540185e6
1.4424257291624318e6
1.466583601430759e6
1.4909378559433268e6
1.5154884488095534e6
1.5402353401671173e6
1.5651784946539924e6
1.5903178803646255e6
1.615653469426372e6
1.641185237369183e6
1.6669131633129406e6
1.6928372295440193e6
1.718957421385955e6
1.745273727273774e6
1.7717861383675404e6
1.798494648533415e6
1.8253992537216921e6
1.852499954250522e6
1.8797967497628029e6
1.9072896442465787e6
1.934978642939098e6
1.9628637532570479e6
1.9909449845001758e6
2.019222347332988e6
2.0476958546245578e6
2.0763655204932396e6
2.1052313601833354e6
2.1342933910702397e6
2.1635516311775534e6
2.193006099955885e6
2.222656817941956e6
2.252503806647921e6
2.2825470886872737e6
2.3127866874724897e6
2.3432226272787573e6
2.3738549331382643e6
2.4046836308192583e6
2.435708746657569e6
2.466930307571367e6
2.498348341312762e6
2.5299628757899567e6
2.5617739396373457e6
2.5937815612976695e6
2.6259857700939416e6
2.658386595899741e6
2.6909840682383464e6
2.723778217151296e6
2.756769072998491e6
2.78995666599764e6
2.823341026764078e6
2.8569221859467137e6
2.890700174183914e6
2.924675022279749e6
2.958846761023679e6
2.9932154210033235e6
3.0277810334899616e6
3.0625436286837994e6
3.0975032373905214e6
3.132659890176966e6
3.1680136174996765e6
3.203564449711635e6
3.2393124170248294e6
3.275257549486055e6
3.311399877247421e6
3.347739429516714e6
3.384276236250041e6
3.421010326591339e6
3.457941729770573e6
3.4950704746894035e6
3.5323965900693694e6
3.5699201043678876e6
3.607641045848597e6
3.6455594424823336e6
3.683675322003331e6
3.7219887118793447e6
3.7604996394435363e6
3.799208131542147e6
3.838114214880134e6
3.877217915931222e6
3.9165192607879434e6
3.9560182753163734e6
3.9957149851516373e6
4.035609415575916e6
4.075701591588258e6