106017.8156802796
106111.96045420607
106363.14471799767
106771.72715521572
107338.28776642188
108063.16663132622
108948.84787755783
109994.89972828884
111203.50019548644
112576.11672028722
114114.61311244234
115820.94772709374
117697.27303157342
119745.87586156544
121969.22614972471
124369.87383968543
126950.5162630103
129713.94815518
132663.07175170552
135800.83586862488
139130.2734442907
142654.45996781156
146376.55727132977
150299.65389459467
154426.92516429114
158761.5242946601
163306.58739042448
168065.22695098116
173040.51778915888
178235.49440872684
183653.1218252471
189296.3054355907
195167.86867679146
201270.55424759633
207607.0162787149
214179.80799795137
220991.36565177367
228044.02749113904
235340.01599191592
242881.42973146794
250670.24508194745
258708.31284195735
266997.3588556928
275538.959036045
284334.58956471016
293385.577795816
302693.1192648803
312258.2862002583
322082.00380396727
332165.0917628899
342508.22872116975
353111.9725584829
363976.75968761335
375102.9060596309
386490.60623206757
398139.9676938384
410050.9543307797
422223.44688713306
434657.219964787
447351.95197167015
460307.22918830183
473522.5494371129
486997.32798778533
500730.90059295704
514722.52895351255
528971.4044414588
543476.6536915202
558237.3422075529
573252.4796263376
588521.0224402858
604041.880962331
619813.9215707912
635835.9710301212
652106.8212318935
668625.2328702721
685389.9388469036
702399.6484906734
719653.0516284443
737148.8185940617
754885.6098332212
772862.0732543925
791076.8496321382
809528.5751219895
828215.8842576931
847137.4123194844
866291.7977595009
885677.6827763362
905293.7203355471
925138.5701505385
945210.9023649852
965509.4086596974
986032.7819831786
1.0067797406320167e6
1.0277490179801661e6
1.048939366307963e6
1.0703495577016599e6
1.0919783854709377e6
1.1138246647263088e6
1.135887232052149e6
1.158164948942921e6
1.180656699543592e6
1.2033613947606059e6
1.2262779669940262e6
1.2494053767323927e6
1.2727426089277128e6
1.2962886749626463e6
1.3200426121212787e6
1.344003483413676e6
1.3681703783286575e6
1.3925424125310015e6
1.4171187277793728e6
1.4418984919678862e6
1.4668809004044859e6
1.492065169998736e6
1.517450544183403e6
1.5430363033947477e6
1.5688217318565408e6
1.594806152946268e6
1.62098891174379e6
1.6473693687872812e6
1.6739469345887564e6
1.7007210071617975e6
1.72769102700263e6
1.7548564593590202e6
1.782216783721347e6
1.809771500925655e6
1.8375201378115036e6
1.8654622373413774e6
1.893597368250398e6
1.9219251122154994e6
1.9504450734100703e6
1.979156875784265e6
2.0080601578338025e6
2.0371545756544385e6
2.0664398093954062e6
2.095915549070632e6
2.125581502800941e6
2.1554373950460497e6
2.185482964901231e6
2.2157179617717126e6
2.2461421697400017e6
2.276755355522138e6
2.307557320887631e6
2.338547875463876e6
2.369726839992532e6
2.4010940494566835e6
2.4326493492074125e6
2.464392597310964e6
2.4963236623371914e6
2.5284424220442083e6
2.560748765343788e6
2.5932425938831056e6
2.6259238141385103e6
2.65879233377163e6
2.691848108932527e6
2.725091048160841e6
2.758521100489066e6
2.7921382188040237e6
2.8259423606696026e6
2.8599334923421666e6
2.894111599183839e6
2.9284766221694024e6
2.9630285849127276e6
2.9977674657849544e6
3.0326932546958025e6
3.0678059787584264e6
3.1031056216637576e6
3.138592204755893e6
3.1742657470220895e6
3.2101262701425673e6
3.2461738017185587e6
3.2824083713772995e6
3.3188300170542113e6
3.3554387754556183e6
3.392234690991349e6
3.4292178082836135e6
3.466388176807492e6
3.5037458493986363e6
3.541290880093734e6
3.579023327590803e6
3.6169432523997542e6
3.655050716006745e6
3.6933457830732833e6
3.731828522862461e6
3.7704990035632686e6
3.8093572960621e6
3.848403473341488e6
3.887637609854747e6
3.927059780753367e6
3.9666700537958066e6
4.006468538817748e6
4.046455284121389e6
4.086630380969865e6
4.1269939119890747e6
4.167545958344382e6
4.208286605710244e6
4.249215937434686e6
4.2903340394301005e6
4.331640995305242e6
4.373136894088294e6