141109.03188648523
141188.335134979
141399.96624435292
141744.34872134676
142222.1683338395
142834.38040364935
143582.16986856976
144467.00527515722
145490.53868159524
146654.73516636994
147961.72977639176
149413.8690766677
151013.71994500887
152764.0480416846
154667.7767984685
156727.97975495167
158947.9253085832
161330.96815212665
163880.62708135735
166600.49992599996
169494.2690333111
172565.69868037285
175818.68548856716
179257.02257502615
182884.64884927578
186705.48856655142
190723.47601527418
194942.51036864112
199366.48643297062
203999.26494641817
208844.63788423885
213906.3446888593
219188.06902876217
224693.3760826037
230425.7810218832
236388.66597990546
242585.3271983076
249018.9291975958
255692.52235039644
262609.0214130038
269771.2164622544
277181.75086853025
284843.131233209
292757.7134140975
300927.70929141564
309355.18699371314
318042.03386631457
326990.0278477977
336200.7719506411
345675.71197403735
355416.15971485944
365423.26220554434
375698.02901535115
386241.32018319884
397053.85330281575
408136.2078125163
419488.8263245393
431112.0185113145
443005.96515885444
455170.7223906042
467606.22621353215
480312.297007157
493288.6439408285
506534.8691654538
520050.47417967
533834.8632774224
547887.3498077742
562207.1605299711
576793.4415137197
591645.2600400922
606761.6159069851
622141.4401087088
637783.6035401067
653686.9189584843
669850.1498056693
686272.0110449605
702951.175302637
719886.278244446
737075.9207192059
754518.674607101
772213.0866434711
790157.6817286217
808350.9673728838
826791.4367041611
845477.5717133584
864407.8485122677
883580.7367805395
902994.7071833577
922648.2304181971
942539.7817376433
962667.8430892208
983030.9051851128
1.0036274699351741e6
1.0244560530373375e6
1.045515180452174e6
1.0668034035598533e6
1.088319288728673e6
1.1100614202470898e6
1.1320284033469816e6
1.1542188688115643e6
1.1766314689618053e6
1.1992648827666433e6
1.2221178088557185e6
1.2451889807346454e6
1.2684771533160564e6
1.2919811101428298e6
1.3156996632975414e6
1.3396316512354272e6
1.3637759438299094e6
1.3881314388540997e6
1.4126970625704415e6
1.437471770616372e6
1.4624545500201809e6
1.48764441499843e6
1.5130404083485294e6
1.5386416029997105e6
1.564447100474155e6
1.5904560340673272e6
1.616667554665721e6
1.64308085770351e6
1.6696951524808514e6
1.6965096839196223e6
1.7235237196836977e6
1.7507365574047181e6
1.7781475165657806e6
1.8057559460210649e6
1.833561218998719e6
1.8615627322627006e6
1.8897599079395505e6
1.9181521953517247e6
1.9467390594041583e6
1.975519995244142e6
2.0044945143828588e6
2.0336621501998855e6
2.0630224653810281e6
2.0925750373253797e6
2.1223194600290693e6
2.152255352210708e6
2.1823823518048692e6
2.21270011311e6
2.24320830745402e6
2.273906626007099e6
2.30479477523747e6
2.335872479790614e6
2.3671394783134125e6
2.398595525876373e6
2.430240391896584e6
2.462073861562063e6
2.4940957317619915e6
2.5263058134863633e6
2.558703934348799e6
2.5912899285188783e6
2.6240636463208357e6
2.65702494866053e6
2.6901737078629327e6
2.723509806940419e6
2.7570331394231752e6
2.790743609168186e6
2.8246411296219984e6
2.858725623075149e6
2.892997020943001e6
2.9274552638763534e6
2.9621002991720955e6
2.996932083316578e6
3.0319505840533143e6
3.067155767516951e6
3.1025476130047464e6
3.138126106534476e6
3.1738912420793693e6
3.2098430054116705e6
3.2459814111758084e6
3.2823064642015393e6
3.3188181781414403e6
3.3555165719691836e6
3.392401669004534e6
3.4294734984694733e6
3.4667320918286378e6
3.5041774866542066e6
3.541809720579011e6
3.579628846094181e6
3.61763490267348e6
3.6558279446728695e6
3.69420803099141e6
3.732775204948295e6
3.7715295407117764e6
3.8104710965781575e6
3.849599937870673e6
3.8889161317561567e6
3.9284197487029973e6
3.9681108707615044e6
4.007989551439356e6
4.0480558762812596e6
4.088309922635413e6
4.128751769354514e6
4.1693814961961964e6
4.210199162928451e6
4.251204920362033e6
4.292398797537929e6
4.333780873213972e6
4.375351252417657e6