74947.87877235329
75056.0931732569
75344.76859811443
75814.18722165882
76464.8055782711
77297.25175614055
78312.32091479382
79510.96890552924
80894.31988812552
82463.62867304368
84220.30925572105
86165.90299617592
88302.07674202818
90568.96749877621
93153.46334527922
95872.439583954
98789.77432408364
101907.55274547962
105227.97821798892
108753.30786074331
112485.8483760521
116427.85173045413
120581.72259211593
124949.7704607863
129534.31928991253
134337.7362178283
139362.26262257824
144610.16450988548
150083.6686689753
155784.92991003615
161716.04778784147
167879.0605337348
174275.91885946033
180908.51340665872
187778.63258547639
194887.97892799135
202238.16341879044
209830.69713119854
217666.99020911154
225748.35059789283
234075.9808140493
242650.97437165835
251474.32355380594
260546.9063189854
269869.4979262711
279442.7656238323
289267.271879253
299343.4713579034
309671.72229959385
320252.27866399294
331085.29676684784
342170.83955497533
353508.8750941135
365099.28437567764
376941.86130255886
389036.3170363382
401382.28519719077
413979.32159016054
426826.912148307
439924.47453443083
453271.3622223772
466866.8686910469
480710.2310796263
494800.63405183534
509137.2136343222
523719.0609860811
538545.2261264876
553614.7215517397
568926.5258158006
584479.5870858281
600272.8263134141
616305.1408585319
632575.4075255655
649082.4854415953
665825.2193038473
682802.4417159096
700012.9769528434
717455.6422894059
735129.2512176813
753032.6159146449
771164.5488382487
789523.8653037768
808109.3841525074
826919.9329340637
845954.3461217093
865211.4680338963
884690.154247823
904389.2736202254
924307.7086494237
944444.3570825789
964798.1332966124
985367.9683000696
1.00615281166293e6
1.0271516312941089e6
1.048363416140842e6
1.0697871735934915e6
1.091421933005158e6
1.1132667449137096e6
1.1353206810737299e6
1.1575828348466274e6
1.180052323811291e6
1.2027282855039057e6
1.22560988205707e6
1.248696296978471e6
1.2719867376867419e6
1.2954804331142595e6
1.3191766366735403e6
1.3430746226746484e6
1.3671736890050154e6
1.3914731555790466e6
1.4159723644998174e6
1.4406706796215866e6
1.4655674878448253e6
1.4906621961811432e6
1.5159542330552565e6
1.5414430476866346e6
1.5671281115105287e6
1.5930089132005107e6
1.6190849644374128e6
1.645355793799079e6
1.6718209506516992e6
1.6984800028747926e6
1.7253325366913062e6
1.7523781567844932e6
1.7796164822041765e6
1.807047154436244e6
1.834669827408255e6
1.8624841742527618e6
1.8904898814603542e6
1.9186866532099927e6
1.9470742074519086e6
1.9756522793781934e6
2.0044206092393135e6
2.033378965164968e6
2.0625271198346284e6
2.0918648607535276e6
2.1213919885091446e6
2.1511083162993756e6
2.181013666827254e6
2.2111078783794334e6
2.2413907969710873e6
2.271862280935631e6
2.3025221988742147e6
2.3333704296287047e6
2.3644068609634703e6
2.395631390482711e6
2.427043925013799e6
2.458644380704903e6
2.4904326806091163e6
2.5224087566964477e6
2.55457254793219e6
2.586924004759527e6
2.6194630785380155e6
2.652189730976925e6
2.685103930934799e6
2.7182056525919107e6
2.7514948764556134e6
2.784971589013559e6
2.81863578230716e6
2.8524874539137413e6
2.8865266061742557e6
2.9207532468238077e6
2.9551673878609734e6
2.98976904695613e6
3.024558242745806e6
3.0595350029601282e6
3.0946993554024454e6
3.130051333206671e6
3.165590972129467e6
3.2013183135329457e6
3.2372333963469667e6
3.2733362697728737e6
3.3096269835212375e6
3.346105585470411e6
3.382772131325553e6
3.4196266756142997e6
3.4566692816769006e6
3.4939000085878246e6
3.5313189151448207e6
3.568926067914521e6
3.6067215370354704e6
3.644705388218867e6
3.6828776902993065e6
3.7212385148686715e6
3.7597879362134147e6
3.798526026310885e6
3.8374528608543877e6
3.87656851659168e6
3.915873067995046e6
3.9553665956885726e6
3.995049177459041e6
4.034920892706565e6
4.0749818215550794e6
4.1152320449294136e6
4.1556716444852236e6
4.196300698233506e6
4.23711929403374e6
4.278127511822455e6
4.319325434146285e6
4.360713142846426e6