52330.63909288455
52449.3446668704
52765.96815916657
53280.71438843859
53993.914635119494
54906.02388743611
56017.618188970955
57329.390695171256
58842.146569911274
60556.797962103214
62474.35799432959
64595.932661699044
66922.71379028022
69455.97351391244
72197.05337850557
75147.3588013599
78308.35285661306
81681.52932181384
85268.43219239413
89070.62583344372
93089.69503044485
97327.22749273031
101784.83072764118
106464.0755861896
111366.52981009652
116493.75337059019
121847.25756133089
127428.52153964894
133238.98184116537
139280.02458044764
145552.97619717175
152059.1120191156
158799.63651821885
165775.6866325069
172988.32968227752
180438.56055657734
188127.28854187514
196055.35121010683
204223.50511252388
212632.42407655905
221282.69770800805
230174.83972113556
239309.2765498181
248686.35569263
258306.34524324085
268169.4330709957
278275.729121203
288625.2682430305
299218.01242833503
310053.8517209329
321132.60582257935
332454.02950422245
344017.8128411715
355823.5859943847
367870.91894705914
380159.32823926356
392688.27773772134
405457.18199088715
418465.40958890563
431712.28573705326
445197.0960701479
458919.08936994616
472877.480119402
487071.4519626367
501500.16041870986
516162.7356891017
531058.2854586889
546185.8975634252
561544.6425675786
577133.5762357105
592951.7420246289
608998.1734352384
625271.8961570503
641771.9297080603
658497.2908752952
675446.9941172337
692620.053796143
710015.4866228363
727632.3127386116
745469.556714618
763526.2499846246
781801.4315261317
800294.1493029133
819003.4614151304
837928.4376443296
857068.1589605706
876421.7201664408
895988.2297710059
915766.8109588816
935756.6021366285
955956.7576815167
976366.4483819695
996984.8619489833
1.0178112033458075e6
1.0388446952468145e6
1.0600845784627884e6
1.081530111650576e6
1.103180572053248e6
1.1250352551705008e6
1.1470934759646063e6
1.169354567408729e6
1.1918178802086632e6
1.2144827862413572e6
1.2373486741269547e6
1.260414951472965e6
1.2836810445018534e6
1.3071463983570626e6
1.3308104744862653e6
1.354672754809551e6
1.378732737361052e6
1.402989938268758e6
1.427443890739738e6
1.452094146044701e6
1.4769402710231943e6
1.5019818497099506e6
1.5272184818941108e6
1.5526497844743165e6
1.5782753888735573e6
1.604094942222815e6
1.6301081070375112e6
1.6563145598163544e6
1.6827139923432232e6
1.7093061053977043e6
1.7360906312688563e6
1.7630672895275808e6
1.7902358294624607e6
1.8175960102000916e6
1.845147601805977e6
1.8728903872199839e6
1.9008241611188946e6
1.9289487288850762e6
1.957263908049541e6
1.985769525219464e6
2.0144654193757128e6
2.0433514386026105e6
2.0724274408769214e6
2.1016932937434856e6
2.1311488737538466e6
2.1607940667878767e6
2.190628767092034e6
2.2206528768764576e6
2.2508663073618514e6
2.2812689762831973e6
2.3118608102349006e6
2.3426417419649656e6
2.3736117109597167e6
2.40477066534111e6
2.4361185570671577e6
2.4676553464048277e6
2.499380998420782e6
2.5312954836908933e6
2.563398782102226e6
2.5956908715907694e6
2.628171741744272e6
2.6608413835099917e6
2.693699795620274e6
2.726746977518306e6
2.7599829350137888e6
2.7934076783055873e6
2.8270212210379876e6
2.8608235803568987e6
2.8948147773955944e6
2.9289948371613836e6
2.963363785849514e6
2.9979216554690343e6
3.032668479603298e6
3.067604294812724e6
3.102729140357842e6
3.138043058314099e6
3.173546092864235e6
3.2092382897346797e6
3.2451196990501937e6
3.2811903696458866e6
3.317450356083942e6
3.3538997122567007e6
3.390538493929082e6
3.4273667592852074e6
3.4643845679587917e6
3.5015919809908755e6
3.5389890587937622e6
3.5765758651863895e6
3.614352465025734e6
3.652318923800323e6
3.6904753079380747e6
3.72882168440223e6
3.767358122144011e6
3.8060846896797353e6
3.84500145615849e6
3.8841084927324476e6
3.9234058699997133e6
3.962893660251206e6
4.0025719321923936e6
4.042440761227892e6
4.082500218834538e6
4.1227503780542472e6
4.1631913113707453e6
4.203823092907332e6
4.244645795308492e6
4.285659492643181e6
4.3268642576344935e6