44560.63052978652
44682.66658047741
45008.158443933644
45537.27582647727
46270.29306364694
47207.587087257096
48349.63450863771
49697.008701406565
51250.37479330078
53010.48531505538
54978.1752244604
57154.35554668555
59540.00541296729
62136.16942382886
64943.94578332003
67964.48417743956
71198.97237915726
74648.63311009601
78314.71482930984
82198.48164478902
86301.21648834166
90624.19303245409
95168.6894393152
99935.96904080262
104927.28145147426
110143.84700360484
115586.8572241083
121257.46793836018
127156.7963124309
133285.9077801832
139645.82349831096
146237.5069689933
153061.86359767086
160119.74054395722
167411.91754172108
174939.1143057947
182701.97855162964
190701.09238749935
198936.9690540588
207410.04910454407
216120.706969928
225069.24394699937
234255.90626138184
243680.82888667606
253344.140396231
263245.86381357606
273385.9685521965
283764.3597881858
294380.8848277443
305235.33086310804
316327.4291430106
327656.8577861623
339223.24270162586
351026.16250600875
363065.1473753828
375339.6863358548
387849.2259855876
400593.17493065295
413570.9063382509
426781.7601517044
440225.04613991594
453900.04622148385
467806.01696564135
481942.19231582
496307.78566282167
510901.99250765983
525723.9926010629
540772.9521855358
556048.0261028765
571548.3598823759
587273.0917005914
603221.354208437
619392.2763883842
635784.9851968397
652398.6073036812
669232.2703939546
686285.1050449497
703556.2454529337
721044.8312659422
738750.0088519168
756670.9308620011
774806.7603686436
793156.664489002
811719.8378899232
830495.4615551352
849482.7455609306
868680.9053449422
888089.1746526738
907706.7972838642
927533.0327510033
947567.154838165
967808.4515223398
988256.2298032653
1.0089098074223753e6
1.0297685205099168e6
1.0508317216445734e6
1.0720987788326722e6
1.0935690762643144e6
1.1152420127190247e6
1.1371170133722578e6
1.159193503899525e6
1.1814709373934725e6
1.2039487809778696e6
1.22662651584092e6
1.249503642896973e6
1.2725796755197041e6
1.2958541461222656e6
1.319326593765154e6
1.3429966020603178e6
1.366863727264546e6
1.3909275688417072e6
1.4151877357387394e6
1.4396438497278322e6
1.4642955471036101e6
1.4891424795567445e6
1.514184311658627e6
1.5394207226348778e6
1.564851404174579e6
1.5904760615669885e6
1.6162944127462623e6
1.6423061352753383e6
1.6685111315926388e6
1.6949089968413e6
1.7214995508225434e6
1.7482825713495773e6
1.7752578473593285e6
1.8024251790871143e6
1.8297843767236185e6
1.8573352607474194e6
1.8850776624314352e6
1.9130114213320485e6
1.9411363875113612e6
1.9694524194697468e6
1.9979593853178057e6
2.0266571610063089e6
2.0555456316585152e6
2.0846246889802504e6
2.113894234300565e6
2.1433541749253916e6
2.1730044266116144e6
2.202844911341034e6
2.232875558615754e6
2.2630963040255792e6
2.293507089624451e6
2.3241078637334285e6
2.354898580164193e6
2.385879199199306e6
2.4170496857034555e6
2.4484100103359753e6
2.4799601486676508e6
2.5117000813107057e6
2.543629787632373e6
2.5757492744324664e6
2.608058518636613e6
2.640557523421515e6
2.6732462927374896e6
2.7061248307245905e6
2.739193147421189e6
2.772451255987618e6
2.8058991726620374e6
2.839536917046201e6
2.8733645116870427e6
2.9073819820514335e6
2.941589356585202e6
2.975986665526735e6
3.01057394293972e6
3.0453512241687463e6
3.080318547460577e6
3.1154759527129754e6
3.1508234823493348e6
3.1863611799928136e6
3.222089092502865e6
3.2580072666470977e6
3.294115751995818e6
3.3304145992738535e6
3.366903860760727e6
3.4035835899060336e6
3.440453841933073e6
3.47751467234379e6
3.514766138662023e6
3.5522082986779013e6
3.5898412116682814e6
3.627664937556325e6
3.6656795374715566e6
3.7038850721994913e6
3.7422816045176643e6
3.7808691973856124e6
3.819647913754855e6
3.8586178179708268e6
3.8977789743726156e6
3.9371314476328255e6
3.9766753030641223e6
4.016410606094274e6
4.056337422465837e6
4.0964558181850496e6
4.136765859421223e6
4.1772676126720444e6
4.217961143847775e6
4.258846519873768e6
4.299923807141939e6