40641.12313730983
40764.626768204354
41094.02475050345
41629.466571569414
42371.19383628591
43319.53841012661
44474.91988114611
45837.84237117466
47408.89073223228
49188.726015994645
51178.08117850518
53377.75477242074
55788.6060298268
58411.54736973779
61247.53980290776
64297.58508078795
67562.72139958933
71044.00990713452
74742.53585504982
78659.39626962491
82795.69613550833
87152.53772919576
91731.02150845467
96532.23189699053
101557.24134469478
106807.07703835744
112282.76645147696
117985.28323992854
123915.56669607214
130074.51317363337
136462.9711287575
143081.74233778493
149931.68450878072
157013.13607405595
164327.08421973366
171873.9829808881
179654.343181933
187668.61452756583
195917.1843547472
204400.37773382664
213118.45718573887
222071.62468491896
231260.01381835443
240683.7083661561
250342.72542450365
260237.02632768502
270366.5162919202
280731.04411122826
291330.40749134787
302164.3554718501
313232.58283437137
324534.74205842824
336070.44056061225
347839.24346782116
359840.67692624446
372074.2297122208
384539.3559744139
397235.4775867361
410161.9865344217
423318.24748705945
436703.5993549319
450317.3590396603
464158.82210532465
478227.2661299395
492521.9521912914
507042.12724035647
521787.02601592906
536755.872976853
551947.8842410345
567362.2692447369
582998.2325305227
598854.9753593304
614931.6972487798
631227.5974251371
647741.8763253374
664473.7365537037
681422.3848390738
698587.0322324701
715966.8966424684
733561.2003763906
751369.176678055
769390.066031971
787623.1184019216
806067.5940373196
824722.7643340174
843587.9118810103
862662.3314225146
881945.330433673
901436.2291830911
921134.3613027767
941039.0743800742
961149.7298214708
981465.7032230562
1.0019863848997911e6
1.0227111796237873e6
1.0436395070198998e6
1.064770801657225e6
1.0861045125372377e6
1.107640104502856e6
1.1293770566274975e6
1.1513148633013668e6
1.1734530337105677e6
1.1957910927499211e6
1.2183285766748397e6
1.241065041577844e6
1.2640000539361758e6
1.2871331967092035e6
1.3104640659847613e6
1.3339922640176734e6
1.3577174403256248e6
1.381639207298908e6
1.4057572253591279e6
1.4300711586075919e6
1.454580684654538e6
1.479285493685625e6
1.5041852884431467e6
1.5292797843271717e6
1.5545687082391046e6
1.5800517988602365e6
1.6057288066051088e6
1.6315994929456464e6
1.657663630388091e6
1.6839210022040056e6
1.7103714021683014e6
1.7370146339924627e6
1.763850511452989e6
1.7908788583215214e6
1.8180995073229512e6
1.8455123004122316e6
1.8731170893872455e6
1.9009137325679727e6
1.9289020984278035e6
1.957082063418e6
1.9854535114569764e6
2.0140163343302084e6
2.0427704311957168e6
2.0717157083109173e6
2.100852079019525e6
2.130179463478062e6
2.1596977880190033e6
2.1894069856228977e6
2.219306995379053e6
2.2493977619817723e6
2.2796792359744944e6
2.3101513731094697e6
2.3408141349555533e6
2.371667487679524e6
2.4027114023212255e6
2.4339458548786095e6
2.4653708257491128e6
2.4969862996533094e6
2.528792265803288e6
2.5607887168866848e6
2.592975649821273e6
2.6253530645773537e6
2.6579209673418794e6
2.6906793625815418e6
2.723628262904205e6
2.756767681764904e6
2.790097635888667e6
2.823618151128673e6
2.8573292309938692e6
2.8912309194113184e6
2.9253232371672005e6
2.9596062147036805e6
2.994079883239251e6
3.0287442772409427e6
3.0635994327858947e6
3.098645387828437e6
3.1338821823556093e6
3.1693098578326367e6
3.204928457538886e6
3.2407380261379573e6
3.276738606020354e6
3.3129302560008634e6
3.349313013643564e6
3.385886932590743e6
3.4226520643506916e6
3.459608460641834e6
3.496756175041586e6
3.534095261260153e6
3.571625774379773e6
3.6093477702258024e6
3.6472613051248007e6
3.6853664360581245e6
3.7236632208787994e6
3.762151718077136e6
3.8008319860208044e6
3.8397040842201896e6
3.87876807217812e6
3.9180240099523086e6
3.9574719578858195e6
3.9971119764589993e6
4.036944126643521e6
4.076968469222348e6
4.1171850657382756e6
4.1575939771481724e6
4.198195264783032e6
4.238988990353674e6
4.279975215247524e6