147624.54517882876
147701.21456114092
147905.82587415236
148238.81310155307
148700.87299089687
149292.99879402394
150016.39722061087
150872.57421669585
151863.21121353772
152990.3446760059
154256.1456684257
155663.02873447246
157213.63102241565
158910.7894341735
160757.50396943465
162756.92955821974
164912.4277544241
167227.44517360308
169705.60339616728
172350.6020821691
175166.2278421775
178156.35598325945
181325.01193300314
184676.1144580508
188213.71382525773
191941.86166303098
195864.63027152803
199986.04629181244
204310.1515226938
208840.92838166968
213582.32539600425
218538.21831613476
223712.43560734746
229108.6872377108
234730.63082061376
240581.79699730402
246665.63100481272
252985.43574535014
259544.41123466654
266345.61689737014
273391.984259408
280686.2999315294
288231.2065310467
296029.2018481211
304082.6310446318
312393.68825273344
320964.4144344067
329796.6911962301
338892.25058706646
348252.66698979534
357879.3512207225
367773.5807624723
377936.4660157558
388368.97219941625
399071.91648375365
410045.9752701221
421291.67950780643
432809.4272640628
444599.47986840166
456661.9704380764
468996.90071568545
481604.17635666963
494483.5505893377
507634.68927142484
521057.1454704278
534750.3721747181
548713.7257107768
562946.4711642296
577447.7884266248
592216.7740213487
607252.4528768987
622553.776691495
638119.6325840245
653948.8467142053
670040.1901901625
686392.3831938896
703004.1000225267
719873.9726919658
737000.5978594115
754382.5381227549
772018.3287027904
789906.4797450686
808045.4814520328
826433.807187403
845069.9167335154
863952.2614082631
883079.2849368512
902449.4300333222
922061.1363445632
941912.8461101169
962003.0103221205
982330.0841453274
1.0028925335611961e6
1.0236888364878986e6
1.0447174857241121e6
1.065976989621649e6
1.0874658748545656e6
1.1091826876730127e6
1.131125991882999e6
1.153294375535233e6
1.1756864578537398e6
1.1983008690378724e6
1.2211362670906894e6
1.244191346377246e6
1.2674648193643002e6
1.2909554290532842e6
1.3146619457838861e6
1.3385831687755843e6
1.36271792585139e6
1.3870650756697403e6
1.4116235045988474e6
1.4363921298788625e6
1.4613698991177455e6
1.4865557914021118e6
1.5119488044069349e6
1.5375479818719616e6
1.563352386739456e6
1.5893611165080643e6
1.6155732870859606e6
1.6419880601386908e6
1.6686046110297241e6
1.695422152684612e6
1.7224399194479447e6
1.7496571823120099e6
1.7770732227269397e6
1.8046873657032666e6
1.8324989536873223e6
1.8605073553525128e6
1.888711965617425e6
1.9171122071564577e6
1.9457075190638474e6
1.9744973711021456e6
2.003481251032715e6
2.032658667611109e6
2.0620291622339482e6
2.0915922869895122e6
2.121347618606456e6
2.1512947521549473e6
2.1814333064282546e6
2.2117629192745006e6
2.242283234027363e6
2.272993933509547e6
2.3038947027861583e6
2.334985250182032e6
2.3662652980945134e6
2.3977345860473095e6
2.4293928683898207e6
2.461239915715647e6
2.4932755111954804e6
2.5254994537661965e6
2.557911553073185e6
2.5905116388812796e6
2.623299544085799e6
2.6562751198929665e6
2.689438227814484e6
2.722788740137994e6
2.7563265407862714e6
2.790051524081343e6
2.8239635942498525e6
2.858062665029447e6
2.8923486594622484e6
2.926821510321976e6
2.9614811571933636e6
2.996327549908762e6
3.031360648819141e6
3.066580413471107e6
3.101986818300465e6
3.137579841191195e6
3.1733594726123847e6
3.2093256914271787e6
3.245478508525303e6
3.281817923458805e6
3.318343945467417e6
3.355056589316647e6
3.3919558745786706e6
3.4290418261586158e6
3.4663144725524792e6
3.5037738478393364e6
3.5414199890098358e6
3.5792529378103176e6
3.617272738954341e6
3.6554794513408467e6
3.6938731130405916e6
3.732453772396585e6
3.771221504532488e6
3.8101763639323274e6
3.849318414625479e6
3.8886477204012116e6
3.9281643556012018e6
3.9678683984058267e6
4.0077598973121513e6
4.0478389395362856e6
4.0881056014851304e6
4.128559961304264e6
4.169202097887463e6
4.210032069271406e6
4.25105002844458e6
4.292255987661621e6
4.333650055204504e6
4.375232316766556e6