95969.0623295528
96067.66611469435
96330.21840590975
96758.59963543908
97351.80971090254
98111.11210440166
99037.45802821135
100131.987718789
101396.04684128086
102831.139009201
104438.953712952
106221.34994522858
108180.325482921
110318.03009880768
112636.75017257381
115138.88385733971
117826.9317667161
120703.50400058823
123771.2834116737
127033.01939713061
130491.52658913899
134149.65616757117
138010.31189328138
142076.36783190313
146350.74533726918
150836.34386844814
155536.0516497198
160452.71011547718
165589.14969658284
170948.12441305813
176532.34900847453
182344.46297938624
188387.00318788472
194662.46923819566
201173.24713709715
207921.61932733652
214909.77735307606
222139.7858520296
229613.62735241602
237333.14714823503
245300.0776376206
253516.03011757488
261982.5156352887
270700.83795249136
279672.2948850654
288897.98735149053
298378.9055333283
308115.92054915556
318109.776428998
328361.100679299
338870.4011211076
349638.0712740945
360664.3899175634
371949.5262246722
383493.5423877244
395296.39856631623
407357.95345311356
419677.97059679474
432256.12192409555
445091.99139652203
458185.07974742283
471534.80813934247
485140.5231052536
499001.5001635924
513116.9489282939
527486.0170101987
542107.7944052155
556981.3167370359
572105.5747342268
587479.507780485
603102.0185292398
618971.9716681493
635088.198798413
651449.5021291532
668054.6582503619
684902.4212837727
701991.5268631626
719320.6954600299
736888.6334701399
754694.040149847
772735.6069630042
791012.0211437495
809521.9695238618
828264.1392617685
847237.2218276509
866439.9136562569
885870.917024197
905528.9513432552
925412.736083536
945521.0111401218
965852.5292775079
986406.0575703217
1.0071803822599123e6
1.0281743067220706e6
1.0493866538125356e6
1.0708162666688552e6
1.0924620098870127e6
1.114322769979876e6
1.1363974553276077e6
1.1586849980652216e6
1.1811843540322678e6
1.2038945042035598e6
1.2268144498446803e6
1.249943221295224e6
1.2732798738315406e6
1.296823485668457e6
1.3205731601500548e6
1.34452802610406e6
1.3686872423873073e6
1.393049984028752e6
1.4176154573180445e6
1.442382891491321e6
1.4673515435350009e6
1.4925206875559106e6
1.5178896308100088e6
1.5434576987624492e6
1.569224242651011e6
1.59518863618735e6
1.6213502772416167e6
1.6477085839947467e6
1.6742629992660563e6
1.7010129874199647e6
1.7279580256436896e6
1.755097645157567e6
1.7824313472505345e6
1.809955762438423e6
1.8376792327866973e6
1.865592570612036e6
1.8936983021280009e6
1.9219960540578389e6
1.9504854645944284e6
1.97916447571388e6
2.008037917884074e6
2.0371003261847892e6
2.0663531275438247e6
2.0957960455927164e6
2.1254288200165397e6
2.155251203138296e6
2.1852629600569718e6
2.215463875714604e6
2.2458537428907035e6
2.2764323695334066e6
2.307199576239812e6
2.338155195037177e6
2.3692990702998512e6
2.400631055021378e6
2.4321510190049163e6
2.4638588380697677e6
2.495754397877395e6
2.527837597243121e6
2.5601083399404874e6
2.5925665441120258e6
2.625212131521526e6
2.65804503653428e6
2.6910651980581107e6
2.7242725679984977e6
2.7576670991301006e6
2.791248755944161e6
2.8250175080172615e6
2.858973332472443e6
2.893116212344959e6
2.927446136643881e6
2.961963100448111e6
2.996667103974152e6
3.031558153087548e6
3.066636259148939e6
3.101901437186443e6
3.137353707854378e6
3.1729930959612206e6
3.208819630532239e6
3.244833343291535e6
3.281034273159444e6
3.317422458977365e6
3.3539979443420367e6
3.390760776898423e6
3.4277110062727192e6
3.4648486854314627e6
3.5021738684198633e6
3.539686619779073e6
3.5773869933981174e6
3.6152750549332467e6
3.653350869655678e6
3.6916145039039627e6
3.73006602745709e6
3.768705511346665e6
3.8075330281545594e6
3.8465486519960565e6
3.8857524586628703e6
3.9251445239707744e6
3.964724652564589e6
4.0044937475818032e6
4.044451065060351e6
4.0845969608457135e6
4.12493151771262e6
4.165454817476346e6
4.206166944022324e6
4.247067983303872e6
4.28815801824367e6
4.329437134669381e6
4.370905418471573e6