303844.4360824618
303867.42665096716
303928.9467291792
304029.5846550456
304170.3097243524
304352.4205167547
304577.57772270293
304847.840848725
305165.537505303
305533.41166758764
305954.35498827934
306431.86298744933
306969.49508323014
307571.1715491872
308241.10503139556
308983.7494454121
309803.83884579863
310706.18589866546
311696.0182672111
312778.72804110503
313959.7112502927
315244.77618460805
316639.6316837539
318150.27889829956
319782.7843278899
321543.2786294583
323438.0056208291
325473.22160805424
327655.3490395564
329990.6473533807
332485.5259506773
335146.363917213
337979.4566382274
340991.15792838996
344187.71138488955
347575.3350597817
351160.14592068474
354948.18199145206
358945.3872277129
363157.5954070705
367590.51926150586
372249.75003004173
377140.72399606765
382268.75372505264
387638.9478206437
393256.31828444725
399125.66681448004
405251.6234252145
411638.6449272925
418290.9984934964
425212.7571261776
432407.81068851973
439879.8352228038
447632.319982417
455668.5513501586
463991.6106605025
472604.3726260984
481509.5025397852
490709.477283793
500206.55734341004
510002.8039302116
520100.0783448433
530500.0408910571
541204.1565199094
552213.6939874205
563529.7375351284
575153.1790188483
587084.727166442
599324.9162117278
611874.1027229931
624732.4759271643
637900.0591789668
651376.7179727077
665162.1640776114
679255.9615572474
693657.5328742403
708366.1641064144
723381.0122173596
738701.110288322
754325.3730761455
770252.6057916918
786481.5095763968
803010.681417133
819838.6379967013
836963.7983455122
854384.5044269675
872099.0239409036
890105.5691305622
908402.2765137628
926987.2312275216
945858.4721324428
965013.9886351787
984451.7318154664
1.0041696193578506e6
1.024165553408545e6
1.044437386907458e6
1.0649829670792045e6
1.0858001318393447e6
1.10688671318484e6
1.1282405144140958e6
1.1498593639154984e6
1.1717410709224371e6
1.1938834647028095e6
1.216284374000445e6
1.2389416484891549e6
1.2618531423437595e6
1.285016738543008e6
1.3084303305097865e6
1.3320918475331785e6
1.3559992292006458e6
1.38015045076709e6
1.4045435198372628e6
1.4291764718021487e6
1.4540474312623176e6
1.479154320463365e6
1.5044954667773454e6
1.5300689583149985e6
1.5558730275075831e6
1.5819059185006514e6
1.6081659197700792e6
1.6346513598128208e6
1.6613606072622067e6
1.688292066446639e6
1.7154441913903714e6
1.7428154725577272e6
1.7704044410422381e6
1.7982096694850826e6
1.8262297739697872e6
1.8544634046377002e6
1.8829092644205354e6
1.9115660851332445e6
1.9404326448703832e6
1.969507753374603e6
1.9987902744315814e6
2.02827909943377e6
2.057973156926787e6
2.0878714231272964e6
2.117972899183257e6
2.148276633552555e6
2.178781704887612e6
2.2094872240630295e6
2.240392343213863e6
2.2714962464839565e6
2.302798147550835e6
2.334297296346241e6
2.365992974292863e6
2.397884487140771e6
2.4299711788250008e6
2.462252420177217e6
2.4947276070866133e6
2.5273961700622947e6
2.5602575550277187e6
2.593311245893431e6
2.626556751371441e6
2.6599935972655416e6
2.6936213383941757e6
2.7274395511426073e6
2.7614478390513686e6
2.795645819245986e6
2.8300331359945443e6
2.8646094540070673e6
2.8993744555090996e6
2.934327840534815e6
2.9694693333020955e6
3.004798671772989e6
3.040315612538958e6
3.0760199228239353e6
3.1119113967764513e6
3.147989835352759e6
3.184255056825638e6
3.2207068984526745e6
3.257345202735696e6
3.294169830554824e6
3.3311806546450234e6
3.3683775613159635e6
3.4057604448074107e6
3.443329215057139e6
3.4810837891656402e6
3.519024096334699e6
3.557150075861122e6
3.5954616738511943e6
3.6339588494788096e6
3.6726415710056857e6
3.711509808218569e6
3.750563544572354e6
3.78980277059783e6
3.8292274841038263e6
3.8688376820307705e6
3.9086333824359053e6
3.9486145988347805e6
3.9887813534706044e6
4.029133673716796e6
4.0696715937717496e6
4.110395151329175e6
4.151304387299443e6
4.1923993558365046e6
4.233680102589466e6
4.275146684969874e6
4.31679916316811e6
4.358637600294212e6