230760.11601735555
230806.15930876284
230929.13739449388
231129.58675337446
231408.36890597836
231766.68310512564
232206.0333030071
232728.29028273016
233335.56159586695
234030.29268105314
234815.2353764686
235693.3751108262
236668.03164626358
237742.67458760148
238921.14356513592
240207.41060455077
241605.68368919837
243120.37027840884
244756.04944944012
246517.4896985238
248409.56096804273
250437.29172095997
252605.81316307993
254920.36133926103
257386.2570522883
260008.7936227655
262793.45993544953
265745.6939003151
268870.92528102687
272174.59585156187
275662.1669687246
279339.02924630453
283210.53111421666
287281.9773505853
291559.23803782894
296045.4981272125
300747.78192772355
305670.3375670909
310818.0181349929
316195.29075073823
321807.37416670367
327658.03366435564
333751.7524636291
340092.6587012862
346684.67452706676
353531.5903996306
360637.03237662313
368004.41965702025
375637.0091202257
383537.8660128894
391709.87988528085
400155.7509336397
408877.9904025957
417878.9199374503
427160.6826754613
436725.22922742297
446574.32487686444
456709.5537827256
467132.3207731667
477843.8467407045
488845.18017406703
500137.1975077285
511720.60834695795
523595.9521190773
535763.6138903619
548223.8212736696
560976.650952959
574022.0328051075
587359.7591198465
600989.4853843827
614910.7381118325
629122.9202785827
643625.3168839982
658417.1003848871
673497.3379526818
688864.9957960296
704518.9462485099
720457.9724494923
736680.7756233107
753185.9797955423
769972.138476941
787037.7398357121
804381.2105289933
822000.9269696594
839895.2132402578
858062.3444475756
876500.5710013821
895208.0980787985
914183.1056527194
933423.7487063007
952928.1624741711
972694.4672259499
992720.7685430165
1.0130051651238175e6
1.0335457567251493e6
1.0543406364292097e6
1.0753879343021284e6
1.0966856582659143e6
1.1182320155478278e6
1.140025101341961e6
1.1620630504947943e6
1.184344021169247e6
1.206866187212536e6
1.2296277436783891e6
1.252626908490324e6
1.275861926409081e6
1.2993310669866148e6
1.3230326252364921e6
1.3469649333022186e6
1.3711263426735306e6
1.3955152437493426e6
1.4201300604222696e6
1.4449692474118527e6
1.4700312898607473e6
1.495314713201594e6
1.520818075920411e6
1.5465399758432566e6
1.5724790311164374e6
1.5986339126165737e6
1.625003318150519e6
1.6515859998764046e6
1.6783807148151316e6
1.7053862829321744e6
1.7326015388754995e6
1.7600253694512688e6
1.7876566894485473e6
1.8154944442639109e6
1.8435376395019835e6
1.8717852687012863e6
1.9002364047064078e6
1.928890127939997e6
1.9577455535257512e6
1.9868018430037873e6
2.0160581843792764e6
2.0455137790265111e6
2.0751678671771798e6
2.105019742032701e6
2.1350687037619306e6
2.165314080665632e6
2.195755234778993e6
2.226391560217007e6
2.2572224627940385e6
2.28824739241072e6
2.3194658113851394e6
2.350877212193557e6
2.3824811109096874e6
2.414277044753457e6
2.44626457652511e6
2.478443288000863e6
2.5108127826857595e6
2.543372695823623e6
2.576122661375543e6
2.6090623496234138e6
2.6421914448692175e6
2.6755096481369743e6
2.709016680228147e6
2.74271227849151e6
2.7765961979648727e6
2.8106682054311796e6
2.8449280887524774e6
2.8793756450386285e6
2.9140106886466397e6
2.9488330515924343e6
2.983842571835758e6
3.0190391027561254e6
3.0544225141869173e6
3.0899926920871604e6
3.12574949320123e6
3.1616928529577404e6
3.197822669791247e6
3.234138866624012e6
3.270641372959247e6
3.307330129026502e6
3.3442050837671524e6
3.381266194941343e6
3.4185134278312637e6
3.455946756437852e6
3.493566160963044e6
3.5313716293241256e6
3.569363156875192e6
3.6075407437260523e6
3.6459043896306343e6
3.6844541328796893e6
3.7231899666477973e6
3.762111939121333e6
3.801220035315036e6
3.8405143294992363e6
3.8799948546587555e6
3.9196616462221937e6
3.959514751476854e6
3.999554223774015e6
4.0397801165012913e6
4.0801924879087955e6
4.1207913993083825e6
4.1615769155119574e6
4.202549103195955e6
4.243708030363086e6
4.285053776480753e6
4.326586408956723e6
4.368306007755645e6