71490.333339331
71600.15793082831
71893.12345544799
72369.50187773284
73029.73320378902
73874.42264596277
74904.33642995029
76120.39616274208
77523.68299740981
79115.41086771901
80896.93111196245
82869.73459397574
85035.4244869836
87395.71601952586
89952.42540444175
92707.45969382118
95662.80383050206
98820.51204284592
102182.70031865474
105751.53306302291
109529.18407894697
113517.89487563467
117719.89270703026
122137.41213508268
126772.68315165568
131627.91727603276
136705.30294820064
142006.98525778382
147535.07482957855
153291.6227798421
159278.6168599972
165497.99163054497
171951.59322948763
178641.20049891944
185568.5038086969
192735.10278645917
200142.504523256
207792.12622266696
215685.27992995174
223823.18239164705
232206.9442283718
240837.57436975723
249715.9750178959
258842.9479706492
268219.19083745545
277845.30344211636
287721.7546095565
297848.95725142746
308227.19647114305
318856.6689151084
329737.4743467206
340869.6250481092
352253.04088234855
363887.5591028321
375772.9335637123
387908.8394859608
400294.87611691304
412930.5734874343
425815.3896351815
438948.7211333199
452329.9029373303
465958.21342419623
479832.8777745168
493953.07185966545
508317.9258934035
522926.528094045
537777.9283485169
552871.1415908663
568205.1513942237
583778.913286946
599591.3575967634
615641.3943302786
631927.913218949
648449.7893353649
665205.8845277403
682195.0510407451
699416.1332557828
716867.9704809785
734549.3995344999
752459.2567759543
770596.3802265897
788959.6111341922
807547.7967851269
826359.7913297323
845394.4582767409
864650.671323647
884127.3147188176
903823.2883140839
923737.504312665
943868.8910991903
964216.3931692995
984778.9729550658
1.005555610212571e6
1.0265453036473617e6
1.0477470729352618e6
1.0691599552194695e6
1.09078301015435e6
1.1126153187614484e6
1.1346559820199392e6
1.1569041227810942e6
1.1793588872067006e6
1.202019442015357e6
1.2248849768294916e6
1.2479547031487217e6
1.2712278551881434e6
1.294703689326483e6
1.318381484471301e6
1.3422605408280834e6
1.3663401813306618e6
1.3906197504983498e6
1.4150986144489283e6
1.4397761608791065e6
1.4646517957818632e6
1.4897249569996675e6
1.514995087267284e6
1.540461658382597e6
1.5661241629966332e6
1.5919821099951277e6
1.6180350297218666e6
1.6442824697871706e6
1.6707239981081618e6
1.697359199670543e6
1.7241876779292629e6
1.751209053005589e6
1.7784229630115342e6
1.8058290627087327e6
1.833427018946495e6
1.8612165221090612e6
1.889197271857506e6
1.9173689848212996e6
1.945731393486721e6
1.9742842418289415e6
2.0030272886983168e6
2.0319603073686834e6
2.0610830834992127e6
2.0903954152149772e6
2.11989711308215e6
2.1495879999598395e6
2.179467908023794e6
2.2095366841616523e6
2.2397941829341874e6
2.270240270773538e6
2.300874826790735e6
2.331697728866187e6
2.362708879827271e6
2.393908182016993e6
2.425295547787431e6
2.456870899564051e6
2.4886341662524957e6
2.520585285209298e6
2.552724200620805e6
2.585050867675842e6
2.61756524243724e6
2.650267291090351e6
2.683156986533167e6
2.716234306677483e6
2.7494992358667017e6
2.782951763974871e6
2.816591886166977e6
2.8504196031186427e6
2.884434919978835e6
2.9186378468418545e6
2.953028398688096e6
2.987606594896753e6
3.0223724565397627e6
3.0573260130847516e6
3.0924672941478137e6
3.127796334347241e6
3.1633131711322595e6
3.1990178457940267e6
3.234910401048777e6
3.270990885955848e6
3.307259350895557e6
3.343715844867359e6
3.3803604239180167e6
3.417193145433757e6
3.4542140681950212e6
3.491423255863682e6
3.528820767175824e6
3.566406668458718e6
3.6041810301641608e6
3.642143916328745e6
3.680295398073105e6
3.7186355460216487e6
3.7571644345699176e6
3.7958821352132764e6
3.8347887252668133e6
3.873884277434636e6
3.9131688679988114e6
3.952642576749541e6
3.9923054810853237e6
4.032157659921199e6
4.072199192794687e6
4.1124301601741556e6
4.1528506417972753e6
4.1934607197127016e6
4.234260474713076e6
4.275249988634492e6
4.316429343333486e6
4.357798619744065e6