86831.4273345971
86934.16499185987
87208.24748618365
87653.9890492431
88271.89742274932
89062.6728230472
90027.2010498888
91166.55568132031
92481.97505532234
93974.87382023974
95646.82818896126
97499.56067682727
99534.95240609348
101754.96142954222
104161.74921401002
106757.53200258908
109544.63367950858
112525.46772065549
115702.51836923684
119078.3564998816
122655.5118461909
126436.69177074154
130424.51998244209
134621.66432633996
139030.79880045197
143654.58180295367
148495.65123425116
153556.60774591833
158839.83201422193
164348.3997261839
170084.19878433621
176049.80475331814
182247.51824940857
188679.5686932946
195348.09189322346
202255.1299439313
209402.6250107336
216792.41097688535
224426.221589619
232305.6744263504
240432.2748343139
248807.4136195322
257432.36387591233
266308.28235971014
275436.2079792231
284817.0630780462
294451.65165832936
304340.6630364048
314484.6717776513
324884.14258531656
335539.4253317963
346450.7692357677
357618.3137353098
369042.09836641944
380722.06517589645
392658.06064519816
404849.84049291984
417297.072925482
429999.34324815107
442956.1570764319
456166.9449033085
469631.0660462073
483347.8128252403
497316.4146458744
511536.04227392277
526005.8118489117
540724.7890036637
555691.9928762972
570906.4000840588
586366.9485656649
602072.5413445432
618022.0503162247
634214.3198116024
650648.1700463648
667322.4004766867
684235.7924946656
701387.1139977502
718775.1210825525
736398.5603415689
754256.1744874375
772346.7010815872
790668.8773003889
809221.4424299262
828003.138460045
847012.7137999041
866248.9246895727
885710.535501391
905396.321751625
925305.074807866
945435.5986575689
965786.7079343151
986357.239427529
1.0071460465064743e6
1.028151999600796e6
1.0493739912035996e6
1.070810931852842e6
1.0924617548086843e6
1.1143254149276484e6
1.136400888670076e6
1.1586871757922466e6
1.1811832994109173e6
1.2038883059023148e6
1.2268012674858153e6
1.2499212726098038e6
1.2732474456913988e6
1.296778927069523e6
1.3205148840423892e6
1.3444545071482323e6
1.368597011920075e6
1.3929416376879318e6
1.417487647193749e6
1.4422343274019614e6
1.4671809868979282e6
1.4923269644916814e6
1.5176716165546274e6
1.5432143169464483e6
1.5689544713550697e6
1.5948915025438424e6
1.6210248569881823e6
1.6473540008032005e6
1.6738784222641825e6
1.7005976304066898e6
1.727511154752189e6
1.7546185420454324e6
1.781919361257075e6
1.8094131982260922e6
1.837099658988961e6
1.864978367159013e6
1.8930489619659178e6
1.9213111009798557e6
1.9497644613674176e6
1.9784087326237743e6
2.0072436202985276e6
2.0362688477126013e6
2.0654841516390725e6
2.0948892835946109e6
2.1244840090904087e6
2.154268108629929e6
2.1842413684082315e6
2.2144036075058556e6
2.244754631063141e6
2.2752942731531933e6
2.3060223754066993e6
2.336938790425647e6
2.3680433821804724e6
2.399336023843308e6
2.430816601206695e6
2.462485006672101e6
2.4943411443964187e6
2.526384926080562e6
2.5586162738305433e6
2.5910351182306446e6
2.6236413956970745e6
2.6564350499683325e6
2.689416036033731e6
2.7225843161864174e6
2.7559398544766577e6
2.7894826257809238e6
2.8232126100871474e6
2.8571297933414932e6
2.8912341679755067e6
2.9255257313957815e6
2.9600044865435446e6
2.9946704343529814e6
3.0295236070362916e6
3.064564004796661e6
3.0997916542616836e6
3.135206582272761e6
3.1708088183845e6
3.2065983971132343e6
3.242575354635401e6
3.2787397350228303e6
3.3150915810261653e6
3.3516309381854166e6
3.388357863008321e6
3.4252724027155177e6
3.4623746130118007e6
3.4996645606548195e6
3.5371422951176376e6
3.5748078861077754e6
3.6126613958316e6
3.650702894228411e6
3.6889324472417915e6
3.7273501260635564e6
3.7659560035221167e6
3.8047501524882754e6
3.843732647688669e6
3.882903565752792e6
3.9222629839510703e6
3.9618109807540188e6
4.0015476354915565e6
4.041473011903706e6
4.0815872410984607e6
4.1218903552664844e6
4.162382453097904e6
4.203063618340415e6
4.243933934445377e6
4.284993486053935e6
4.326242356308774e6
4.367680631582722e6