47177.693894893775
47298.653110721
47621.278012217925
48145.750820219604
48872.366129903356
49801.52877099675
50933.75076110315
52269.648167380044
53809.93584851522
55555.4234700934
57507.00935887062
59665.671732666146
62032.47053818681
64608.52587235576
67395.02509130895
70393.20886909307
73604.35910158916
77029.79890135027
80670.8704768747
84528.95918932205
88605.4485084611
92901.73931718498
97419.1923948135
102159.19663020436
107123.11680988621
112312.28916201551
117728.01262254725
123371.56237147929
129244.16387229398
135346.99751384108
141681.1861888909
148247.80445663532
155047.8604208266
162082.30245768838
169352.01116005963
176857.79511914804
184600.39740496
192580.48503841745
200798.65368766084
209255.42366331493
217951.2427583997
226886.48370535916
236061.44457218683
245476.35318721517
255131.36320605277
265026.5589846842
275161.9542915536
285537.4971701108
296153.0712673849
307008.495342006
318103.5284810862
329437.87097860134
341011.1677494621
352823.010526282
364872.9402708716
377160.45098741434
389684.9911748299
402445.96753332624
415442.7472320178
428674.66110044287
442141.00635489693
455841.0492509627
469774.0275661701
483939.15342114045
498335.616557188
512962.58522597956
527819.2102849206
542904.6267803293
558217.956288413
573758.3092321601
589524.7875923547
605516.4852749188
621732.5009731636
638171.8936000997
654833.7752956208
671717.2220523651
688821.3203914152
706145.1608153218
723687.8380859201
741448.4534057993
759426.1137309745
777619.9366640714
796029.0467217765
814652.583127769
833489.6907455394
852539.529988088
871801.2735215515
891274.1076008488
910957.2324672521
930849.8627261096
950951.2291709364
971260.5774401301
991777.1691176519
1.0125002829300563e6
1.0334292130059334e6
1.054563271230983e6
1.075901786090208e6
1.097444102909582e6
1.1191895848468859e6
1.1411376120931837e6
1.1632875816916267e6
1.1856389086428958e6
1.2081910253409063e6
1.230943379219104e6
1.253895438421675e6
1.2770466839836268e6
1.30039661793862e6
1.323944755230222e6
1.3476906297873445e6
1.3716337905572355e6
1.3957738025919376e6
1.420110247367247e6
1.4446427224842452e6
1.469370838096904e6
1.4942942223427086e6
1.5194125169903159e6
1.5447253785157567e6
1.5702324774413062e6
1.5959334983674209e6
1.621828139397407e6
1.6479161121553993e6
1.674197141194118e6
1.700670964265316e6
1.7273373304426246e6
1.7541960018335974e6
1.7812467519223536e6
1.8084893663928253e6
1.8359236413365712e6
1.863549385186254e6
1.8913664127805158e6
1.9193745553554394e6
1.9475736502432725e6
1.975963544978269e6
2.0045440974599468e6
2.0333151738549229e6
2.0622766480394076e6
2.0914284088087557e6
2.1207703435201095e6
2.150302353883883e6
2.1800243482560855e6
2.2099362417666754e6
2.240037957830137e6
2.2703294257529275e6
2.300810582393141e6
2.33148137096576e6
2.3623417402261673e6
2.3933916465165447e6
2.4246310505062053e6
2.456059919208044e6
2.4876782249049516e6
2.5194859452435113e6
2.551483062439601e6
2.5836695638789777e6
2.6160454415032747e6
2.64861069086529e6
2.681365314474384e6
2.7143093149264245e6
2.74744270113768e6
2.780765485559651e6
2.8142776836408502e6
2.8479793145782514e6
2.88187040064687e6
2.9159509670678056e6
2.950221042829858e6
2.9846806581679066e6
3.0193298476977185e6
3.054168646907618e6
3.089197095216707e6
3.1244152337222244e6
3.1598231053598323e6
3.1954207550186533e6
3.2312082309588846e6
3.2671855813833764e6
3.3033528507380257e6
3.339710109835606e6
3.3762573951385175e6
3.412994768223802e6
3.4499222846636125e6
3.4870400026436932e6
3.5243479818378906e6
3.5618462818723307e6
3.599534964505768e6
3.6374140916476226e6
3.6754837266488397e6
3.713743933123944e6
3.7521947761205523e6
3.7908363206326957e6
3.8296686320644873e6
3.8686917782862545e6
3.907905824658171e6
3.9473108395498986e6
3.986906890518083e6
4.0266940457160096e6
4.066672373574317e6
4.1068419427942163e6
4.147202822109832e6
4.187755080964777e6
4.22849878788715e6
4.269434012505297e6
4.31056082407636e6