313711.26434016996
313731.3764106812
313785.2212867546
313873.3928328338
313996.87911393377
314156.97381409945
314355.35633330967
314594.1126483014
314875.59612278885
315202.54766397935
315577.97288939776
316005.3062211138
316488.18318480055
317030.5663682192
317636.7064708723
318311.10650465754
319058.5500100029
319883.90905958967
320792.46835519926
321789.67642244406
322881.0244698549
324072.369184322
325369.4791511967
326778.46573117084
328305.44552738953
329956.66130859184
331738.4367078712
333657.1193214917
335719.23767668474
337931.14243083546
340299.3508547683
342830.4674734323
345530.55099888996
348406.41788379446
351464.3137816288
354710.5802176508
358151.45788294316
361793.1141845953
365641.6230200805
369702.9528395727
373982.9522004679
378487.35014465253
383221.72462573636
388191.53290245583
393402.0244782838
398858.3606093769
404565.48869187164
410528.1913923442
416751.07233369077
423238.5473243094
429994.84218871227
437023.99538393144
444329.83691236435
451916.0032498336
459785.9338905357
467942.8549525521
476389.78315667284
485129.5359535812
494164.73173711007
503497.77093136124
513130.8539122429
523065.97615401197
533304.9351689098
543849.3200848699
554700.5305386464
565859.7690713246
577328.0480659952
589106.1901058301
601194.8395283964
613594.458320901
626305.3366091725
639327.593710673
652661.186253567
666305.9120739752
680261.4161788072
694527.1968424136
709102.6105829726
723986.8793349583
739179.0949179961
754678.2303908016
770483.1363777865
786592.5595245677
803005.13531912
819719.4129225943
836733.8375255235
854046.784317564
871656.5288850255
889561.3005361194
907759.2447787023
926248.4508627478
945026.9576139771
964092.7565759593
983443.776773322
1.0030779229688372e6
1.0229930880163797e6
1.0431871118802112e6
1.0636578152831327e6
1.0844030057467988e6
1.105420481849329e6
1.1267080189721507e6
1.148263406568935e6
1.170084423281895e6
1.1921688456908884e6
1.2145144708889788e6
1.2371191023890548e6
1.2599805503822789e6
1.2830966361343246e6
1.3064652188576865e6
1.330084172694737e6
1.353951383602657e6
1.3780647755976385e6
1.402422302102663e6
1.4270219444645175e6
1.4518617115456858e6
1.4769396494526928e6
1.502253852508951e6
1.5278024089481612e6
1.5535834996913332e6
1.5795953086722519e6
1.6058360710089018e6
1.6323040573575897e6
1.658997583440212e6
1.6859149964715838e6
1.7130546963621161e6
1.7404151203010173e6
1.767994742861724e6
1.7957920886674726e6
1.8238057194261455e6
1.8520342334196928e6
1.8804762877566132e6
1.9091305555318757e6
1.9379957732406734e6
1.9670706942613155e6
1.9963541503866608e6
2.0258449736546832e6
2.055542064841373e6
2.0854443207027714e6
2.1155507329906095e6
2.1458602978891055e6
2.176372049244201e6
2.2070850692631546e6
2.2379984599421322e6
2.269111371722216e6
2.3004229816687666e6
2.331932503560515e6
2.3636391842160327e6
2.395542297546867e6
2.42764115380808e6
2.4599350901144263e6
2.4924234752038643e6
2.5251057072787588e6
2.5579812056158804e6
2.591049431668466e6
2.624309852672434e6
2.657761983363202e6
2.6914053496785797e6
2.725239500227007e6
2.7592640177983283e6
2.7934784975087815e6
2.8278825692696585e6
2.8624758550365404e6
2.897258040266776e6
2.9322287976352004e6
2.9673878336117207e6
3.0027348642166634e6
3.0382696551606795e6
3.0739919034865084e6
3.109901436083877e6
3.1459980236710436e6
3.182281470139998e6
3.2187515997902565e6
3.255408241744892e6
3.2922512447577477e6
3.329280470706576e6
3.366495789823781e6
3.403897095317532e6
3.441484278995018e6
3.4792572505744807e6
3.517215924568224e6
3.555360248768253e6
3.5936901436715694e6
3.6322055661485456e6
3.670906477717965e6
3.7097928405282022e6
3.748864632421796e6
3.7881218353221593e6
3.827564443783392e6
3.86719244731847e6
3.9070058599258903e6
3.9470046898592776e6
3.987188954637681e6
4.027558677401253e6
4.068113888112615e6
4.108854621334739e6
4.1497809108605627e6
4.1908928169909986e6
4.232190373104701e6
4.273673636914744e6
4.315342665930275e6
4.357197522430975e6