239323.95374289184
239367.1259517048
239482.45744252956
239670.47199653275
239932.06294219045
240268.44146982516
240681.1392590811
241172.0354573846
241743.28251883062
242397.36222291982
243137.06563950644
243965.42052162706
244884.7016427045
245901.7284050858
247017.09632844815
248235.95729171124
249562.57189626415
251001.4311598792
252557.18686221854
254234.6883504443
256038.89450499002
257974.92466743616
260048.00404876674
262263.4688609538
264626.7227283604
267143.2280544645
269818.5231548221
272658.18747993093
275667.7514705616
278852.80437475746
282218.9103722145
285771.6042357292
289516.3575084215
293458.6075711509
297603.7181013829
301956.9797022561
306523.5811938946
311308.57090095873
316316.9545510008
321553.31856119615
327023.09941145894
332730.1385526509
338679.1130335015
344874.276973258
351319.7117366638
358019.36025699205
364976.9967751565
372196.20817591297
379680.3476577567
387432.6819011197
395456.2248570916
403753.82326637406
412328.1284927766
421181.6032882581
430316.5270009844
439734.98400664906
449438.87093651545
459429.9004688249
469709.59739657794
480279.3061170742
491140.1904365828
502293.2387053578
513739.2678535149
525478.9206286967
537512.6802852349
549840.8681493185
562463.6496752857
575381.0384657045
588592.905675594
602098.9804502502
615898.8578676481
629992.0042827548
644377.762845824
659055.3595379343
674023.9087478139
689282.4206711105
704829.804597548
720664.8771098321
736786.3672863499
753192.9225228145
769883.1149461619
786855.4468414614
804108.3544139971
821640.2196149887
839449.3675197214
857534.0704025332
875892.5714537138
894523.067606421
913423.7227765312
932592.6752938337
952028.0405418349
971727.9147201933
991690.3771624098
1.011913498426077e6
1.0323953456107439e6
1.0531339791411865e6
1.074127492803453e6
1.0953738559201483e6
1.1168712368769576e6
1.1386176902896925e6
1.1606113055538451e6
1.1828501983765084e6
1.2053324978171196e6
1.228056351247735e6
1.2510199298244256e6
1.2742214299195784e6
1.2976590719446195e6
1.3213311026460063e6
1.3452358033228358e6
1.3693714760186924e6
1.3937364587121843e6
1.4183291314457124e6
1.4431478923417185e6
1.4681911788470247e6
1.4934574651595713e6
1.5189452618739014e6
1.5446531217958473e6
1.5705796037687608e6
1.5967233409069353e6
1.6230829719973335e6
1.649657202372362e6
1.6764447524368903e6
1.703444385574179e6
1.7306548960811845e6
1.7580751331097225e6
1.7857039616444374e6
1.813540284470238e6
1.8415830575350004e6
1.8698312541941085e6
1.8982838863783022e6
1.926940002037049e6
1.9557986837124918e6
1.9848590442572555e6
2.0141202394948418e6
2.043581434513276e6
2.0732418372004894e6
2.1031007053676774e6
2.133157305941904e6
2.1634109366057757e6
2.193860927200392e6
2.224506640559028e6
2.255347458688437e6
2.286382795654309e6
2.317612090902989e6
2.3490348085685335e6
2.380650441063472e6
2.412458499316762e6
2.4444585199048854e6
2.476650067371033e6
2.5090327206253875e6
2.541606084135346e6
2.574369783685008e6
2.6073234642328145e6
2.640466790529635e6
2.6737994465085207e6
2.707321133561847e6
2.741031572594596e6
2.7749305018557184e6
2.809017672857856e6
2.8432928572660848e6
2.8777558391753645e6
2.912406415994631e6
2.9472444091714695e6
2.98226964287326e6
3.0174819573887847e6
3.0528812130910098e6
3.0884672830452044e6
3.124240012553868e6
3.160199328054763e6
3.1963451179902065e6
3.2326772959311935e6
3.2691957823690865e6
3.305900509294776e6
3.342791423103201e6
3.3798684574341797e6
3.4171315866783513e6
3.4545807730318923e6
3.492215990502128e6
3.5300372178269336e6
3.56804444822305e6
3.6062376748736827e6
3.644616900580465e6
3.6831821344978753e6
3.721933390019359e6
3.76087070160292e6
3.7999940502224565e6
3.839303510601978e6
3.8787991028817473e6
3.9184808677662043e6
3.958348846523771e6
3.998403089504469e6
4.038643647948128e6
4.0790705771844164e6
4.1196839362380905e6
4.160483787788068e6
4.20147019698939e6
4.242643232023101e6
4.284002963693332e6
4.325549465422811e6
4.367282813100163e6