294139.52568952827
294165.39851332566
294234.60324039246
294347.73198429315
294505.71904894814
294709.4352335059
294961.81987421983
295263.61794952897
295617.557204721
296026.3577260097
296492.8939223405
297020.6036720543
297613.0199551771
298274.00474459096
299007.76640834357
299818.66697189736
300711.3540099395
301690.7160564735
302761.80575404543
303929.9394156176
305200.50016894983
306579.1981234315
308071.67294594855
309683.84021161456
311421.6823589208
313291.2400207074
315298.66742313915
317450.1274845744
319751.93139515695
322210.2445378705
324831.36567579076
327621.54848234984
330587.0141837528
333733.96030546736
337068.5217088709
340596.790660108
344324.765169912
348258.32881494396
352403.3192197373
356765.42090987874
361350.2108138342
366163.14259092294
371209.5036329017
376494.46538695134
382022.98894193704
387799.9380810449
393829.971573106
400117.56441970536
406667.02420837886
413482.4672793552
420567.81724205875
427926.811967656
435562.98032128013
443479.65941023285
451679.9880758079
460166.90093146585
468943.12749119796
478011.1888013512
487373.4212377917
497031.94586614147
506988.6878328951
517245.3750734785
527803.5378642011
538664.5136091635
549829.4507746287
561299.3116864802
573074.8742953431
585156.7363752727
597545.3264354002
610240.8991127932
623243.5461538278
636553.199731101
650169.6380752025
664092.4911677538
678321.2459476991
692855.254419313
707693.735516727
722835.7852861612
738280.3818514721
754026.3891018541
770072.5676609548
786417.578587603
803060.003604412
819998.2723265835
837230.8368224907
854756.0004097812
872572.0161632148
890677.0859479948
909069.3412781815
927746.8657772911
946707.7018546399
965949.8464122023
985471.2615681149
1.0052698810239932e6
1.0253436174953463e6
1.0456903606435414e6
1.0663080162941287e6
1.087194347321006e6
1.1083473052527555e6
1.1297646992890784e6
1.1514443937192939e6
1.1733842529099004e6
1.1955821330866304e6
1.2180359140193544e6
1.24074348242424e6
1.2637027442889782e6
1.2869116347869455e6
1.3103680883354146e6
1.3340700893536934e6
1.3580156286610966e6
1.3822027355507216e6
1.4066294707209365e6
1.4312939256743828e6
1.4561942125884457e6
1.4813284948773903e6
1.50669497762141e6
1.532291865396134e6
1.5581174279178474e6
1.5841699850651752e6
1.6104478728145794e6
1.6369494758866364e6
1.6636732144130468e6
1.6906175498990212e6
1.717780988657201e6
1.745162074163883e6
1.7727593892582038e6
1.80057155943614e6
1.828597250240001e6
1.8568351651829572e6
1.8852840489212344e6
1.9139426867293217e6
1.942809907684327e6
1.9718845624553254e6
2.0011655626851672e6
2.030651843148465e6
2.0603423783868013e6
2.0902361845759468e6
2.1203323060880676e6
2.150629831252476e6
2.181127878754711e6
2.211825596999421e6
2.2427221780156037e6
2.273816838638791e6
2.30510883143202e6
2.336597438699142e6
2.3682819751466583e6
2.400161779926602e6
2.4322362298401734e6
2.464504722928492e6
2.4969666912714927e6
2.5296215756394905e6
2.562468871313888e6
2.595508080750388e6
2.6287387340988577e6
2.6621603850288317e6
2.6957726120418767e6
2.729575014762597e6
2.7635672185624773e6
2.797748862347413e6
2.832119610658195e6
2.866679146684997e6
2.9014271734805685e6
2.936363408954339e6
2.971487594225832e6
3.0067994814245105e6
3.0422988490792154e6
3.0779854760644855e6
3.1138591721661636e6
3.149919751930735e6
3.186167048249906e6
3.2226009097200935e6
3.259221191758405e6
3.296027767263794e6
3.3330205180248325e6
3.3701993465696354e6
3.4075641522315494e6
3.4451148552491358e6
3.4828513830673103e6
3.520773673462492e6
3.5588816736532855e6
3.5971753388000503e6
3.63565463277906e6
3.674319533326227e6
3.713170016163986e6
3.7522060710228877e6
3.79142769460758e6
3.830834889732158e6
3.870427659625509e6
3.9102060261229305e6
3.9501700055196323e6
3.9903196322599957e6
4.0306549296254776e6
4.071175938070299e6
4.1118826988844806e6
4.152775257246149e6
4.1938536688166363e6
4.235117983002936e6
4.276568259851216e6
4.318204561413639e6
4.360026953466906e6