40839.401408588135
40962.83632727465
41292.05146903999
41827.197388241155
42568.51741692025
43516.34579841391
44671.105136474944
46033.303190362116
47603.52905202631
49382.4485938538
51370.80014505921
53569.388158737536
55979.078270616126
58600.78966014553
61435.490828462294
64484.191599490936
67747.93650593303
71227.79678189364
74924.86570166796
78840.24913845822
82975.0611109038
87330.41299261208
91907.41461732215
96707.15968370967
101730.72499537183
106979.16241808992
112453.49330932874
118154.70569919431
124083.74796033319
130241.52539757485
136628.8951972556
143246.66764843263
150095.58896653567
157176.3648584515
164489.63095955542
172035.96840062275
179815.89509335675
187829.86733718586
196078.2788186641
204561.46061620754
213279.68055909907
222233.14417035042
231421.99501611525
240846.32149230337
250506.1294488206
260401.40063393465
270532.03756281757
280897.8917996952
291498.7632518803
302334.40285414725
313404.5067366587
324708.7285170541
336246.6760148825
348017.91546189727
360021.97220761026
372258.33491673437
384726.4570632969
397425.7606714106
410355.63292400935
423515.4403974707
436904.51899698563
450522.1835071873
464367.72713903955
478440.42490274383
492739.5350914293
507264.30167949176
522013.95624922623
536987.7199408067
552184.8053997492
567604.4184567804
583245.7599239503
599108.0272246557
615190.4157892577
631492.1212984881
648012.3395958111
664750.2693293411
681705.1130324716
698876.077502345
716262.3763970931
733863.227723503
751677.8604440155
769705.510757227
787945.4243385945
806396.8521102472
825059.0764024787
843931.3604088544
863012.9997517853
882303.2977708764
901801.5706397078
921507.1479484574
941419.3733072563
961537.6041959552
981861.2123486046
1.0023895842926013e6
1.0231221210991158e6
1.0440582386802712e6
1.0651973680976757e6
1.086538954825806e6
1.1080824603179232e6
1.1298273620621148e6
1.1517731459691618e6
1.1739193231097837e6
1.1962654137878835e6
1.2188109511745241e6
1.2415554884998733e6
1.264498589194269e6
1.2876398336935563e6
1.3109788153389513e6
1.3345151422826098e6
1.358248436130678e6
1.3821783322593728e6
1.4063044803074854e6
1.4306265421093823e6
1.4551441931001777e6
1.4798571213801606e6
1.504765027669781e6
1.5298676254635768e6
1.5551646397105707e6
1.5806558074012497e6
1.606340877175003e6
1.6322196088810875e6
1.6582917734274107e6
1.684557152628489e6
1.71101553876699e6
1.7376667341936408e6
1.7645105513703513e6
1.791546812821225e6
1.8187753500796687e6
1.8461960039270688e6
1.8738086251821816e6
1.9016130711147794e6
1.9296092091846173e6
1.9577969155792417e6
1.9861760714903853e6
2.0147465689658525e6
2.0435083081637986e6
2.072461192237359e6
2.101605134652918e6
2.1309400549419965e6
2.1604658788479334e6
2.1901825388593785e6
2.2200899734200444e6
2.250188126853058e6
2.280476949281712e6
2.3109563960308516e6
2.341626428288667e6
2.3724870119866724e6
2.4035381178283934e6
2.4347797213869793e6
2.4662118030193616e6
2.4978343471543747e6
2.529647342834805e6
2.5616507825841294e6
2.5938446632342897e6
2.6262289845076413e6
2.658803752160485e6
2.691568972009127e6
2.7245246551662446e6
2.757670815508216e6
2.791007469816167e6
2.8245346375058885e6
2.858252341335974e6
2.8921606060934262e6
2.926259459009823e6
2.9605489306002385e6
2.995029052286319e6
3.0296998583794963e6
3.0645613853177885e6
3.0996136711114e6
3.1348567558909613e6
3.1702906812646724e6
3.2059154906903626e6
3.2417312289965716e6
3.277737938786505e6
3.313935679003603e6
3.3503244874662757e6
3.386904418013055e6
3.423675522358113e6
3.4606378524641884e6
3.4977914621142303e6
3.5351364052632167e6
3.5726727372335247e6
3.6104005139821903e6
3.6483197923394493e6
3.686430629459892e6
3.7247330833111345e6
3.7632272127175066e6
3.801913076352352e6
3.840790733959545e6
3.879860245319528e6
3.919121670771509e6
3.9585750709326766e6
3.9982205065609603e6
4.0380580389113105e6
4.078087729047721e6
4.1183096387917283e6
4.1587238293898623e6
4.19933036245821e6
4.240129299993565e6
4.281120703660946e6