387300.3847006494
387300.4338294228
387301.15802665544
387302.8682125595
387306.6980116917
387314.05915621575
387326.725610364
387346.8452477548
387376.883476184
387419.83082881465
387478.75403026456
387557.35759438213
387659.51418356434
387789.3752189912
387951.4711432116
388150.5705797083
388391.73544548964
388680.29799512285
389021.7373552689
389421.936525956
389886.9033056459
390422.668260404
391035.6533432964
391732.3581235125
392519.41319287964
393403.5847729816
394391.7029711186
395490.8082504391
396707.9007929852
398050.00517872523
399524.2824250279
401137.89031526516
402897.94260060776
404811.6257452824
406886.0547926604
409128.1821088462
411545.5232748422
414144.59014670737
416932.46109081473
419915.9562190639
423101.8276221717
426496.69908071693
430107.02879083616
433939.3641014722
437999.7733051977
442294.43596608634
446829.29431464744
451610.12552236347
456642.58719817176
461932.0844030238
467483.88410115737
473303.0715913721
479394.5286393778
485762.93236222735
492412.7783386385
499348.33961281326
506573.689735833
514092.6902332563
521908.9867732118
530026.013363661
538446.990916924
547174.918545663
556212.5845568432
565562.5547327376
575227.1848525878
585208.6149720035
595508.7698298347
606129.3658707067
617071.9079049143
628337.7025956188
639927.846655061
651843.2407974196
664084.5912837291
676652.4121341546
689547.0366687689
702768.5984304597
716317.0816436305
730192.2812928308
744393.8322545188
758921.2072508915
773773.7291038742
788950.5709724479
804450.7594001022
820273.1989634816
836416.650314266
852879.7643613081
869661.0620053483
886758.9734318146
904171.8167640115
921897.817747717
939935.1001898859
958281.7255484157
976935.6654719366
995894.822810065
1.0151570467050828e6
1.0347201221990971e6
1.054581782606256e6
1.0747397113943186e6
1.0951915646121537e6
1.1159349560342235e6
1.1369674743826836e6
1.1582866829250557e6
1.1798901293624607e6
1.2017753460538366e6
1.2239398584233525e6
1.246381184523629e6
1.269096850813808e6
1.292084376272035e6
1.3153413021467393e6
1.3388651707452438e6
1.3626535383258492e6
1.3867039928111234e6
1.4110141317555155e6
1.4355815799863494e6
1.4604039918385707e6
1.4854790622647367e6
1.5108044716105645e6
1.536378001819403e6
1.5621974193680654e6
1.5882605585226808e6
1.6145652724590227e6
1.6411094646861968e6
1.6678910697440184e6
1.6949080825130823e6
1.7221585295817568e6
1.749640483744387e6
1.77735206332674e6
1.8052914330207452e6
1.8334568035090417e6
1.861846426516461e6
1.890458610531852e6
1.91929170449518e6
1.9483440963334718e6
1.9776142376768915e6
2.007100611792729e6
2.036801767437455e6
2.066716249844103e6
2.0968427122224777e6
2.1271798179885424e6
2.157726284857508e6
2.188480869977451e6
2.2194423748280676e6
2.2506096300927545e6
2.281981849522206e6
2.313557013519257e6
2.34533503691323e6
2.377314601540933e6
2.4094947575612976e6
2.4418745886303484e6
2.4744532152378466e6
2.5072297925999863e6
2.5402035132060735e6
2.5733736042782757e6
2.606739327104268e6
2.640299971613974e6
2.674054866883021e6
2.7080033725463594e6
2.7421448616922777e6
2.7764787646020907e6
2.8110045211883658e6
2.845721605111312e6
2.880629519778565e6
2.9157277758678747e6
2.951015939589419e6
2.986493581770675e6
3.0221603197771e6
3.05801571928792e6
3.094059480863168e6
3.13029124911289e6
3.166710718176223e6
3.203317585511047e6
3.2401115795330484e6
3.2770924433845812e6
3.3142599403989404e6
3.35161384799563e6
3.3891539639461366e6
3.4268800962767545e6
3.4647920751815946e6
3.502889740645035e6
3.541172947995938e6
3.5796415662423642e6
3.61829547908473e6
3.6571345796954036e6
3.696158775922437e6
3.735367984848828e6
3.774762160154541e6
3.8143411758667333e6
3.8541050349069107e6
3.894053692665276e6
3.9341871076468835e6
3.9745052596166497e6
4.015008134131984e6
4.0556957252386473e6
4.0965680301385727e6
4.1376250660844836e6
4.178866841798677e6
4.220293376036778e6
4.261904702297227e6
4.303700851460608e6
4.345681866599799e6