48265.063006705575
48385.55889609322
48706.95009132588
49229.42379681501
49953.28267553577
50878.94266664889
52006.92988812292
53337.87741126047
54872.51996689208
56611.68987428665
58556.31005132996
60707.389791961876
63066.01256690445
65633.33673517432
68410.58209347128
71399.02568054022
74599.98744761857
78014.83077574722
81644.94715944654
85491.74989611233
89556.66705068146
93841.14083613225
98346.59437230698
103074.45185244581
108026.1252603998
113202.99654260348
118606.40878311126
124237.68446341984
130098.09391201442
136188.86129916256
142511.156500343
149066.09522203665
155854.74389201973
162878.04347340087
170136.96213995537
177632.33458719956
185364.93836364697
193335.47686033434
201544.58011526216
209992.80058423316
218680.6170777462
227608.4309163289
236776.56847290866
246185.28186205387
255834.7487559504
265725.07467708434
275856.2938538754
286228.37160882505
296841.2074816365
307694.63314667257
318788.42443802225
330122.28733201616
341695.8770017186
353508.793013182
365560.5764101483
377850.73550650897
390378.7115660486
403143.91451110714
416145.7106932099
429383.4284309301
442856.36104622274
456563.7698234074
470504.8862105241
484678.9150462913
499085.0370291625
513722.41133518174
528590.1781283326
543687.4610387203
559013.3694330365
574567.0006318307
590347.4430188953
606353.7761425071
622585.0747335238
639040.4094126967
655718.8493311831
672619.463254083
689741.3210532991
707083.4963307718
724645.0666944475
742425.1160025622
760422.7336336253
778637.019636783
797067.080761174
815712.0386135268
834571.0220583619
853643.168407738
872927.6382024535
892423.5981899363
912130.2316623731
932046.7355227231
952172.3237941327
972506.2251980582
993047.6846974583
1.0137959646696956e6
1.0347503430796119e6
1.0559101159479416e6
1.0772745962027414e6
1.098843113858212e6
1.1206150172806624e6
1.1425896717819413e6
1.1647664602483772e6
1.1871447835251158e6
1.2097240598528583e6
1.2325037252036352e6
1.2554832328922048e6
1.2786620518013826e6
1.3020396718984493e6
1.3256155960794608e6
1.3493893467434556e6
1.3733604613452733e6
1.3975284947883924e6
1.4218930175232305e6
1.446453616393184e6
1.4712098926982959e6
1.496161464597887e6
1.521307964593275e6
1.5466490404943465e6
1.572184354257298e6
1.5979135821559667e6
1.6238364145053234e6
1.649952555270018e6
1.676261721734467e6
1.7027636447337666e6
1.7294580665120005e6
1.7563447427960131e6
1.7834234411664521e6
1.8106939406945251e6
1.8381560325798516e6
1.8658095197377172e6
1.893654211745601e6
1.9216899351130854e6
1.9499165224965876e6
1.9783338170205588e6
2.0069416724506253e6
2.0357399510398332e6
2.0647285244641213e6
2.0939072733509396e6
2.123276086118279e6
2.152834859950252e6
2.1825835004061656e6
2.212521919766953e6
2.2426500387796694e6
2.2729677843269715e6
2.3034750873453487e6
2.334171899966782e6
2.365058157904555e6
2.396133819494918e6
2.427398843109934e6
2.4588531955872783e6
2.490496846666847e6
2.5223297729651527e6
2.5543519555764413e6
2.5865633809420043e6
2.6189640399003117e6
2.651553927265796e6
2.6843330448315283e6
2.7173013945513144e6
2.7504589847824154e6
2.783805827564137e6
2.8173419379806076e6
2.851067335041751e6
2.8849820406480934e6
2.9190860801112307e6
2.9533794824259593e6
2.987862277317014e6
3.0225344997632e6
3.057396186010889e6
3.0924473749833507e6
3.127688108214528e6
3.163118429029235e6
3.198738382607138e6
3.2345480177394063e6
3.2705473828624976e6
3.3067365289073503e6
3.3431155102283703e6
3.3796843805023297e6
3.4164431975132334e6
3.4533920147692827e6
3.490530893688724e6
3.5278598938635103e6
3.565379075631302e6
3.6030885016037757e6
3.640988234427971e6
3.6790783383204592e6
3.7173588777369605e6
3.7558299185556564e6
3.7944915267166104e6
3.8333437686606934e6
3.872386712385392e6
3.9116204256300516e6
3.9510449766020523e6
3.9906604341556914e6
4.0304668674013354e6
4.0704643457363555e6
4.11065293891408e6
4.151032716606696e6
4.1916037492602123e6
4.232366106517484e6
4.273319858977287e6
4.314465076857346e6