49477.86572711484
49597.83609961922
49917.82790694534
50438.03377125255
51158.76512596052
52080.44998673475
53203.62991640589
54528.95619278142
56057.18539470341
57789.17436104812
59725.87363121769
61868.32248792419
64217.63713679378
66775.01153249436
69541.7043420937
72519.02698816764
75708.34743475163
79111.06776058002
82728.62798105725
86562.48500370822
90614.115406372
94885.0099823353
99376.6411672144
104090.48181510484
109027.99188206621
114190.60125475391
119579.7233275653
125196.70799078449
131042.88314312996
137119.5218777265
143427.84292156858
149969.01057008683
156744.1160788489
163754.19836588547
171000.23524500857
178483.08707837667
186203.6008109277
194162.51053373615
202360.48458763023
210798.11122739874
219475.90393385573
228394.29660029642
237553.64613289057
246954.2297792272
256596.25614110188
266479.8533424747
276605.0785191025
286971.9156403091
297580.283833646
308430.03107310843
319520.9471968255
330852.7501641035
342425.1056348574
354237.620900164
366289.8483271821
378581.29056655086
391111.4012052569
403879.58839000587
416885.2184000191
430127.61762482405
443606.07612898666
457319.85039228335
471268.16579848004
485450.2197933444
499865.1845085831
514512.20940262027
529390.4238702707
544498.9408412932
559836.8537956974
575403.2499300463
591197.201659011
607217.7741040983
623464.0261513686
639935.012151469
656629.7847450245
673547.3948042511
690686.895220354
708047.3414675365
725627.7929051076
743427.3148102558
761444.9781601747
779679.8639666489
798131.0600919677
816797.6692937624
835678.7996262234
854773.5749222282
874081.1313904639
893600.6188046307
913331.2019143737
933272.0588460561
953422.3856063168
973781.3926438047
994348.3071104109
1.015122373701056e6
1.0361028530124926e6
1.0572890240061185e6
1.0786801828027347e6
1.100275642741921e6
1.122074736619719e6
1.1440768133463503e6
1.1662812404820279e6
1.1886874038785168e6
1.2112947068580536e6
1.2341025710740006e6
1.2571104352298705e6
1.2803177562296083e6
1.303724009002245e6
1.3273286840973026e6
1.3511312914762879e6
1.3751313565283888e6
1.3993284218963296e6
1.4237220467185092e6
1.4483118070175855e6
1.4730972935513114e6
1.4980781136614876e6
1.523253890155572e6
1.5486242611968378e6
1.5741888793135919e6
1.5999474119416364e6
1.625899538397885e6
1.652044961520964e6
1.6783833835240651e6
1.7049145296230612e6
1.7316381353739118e6
1.7585539497293143e6
1.7856617332729157e6
1.8129612570181394e6
1.840452308101523e6
1.8681346817620208e6
1.8960081854543302e6
1.924072636773604e6
1.9523278646537072e6
1.980773707417956e6
2.0094100139248827e6
2.03823664249193e6
2.0672534604168416e6
2.0964603444090155e6
2.1258571795403017e6
2.155443859301253e6
2.1852202857470205e6
2.215186368626489e6
2.245342026195217e6
2.275687180261211e6
2.3062217654705076e6
2.3369457197687807e6
2.367858987569959e6
2.398961521652083e6
2.4302532787064044e6
2.4617342229318926e6
2.49340432349243e6
2.52526355427707e6
2.557311897705444e6
2.589549336408351e6
2.6219758610173473e6
2.654591465382323e6
2.687396150488591e6
2.72038991751715e6
2.7535727741460395e6
2.7869447319503687e6
2.8205058055531415e6
2.8542560135097303e6
2.8881953776538065e6
2.9223239228730854e6
2.9566416780880503e6
2.9911486734225596e6
3.0258449433367783e6
3.060730524326016e6
3.0958054555920903e6
3.131069778782245e6
3.166523537705172e6
3.2021667776630586e6
3.2379995479502566e6
3.2740218974958034e6
3.310233877593554e6
3.3466355433094306e6
3.383226948764727e6
3.420008150788752e6
3.4569792077696878e6
3.494140179128752e6
3.5314911259083888e6
3.5690321057737805e6
3.606763186234656e6
3.6446844297558405e6
3.6827959022398153e6
3.7210976653746497e6
3.7595897897094516e6
3.798272340969933e6
3.8371453862878233e6
3.876208994761537e6
3.9154632350588283e6
3.9549081763994126e6
3.994543888616042e6
4.0343704418304004e6
4.0743879053822476e6
4.114596353348856e6
4.1549958530622665e6
4.195586477232251e6
4.236368296488693e6
4.27734138258999e6
4.318505805746369e6