46204.42698815392
46325.79359825968
46649.50320693239
47175.733468794846
47904.77158681696
48837.01221145573
49972.95444086351
51313.198762956716
52858.44196561101
54609.472614552564
56567.16622045601
58732.476508944266
61106.43304864291
63690.12916501428
66484.71985090504
69491.41193626932
72711.45326702093
76146.13012236316
79796.75569740977
83663.91753954624
87751.19882466938
92057.7115482016
96585.54845752323
101336.04409726194
106310.52184077332
111510.27270521948
116936.55912582914
122590.61154582756
128473.61520108313
134586.7091708869
140930.97984772493
147507.45307671028
154317.11056152615
161360.8623393656
168639.53650123056
176153.92467833252
183904.73057944252
191892.58879295882
200118.06392803972
208581.64886623624
217283.76044938192
226224.74847166392
235404.88568529586
244824.3774484299
254483.3563490914
264381.88708286453
274519.9675065712
284897.52950860385
295514.44212169235
306370.5122901354
317465.4883427408
328799.061989088
340370.8706884267
352180.5007208454
364227.4887176701
376511.32611245784
389031.45918772544
401787.2979521146
414778.2081027557
428003.5243400574
441462.54794304434
455154.5503555705
469078.7756985903
483234.44374373613
497620.75208213174
512236.87876251043
527081.9846475665
542155.2157367872
557455.7053635994
572982.5764257105
588734.9434579483
604711.91440598
620912.5927983308
637336.0793668074
653981.4738571052
670847.8767109223
687934.3900159538
705240.120099307
722764.1775613355
740505.6804367189
758463.7514831712
776637.5248559997
795026.1425798429
813628.7573420472
832444.5335207524
851472.6469324998
870712.2866242579
890162.6551559842
909822.9684305841
929692.4579072889
949770.3693907016
970055.964390724
990548.5198609391
1.0112473296508561e6
1.0321517028474312e6
1.053260965892905e6
1.074574462470314e6
1.0960915496089328e6
1.1178116069562268e6
1.1397340270117393e6
1.1618582201967165e6
1.184183614394224e6
1.2067096545774904e6
1.2294358004572974e6
1.2523615320563207e6
1.2754863421907276e6
1.298809743726695e6
1.322331263550423e6
1.3460504450717107e6
1.3699668485073615e6
1.3940800483382943e6
1.4183896360735386e6
1.4428952179580643e6
1.4675964139565271e6
1.4924928607074248e6
1.5175842083285549e6
1.5428701214655698e6
1.5683502784445118e6
1.5940243714037964e6
1.6198921056680926e6
1.6459531998140097e6
1.6722073852992037e6
1.6986544055208908e6
1.7252940165139926e6
1.7521259860494859e6
1.7791500928533261e6
1.806366128353387e6
1.8337738936683661e6
1.861373200965637e6
1.8891638731047623e6
1.9171457423549339e6
1.9453186513818302e6
1.9736824518340249e6
2.0022370051477416e6
2.0309821814048158e6
2.0599178578159243e6
2.089043925856969e6
2.118360276582859e6
2.147866814065925e6
2.1775634497067346e6
2.2074501009648684e6
2.237526693549405e6
2.2677931590082566e6
2.298249436238488e6
2.328895470274727e6
2.3597312117609624e6
2.3907566186046563e6
2.4219716529459516e6
2.4533762831168976e6
2.484970482828811e6
2.5167542306963233e6
2.5487275099492515e6
2.5808903090241984e6
2.613242620518496e6
2.6457844407724915e6
2.6785157728744736e6
2.7114366199230244e6
2.744546991404437e6
2.7778469000309906e6
2.8113363615854504e6
2.8450153954135873e6
2.878884023920338e6
2.9129422726264275e6
2.9471901698574247e6
2.9816277466461873e6
3.0162550368682086e6
3.051072076165712e6
3.086078903678886e6
3.1212755597656006e6
3.1566620875434536e6
3.1922385313761095e6
3.2280049391181995e6
3.263961358197455e6
3.300107839395399e6
3.3364444344176487e6
3.3729711980071543e6
3.409688180758557e6
3.4465954431630066e6
3.4836930406364123e6
3.5209810321248407e6
3.558459476551379e6
3.596128434854105e6
3.6339879682714334e6
3.67203813946197e6
3.7102790106088566e6
3.7487106465831855e6
3.7873331112338547e6
3.826146469483549e6
3.865150787511532e6
3.9043461304653743e6
3.9437325546407383e6
3.983310159615783e6
4.0230789796079295e6
4.0630390931167006e6
4.1031905676811757e6
4.1435334717203807e6
4.1840678730636537e6
4.224793839506258e6
4.265711439687775e6
4.306820741900189e6