323739.83390215616
323757.0711053939
323803.2532185751
323878.9776630684
323985.2479447831
324123.3620320636
324295.0209109082
324502.32319217356
324747.6245432975
325033.72510441154
325363.6648951234
325740.87709640065
326169.051572245
326652.18512966303
327194.57909049554
327800.7691148216
328475.5973451217
329223.98280987766
330051.2707948571
330962.94963566685
331964.6438228298
333062.21012952825
334261.5023548306
335568.7178096789
336990.0482444074
338531.8214066197
340200.42015909526
342002.36016114
343944.1886455556
346032.377540662
348273.54813757894
350674.29453311866
353241.1282125394
355980.6353340973
358899.2889564759
362003.55451579264
365299.78679341153
368794.2919003579
372493.26244823984
376402.80065871414
380528.89221035555
384877.3948876913
389454.03253262513
394264.4014100059
399313.8951089045
404607.8173458301
410151.2666028016
415949.1694686717
422006.27987078717
428327.16308584396
434916.19521558314
441777.56571743893
448915.2562434092
456333.0509988025
464034.5378607728
472023.09462598717
480301.8906104458
488873.8822566225
497741.8366926051
506908.29539247294
516375.60029190424
526145.8851791129
536221.084612398
546602.9126805915
557292.906019069
568292.3908538122
579602.4999152932
591224.1742291896
603158.1717789588
615405.0637334089
627965.2448642417
640838.9349771535
654026.1854049612
667526.8843849157
681340.7621720813
695467.3967724667
709906.2201173848
724656.5229974224
739717.4615232331
755088.0679967141
770767.2461452569
786753.7904709291
803046.3797624642
819643.6006183459
836543.9303859237
853745.7716514964
871247.4217832666
889047.1277802454
907143.0503768964
925533.2804207379
944215.8594886304
963188.777290627
982449.9679703057
1.0019973265160222e6
1.0218287181690657e6
1.0419419716251099e6
1.062334888819305e6
1.0830052484843188e6
1.1039508274738835e6
1.1251693640952467e6
1.146658618099411e6
1.1684163271788876e6
1.190440240192506e6
1.2127280984003474e6
1.2352776682503372e6
1.258086711491804e6
1.281153014917349e6
1.3044743734936756e6
1.3280486169004906e6
1.3518735789938564e6
1.3759471313016452e6
1.4002671738011849e6
1.4248316342364135e6
1.4496384590393214e6
1.474685650176984e6
1.4999712375594266e6
1.5254932550915144e6
1.551249827121851e6
1.5772390806605746e6
1.6034591939877213e6
1.6299083809161964e6
1.6565849016617641e6
1.6834870432961083e6
1.710613158998494e6
1.7379616229095387e6
1.7655308595053824e6
1.7933193349059955e6
1.8213255595506767e6
1.849548078986859e6
1.8779854971903341e6
1.9066364403203656e6
1.9354995910220097e6
1.9645736604635431e6
1.9938574180851039e6
2.0233496608850805e6
2.0530492392501193e6
2.082955006045872e6
2.1130659059575126e6
2.143380894361074e6
2.1738989620097307e6
2.204619150197668e6
2.235540520593524e6
2.2666621847524783e6
2.297983281753319e6
2.3295029886736907e6
2.3612205162178758e6
2.3931351037271367e6
2.425246026636147e6
2.4575525909782425e6
2.490054135234301e6
2.522750022292183e6
2.555639646100886e6
2.588722437756111e6
2.6219978405577033e6
2.6554653326055678e6
2.689124431658709e6
2.722974627303999e6
2.757015513696588e6
2.7912466497047246e6
2.8256676366116116e6
2.8602780949551202e6
2.895077670736271e6
2.930066019767767e6
2.965242833239305e6
3.0006078076286823e6
3.0361606908584614e6
3.071901164769995e6
3.1078290370673146e6
3.143944063798652e6
3.1802460384520884e6
3.2167347665270153e6
3.253410064853589e6
3.290271769428674e6
3.327319729888325e6
3.364553807329302e6
3.4019738766714223e6
3.4395798250538157e6
3.4773715512740826e6
3.5153489660553173e6
3.5535119883627687e6
3.5918605499757384e6
3.6303945922788014e6
3.669114074205425e6
3.7080189371675136e6
3.7471091641276884e6
3.7863847285049357e6
3.8258456166136195e6
3.865491811809478e6
3.9053233237304906e6
3.945340154794493e6
3.985542318162929e6
4.0259298320431155e6
4.066502722196111e6
4.107261019247914e6
4.148204756009918e6
4.1893339811689598e6
4.230648733039474e6
4.272149063565832e6
4.313835027718242e6
4.355706684138387e6