190424.76165325777
190485.00806803745
190645.8462452459
190907.76789571892
191271.57698083302
191738.36063764908
192309.48372497538
192986.76332460518
193772.04664561886
194667.48177389574
195675.93741552695
196799.8470408601
198042.230660071
199406.44033545878
200896.07538502954
202514.47541607468
204265.58033290243
206153.48340635927
208182.25994138507
210356.24800438713
212679.86645277817
215157.64851333317
217794.2274642149
220594.2932569174
223562.6049937877
226703.9292033533
230023.12273079198
233525.01214297104
237214.42288972804
241096.1568442462
245174.99491409567
249455.67481615965
253942.85347172938
258641.13606325543
263555.0363125519
268688.97994290746
274047.29423805705
279634.1569214163
285453.6754923144
291509.715025054
297806.3192905607
304346.9305107607
311135.1347090763
318174.31286153226
325467.6423563003
333018.16883352323
340828.7764577233
348902.1575665004
357240.84212005616
365847.1878383754
374723.3749397735
383871.4151576909
393293.1423799681
402990.22048293846
412964.14141042007
423216.22362614167
433747.63403560047
444559.3554964065
455652.2212749645
467026.90492369817
478683.92641812837
490623.655811088
502846.3186473714
515351.998871764
528140.6440204715
541212.0723217567
554565.9751731723
568201.9237090184
582119.3738615811
596317.6733298042
610796.0643278966
625553.6912410094
640589.6055014045
655902.7711531434
671492.0710403742
687356.3093485425
703494.2286433788
719904.4929156371
736585.7158349794
753536.4513628168
770755.2019319485
788240.4481763226
805990.5924148583
824004.0302299057
842279.1183374512
860814.1825590867
879607.5376731032
898657.4754042858
917962.2706837773
937520.1941275892
957329.5063858393
977388.4648448498
997695.3280176141
1.0182483563302113e6
1.0390458253716752e6
1.0600860030219266e6
1.081367182523171e6
1.102887665832973e6
1.12464576874346e6
1.146639829342578e6
1.1688682043437415e6
1.191329267919273e6
1.2140214246421074e6
1.2369430991069325e6
1.2600927428693045e6
1.2834688248104467e6
1.3070698854899346e6
1.3308944264705963e6
1.354941027342382e6
1.379208285317455e6
1.4036948272867708e6
1.4283993158499477e6
1.4533204436434917e6
1.478456936668358e6
1.5038075533606368e6
1.5293710851538298e6
1.555146359932051e6
1.5811322268238675e6
1.607327580703226e6
1.6337313444173816e6
1.6603424797622492e6
1.687159972200111e6
1.7141828442589547e6
1.7414101475300626e6
1.7688409690368602e6
1.7964744245460154e6
1.8243096609980501e6
1.852345856735881e6
1.8805822194700737e6
1.9090179860102471e6
1.9376524037071492e6
1.9664848225829501e6
1.9955145125067942e6
2.0247408358000284e6
2.0541631644245272e6
2.0837809262949936e6
2.1135935005791485e6
2.143600385189485e6
2.1738010401346846e6
2.2041949664938943e6
2.234781688478316e6
2.265560751248588e6
2.29653172313154e6
2.3276942001713477e6
2.359047763860369e6
2.390592094784399e6
2.422326796942939e6
2.454251563692596e6
2.4863660616879067e6
2.518670007587621e6
2.551163119246837e6
2.58384513402775e6
2.6167158079784256e6
2.649774907824383e6
2.68302222271321e6
2.716457546583379e6
2.750080694237409e6
2.783891481505864e6
2.8178897684717956e6
2.8520753964223196e6
2.8864482285734634e6
2.9210081398762553e6
2.9557550209883573e6
2.9906887542318036e6
3.0258092697144174e6
3.061116475760191e6
3.096610297881476e6
3.1322906809238167e6
3.1681575465330514e6
3.2042108690365967e6
3.240450606148891e6
3.276876724675162e6
3.313489201564868e6
3.3502880202836473e6
3.387273171087585e6
3.424444650918552e6
3.4618024619731097e6
3.4993466137776123e6
3.537077120291774e6
3.5749940007245285e6
3.613097279808616e6
3.651386987133865e6
3.68986315628044e6
3.728525836900761e6
3.7673750404411093e6
3.8064108429268706e6
3.8456332848339207e6
3.885042419476543e6
3.924638303930689e6
3.9644209981074934e6
4.0043905647384482e6
4.0445470696004857e6
4.0848905802570325e6
4.1254211679871776e6
4.1661389059023797e6
4.207043868471388e6
4.248136133137297e6
4.289415776203334e6
4.330882885465972e6
4.372537535764711e6