50828.562312874536
50947.93826721117
51266.34711484259
51783.98734470745
52501.179887251026
53418.36583422625
54536.10333746456
55855.0637070777
57376.02696401335
59099.87650930439
61027.593016367144
63160.24806840197
65498.99339748031
68045.06143262482
70799.75168283173
73764.41588828576
76940.47426413329
80329.36881826576
83932.59164331888
87751.6481043743
91788.07125774358
96043.39491949228
100519.15455446075
105216.87478650751
110138.06912529503
115284.21205353603
120656.79187079656
126257.20149440484
132086.82495241315
138146.98934973255
144438.9653031283
150963.96960565474
157723.149936609
164717.5922685331
171948.30317373408
179416.2328052008
187122.23804609798
195067.1083203086
203251.5536770143
211676.20294047927
220341.60562647932
229248.2336242004
238396.47512713482
247786.64456599733
257418.9752972005
267293.624253217
277410.67330011015
287770.1311779818
298371.9360550619
309215.9568005898
320301.9948227715
331629.7868660722
343199.0095028796
355009.280598793
367060.1601355884
379351.15682278015
391881.72884961683
404651.2866905704
417659.1972983483
430904.7859202927
444387.3400653263
458106.1119081274
472060.32113218785
486249.15806854283
500671.78637313703
515327.3458032784
530214.9548662051
545333.7134474404
560682.7052309264
576261.000272684
592067.6572249618
608101.7255916375
624362.2477746352
640848.2616841018
657558.8015956546
674492.9011106227
691649.5940444248
709027.9169882105
726626.9100926355
744445.6191870861
762483.0952021083
780738.3994476066
799210.600655738
817898.7774068543
836802.0234169634
855919.4386151412
875250.139926622
894793.2571030685
914547.934649226
934513.331960075
954688.6243238345
975073.0031577294
995665.6764799305
1.0164658699942048e6
1.0374728258187736e6
1.0586858045007274e6
1.0801040840441633e6
1.1017269605839166e6
1.1235537480566879e6
1.145583780274887e6
1.167816407002232e6
1.1902509981145572e6
1.2128869409544463e6
1.2357236416906288e6
1.2587605238513206e6
1.2819970295757006e6
1.3054326195283611e6
1.3290667701967387e6
1.3528989780591498e6
1.3769287552945428e6
1.4011556318187595e6
1.4255791543674273e6
1.4501988869811809e6
1.475014408770519e6
1.5000253162544437e6
1.5252312209083594e6
1.550631750718549e6
1.5762265481315497e6
1.602015270682147e6
1.6279975911030336e6
1.6541731956660342e6
1.6805417854634605e6
1.7071030747169007e6
1.7338567912239386e6
1.760802675784546e6
1.7879404815481051e6
1.8152699751088757e6
1.8427909339107666e6
1.8705031478284749e6
1.8984064181753208e6
1.926500556648264e6
1.9547853868941816e6
1.9832607411663227e6
2.0119264645908803e6
2.0407824097894311e6
2.0698284395262687e6
2.0990644266129937e6
2.1284902517735297e6
2.158105805082884e6
2.187910984869292e6
2.2179056969782e6
2.2480898562684506e6
2.2784633837310364e6
2.309026208969024e6
2.3397782671742933e6
2.370719502525068e6
2.401849863210655e6
2.433169305209602e6
2.4646777899961593e6
2.496375285327358e6
2.5282617632732987e6
2.560337204931062e6
2.5926015914128125e6
2.6250549122105674e6
2.6576971599960695e6
2.690528334818309e6
2.723548436969063e6
2.7567574733012873e6
2.7901554548177742e6
2.8237423955721776e6
2.8575183136620107e6
2.8914832304423084e6
2.925637171240613e6
2.9599801630620565e6
2.9945122375913355e6
3.029233428599873e6
3.0641437729323953e6
3.0992433095666356e6
3.1345320804882823e6
3.170010129754607e6
3.205677502871658e6
3.2415342496229187e6
3.2775804192771493e6
3.313816063567654e6
3.350241238245672e6
3.3868559978221934e6
3.423660399826818e6
3.460654503289124e6
3.497838367466802e6
3.5352120554013983e6
3.572775626910345e6
3.6105291470943377e6
3.64847268037858e6
3.6866062943172553e6
3.724930050601017e6
3.763444021168387e6
3.802148272357063e6
3.841042872453719e6
3.8801278915266055e6
3.9194033988874345e6
3.958869465618553e6
3.9985261619009753e6
4.0383735589133757e6
4.0784117282686154e6
4.118640741844963e6
4.1590606711938637e6
4.1996715891759e6
4.240473567410288e6
4.28146667878671e6
4.322650994834527e6