82621.59316946715
82726.25913020343
83005.47887539581
83459.55753237903
84088.98517462096
84894.43727899561
85876.77021268863
87037.00273950116
88376.34178412645
89896.19243287118
91598.0137646641
93483.48768144174
95554.41590559701
97812.72867243298
100260.45944491736
102899.75666578338
105732.8595134785
108762.08586931918
111989.82240938311
115418.51746161192
119050.66999771525
122888.79657615974
126935.44714568931
131193.1721157404
135664.5292656451
140352.0618525351
145258.28597674813
150385.68746583824
155736.71061080755
161313.7463359815
167119.12462063626
173155.11226460678
179423.89015651893
185927.56698382596
192668.1603743315
199647.59245128036
206867.6919073939
214330.18013955865
222036.67707394322
229988.69189748567
238187.62357700177
246634.759475595
255331.27337995244
264278.224142276
273476.5553309467
282927.09525668505
292630.5798049517
302587.59716791345
312798.65095838753
323264.1280381257
333984.31222098833
344959.38427564525
356189.420323772
367674.40430928266
379414.22380847076
391408.6753887731
403657.46993096685
416160.2342872997
428916.5163740094
441925.78845627327
455187.4519797454
468700.84059475455
482465.2250139415
496479.81644597265
510743.7710595045
525256.1938157498
540016.142460735
555022.6308614605
570274.6356644306
585771.0943051992
601510.9144895806
617492.974638593
633716.1283536719
650179.2073497418
666881.0245909629
683820.377918753
700996.0524765474
718406.8241317347
736051.4609491287
753928.7282243482
772037.3880905132
790376.2032977293
808943.9396156744
827739.3674022898
846761.2638297109
866008.4142830967
885479.6140557738
905173.6698048131
925089.4053106911
945225.6526089521
965581.2633290729
986155.1054655232
1.006946064757483e6
1.027953045161266e6
1.0491749722486841e6
1.0706107894723327e6
1.092259463031406e6
1.1141199807049297e6
1.1361913520808867e6
1.1584726080193352e6
1.180962805046449e6
1.2036610209946537e6
1.226566358824968e6
1.249677939957288e6
1.2729949176672932e6
1.2965164628792836e6
1.3202417726782516e6
1.3441700667087524e6
1.3683005892490526e6
1.3926326073548861e6
1.4171654117450374e6
1.4418983159814018e6
1.4668306597430147e6
1.4919617959613206e6
1.517291112456009e6
1.5428180107590025e6
1.5685419177563926e6
1.594462279515997e6
1.620578564241354e6
1.6468902627181928e6
1.6733968819935648e6
1.7000979525035392e6
1.7269930232718375e6
1.7540816630869866e6
1.7813634573863938e6
1.8088380109875184e6
1.8365049476854089e6
1.8643639080651e6
1.8924145472733243e6
1.9206565426785338e6
1.94908958211033e6
1.9777133723356305e6
2.006527633125559e6
2.0355321010443862e6
2.0647265267122937e6
2.0941106745599024e6
2.1236843223426715e6
2.1534472620876026e6
2.1833992958516628e6
2.213540241436677e6
2.2438699637253806e6
2.2743881918828003e6
2.3050948878356684e6
2.335989876650674e6
2.3670730310311266e6
2.3983442326171566e6
2.4298033744031684e6
2.4614503582396917e6
2.493285095050322e6
2.5253075033697244e6
2.557517511867292e6
2.589915056350015e6
2.6225000814761105e6
2.655272536333866e6
2.688232382519288e6
2.721379583342098e6
2.754714110005934e6
2.788235942785721e6
2.821945065473356e6
2.8558414698836496e6
2.8899251490041655e6
2.924196105594077e6
2.958654345904171e6
2.9932998812614246e6
3.0281327273907196e6
3.0631529051386435e6
3.098360438720777e6
3.1337553570266683e6
3.169337692002602e6
3.2051074805102027e6
3.2410647605949924e6
3.27720957920724e6
3.313541978498911e6
3.3500620070629376e6
3.3867697183666923e6
3.423665168668963e6
3.4607484134535906e6
3.498019515459529e6
3.535478528818125e6
3.5731255223509576e6
3.6109605597866043e6
3.6489837115776385e6
3.6871950428595194e6
3.7255946278009075e6
3.7641825382038667e6
3.8029588470603884e6
3.8419236298601623e6
3.881076962594665e6
3.9204189228786263e6
3.9599495891602268e6
3.9996690406012223e6
4.0395773411913593e6
4.0796746204884234e6
4.119960911839482e6
4.160436315849437e6
4.201100907423519e6
4.241954778058279e6
4.282998008797884e6
4.324230683323063e6
4.365652886339817e6