182860.33581092005
182923.37843839917
183091.66984023014
183365.6952962603
183746.23424290447
184234.36601071042
184831.46519594488
185539.22386484605
186359.47381241736
187294.41866763204
188346.7450506211
189518.93716986576
190813.9877756014
192234.98314653774
193785.598542534
195469.16057711607
197289.36041041737
199250.32874333998
201355.9843434877
203610.68520910759
206018.61554938537
208584.28023146442
211312.1701593282
214206.7845149071
217273.03190996562
220515.29762696667
223938.39715572208
227547.02968401747
231345.89157373528
235339.65262013546
239532.95523829496
243930.39496501326
248536.4983083068
253355.71549602266
258392.42215656507
263650.89430571435
269135.3047200795
274849.70619624393
280798.0312077766
286984.0832629082
293411.5243353632
300083.8775489181
307004.4528634196
314176.6394817098
321603.3078798638
329287.4198714654
337231.6979480753
345438.6434072504
353910.8393813844
362650.30927220435
371659.1646860728
380939.28497342
390492.378554666
400319.983528287
410423.4709469335
420804.0480806585
431462.7566644208
442400.48236293276
453617.95096348884
465115.7366145607
476894.2643301216
488953.81428608985
501294.5267341112
513916.40497685206
526819.3223433822
540003.0252741257
553467.1405320255
567211.1790991633
581234.5419268133
595536.5259105639
610116.3273196773
624973.0497912865
640105.7103959636
655513.24158198
671194.4997549658
687148.2698264224
703373.2698745223
719868.1576483785
736631.5349919295
753661.9533932413
770957.9181579181
788517.8944383394
806340.3100458211
824423.5636839268
842766.0233037182
861366.0370818604
880221.9345373744
899332.0242938654
918694.6144401855
938308.0013384266
958170.4649396524
978280.3048873681
998635.8089374178
1.0192352730964597e6
1.0400770083615715e6
1.0611593219604925e6
1.0824805464732754e6
1.1040390227164272e6
1.1258331087287061e6
1.1478611905235546e6
1.170121660291335e6
1.1926129420231453e6
1.2153334818100086e6
1.238281751057347e6
1.2614562446574918e6
1.2848554907356687e6
1.3084780400178675e6
1.332322466897849e6
1.3563874093616474e6
1.3806714858100556e6
1.4051733778625405e6
1.4298917899137312e6
1.454825464828027e6
1.4799731691565833e6
1.5053337062213956e6
1.5309059104943047e6
1.5566886534584672e6
1.5826808268058326e6
1.6088813637868566e6
1.6352892377050275e6
1.66190344091258e6
1.6887230019067964e6
1.7157469813970379e6
1.7429744704451573e6
1.7704045924597061e6
1.7980364997134833e6
1.8258693752106598e6
1.8539024315476508e6
1.8821349108912256e6
1.9105660825698199e6
1.939195245057501e6
1.9680217253767168e6
1.9970448780907143e6
2.026264076606472e6
2.0556787231469546e6
2.085288258578793e6
2.1150921323835035e6
2.1450898239253275e6
2.1752808370058783e6
2.205664697275199e6
2.236240949128575e6
2.2670091632862315e6
2.2979689303331114e6
2.329119856330425e6
2.3604615721657523e6
2.3919937562269075e6
2.4237160384103185e6
2.455628120949797e6
2.487729708360372e6
2.5200205292479214e6
2.5525003064380717e6
2.5851688015627707e6
2.6180257841426544e6
2.651071047552121e6
2.6843043727043574e6
2.717725580485404e6
2.751334496960664e6
2.78513096265526e6
2.8191148274755827e6
2.853285955259834e6
2.8876442202173816e6
2.9221895093570473e6
2.956921719199841e6
2.9918407566500623e6
3.026946529297545e6
3.062238981693754e6
3.0977180403949004e6
3.1333836609595725e6
3.1692357613816736e6
3.2052743472758294e6
3.2414992928947476e6
3.2779107685466064e6
3.314508580189069e6
3.3512927724566767e6
3.3882633412940516e6
3.425420288707991e6
3.462763621990225e6
3.5002933556431537e6
3.538009507711607e6
3.575912101980034e6
3.6140011668751137e6
3.6522767359562805e6
3.690738845765625e6
3.729387549188805e6
3.7682228622040236e6
3.807244862092031e6
3.8464535924577527e6
3.8858491091902703e6
3.9254314714351436e6
3.965200741471651e6
4.0051569837371893e6
4.0453002660928406e6
4.085630657571924e6
4.1261482309040017e6
4.1668530604000418e6
4.207745222402645e6
4.248824794768652e6
4.290091857501585e6
4.331546491786235e6
4.373188780880105e6