40715.20908064663
40838.68711900897
41168.0170012365
41703.34861392519
42444.92420820077
43393.0765392475
44548.22632347752
45910.87904369476
47481.62113830511
49261.11546264283
51250.0969830876
53449.366459866724
55859.785520829464
58482.269140252436
61317.78105350546
64367.32648130279
67631.94484935122
71112.70219371017
74810.68639551065
78726.99779024912
82862.74474180353
87219.0329296214
91796.96631805235
96597.63280879272
101622.10848553418
106871.42369438108
112346.60970947184
118048.64352961443
123978.46784256824
130136.98234867927
136525.03877591595
143143.44206029343
149992.93325970875
157074.21308255557
164387.91229018354
171934.60746397037
179714.8120311512
187728.97819886246
195977.4956558138
204460.69170718928
213178.83089507525
222132.11715138302
231320.68579090503
240744.6277153441
250403.9449913182
260298.61675443556
270428.5437387643
280793.5758686958
291393.5116298286
302228.1007778007
313297.0385701244
324599.97793888045
336136.52652507083
347906.2495804254
359908.67323580093
372143.2861295014
384609.5421468352
397306.8639442073
410234.63952829904
423392.236457883
436778.9917867023
450394.2216189673
464237.22063714813
478307.2654531581
492603.61609993695
507125.51841151726
521872.20594180725
536842.9019054587
552036.8211170721
567453.1716610851
583091.1566812466
598949.9759995638
615028.8276585235
631326.9093780427
647843.4200625758
664577.5607566839
681528.5366292307
698695.557130608
716077.8385792255
733674.6016705653
751485.0780446947
769508.5065805409
787744.1356344884
806191.2238580545
824849.0410571857
843716.8682409024
862793.9985873459
882079.7380229903
901573.4052819355
921274.3324832458
941181.8657242681
961295.3649404033
981614.2042824927
1.0021377726461755e6
1.022865473413205e6
1.0437967248322647e6
1.0649309601449862e6
1.0862676270392572e6
1.107806189080345e6
1.1295461258498915e6
1.1514869253064038e6
1.173628100540044e6
1.1959691737139258e6
1.2185096799163707e6
1.2412491741203703e6
1.2641872217496978e6
1.2873234047409985e6
1.3106573181798875e6
1.3341885633119955e6
1.3579167888528071e6
1.3818416061488823e6
1.4059626748102047e6
1.4302796580792137e6
1.4547922327542175e6
1.47950008824335e6
1.504402926529286e6
1.529500462288119e6
1.554792421723976e6
1.5802785428479072e6
1.6059585754319201e6
1.631832280331339e6
1.6578994294629614e6
1.6841598055331155e6
1.7106132017782337e6
1.737259421394314e6
1.7640982776644102e6
1.7911295938959478e6
1.8183532023654107e6
1.8457689446058208e6
1.8733766719689874e6
1.9011762425245212e6
1.9291675242547565e6
1.9573503933120144e6
1.9857247332936754e6
2.0142904348875838e6
2.0430473993479765e6
2.0719955302818818e6
2.1011347415758544e6
2.130464953149061e6
2.1599860911211274e6
2.189698088260448e6
2.2196008834962985e6
2.249694421276525e6
2.279978652051474e6
2.3104535313958907e6
2.341119020755786e6
2.371975086177339e6
2.4030216985730664e6
2.434258833848311e6
2.4656864723116853e6
2.4973045986044444e6
2.529113201870856e6
2.561112274739448e6
2.5933018140783384e6
2.6256818198159873e6
2.6582522981104227e6
2.6910132534027374e6
2.7239646982985274e6
2.7571066462000012e6
2.7904391138903545e6
2.8239621271924814e6
2.857675689600914e6
2.8915798451183112e6
2.9256746145260017e6
2.9599600282940706e6
2.994436117771225e6
3.029102917212061e6
3.063960462978371e6
3.09900879299916e6
3.1342479473116584e6
3.169677967434606e6
3.2052988967184313e6
3.2411107798883277e6
3.27711365939393e6
3.3133075941512166e6
3.3496926217695074e6
3.38626879598309e6
3.423036168376916e6
3.459994790755463e6
3.497144716780425e6
3.5344860002512075e6
3.572018696340327e6
3.609742860952017e6
3.6476585504586883e6
3.685765822159156e6
3.7240647337558055e6
3.7625553439107463e6
3.8012377111317543e6
3.8401118949916866e6
3.879177955105329e6
3.918435951636372e6
3.957885945030436e6
3.997527995872193e6
4.0373621652394617e6
4.07738851402035e6
4.11760710386395e6
4.1580179958341494e6
4.19862125136785e6
4.239416932287493e6
4.280405100078404e6