111366.27719896802
111458.08662903684
111703.04784090657
112101.53032132951
112654.13167633096
113361.67684677828
114225.21360085809
115245.99950950898
116425.50135230346
117765.39595377384
119267.54183122676
120933.98288076158
122766.9336379928
124768.764734544
126942.03524771138
129289.37140978812
131813.56376872727
134517.50746531456
137404.21114269787
140476.72234837987
143738.18815262037
147191.81524998214
150840.84245692406
154688.51954526125
158738.1249564706
162992.94847662732
167456.262536391
172131.29975535427
177021.26927016603
182129.3473857539
187458.62817758947
193012.15378333666
198792.88953136813
204803.7084421638
211047.40278118572
217526.66747535582
224244.0568831175
231202.0613542444
238403.025006142
245849.1766599843
253542.62168466233
261485.33573611706
269679.1656995915
278125.80809395714
286826.8574173823
295783.74994222494
304997.79235005577
314470.158937069
324201.88566012087
334193.8833591534
344446.92372175236
354961.6552870126
365738.5987545814
376778.15112318075
388080.58834389143
399646.0730667822
411474.65035601717
423566.2614749613
435920.7381712395
448537.80489431135
461417.1046244486
474558.1767193596
487960.4761161242
501623.3740897558
515546.1629393089
529728.0615237547
544168.2191643405
558865.7204402687
573819.5900305191
589028.7956482418
604492.2557239376
620208.8407372644
636177.37872862
652396.6592966759
668865.4381574993
685582.440244572
702546.3640877749
719755.8849515929
737209.6604249746
754906.3303680394
772844.5218799307
791022.8561691435
809439.9468364852
828094.3984565196
846984.8205717902
866109.8229544688
885468.0189127579
905058.0292432777
924878.48182477
944928.0158614552
965205.2822979357
985708.946341643
1.006437688725817e6
1.027390207349828e6
1.0485652182745652e6
1.06996145670855e6
1.0915776800311138e6
1.1134126664966724e6
1.1354652154511216e6
1.1577341517298862e6
1.180218323376359e6
1.2029166026260424e6
1.225827887032331e6
1.2489511022042711e6
1.2722851950510559e6
1.2958291425251733e6
1.3195819427412685e6
1.343542635464273e6
1.3677102644252307e6
1.3920839159382265e6
1.4166626981924311e6
1.4414457469132277e6
1.4664322250583232e6
1.4916213158292945e6
1.5170122435057238e6
1.5426042397714201e6
1.5683965719529872e6
1.594388533884717e6
1.6205794367079455e6
1.646968624177148e6
1.673555460254566e6
1.7003393363738903e6
1.7273196504674945e6
1.7544958738385628e6
1.7818674295425783e6
1.809433808053226e6
1.8371945130364685e6
1.8651490648923453e6
1.8932970105443224e6
1.921637913932276e6
1.9501713551220528e6
1.9788969344641913e6
2.0078142890816326e6
2.036923040154203e6
2.0662228542600707e6
2.095713407192576e6
2.125394388840516e6
2.155265508244966e6
2.185326488807981e6
2.215577071905354e6
2.246017010667549e6
2.2766460745548448e6
2.3074640467548943e6
2.3384707247965224e6
2.3696659167331224e6
2.4010494465510873e6
2.432621148145222e6
2.464380869655091e6
2.496328467695646e6
2.5284638118364247e6
2.560786781188638e6
2.5932972685349574e6
2.625995171653207e6
2.6588804001599215e6
2.6919528721626014e6
2.725212518759369e6
2.758659264065607e6
2.7922930782314357e6
2.8261138883169186e6
2.8601216622027284e6
2.8943163670926318e6
2.9286979740083343e6
2.963266470074971e6
2.9980218343775533e6
3.032964062786812e6
3.0680931537038647e6
3.1034091106638783e6
3.1389119431995843e6
3.1746016660236856e6
3.210478297875904e6
3.246541861060192e6
3.2827923867633464e6
3.3192299036279344e6
3.3558544531858577e6
3.392666070660464e6
3.429664801007896e6
3.466850691205704e6
3.5042237920021475e6
3.541784155604214e6
3.579531838721313e6
3.617466900321278e6
3.6555894014026574e6
3.6938994034074205e6
3.7323969758078684e6
3.7710821849163775e6
3.809955100989021e6
3.849015796028079e6
3.888264343818135e6
3.927700818713548e6
3.967325298011502e6
4.007137860022183e6
4.04713858400422e6
4.0873275503457407e6
4.127704840986637e6
4.1682705382488654e6
4.209024726238938e6
4.249967488815546e6
4.291098912057906e6
4.332419079444865e6
4.373928079611067e6