68285.9395185695
68397.26041821833
68694.21247421246
69177.05777838803
69846.22032265348
70702.28326966322
71745.98480227799
72978.21319815482
74400.0087851226
76012.54042280861
77817.11595739739
79815.15194424643
82008.21202774823
84397.92978549999
86986.05993784178
89774.43156645278
92764.95178410382
95959.5942212065
99360.3841642557
102969.39294882846
106788.72759987792
110820.5068892159
115066.87459932698
119529.96161197394
124211.8998690634
129114.80391132936
134240.75190087233
139591.78448170668
145169.93337107322
150977.11837473215
157015.23580915463
163286.1178664695
169791.50910268002
176533.09058054537
183512.44849821978
190731.0925055566
198190.43299540563
205891.7943941818
213836.399612403
222025.3768580553
230459.7524131509
239140.45449508837
248068.3080544623
257244.03667470266
266668.2674343481
276341.5244821906
286264.2323445087
296436.72257703403
306859.22910242213
317531.8932083507
328454.7663195194
339627.8123635732
351050.9115565723
362723.854667135
374646.36628781015
386818.08765007486
399238.5897408247
411907.37629602366
424823.8848880606
437987.49326978426
451397.5212911584
465053.23533511127
478953.8515800561
493098.53986425244
507486.42719191714
522116.60125447786
536988.1139436988
552099.984872637
567451.2041526895
583040.73665007
598867.5238011434
614930.4887313496
631228.5361893021
647760.5577246815
664525.4338098132
681522.0361338293
698749.2309762163
716205.8787939288
733890.8409568197
751802.9781347014
769941.1537491974
788304.2354458277
806891.0975674615
825700.6219757292
844731.7003281978
863983.2347983235
883454.1397271539
903143.3429663253
923049.7873281505
943172.4299351303
963510.2460582478
984062.227264177
1.0048273834312346e6
1.0258047430729067e6
1.0469933551134357e6
1.0683922861138778e6
1.0900006255541884e6
1.111817481970951e6
1.1338419857505742e6
1.1560732878490216e6
1.1785105628866942e6
1.2011530028080917e6
1.223999825504016e6
1.2470502694922192e6
1.2703035944425808e6
1.2937590822440581e6
1.3174160367777427e6
1.3412737832146622e6
1.3653316669817264e6
1.3895890572504937e6
1.4140453427719031e6
1.4386999326915967e6
1.4635522586582392e6
1.488601771011262e6
1.5138479404740147e6
1.539290257028019e6
1.5649282318280218e6
1.5907613932531024e6
1.6167892896375977e6
1.6430114871857392e6
1.6694275686605151e6
1.6960371378678428e6
1.7228398134520864e6
1.7498352314039394e6
1.7770230440244991e6
1.8044029200110598e6
1.8319745445824226e6
1.8597376154335781e6
1.8876918485736204e6
1.915836973006961e6
1.9441727315266216e6
1.972698881281084e6
2.0014151917985359e6
2.0303214461322716e6
2.0594174421967752e6
2.0887029858484103e6
2.118177897733305e6
2.1478420095977075e6
2.177695162326402e6
2.2077372108088518e6
2.2379680175408926e6
2.268387456382995e6
2.2989954107521195e6
2.3297917736897017e6
2.3607764463690384e6
2.391949339304049e6
2.4233103714081887e6
2.4548594703129926e6
2.4865965702563953e6
2.518521613502111e6
2.5506345489279437e6
2.5829353370659538e6
2.615423935325224e6
2.6481003167797546e6
2.6809644569418905e6
2.714016337300384e6
2.7472559453224833e6
2.7806832740419824e6
2.8142983214386e6
2.848101090716412e6
2.882091589679419e6
2.9162698306652564e6
2.9506358306168932e6
2.9851896109778024e6
3.019931194684587e6
3.054860612745895e6
3.089977896160983e6
3.1252830811308385e6
3.1607762061167634e6
3.196457313545765e6
3.2323264471532535e6
3.2683836568361945e6
3.304628993384831e6
3.3410625069050477e6
3.3776842539128e6
3.4144942918861983e6
3.451492681401836e6
3.4886794810220455e6
3.526054756441296e6
3.5636185714704334e6
3.6013709956782763e6
3.6393120941258757e6
3.67744193725983e6
3.715760595681177e6
3.754268143249381e6
3.79296465135352e6
3.831850196360881e6
3.870924851359514e6
3.9101886919687386e6
3.9496417971266634e6
3.9892842437179326e6
4.0291161100208233e6
4.0691374748806558e6
4.1093484181166985e6
4.1497490186765944e6
4.190339359744659e6
4.231119517539294e6
4.272089574822841e6
4.313249612632038e6
4.354599711052377e6