41525.82714550424
41649.01899907709
41977.58731089157
42511.686292541766
43251.5651961914
44197.566415917536
45350.12289299426
46709.75485620386
48277.065933693695
50052.73852707649
52037.52939061707
54232.2632130883
56637.82759646469
59255.16513223061
62085.2605548288
65129.17635916831
68387.95840180828
71862.71518849733
75554.56841097499
79464.6578780525
83594.12376285894
87944.11360793235
92515.76593318497
97310.20743948672
102328.54744075114
107571.86983094594
113041.22789438145
118737.64146858035
124662.09021184072
130815.51027207193
137198.78895089333
143812.76364877238
150658.2157199787
157735.8713851975
165046.3967890818
172590.396368562
180368.4131036476
188380.92753032633
196628.3537855399
205111.04445977815
213829.2853527677
222783.30094236654
231973.2508756432
241399.23291329446
251061.28346498767
260959.37931091848
271093.4396544435
281463.325330534
292068.84492591105
302909.7534142214
313985.75536700553
325296.5060321298
336841.6173374688
348620.6559521095
360633.1479763173
372878.58088246826
385356.4059213591
398066.04117390513
411006.8731201454
424178.25859519106
437579.52974468586
451209.9939566329
465068.93667964835
479155.6242307867
493469.3056989935
508009.21504425065
522774.573249041
537764.590298738
552978.4671175964
568415.3973916556
584074.5693645764
599955.1674358583
616056.3739432934
632377.3704742497
648917.3395345716
665675.465505639
682650.9367008735
699842.94563682
717250.6907494974
734873.3774740931
752710.2182737602
770760.4357050442
789023.2600646813
807497.933667033
826183.7089234068
845079.8498798914
864185.6328486339
883500.347176156
903023.2950816408
922753.7922678943
942691.1689454808
962834.7691772764
983183.9515595939
1.0037380897267235e6
1.0244965719153059e6
1.0454588018723287e6
1.0666241983039067e6
1.0879921948163144e6
1.1095622411559643e6
1.1313338017855976e6
1.153306356701692e6
1.175479401010167e6
1.1978524461450814e6
1.2204250150187747e6
1.243196650988765e6
1.266166907713055e6
1.2893353562646364e6
1.312701581017768e6
1.3362652159954268e6
1.3600257698526108e6
1.3839829738935758e6
1.4081364358337265e6
1.4324858089781154e6
1.4570307615948042e6
1.4817709746202102e6
1.5067061419226318e6
1.5318359703706792e6
1.5571601784866943e6
1.582678497214973e6
1.608390669289903e6
1.6342964489435712e6
1.6603956016843389e6
1.6866879041497791e6
1.713173143740235e6
1.739851118070916e6
1.766721635098815e6
1.7937845130904936e6
1.8210395794985066e6
1.848486671249449e6
1.8761256354736912e6
1.9039563255482886e6
1.9319786066861833e6
1.960192350327848e6
1.9885974368268563e6
2.0171937546448247e6
2.045981199281734e6
2.0749596739021947e6
2.1041290888672573e6
2.1334893615615983e6
2.1630404156873133e6
2.192782181881866e6
2.2227145968385693e6
2.25283760326744e6
2.2831511498073125e6
2.3136551904029325e6
2.3443496850071205e6
2.375234598350727e6
2.4063099002064727e6
2.4375755651859865e6
2.4690315727656186e6
2.500677906732162e6
2.532514555306346e6
2.5645415098980693e6
2.5967587689842386e6
2.6291663298047394e6
2.661764198457141e6
2.6945523804897266e6
2.727530886904109e6
2.760699731465377e6
2.7940589414659585e6
2.827608504810253e6
2.8613484757322315e6
2.8952788687348263e6
2.929399711918252e6
2.9637110345070693e6
2.9982128695717664e6
3.03290525136992e6
3.0677882165804314e6
3.102861804035934e6
3.1381260539371795e6
3.1735810085368897e6
3.2092267118290956e6
3.245063209265304e6
3.281090547771473e6
3.3173087757067024e6
3.353717942800029e6
3.390318099840886e6
3.4271092992985137e6
3.464091593784684e6
3.5012650378416404e6
3.538629686398387e6
3.576185595448644e6
3.6139328218710897e6
3.651871423165338e6
3.6900014574479973e6
3.7283229835345345e6
3.7668360611752477e6
3.8055407498278003e6
3.844437110237266e6
3.883525203129176e6
3.922805089635403e6
3.962276831405731e6
4.001940490124762e6
4.0417961279836977e6
4.0818438069400815e6
4.1220835897438824e6
4.162515538925307e6
4.203139716663465e6
4.243956186077276e6
4.284965009781547e6