518874.8765579432
518844.80746063567
518764.8696990692
518635.6867633811
518458.3819379064
518234.3606493062
517965.47953940625
517654.08815845137
517302.77011403255
516914.51025028003
516492.74834830826
516041.24146898335
515564.0918319569
515065.6712279819
514550.8086597957
514024.53913539555
513492.21154552535
512959.4913984287
512432.2197221223
511916.5344197422
511419.07096883503
510946.13527513284
510504.6535247975
510101.6214058853
509744.17096362205
509439.6450432418
509195.28085416486
509019.27400608815
508918.6644584789
508901.44438155775
508975.4659290209
509148.62047934544
509428.86098257813
509824.1683796167
510342.5351753897
510991.96900443616
511780.4684562391
512716.012715535
513806.55317534565
515059.5418215083
516483.98142733856
518086.53396150155
519875.24174804846
521857.7158691862
524041.4246647882
526433.7779759474
529042.061114094
531873.3865105453
534934.8094539876
538233.1529914725
541775.144791378
545567.3451957146
549616.1502264689
553927.7673082608
558508.2429398375
563363.4366171071
568499.0161341932
573920.4482959858
579633.015798901
585641.7799138692
591951.6147454489
598567.1640264508
605492.8668161586
612732.9503555173
620291.4174191951
628172.0364495899
636378.36916667
644913.7515061196
653781.2881794648
662983.8586423452
672524.119300171
682404.5079878892
692627.2238474557
703194.2558993849
714107.3643352769
725368.0921332213
736977.7646984778
748937.4929193076
761248.1771526086
773910.5072825446
786924.9736763951
800291.8643837622
814011.2659251693
828083.0901186697
842507.0395467925
857282.6673172661
872409.3091648915
887886.1780493039
903712.2932837568
919886.5312278399
936407.6088054071
953274.1039253197
970484.4599465844
988036.9732198247
1.0059298464633853e6
1.0241611332602948e6
1.042728803160434e6
1.0616307004405607e6
1.0808645956057962e6
1.1004281506513872e6
1.1203189564964785e6
1.1405345249860804e6
1.1610723005707962e6
1.1819296622927953e6
1.20310393741171e6
1.2245924038929543e6
1.246392299424558e6
1.2685008113418084e6
1.290915127619307e6
1.3136323609859762e6
1.3366496503681457e6
1.359964113600492e6
1.3835728265470685e6
1.4074729162721052e6
1.4316614587968844e6
1.4561355790690614e6
1.4808923480704888e6
1.5059289440556522e6
1.5312424840266595e6
1.556830146981461e6
1.5826891205519834e6
1.608816634459686e6
1.6352096507325103e6
1.661866296601885e6
1.6887830708348835e6
1.7159576040918438e6
1.743387317139683e6
1.7710696369910585e6
1.7990020786029412e6
1.8271821705864677e6
1.855607513186564e6
1.8842757416751257e6
1.9131845365168736e6
1.9423316551125129e6
1.9717148829659221e6
2.0013320869647537e6
2.0311811027433265e6
2.0612599824087261e6
2.091566670353174e6
2.122099245840889e6
2.1528558277825937e6
2.1838345773857073e6
2.2150337495428175e6
2.2464515941071603e6
2.278086460422105e6
2.3099367264285944e6
2.342000837461629e6
2.374277278252177e6
2.406764593227529e6
2.439461376686833e6
2.4723662667169143e6
2.5054779561550515e6
2.5387951830901634e6
2.5723167371899043e6
2.606041444864116e6
2.63996819039937e6
2.674095899440351e6
2.7084235177904195e6
2.742950108084743e6
2.777674656303852e6
2.8125962791211815e6
2.847714106793361e6
2.883027309273661e6
2.9185350990404706e6
2.9542367119688992e6
2.990131435885001e6
3.0262185676405416e6
3.0624974720220133e6
3.098967520967461e6
3.135628127673661e6
3.1724787540221163e6
3.2095188292056513e6
3.246747877593713e6
3.284165422862575e6
3.321771022168939e6
3.359564263882287e6
3.3975447281030254e6
3.4357120533404206e6
3.474065942454543e6
3.512606006332727e6
3.5513319727029246e6
3.590243560717842e6
3.62934048303623e6
3.66862253180075e6
3.708089464693301e6
3.747741086127234e6
3.787577200408639e6
3.8275976386104e6
3.8678022437447044e6
3.9081908769875043e6
3.948763407556711e6
3.9895197290208987e6
4.030459740545112e6
4.0715833536633155e6
4.1128904975604336e6
4.154381109955558e6
4.196055138446525e6
4.237912543838149e6
4.279953295445425e6
4.322177373093257e6