43873.090720959095
43995.398702385195
44321.61445966526
44851.904283666314
45586.536980746314
46525.881722989434
47670.405898613244
49020.670793717494
50577.328084192006
52341.114829053025
54312.848728122335
56493.421788843814
58883.79155219052
61484.983972565824
64298.07039449114
67324.17666762313
70564.46481646365
74020.13073500845
77692.39448962593
81582.49391579427
85691.67663649438
90021.1920366786
94572.28587739487
99346.19179517138
104344.12785120905
109567.28378818263
115016.82093303441
120693.8649032161
126599.50039968369
132734.76654440034
139100.65424005184
145698.09616234963
152527.97269353276
159591.1028253695
166888.2412662555
174420.08097893448
182187.24657528306
190190.29697547783
198429.72351894874
206905.9464744384
215619.32027042125
224570.12861591627
233758.58988062662
243184.8539907302
252849.00500282468
262751.03305014386
272890.9859246658
283268.668085952
293883.9478027528
304736.604441675
315826.3626663729
327152.8950872151
338715.8239165015
350514.7241212301
362549.1248438559
374818.51376541017
387322.337990809
400060.0075879656
413030.89799890504
426234.35248708504
439669.685042167
453336.1825966615
467233.10765698744
481359.7005234773
495715.1821215879
510298.7558615563
525109.6100723165
540146.9201487968
555409.8506136901
570897.5571497015
586609.1885200789
602543.8883612572
618700.7969882046
635079.0530014555
651677.7949762542
668496.1627686613
685533.2992490828
702788.3511818495
720260.4708095379
737948.8171809696
755852.555894891
773970.8629780619
792302.9218551657
810847.9283013635
829605.0880546989
848573.6197963413
867752.7531425769
887141.7322979796
906739.8144137675
926546.2711645755
946560.388524608
966781.4674434126
987208.823958394
1.0078417898474069e6
1.0286797123207268e6
1.0497219547520378e6
1.0709678963310819e6
1.092416932038724e6
1.1140684735670597e6
1.1359219488731083e6
1.1579768012052397e6
1.180232491084488e6
1.2026884960793604e6
1.2253443039287124e6
1.248199427270155e6
1.2712533876808523e6
1.294505725716176e6
1.317955995829247e6
1.3416037690716907e6
1.3654486295654853e6
1.389490179290311e6
1.4137280320560466e6
1.4381618181469506e6
1.4627911803000222e6
1.4876157767812351e6
1.5126352785524023e6
1.5378493708791486e6
1.563257751397532e6
1.5888601309536505e6
1.6146562329436238e6
1.64064579345303e6
1.666828559976797e6
1.693204292343987e6
1.71977276165112e6
1.7465337500275e6
1.7734870506781973e6
1.8006324677887699e6
1.8279698153066754e6
1.8554989173974886e6
1.8832196092346923e6
1.9111317321792392e6
1.9392351408936616e6
1.9675296963648605e6
1.996015269312363e6
2.0246917386412097e6
2.0535589914988691e6
2.0826169222409215e6
2.1118654343946143e6
2.1413044375038217e6
2.1709338489694353e6
2.2007535925385905e6
2.230763599589806e6
2.2609638083285154e6
2.2913541589412624e6
2.321934604454169e6
2.35270509872903e6
2.38366560326533e6
2.414816083970703e6
2.4461565124183977e6
2.4776868650483666e6
2.509407123323029e6
2.5413172728749947e6
2.573417303887171e6
2.6057072129733223e6
2.6381869926996254e6
2.670856652541384e6
2.7037161953301188e6
2.7367656312694084e6
2.770004973765965e6
2.803434239160649e6
2.8370534471296007e6
2.8708626201221473e6
2.9048617839073148e6
2.939050966620941e6
2.9734301982250856e6
3.0079995127835474e6
3.042758945383884e6
3.0777085339434408e6
3.112848318210962e6
3.1481783401803263e6
3.183698643152649e6
3.219409273517024e6
3.255310277664328e6
3.2914017046608813e6
3.327683604731455e6
3.3641560297108805e6
3.4008190324343247e6
3.4376726675589876e6
3.4747169900317555e6
3.5119520567694716e6
3.5493779248817246e6
3.5869946530457856e6
3.6248023005245635e6
3.6628009277764456e6
3.7009905948196277e6
3.739371363819658e6
3.7779432932020687e6
3.816706456487693e6
3.855660906001717e6
3.8948067091016835e6
3.9341439296851987e6
3.9736726327587757e6
4.013392881619403e6
4.0533047426698664e6
4.093408487277465e6
4.1337035605459353e6
4.1741906486060917e6
4.214869609757494e6
4.255740510099514e6
4.296803415250603e6