65331.38285010628
65444.084803382284
65744.7161795228
66233.52956461266
66910.93358925695
67777.4900310032
68833.91030201997
70081.05041605694
71519.91135272523
73151.6173556149
74977.43151756376
76998.72443426133
79216.97367274418
81633.77640363056
84250.80961811455
87069.83205993287
90092.67536885111
93321.24583398021
96757.45347550337
100403.31644526421
104260.8423925878
108332.06340314943
112619.0270929613
117123.77232997929
121848.3374969961
126794.73590599839
131964.95277379762
137360.93954756064
142984.60196386895
148837.7875305307
154922.2939576346
161239.85020593618
167792.10696674243
174580.6512644607
181606.97736807255
188872.5037115434
196378.55440768687
204126.36390752677
212117.07367870613
220351.7283335154
228831.27523475193
237556.56841438392
246528.35965280078
255747.303313573
265213.9583151913
274928.78970521095
284892.15499500197
295104.33629948547
305565.51408604573
316275.77669166704
327235.13414678734
338443.50610768644
349900.73275164014
361606.5768825299
373560.7245505674
385762.79099259543
398212.3228340249
410908.8016280568
423851.6475514376
437040.2229669883
450473.835746976
464151.7431411436
478073.15512184065
492237.23803035566
506643.11798239575
521289.8843334804
536176.5930359277
551302.2698852266
566665.9138346593
582266.5001360879
598102.9826268102
614174.2983033458
630479.3685535734
647017.1021956352
663786.3987083259
680786.1501401421
698015.2441170637
715472.5684262379
733156.9950162934
751067.4220959176
769202.7341393455
787561.8254388059
806143.5949274371
824946.9563386133
843970.8251517952
863214.1326945801
882675.8219026774
902357.412156607
922250.1866483835
942360.81681765
962685.7535193576
983224.0073933315
1.0039746205036067e6
1.0249366501192634e6
1.0461091734277165e6
1.0674912857711958e6
1.0890821041224548e6
1.110880764977816e6
1.1328864256233359e6
1.1550982651447458e6
1.1775154828034674e6
1.200137299643612e6
1.2229629569238094e6
1.245991719019703e6
1.2692228704672167e6
1.2926557174275464e6
1.3162895875814338e6
1.3401238288728958e6
1.3641578108054758e6
1.3883909234020296e6
1.4128225774230505e6
1.4374522031715657e6
1.4622792527304078e6
1.4873031964047346e6
1.512523524309908e6
1.5379397453659668e6
1.5635513889396577e6
1.5893580011728771e6
1.6153591474130931e6
1.6415544108987225e6
1.6679433903958546e6
1.6945257051058933e6
1.721300989618251e6
1.7482688919478995e6
1.775429081021245e6
1.8027812381756546e6
1.83032506148507e6
1.8580602616785164e6
1.8859865664500399e6
1.9141037165362018e6
1.9424114658097678e6
1.970909582236757e6
1.9995978457527827e6
2.0284760497852748e6
2.0575439996551184e6
2.0868015124250145e6
2.116248417001472e6
2.145884552216864e6
2.17570976817711e6
2.2057239268238386e6
2.235926897859131e6
2.2663185620389245e6
2.296898809224627e6
2.3276675385270608e6
2.3586246499547204e6
2.389770081899614e6
2.4211037358671203e6
2.452625552191694e6
2.484335469852742e6
2.516233435637401e6
2.548319402558295e6
2.580593335017815e6
2.6130551945550274e6
2.6457049575504423e6
2.6785426027317503e6
2.711568114768139e6
2.74478148400807e6
2.7781827060993486e6
2.8117717816161807e6
2.8455487161219036e6
2.8795135194368386e6
2.9136662058597635e6
2.948006794190172e6
2.982535307506311e6
3.0172517704284e6
3.052156215068207e6
3.087248673776121e6
3.1225291837873766e6
3.1579977844389393e6
3.193654519555307e6
3.2294994338288046e6
3.2655325755333398e6
3.301753996602753e6
3.338163751981516e6
3.3747618933481784e6
3.4115484801639426e6
3.448523571898343e6
3.485687230864227e6
3.5230395175162395e6
3.560580501673464e6
3.5983102475372585e6
3.6362288219291777e6
3.6743362950846455e6
3.712632736747592e6
3.7511182206711196e6
3.789792817826426e6
3.828656602638369e6
3.867709650257801e6
3.906952034577617e6
3.9463838336064066e6
3.986005123682874e6
4.0258159822712983e6
4.065816487534843e6
4.1060067179708607e6
4.146386896198395e6
4.186956673320726e6
4.227716555333588e6
4.268666480644751e6
4.309806529253952e6
4.351136780469632e6