62620.38212564794
62734.35030739196
63038.35495105601
63532.63954168116
64217.59790725386
65093.77159314294
66161.84620998375
67422.64687235936
68877.13686491604
70524.35676773387
72371.64886553449
74414.20693416748
76655.50439968496
79097.06401865144
81740.50178668968
84587.50986837712
87639.86202220389
90899.33437051502
94367.83693378654
98047.25859590268
101939.53234430458
106046.60841769967
110370.44299486416
114912.99119464788
119676.19530237361
124661.97992276947
129872.23969222762
135308.83229588554
140973.56842233604
146868.2180624158
152994.47255970337
159353.95431731222
165948.25938149093
172778.86967197788
179847.19694659935
187154.5699054015
194702.23322367913
202491.33264003776
210522.9525124448
218798.0420638175
227317.48107366316
236082.05355658056
245092.44394258113
254349.24455627182
263852.9502505431
273603.9697265236
283602.6110079533
293849.0963967927
304343.5625884386
315086.0563469515
326076.5435327676
337314.9092493447
348800.95198345796
360534.41196363734
372514.9451062972
384742.1420471345
397215.52838908177
409934.56776905066
422898.66535679996
436107.1713360182
449559.3845805672
463254.5559040072
477191.89140245545
491370.55633323063
505789.67800909915
520448.34935527266
535345.6321181809
550480.5600029372
565852.1418863763
581459.3645946821
597301.1959938338
613376.5878316052
629684.4783228509
646223.7944907432
662993.4552760465
679992.3734605662
697219.458163617
714673.61605518
732353.7554890963
750258.7861088177
768387.6220981407
786739.1834370249
805312.3968675733
824106.198887409
843119.5360720768
862351.3660032824
881800.6593282445
901466.4003929901
921347.5886073003
941443.2387321336
961752.3821138246
982274.0674036668
1.0030073612001201e6
1.0239513480092396e6
1.0451051328508724e6
1.0664678379347457e6
1.088038607251685e6
1.1098166035999025e6
1.131801010899182e6
1.1539910333744744e6
1.1763858960901448e6
1.1989848449449998e6
1.2217871458063214e6
1.2447920871100398e6
1.2679989765539034e6
1.291407143749357e6
1.3150159391047545e6
1.3388247317657177e6
1.3628329135999635e6
1.3870398952434203e6
1.4114451078046246e6
1.4360480020064511e6
1.4608480487134638e6
1.4858447372734488e6
1.5110375761039665e6
1.536426092786345e6
1.5620098310071158e6
1.5877883564885044e6
1.6137612498236508e6
1.6399281094456068e6
1.666288549981987e6
1.6928422047457488e6
1.719588721568868e6
1.7465277655814383e6
1.773659013637225e6
1.8009821630759719e6
1.828496923295004e6
1.856203016873504e6
1.8841001825856129e6
1.9121881720412085e6
1.9404667494241989e6
1.9689356927505434e6
1.997594791338823e6
2.026443847874945e6
2.055482676943383e6
2.0847111022915696e6
2.1141289624344404e6
2.143736103335568e6
2.173532382472072e6
2.2035176684670895e6
2.2336918374645915e6
2.2640547775284015e6
2.2946063831533864e6
2.3253465466600787e6
2.35627522087938e6
2.38739228552729e6
2.4186976844752803e6
2.450191354200907e6
2.481873238196454e6
2.5137432873052256e6
2.5458014582080785e6
2.5780477188374233e6
2.6104820344747785e6
2.6431043843045956e6
2.675914749942697e6
2.708913118836292e6
2.7420994839657233e6
2.7754738432960967e6
2.8090361995165753e6
2.84278656019737e6
2.876724936990219e6
2.9108513460117397e6
2.9451658074172516e6
2.979668345658178e6
3.014358986826047e6
3.0492377639044574e6
3.084304710387071e6
3.119559864007196e6
3.155003265838594e6
3.190634959007568e6
3.2264549895788664e6
3.262463406163184e6
3.298660260878121e6
3.335045606933083e6
3.371619501799444e6
3.408381999624795e6
3.4453331616004454e6
3.4824730481092823e6
3.5198017250649286e6
3.5573192561869626e6
3.5950257074928153e6
3.6329211453231806e6
3.671005639658951e6
3.709279259785232e6
3.7477420785663966e6
3.7863941667325804e6
3.8252355979809733e6
3.8642664466928747e6
3.903486786275753e6
3.9428966938200174e6
3.982496244894578e6
4.022285516124907e6
4.0622645848737014e6
4.102433528948567e6
4.1427924260945506e6
4.183341355236764e6
4.224080394713464e6
4.265009623575157e6
4.306129120801064e6
4.347438964601422e6