60143.86590898977
60258.98771214491
60566.06549578378
61065.33407603958
61757.1732373235
62642.10516902877
63720.79094973137
64994.026794679026
66462.74027531064
68127.97474901992
69990.89798583018
72052.78857160168
74315.01835768495
76779.05805638697
79446.45948778061
82318.85071967181
85397.930350315
88685.42348450373
92183.14558772152
95892.91658071801
99816.58788249828
103956.03084418984
108313.11734679178
112889.72040769839
117687.69816495653
122708.88618267642
127955.09471569839
133428.09315656935
139129.60766774608
145061.32144935612
151224.82561619504
157621.69762684059
164253.41220593467
171121.3810377184
178226.93485563967
185571.32367416224
193155.71531057384
200981.20255540274
209048.73139102632
217359.24844121392
225913.54260827525
234712.33361711618
243756.24488827097
253045.80964345846
262581.4683375553
272363.5736961127
282392.38717835525
292668.0862544809
303190.76190791454
313960.4219706658
324976.99657658266
336240.334388686
347750.21209532977
359506.3347967188
371508.33668469277
383755.78851133026
396248.1977613085
408985.01324240374
421965.62813178287
435189.3833300709
448655.57105772546
462363.43820470374
476312.1893115592
490500.9903471952
504928.9717458824
519595.2316351583
534498.8391337624
549638.837063119
565014.2454118324
580624.0637288303
596467.2742962796
612542.8447375842
628849.7301444423
645386.8771124189
662153.2234089503
679147.7032363544
696369.2464492649
713816.7835543854
731489.2459862116
749385.5675589417
767504.6872630827
785845.5503701697
804407.109548784
823188.2963649378
842188.1716853117
861405.6421833981
880839.721044779
900489.4247041993
920353.7796689465
940431.8272849259
960722.6262408828
981225.2519478662
1.0019387973592638e6
1.0228623743704862e6
1.043995112781296e6
1.0653361750761075e6
1.0868846909772148e6
1.1086398883093905e6
1.1306009170012046e6
1.1527671379416988e6
1.175137676675382e6
1.1977118358605872e6
1.2204889090802576e6
1.243468206920133e6
1.2666490597668889e6
1.2900308189358178e6
1.3136128565249448e6
1.3373945615530745e6
1.3613753471971236e6
1.3855546434952733e6
1.4099319009573208e6
1.4345065887002482e6
1.4592781961231208e6
1.4842462304303932e6
1.5094102166019506e6
1.5347696987483036e6
1.5603242383772014e6
1.5860734155021892e6
1.612016825733812e6
1.6381540823511244e6
1.664484814345182e6
1.6910086682911795e6
1.7177253046705467e6
1.744634402489116e6
1.7717356513809199e6
1.7990287600678895e6
1.8265134460959255e6
1.854189445983914e6
1.8820565078517161e6
1.9101143943335714e6
1.9383628787074534e6
1.966801748227068e6
1.9954308008566175e6
2.0242498479350794e6
2.0532587119250614e6
2.0824572243592604e6
2.111845230942804e6
2.141422584879606e6
2.1711891502209036e6
2.2011448018498025e6
2.2312894223730024e6
2.2616229045642754e6
2.292145149245333e6
2.3228560671461057e6
2.353755575647489e6
2.384843599467965e6
2.416120073076416e6
2.447584937262226e6
2.4792381393012544e6
2.5110796337909503e6
2.543109380770567e6
2.575327350564982e6
2.607733513381983e6
2.6403278500029873e6
2.673110343356111e6
2.7060809851728454e6
2.739239769966816e6
2.7725866977318814e6
2.806121773088259e6
2.839845005266351e6
2.8737564076720285e6
2.9078559973344593e6
2.9421437961688843e6
2.9766198300289004e6
3.0112841247664858e6
3.0461367154851146e6
3.0811776360084116e6
3.116406924655136e6
3.151824623370301e6
3.187430775367661e6
3.2232254271811596e6
3.2592086278045564e6
3.2953804292758564e6
3.3317408849688014e6
3.368290050401505e6
3.4050279834292787e6
3.441954743366274e6
3.4790703917695032e6
3.516374991298306e6
3.5538686074186475e6
3.5915513030223185e6
3.629423147059718e6
3.6674842077342123e6
3.705734554153026e6
3.744174258319799e6
3.782803390712342e6
3.821622022863562e6
3.8606302292338284e6
3.899828083766141e6
3.939215660949735e6
3.978793036078903e6
4.018560284932209e6
4.058517483872912e6
4.09866470974507e6
4.139002039390999e6
4.179529550652423e6
4.220247321048392e6
4.261155428072759e6
4.302253950111637e6
4.343542964355142e6