354794.40881753556
354803.1942927858
354826.49283803796
354865.06572252436
354919.8846022186
354992.3329873209
355084.14873160404
355197.4519627713
355334.7012764039
355498.7257828584
355692.6587036048
355920.00440717064
356184.5941205506
356490.47807117173
356842.11515894876
357244.1505723877
357701.5291928775
358219.4371137828
358803.2441093205
359458.6642276368
360191.5016861291
361007.7808032395
361913.5667829427
362915.26795068925
364019.29803363624
365232.2123241885
366560.6382550734
368011.3594301182
369591.164365914
371306.82277174236
373165.23015986476
375173.2763869674
377337.79655799014
379665.6825905247
382163.74536712957
384838.6572179687
387697.52029549255
390746.59089769854
393992.5840699796
397441.96869648603
401101.12068631715
404976.3040904434
409073.32554541086
413399.1229050895
417958.5862458557
422757.7488541428
427802.1387878599
433097.1064153214
438647.89058027364
444459.45621574344
450536.63930859807
456884.0801806025
463506.2142278065
470407.2717819638
477591.296744352
485062.1123430954
492823.34416887694
500878.38833808637
509230.4553677277
517882.5260240328
526837.3756913873
536097.5629405761
545665.4399747715
555543.1420416352
565732.5996302732
576235.5365327378
587053.4687901721
598187.7127208789
609639.3831386073
621409.4059588343
633498.5107764534
645907.2405260649
658635.9568443748
671684.8432568493
685053.9106774768
698743.0030791897
712751.802020874
727079.8334398972
741726.4734919781
756690.9529468198
771972.3665086466
787569.6776673684
803481.718830785
819707.2157529467
836244.7649831087
853092.8816334831
870249.9483034746
887714.2858474301
905484.0987827128
923557.5605788337
941932.7274037777
960607.5977308254
979580.1120582263
998848.1538244691
1.0184095656465266e6
1.0382621396458158e6
1.0584036296828599e6
1.078831757160162e6
1.099544220722891e6
1.1205387082757235e6
1.1418128470133035e6
1.1633642934088209e6
1.1851906918084696e6
1.2072896690797221e6
1.2296588594604302e6
1.2522959021378276e6
1.2751984463320284e6
1.2983641434162902e6
1.3217906768584382e6
1.345475724215955e6
1.3694170090472565e6
1.3936122656415408e6
1.4180592496254947e6
1.4427557614525142e6
1.4676996151931984e6
1.4928886793533e6
1.518320811162416e6
1.5439939656472257e6
1.5699060932314869e6
1.5960551964200477e6
1.6224393183363413e6
1.6490565413635136e6
1.675904981482194e6
1.7029828132567084e6
1.7302882440521335e6
1.7578195270985214e6
1.7855749590678492e6
1.8135528823908058e6
1.841751682064731e6
1.8701697876696724e6
1.8988056756180527e6
1.9276578669512358e6
1.9567249163503158e6
1.9860054402995266e6
2.0154980860895677e6
2.0452015599011036e6
2.075114564747391e6
2.105235907992592e6
2.1355644064177237e6
2.1660989190511927e6
2.1968383461202243e6
2.227781664112297e6
2.2589277548438236e6
2.2902757371897725e6
2.3218246362235993e6
2.3535735474687293e6
2.3855215984568037e6
2.417667955402926e6
2.450011820004136e6
2.482552425371623e6
2.5152890393141e6
2.5482209597854586e6
2.58134751763629e6
2.6146680752358297e6
2.648182020437009e6
2.6818887751882984e6
2.7157877842166615e6
2.7498785470514908e6
2.7841605018406673e6
2.8186332335908846e6
2.853296275358364e6
2.888149207372044e6
2.923191615521481e6
2.9584231330066356e6
2.9938433991760258e6
3.029452097107547e6
3.065248856492911e6
3.1012334361366616e6
3.1374055377726224e6
3.173764907217116e6
3.2103113052894548e6
3.2470445026358347e6
3.2839642933420734e6
3.321070486640124e6
3.3583629047314953e6
3.395841388110687e6
3.4335057817365183e6
3.4713559613912613e6
3.509391798990084e6
3.5476131822452154e6
3.5860200203217575e6
3.624612223539575e6
3.6633897166965045e6
3.702352435865296e6
3.741500325531748e6
3.780833341850532e6
3.820351450576283e6
3.8600546129133245e6
3.8999428234133255e6
3.940016065828786e6
3.980274336553701e6
4.0207176388746593e6
4.061345984351971e6
4.102159390694569e6
4.143157878847965e6
4.184341479738882e6
4.225710230182747e6
4.267264162974255e6
4.3090033302847035e6
4.350927779891563e6