376304.01858384535
376306.8893868211
376315.1076760669
376329.0975302552
376349.8872818734
376378.8478393996
376417.7935605672
376469.9577479338
376534.54653976473
376617.7315103173
376721.4991341556
376849.62573980517
377005.7082088678
377194.06468678603
377419.1744118371
377685.7273599361
377998.7921888551
378363.6307582399
378785.68736320804
379270.79660571227
379824.8846780801
380454.0366396378
381164.487140466
381962.7409247791
382855.35403799126
383849.02792843466
384950.5262485582
386166.8062369743
387504.802212768
388971.4563194602
390573.8452582244
392319.0401824317
394214.06065104855
396266.0075416805
398481.8899027561
400868.5703734623
403433.43684124504
406182.90372005396
409123.9459026519
412263.27079638303
415607.4901017662
419163.1252498677
422936.56067839
426934.0471898472
431161.6902771365
435625.480645887
440331.2221380252
445284.5571440675
450491.00001341617
455955.81315974984
461684.1196928079
467680.8605511015
473950.76565581944
480498.3672418115
487328.0098075883
494443.81589881424
501849.7101074838
509549.401485072
517546.38581416756
525843.9469965588
534445.1564509243
543352.8649664128
552569.7143331408
562098.1247229943
571940.308586685
582098.2640573324
592573.7780916988
603368.4305455706
614483.5933787366
625920.4434967135
637679.9513364638
649762.8955077443
662169.8630526608
674901.2544503716
687957.288430216
701338.006860677
715043.2846581079
729072.8116295523
743426.1460611525
758102.6712450823
773101.6286586528
788422.1178650018
804063.0956858348
820023.4027933346
836301.7453812304
852896.7099901441
869806.7815892828
887030.3449434148
904565.6807619509
922410.9799397278
940564.3540333868
959023.8303167685
977787.3689557076
996852.8633502004
1.0162181561110981e6
1.0358810324129992e6
1.055839224764459e6
1.076090434302643e6
1.0966323268640882e6
1.1174625199086522e6
1.1385786367887224e6
1.1599782620226576e6
1.181658969851669e6
1.2036183239491545e6
1.225853884475104e6
1.2483632062905747e6
1.2711438577988802e6
1.2941933990121111e6
1.3175094169499555e6
1.3410895018942796e6
1.3649312588453186e6
1.3890323291846882e6
1.4133903579893669e6
1.4380030328794634e6
1.4628680586634588e6
1.4879831884613927e6
1.5133461617278117e6
1.5389548181901486e6
1.564806987248511e6
1.5909005556723315e6
1.6172334443657417e6
1.643803615838096e6
1.6706090658966755e6
1.6976478500189944e6
1.7249180560458843e6
1.7524178448962655e6
1.7801453137484614e6
1.808098769152057e6
1.8362764532254217e6
1.86467668069267e6
1.8932978145415303e6
1.9221382630939141e6
1.9511964711294975e6
1.980470947196765e6
2.0099602302556147e6
2.0396629228013484e6
2.0695776240000543e6
2.099703037316909e6
2.1300378878662144e6
2.160580929228479e6
2.191330982224855e6
2.222286873105079e6
2.253447513217766e6
2.2848118260121336e6
2.316378785024979e6
2.348147403429226e6
2.380116725462037e6
2.412285839473972e6
2.4446538700433923e6
2.4772199768631225e6
2.509983353399745e6
2.542943229161935e6
2.5760988720287485e6
2.6094495631846422e6
2.6429946415862446e6
2.6767334631128525e6
2.710665418992938e6
2.7447899133133297e6
2.779106405322452e6
2.813614363275638e6
2.848313287221691e6
2.883202709531866e6
2.91828216355068e6
2.9535512417593845e6
2.989009537867382e6
3.024656693487077e6
3.0604922897474766e6
3.096516055013661e6
3.132727653052745e6
3.169126792268834e6
3.205713194385391e6
3.242486602817741e6
3.2794467778678e6
3.316593499099211e6
3.3539265590009373e6
3.391445770600104e6
3.4291509566811603e6
3.467041956355975e6
3.505118631177032e6
3.5433808414882747e6
3.5818284702673648e6
3.6204614120235005e6
3.659279570469101e6
3.6982828637012457e6
3.737471217981157e6
3.776844572461522e6
3.816402880068507e6
3.856146082295371e6
3.8960741632298464e6
3.9361870924279066e6
3.976484853179384e6
4.0169674380791103e6
4.057634847131296e6
4.098487084433113e6
4.1395241707859477e6
4.1807461187058454e6
4.222152957675054e6
4.263744719164419e6
4.3055214413380055e6
4.347483167458293e6