432895.1260154617
432884.05788455677
432854.89316560194
432808.17280235555
432744.97494927834
432666.71476235584
432575.2009051877
432472.6673781616
432361.6702957288
432245.19406331977
432126.4241383302
432009.1007944098
431897.2152752368
431795.00588552275
431707.1565883606
431638.5497322726
431594.35252370784
431580.05662093667
431601.27357864456
431664.08035207976
431774.6746806999
431939.2285324358
432164.3922405671
432456.871847148
432822.760957816
433271.3533793948
433807.40756873967
434439.06132911466
435173.527872445
436018.1412987583
436980.3803560648
438067.68894057785
439287.5593723695
440647.4893200397
442154.9611142446
443816.9821938419
445642.3963521615
447637.1892704886
449809.166644089
452165.57503984804
454713.6104305522
457460.3558646089
460412.7890510098
463577.7971690826
466962.08665824245
470572.2997762282
474414.90005138045
478496.191091887
482822.37749543577
487399.40933971887
492233.1255393325
497329.1678161408
502693.00232379814
508329.8871970906
514244.90506031323
520442.92562175874
526928.624138162
533706.4503668805
540780.6629256458
548155.2971987184
555834.1789377462
563820.8926786245
572118.8448856536
580731.1870469187
589660.8618339966
598910.6030425248
608482.9005500714
618380.0351913493
628604.0785006331
639156.8798864658
650040.0709733835
661255.0740845613
672803.1027363772
684685.1641916326
696902.0640369863
709454.4092505644
722342.6132562575
735566.8996293166
749127.3082376556
763023.696923715
777255.7541543862
791822.9969304639
806724.7756519564
821960.2963065249
837528.5962481078
853428.5927085379
869659.0338730095
886218.5651395726
903105.6978866169
920318.8207826405
937856.2210655799
955716.0662153363
973896.4415040251
992395.3313976179
1.0112106431884018e6
1.0303402072350458e6
1.0497817780251754e6
1.069533040463434e6
1.089591635675852e6
1.1099551405869653e6
1.1306210928837592e6
1.1515869880397497e6
1.172850288321354e6
1.194408424303319e6
1.2162588071309146e6
1.2383988290249961e6
1.2608258733934127e6
1.2835373026609295e6
1.3065304959123337e6
1.329802817910258e6
1.353351637444132e6
1.377174350420488e6
1.4012683447104297e6
1.4256310962511734e6
1.4502598685343803e6
1.475152310832448e6
1.5003057898922432e6
1.525717878887645e6
1.551386105489676e6
1.5773080439424245e6
1.6034813151560773e6
1.6299035713399316e6
1.6565724944351772e6
1.6834858029037854e6
1.7106413626073764e6
1.7380369009551243e6
1.7656703176264537e6
1.7935395261472778e6
1.821642486130709e6
1.849977205643362e6
1.878541743905345e6
1.907334207023432e6
1.9363527400116047e6
1.965595559987959e6
1.9950609271001276e6
2.0247471155410856e6
2.0546524838870221e6
2.084775445375941e6
2.1151144490047703e6
2.1456679922080915e6
2.1764346102292715e6
2.2074129043225963e6
2.2386015138084404e6
2.2699991215416584e6
2.3016044636433944e6
2.3334163148895344e6
2.365433496180781e6
2.397654871476367e6
2.4300793480716003e6
2.46270588093324e6
2.495533463224531e6
2.528561098637131e6
2.561787886811233e6
2.5952129262012234e6
2.628835359260673e6
2.6626543755001505e6
2.6966691922162496e6
2.730879047901304e6
2.7652832481871936e6
2.799881102282631e6
2.834671970289639e6
2.869655231380688e6
2.904830289085225e6
2.940196599724774e6
2.9757536292720824e6
3.011500876148993e6
3.047437865774054e6
3.083564150113195e6
3.119879302472721e6
3.156382930790393e6
3.1930746520832856e6
3.2299541144894864e6
3.26702098633666e6
3.304274958000476e6
3.3417157393691433e6
3.3793430585196735e6
3.4171566618223707e6
3.4551563220038693e6
3.4933418189326054e6
3.5317129490253804e6
3.5702695337926103e6
3.609011405848913e6
3.6479384100455577e6
3.687050409116501e6
3.726347277491926e6
3.765828966237901e6
3.805495226232918e6
3.845346083920436e6
3.885381439612318e6
3.925601227264298e6
3.9660053922870466e6
4.006593892939671e6
4.0473666952894675e6
4.0883237699345406e6
4.1294651122206068e6
4.170790703583439e6
4.212300548328816e6
4.253994653832129e6
4.295873036265187e6
4.337935715788552e6