45335.08689272063
45456.81071106999
45781.47134457441
46309.24228199737
47040.403982220334
47975.34180893432
49114.5430741109
50458.59405373197
52008.17493938946
53764.055404954095
55727.08982877291
57898.20933362763
60278.41687810424
62868.780338384735
65670.42571287954
68684.52894003
71912.30655012722
75355.01144938328
79013.923314149
82890.33773607374
86985.57021641341
91300.9278570876
95837.72245491148
100597.25105651174
105580.79829849975
110789.61780699363
116224.9357180749
121887.94128494893
127779.78542848697
133901.56942562968
140254.34301088002
146839.10073568558
153656.7829074025
160708.26519257965
167994.35756194865
175515.805678881
183273.28600202623
191267.40592532489
199498.70334311627
207967.6430660205
216674.6189818131
225619.9550908315
234803.9063357498
244226.65507850552
253888.31651351452
263788.93837532867
273928.5035817041
284306.9290797508
294924.0729513545
305779.7314201183
316873.6434985434
328205.49359946797
339774.9130939619
351581.48286358605
363624.73742782744
375904.16597983224
388419.21531522425
401169.29297549557
414153.7698768365
427371.9827057878
440823.23698520655
454506.80941930454
468421.9505248566
482567.8871155068
496943.82502154424
511548.951191323
526382.4362017291
541443.4364820584
556731.0964574157
572244.5504670248
587982.9259515356
603945.3430087972
620130.9168614768
636538.7669104197
653168.0018025886
670017.7377515265
687087.0917788604
704375.1845681102
721881.1419575511
739604.0938509034
757543.1865995796
775697.5615623035
794066.3785762802
812648.805653184
831444.0224271021
850451.219856052
869669.6021151678
889098.3867167414
908736.804476531
928584.101641007
948639.5383557233
968902.3896543779
989371.9496590688
1.0100475231396889e6
1.0309284338147668e6
1.0520140217059494e6
1.0733036429767015e6
1.0947966698623518e6
1.116492492153952e6
1.1383905159068871e6
1.1604901635236866e6
1.1827908747025027e6
1.205292106083954e6
1.2279933283052621e6
1.2508940326383281e6
1.2739937224854259e6
1.2972919210397187e6
1.3207881652026598e6
1.3444820083687203e6
1.3683730195370805e6
1.3924607829697262e6
1.416744898882762e6
1.4412249820336136e6
1.4659006605874302e6
1.4907715792578396e6
1.5158373958023856e6
1.5410977823379263e6
1.5665524242658722e6
1.5922010206143032e6
1.6180432833104432e6
1.6440789372811262e6
1.670307720034171e6
1.6967293808224758e6
1.7233436812602463e6
1.7501503943188298e6
1.7771493042780932e6
1.804340206974229e6
1.8317229083683286e6
1.8592972249159985e6
1.8870629840958116e6
1.9150200217976577e6
1.9431681846688446e6
1.9715073279143516e6
2.0000373164489195e6
2.028758023586003e6
2.0576693296997286e6
2.0867711289074167e6
2.11606331521252e6
2.145545795317379e6
2.1752184827652927e6
2.2050812974065524e6
2.2351341669938965e6
2.265377025102242e6
2.29580981280908e6
2.3264324762549433e6
2.3572449679078907e6
2.3882472470908277e6
2.4194392772278273e6
2.4508210280444603e6
2.4823924740942204e6
2.514153595217599e6
2.5461043754152716e6
2.578244803944911e6
2.610574874131085e6
2.643094582921901e6
2.6758039338403917e6
2.7087029306718153e6
2.7417915830551344e6
2.775069904021613e6
2.8085379095981307e6
2.842195619205246e6
2.876043055479142e6
2.9100802438952806e6
2.944307210418517e6
2.97872399294579e6
3.0133306181747117e6
3.0481271239811284e6
3.083113549160833e6
3.118289933776398e6
3.1536563206682513e6
3.189212753761799e6
3.224959280462253e6
3.2608959477661373e6
3.297022805931061e6
3.3333399061436374e6
3.369847301219618e6
3.4065450391499856e6
3.443433193878774e6
3.480511803405697e6
3.517780931945005e6
3.555240637961337e6
3.5928909814127865e6
3.6307320229289248e6
3.668763824351354e6
3.706986447047396e6
3.745399955147914e6
3.7840044116510046e6
3.822799880690835e6
3.8617864273007126e6
3.9009641166390865e6
3.9403330141558363e6
3.979893186038162e6
4.019644698514595e6
4.0595876181853483e6
4.0997220119019165e6
4.140047946638079e6
4.1805654897707975e6
4.221274708141122e6
4.262175669416985e6
4.303268440919874e6