256943.56128234675
256980.97492541288
257080.94784101212
257244.04044004364
257471.14853691906
257763.52094919
258122.7336720452
258550.76559658066
259049.6731229459
259622.19515997331
260271.0549620502
260999.64853241734
261810.82183763015
262708.8245914428
263697.4358168782
264780.82778203883
265963.4041452354
267249.78940592473
268644.7943900742
270153.4145556252
271780.7783175047
273532.18033106846
275413.0262909044
277428.8477409056
279585.2444323964
281887.88839703763
284342.5224161602
286954.93667995406
289730.9744285435
292676.3670036155
295796.9546557489
299098.53650549136
302586.80975280795
306267.4989347722
310146.2357149123
314228.5815756788
318520.0025457054
323025.8382514693
327751.3681687021
332701.7156280029
337881.88908173924
343296.49688708025
348951.0312021879
354849.2882380324
360995.905690306
367395.11811886437
374051.0119143346
380967.4769778991
388148.1469855064
395596.6048390588
403316.1530985675
411309.9311305997
419580.87910072436
428131.744815456
436965.0871946537
446083.2655850856
455488.44550721766
465182.6028424371
475167.5190502136
485444.78785499744
496015.81455865444
506881.82178151526
518043.85207254277
529502.7648156727
541259.2516845351
553313.8324479884
565666.8617644258
578318.5324998056
591268.8856053728
604517.8095386518
618065.0486395371
631910.2081371024
646052.7598197975
660492.0478535821
675227.2944017875
690257.6074470195
705581.9845517821
721199.3155461244
737108.4006412234
753307.9436632487
769796.5636251355
786572.8014958942
803635.1219737214
820981.9276094711
838611.5539961827
856522.2791666675
874712.3328996167
893179.9063107709
911923.1411240108
930940.1465583971
950229.0279002545
969787.7692777223
989614.4724269966
1.009707131034519e6
1.030063754401254e6
1.0506823358615031e6
1.0715608772897073e6
1.0926973638063874e6
1.114089789856708e6
1.1357361626735686e6
1.157634492226898e6
1.1797828040354196e6
1.2021791303141294e6
1.224821534750706e6
1.2477080912334418e6
1.2708368972052005e6
1.2942060782855137e6
1.3178137794338604e6
1.3416581824716274e6
1.36573749149345e6
1.3900499355797414e6
1.4145937961116936e6
1.4393673640785692e6
1.4643689781518676e6
1.4895970033318405e6
1.5150498639888437e6
1.5407259837936827e6
1.5666238498186816e6
1.592741974562157e6
1.6190789219247955e6
1.6456332795927715e6
1.6724036756696338e6
1.6993887769189414e6
1.7265872913357944e6
1.7539979624128076e6
1.7816195701822157e6
1.8094509379595339e6
1.837490908982059e6
1.8657383894667206e6
1.8941923022692807e6
1.9228516131889506e6
1.9517153237242769e6
1.9807824686558554e6
2.010052119780226e6
2.0395233861474397e6
2.069195382712467e6
2.099067303552225e6
2.1291383452917663e6
2.1594077388049774e6
2.189874748669708e6
2.220538674056367e6
2.251398832140373e6
2.2824545863920497e6
2.313705301932603e6
2.3451504015453868e6
2.3767893159564734e6
2.4086215053267763e6
2.440646456910061e6
2.472863681540772e6
2.505272714604842e6
2.537873112785762e6
2.5706644584082826e6
2.6036463514549914e6
2.6368184220814887e6
2.670180307019864e6
2.703731673152401e6
2.7374722041672207e6
2.7714016034384677e6
2.805519588214777e6
2.8398258980252785e6
2.8743202849532333e6
2.9090025201592487e6
2.943872388339206e6
2.978929708696447e6
3.014174246457241e6
3.049605884739662e6
3.085224443109717e6
3.1210297808092437e6
3.1570217663654224e6
3.1932002793863583e6
3.229565212691403e6
3.2661164684993755e6
3.3028539602687564e6
3.339777612061348e6
3.376887357786784e6
3.414183138919633e6
3.451664908537322e6
3.4893326278478205e6
3.527186260817977e6
3.5652257889472274e6
3.603451192844066e6
3.641862464673893e6
3.6804596031666906e6
3.7192426109743477e6
3.758211498793364e6
3.797366283935902e6
3.836706986658528e6
3.8762336356577626e6
3.915946263912519e6
3.95584490327384e6
3.9959296056387615e6
4.0362004082823363e6
4.0766573644419373e6
4.1173005273457826e6
4.158129955504568e6
4.199145709472921e6
4.240347853631027e6
4.281736455318354e6
4.323311584591806e6
4.365073314495511e6