154320.54126392657
154394.54198408403
154592.04064563793
154913.48161049935
155359.57566350888
155931.34512018863
156630.0213579441
157457.1028688886
158414.44458754789
159503.998079196
160728.02527122732
162089.0128888891
163589.6808446472
165232.9018342259
167021.77146715226
168959.51263499496
171049.59277946272
173295.5475566916
175701.09284880772
178270.0314442539
181006.24903105272
183913.78077940186
186996.67276057866
190259.04476668345
193705.05173923852
197338.86402218285
201164.68798724053
205186.68417704714
209409.0302719676
213835.8469038021
218471.22226785528
223319.1761297446
228383.67996658545
233668.58790542957
239177.7048659885
244914.70623737274
250883.18722495498
257086.59756758212
263528.2824164429
270211.44027598493
277139.15663167264
284314.3584199777
291739.83280379244
299418.2086284249
307351.9768481734
315543.4697032168
323994.85308252764
332708.14290833357
341685.1969807333
350927.7135243773
360437.2232598353
370215.1192432913
380262.6237021311
390580.81058406015
401170.59955874074
412032.76701875706
423167.93824285804
434576.6023810677
446259.1049830022
458215.6663551921
470446.35123609845
482951.1369079966
495729.8544421344
508782.2245250384
522107.8574776588
535706.2567813235
549576.8255546496
563718.8709025626
578131.6093431157
592814.1720832811
607765.6102015331
622984.8997414156
638470.9473098991
654222.594478983
670238.6235662136
686517.7620428258
703058.688048755
719860.03345973
736920.3927352992
754238.3175781808
771812.3375608176
789640.9481450754
807722.6249417453
826055.820611652
844638.9827649535
863470.5176952407
882548.864836299
901872.431537766
921439.6295660327
941248.8688262508
961298.5674390596
981587.1461963595
1.0021130356196908e6
1.0228746769167287e6
1.0438705250083942e6
1.065099049496814e6
1.0865587374995556e6
1.1082480944650862e6
1.1301656448586932e6
1.1523099376033307e6
1.1746795416282981e6
1.1972730518582128e6
1.2200890872165216e6
1.2431262941236468e6
1.2663833454576232e6
1.289858941345184e6
1.3135518113375488e6
1.3374607117412095e6
1.3615844306102172e6
1.3859217843380207e6
1.4104716192866692e6
1.4352328119090484e6
1.4602042707979393e6
1.4853849358521684e6
1.5107737657802436e6
1.5363697671487639e6
1.5621719646614445e6
1.5881794196750927e6
1.6143912130987444e6
1.6408064676085473e6
1.6674243277346073e6
1.6942439716250622e6
1.7212646020253384e6
1.7484854508097325e6
1.7759057784349988e6
1.8035248755742826e6
1.8313420455438292e6
1.8593566386747696e6
1.8875680181117984e6
1.9159755784330654e6
1.9445787321592506e6
1.9733769230890642e6
2.0023696132499063e6
2.031556290554898e6
2.0609364613766414e6
2.0905096659404736e6
2.120275454823246e6
2.1502334024978844e6
2.18038310574269e6
2.2107241817271183e6
2.2412562551967967e6
2.2719789892170145e6
2.3028920513934046e6
2.333995132108215e6
2.3652879369683582e6
2.396770189244775e6
2.428441627159999e6
2.4603020066302624e6
2.4923510959981973e6
2.524588680320746e6
2.5570145572754513e6
2.589628539274971e6
2.622430451115616e6
2.655420130804014e6
2.6885974284500815e6
2.7219622060848684e6
2.7555143362416364e6
2.7892537031918736e6
2.8231802021828443e6
2.8572937374627506e6
2.8915942234722204e6
2.9260815847323793e6
2.9607557525597573e6
2.995616669660781e6
3.030664289112429e6
3.065898563656237e6
3.101319460170267e6
3.136926951573267e6
3.1727210177576384e6
3.208701644777987e6
3.244868825441767e6
3.281222558475626e6
3.3177628484761985e6
3.3544897056264533e6
3.3914031549216583e6
3.428503198321947e6
3.465789870086026e6
3.503263200576002e6
3.54092322333624e6
3.578769977446635e6
3.6168035041858e6
3.6550238623326365e6
3.6934310825919556e6
3.7320252132713664e6
3.7708063274540016e6
3.8097744774888214e6
3.8489297256049234e6
3.8882721334743667e6
3.927801772750769e6
3.9675187123858584e6
4.0074230193414465e6
4.047514769116249e6
4.0877940372589407e6
4.1282609001954924e6
4.1689154368310664e6
4.209757727802667e6
4.250787853910585e6
4.29200588316028e6
4.33341193034325e6
4.375006065442891e6