222360.9430704207
222409.84976309922
222540.46086822875
222753.30433453945
223049.2416732731
223429.41880049265
223895.35572119034
224448.8725542465
225092.06969756214
225827.31204953318
226657.34741630324
227585.10888981255
228613.84285670146
229746.99229085923
230988.31043228426
232341.7236575071
233811.35252795392
235401.53899608913
237116.7783494144
238961.75736465916
240941.24976004922
243060.1986002049
245323.63566570194
247736.69352310692
250304.58830394282
253032.50534368836
255925.8236963909
258989.84297670587
262229.8941807311
265651.29439531214
269259.357981726
273059.36125912116
277056.51684057346
281255.9889534676
285662.85112483765
290282.1279184134
295118.7158761236
300177.38414466014
305462.8334123631
310979.6094940169
316732.11274656904
322724.6262499637
328961.25991885044
335445.9920614921
342182.592956798
349174.7046643645
356425.8017522169
363939.15705547325
371717.8781469994
379764.884802155
388082.92225602904
396674.54848722933
405542.13456301065
414687.8647752029
424113.74967502826
433821.6059270124
443813.0719229745
454089.60697126
464652.49465127016
475502.8378002323
486641.5765615383
498069.4748936868
509787.1399836986
521795.0114376527
534093.3798467496
546682.3831165953
559562.0126081195
572732.1196774489
586192.4205026592
599942.501326916
613981.8241069452
628309.7323591649
642925.4568003478
657828.1207242627
673016.7470761805
688490.2629998799
704247.5064953812
720287.231541297
736608.1148141787
753208.760412321
770087.7062237721
787243.4297528979
804674.3487754846
822378.8440598284
840355.2318655652
858601.8024979224
877116.8096859654
895898.4685444687
914944.9803607587
934254.5170985453
953825.2369133944
973655.2843362773
993742.7939973068
1.0140858941716333e6
1.0346827162070547e6
1.055531389649822e6
1.076630048637603e6
1.0979768324833214e6
1.1195699028130025e6
1.141407417220014e6
1.1634875607385011e6
1.1858085350807998e6
1.2083685532165472e6
1.2311658642260423e6
1.2541987304863483e6
1.2774654448063846e6
1.300964325590808e6
1.324693712388887e6
1.348651998382097e6
1.3728375687579433e6
1.3972488797064312e6
1.4218843919790173e6
1.4467426138215265e6
1.4718220806397782e6
1.4971213655358222e6
1.5226390765007874e6
1.5483738566667577e6
1.5743243807313077e6
1.6004893578241107e6
1.6268675363861453e6
1.653457708409485e6
1.6802586870626232e6
1.7072693274211534e6
1.7344885180091478e6
1.7619151898451725e6
1.789548288881134e6
1.8173868141171786e6
1.8454297990004523e6
1.8736762905403064e6
1.90212538719401e6
1.930776213636195e6
1.9596279296836276e6
1.9886797193949444e6
2.0179308055381826e6
2.0473804375210667e6
2.0770278856574984e6
2.106872471974224e6
2.136913522016651e6
2.16715041025381e6
2.197582521962772e6
2.22820927644529e6
2.259030116044049e6
2.290044509168528e6
2.3212519491587626e6
2.352651952486515e6
2.38424405996235e6
2.416027834108101e6
2.448002859743066e6
2.480168741073779e6
2.512525106343081e6
2.5450716003550896e6
2.5778078896382498e6
2.6107336588117704e6
2.6438486108844425e6
2.6771524648874174e6
2.7106449586478025e6
2.744325846026257e6
2.77819489734163e6
2.812251896035993e6
2.8464966430318747e6
2.8809289498665663e6
2.9155486445616875e6
2.9503555715612303e6
2.985349581422979e6
3.020530540249523e6
3.0558983256981587e6
3.0914528374043135e6
3.1271939426742955e6
3.163121585079292e6
3.1992356730531277e6
3.2355361382614584e6
3.272022918250012e6
3.3086959625212974e6
3.3455552263760143e6
3.382600674951078e6
3.4198322811374767e6
3.4572500249321167e6
3.4948538925873507e6
3.532643878241106e6
3.5706199825111274e6
3.6087822108582724e6
3.6471305680081835e6
3.6856650963437054e6
3.7243857939891266e6
3.7632926993542584e6
3.8023858422991596e6
3.8416652598759644e6
3.8811310015509306e6
3.920783106329157e6
3.9606216243651565e6
4.000646611583383e6
4.0408580927736275e6
4.08125622207825e6
4.121840969513012e6
4.162612432768735e6
4.203570680499027e6
4.244715784791908e6
4.286047818917769e6
4.3275668598783e6
4.3692729854377005e6