409776.01379915024
409770.5082313757
409756.11769186857
409733.5521942803
409703.76664539333
409668.09667272586
409625.85571400775
409586.9873765601
409546.2289630843
409509.128980401
409478.8623568289
409459.119440119
409453.84340986947
409467.22378402157
409503.8914482967
409568.66201029357
409666.6658283586
409803.307102629
409984.14010338415
410215.14429513214
410502.4307089882
410852.1005333301
411270.69914981327
411764.839892016
412340.51172436064
413006.8589447917
413768.58445970283
414633.6348926462
415609.13563500205
416702.2646766694
417920.3574272207
419270.7029184146
420760.6367319856
422397.48602557706
424188.5614366502
426140.9819702456
428262.54189377034
430559.8834859249
433040.32905334444
435710.91644704435
438578.62953236385
441650.32097494195
444932.7438056753
448432.54550382413
452156.1937036563
456110.07945872215
460300.4114674947
464733.23260558886
469414.4810119453
474349.8406680317
479544.85594764503
485004.90919670067
490735.1699364213
496740.6128856556
503026.0200997059
509595.97811101715
516454.8430375749
523606.79563437065
531055.7727012816
538805.5133381207
546859.5349980304
555221.1409000054
563893.4133736199
572879.215374106
582181.1914711246
591801.7767207181
601743.1737144284
612007.3796958702
622596.1741990957
633511.1338086156
644753.6150662592
656324.7670004597
668225.5532765029
680456.7237122682
693018.8380049359
705912.2658899984
719137.1913484938
732693.6175591105
746581.3734475859
760800.1159158351
775349.341291212
790228.3856048156
805436.4288761851
820972.5163330444
836835.5365290008
853024.2679634655
869537.3322782088
886373.2614755185
903530.4541073695
921007.212597979
938801.7379917128
956912.1305161403
975336.4100632416
994072.5124480545
1.0131183097288959e6
1.0324716000733015e6
1.052130117364565e6
1.0720915436829193e6
1.092353516485291e6
1.1129136276185457e6
1.1337694288763881e6
1.154918447517243e6
1.176358184512971e6
1.198086108961258e6
1.2200996897540689e6
1.2423963782481393e6
1.2649736227035536e6
1.2878288600756102e6
1.3109595477374732e6
1.3343631367931394e6
1.3580370849741995e6
1.3819788842976084e6
1.4061860227007142e6
1.430656022554305e6
1.4553864257001686e6
1.4803748147470262e6
1.505618751420309e6
1.5311158672384522e6
1.5568639183987603e6
1.5828605023861667e6
1.6091033929595198e6
1.6355903685486265e6
1.6623192384274052e6
1.689287875136254e6
1.7164941795790088e6
1.743936100449273e6
1.771611632805996e6
1.7995188158918864e6
1.827655741333361e6
1.8560205369761921e6
1.88461138980595e6
1.9134265304797157e6
1.942464226755978e6
1.9717228157547861e6
2.0012006656462604e6
2.0308962121608383e6
2.0608078873329384e6
2.0909342355640251e6
2.1212738158672503e6
2.151825238258113e6
2.1825871475511426e6
2.213558252757812e6
2.244737296726322e6
2.276123065205004e6
2.30771439537552e6
2.3395101581404377e6
2.371509271148944e6
2.403710691968537e6
2.436113420204806e6
2.4687164893303444e6
2.501518985519355e6
2.534520012274918e6
2.567718733591038e6
2.6011143113599163e6
2.6347059907581075e6
2.668493022804048e6
2.702474701017992e6
2.736650333575826e6
2.7710192882924844e6
2.805580945160289e6
2.840334721019724e6
2.8752800628316593e6
2.910416424486386e6
2.9457433217621557e6
2.9812602741559073e6
3.0169668453866704e6
3.0528625942472937e6
3.0889471231123633e6
3.1252200584250144e6
3.1616810486175693e6
3.1983297548249373e6
3.235165866916746e6
3.2721890911680413e6
3.309399157176252e6
3.346795808682606e6
3.38437881219502e6
3.4221479458070607e6
3.4601030082787285e6
3.4982438191753454e6
3.53657019825493e6
3.575081994905236e6
3.613779068799072e6
3.6526612889503166e6
3.691728542812789e6
3.7309807264472246e6
3.7704177757097445e6
3.8100395437466754e6
3.8498460163296107e6
3.8898371334513463e6
3.9300128397553805e6
3.9703730977252303e6
4.010917876857763e6
4.051647167410178e6
4.0925609452416897e6
4.133659219429521e6
4.174942027434185e6
4.216409298346733e6
4.258061095892898e6
4.299897443534021e6
4.341918372663341e6