481062.4248708589
481040.4164929624
480981.9801530279
480887.74357746146
480758.7951077232
480596.54287516
480402.8354944844
480179.99661917635
479930.5340192835
479657.4702245528
479364.1914221301
479054.4031181475
478732.1683289062
478401.8307006414
478068.1519116394
477736.1066024472
477410.9738778515
477098.3666199094
476803.9984653166
476534.0954577323
476295.0135824253
476093.04176095326
475935.0093756538
475827.79821434396
475778.42648441717
475794.14447275887
475882.0352821362
476050.11330244504
476305.3488879906
476655.5510679238
477108.4117343348
477671.6498755128
478353.0370790366
479160.36746981426
480101.43004079105
481184.0270970062
482415.9355577177
483804.90007241024
485358.62174744334
487084.38133044925
488990.78542501957
491084.31562227965
493372.71260568255
495863.2880796195
498563.2101742689
501479.57761757716
504619.3434819883
507989.27246411645
511596.0676361398
515446.2719413317
519546.1604890186
523901.9485490791
528519.6405066566
533405.0542836082
538563.8374422332
544001.4379423923
549723.0946376974
555733.8772365173
562038.6044915142
568641.9234322693
575548.2507215253
582761.8004263465
590286.5514879923
598126.2852128136
606284.538343247
614764.6364244635
623569.6809672756
632702.5528727014
642165.8979395118
651962.1535739609
662093.5226192169
672562.0000374712
683369.342635954
694517.1079507656
706006.6299111766
717839.0325819792
730015.2311487591
742535.936214363
755401.657325754
768612.7049512897
782169.2020623885
796071.0809565927
810318.0873333084
824909.803675025
839845.6198395854
855124.7887737554
870746.3681438252
886709.2930880922
903012.3416325122
919654.1487751276
936633.2182775871
953947.9252497337
971596.5290724947
989577.161075565
1.0078878710692544e6
1.026526585182883e6
1.045491162074852e6
1.0647793422962055e6
1.0843888142718496e6
1.1043171806267097e6
1.1245619832345035e6
1.1451207033618079e6
1.1659907563482637e6
1.187169560237557e6
1.2086544180910175e6
1.2304426497305552e6
1.2525315427834885e6
1.2749183214076997e6
1.297600258100002e6
1.3205745537908357e6
1.3438384287269583e6
1.3673891089154193e6
1.391223791788715e6
1.415339710711898e6
1.439734094485105e6
1.4644042051658544e6
1.4893472623613705e6
1.5145606133936301e6
1.540041528702531e6
1.5657873630627308e6
1.591795477662385e6
1.618063299380322e6
1.6445882339011345e6
1.6713677874226668e6
1.6983994706237472e6
1.725680843081655e6
1.753209509756183e6
1.7809831288196472e6
1.8089993907005521e6
1.8372560399209266e6
1.8657508760749856e6
1.8944817218527808e6
1.9234465282395994e6
1.9526431898044667e6
1.9820697166965052e6
2.0117241773099843e6
2.0416046332722576e6
2.071709264914484e6
2.1020362816466666e6
2.132583934823756e6
2.1633505673452397e6
2.1943344424385596e6
2.2255340691400645e6
2.256947877620719e6
2.288574386620377e6
2.320412152300217e6
2.3524597909679385e6
2.3847159599911906e6
2.4171793702849955e6
2.4498487720189965e6
2.482722969363685e6
2.515800806873087e6
2.549081174333629e6
2.5825630071032983e6
2.6162452768232254e6
2.6501270066660736e6
2.6842072566426783e6
2.7184851072715097e6
2.7529597168475147e6
2.7876302488141153e6
2.8224959190510274e6
2.8575559779612203e6
2.892809686565877e6
2.9282563834546017e6
2.963895410485008e6
2.9997261454781257e6
3.035748001535982e6
3.0719604231519806e6
3.108362873951282e6
3.144954893919003e6
3.1817359417130104e6
3.2187056000819593e6
3.255863449136731e6
3.293209090649568e6
3.3307421582767516e6
3.368462296521673e6
3.406369172112535e6
3.4444624880519127e6
3.4827419572962425e6
3.5212073067186824e6
3.559858297651495e6
3.598694700061857e6
3.637716327032147e6
3.6769229368115207e6
3.716314374181332e6
3.7558904805097384e6
3.7956511068633692e6
3.8355961250393074e6
3.875725415572048e6
3.9160388732063714e6
3.956536404985402e6
3.9972179346182346e6
4.0380833922461094e6
4.079132719241024e6
4.1203658719230276e6
4.1617828125784807e6
4.203383517653228e6
4.245167964890946e6
4.2871361489552045e6
4.329288076304288e6