100883.11371175753
100979.52527447854
101236.75046058669
101655.13668501587
102234.71561824385
102977.85252843908
103883.93903566932
104954.69708524353
106190.8621939526
107595.87745575694
109169.62992556108
110914.65375952655
112833.01480547083
114926.96107190574
117198.83883825608
119651.13305645308
122286.44433691906
125107.4745996843
128117.0108386437
131317.90625825216
134713.08676829783
138305.49988891778
142098.2072866629
146094.16439147486
150296.42529929505
154708.0193479255
159331.95296684513
164171.20764333982
169228.72587732336
174507.41337164113
180010.09763944574
185739.551954091
191698.46629103075
197889.44468436495
204315.01403876767
210977.58775321417
217879.47855498042
225022.8909564772
232409.9187234185
240042.53493686905
247922.6016086103
256051.81863895047
264431.82515419804
273064.0657252472
281949.91309251304
291090.57895597006
300487.16057083715
310140.6109071945
320051.7839974784
330221.3894440673
340650.0196650101
351338.149003784
362286.13237893494
373494.21026172885
384962.5120377277
396691.0610835228
408679.7741219896
420928.46850866795
433436.86590832646
446204.5953772015
459231.19829088234
472516.1325929636
486058.7770212113
499858.4357492233
513914.3426636807
528225.6655410208
542791.5111241157
557610.9293197534
572682.916989936
588006.4225855477
603580.3508031352
619403.5658670929
635474.8959802857
651793.1373104437
668357.0572826134
685165.398873867
702216.8836705165
719510.2161255023
737044.0840705696
754817.1667788543
772828.1334419359
791075.6475960279
809558.3704529731
828274.9628136274
847224.0875281735
866404.4119411253
885814.6073560332
905453.3631389701
925319.3654014245
945411.3215153997
965727.9503940805
986267.9859260622
1.0070301791487106e6
1.0280132987764443e6
1.04921613264808e6
1.0706374884297727e6
1.09227619579789e6
1.114131105717632e6
1.1362010910982983e6
1.1584850493407769e6
1.1809819008197072e6
1.2036905908113397e6
1.2266100897312057e6
1.2497393897275473e6
1.2730775137529995e6
1.296623506509812e6
1.320376438638485e6
1.34433540760638e6
1.3684995360215986e6
1.3928679715691172e6
1.417439888432182e6
1.4422144856661528e6
1.4671909903633674e6
1.49236864746038e6
1.5177467359107626e6
1.543324553087785e6
1.5691014230140606e6
1.5950766928706612e6
1.6212497346232096e6
1.6476199415719355e6
1.6741867278849639e6
1.700949545213925e6
1.7279078332227455e6
1.7550611108720917e6
1.782408854008271e6
1.8099505949201211e6
1.8376858770608592e6
1.86561428161711e6
1.8937353765949334e6
1.9220487754725867e6
1.950554096336295e6
1.9792509833977001e6
2.0081390932177238e6
2.0372181003233602e6
2.0664876989249391e6
2.095947596494498e6
2.1255975167225027e6
2.1554371978071267e6
2.185466395462517e6
2.215684877588058e6
2.2460924247865635e6
2.2766888333768556e6
2.3074739108654596e6
2.338447480578598e6
2.3696093744613747e6
2.400959437186376e6
2.432497525671783e6
2.464223507782643e6
2.4961372600967274e6
2.5282386727556614e6
2.5605276411373173e6
2.5930040767755853e6
2.625667891334757e6
2.6585190138679966e6
2.691557375373779e6
2.724782922010215e6
2.7581955999477166e6
2.7917953679986433e6
2.825582190008532e6
2.8595560378013756e6
2.8937168893722827e6
2.9280647289125454e6
2.9625995470732e6
2.9973213395751966e6
3.0322301084960504e6
3.067325861455084e6
3.1026086091943923e6
3.1380783697097804e6
3.1737351647876105e6
3.209579019658511e6
3.2456099637667127e6
3.28182803357386e6
3.3182332652635137e6
3.3548257001416334e6
3.391605383821892e6
3.4285723665805035e6
3.4657266921954467e6
3.5030684224950913e6
3.5405976110539865e6
3.57831431796829e6
3.6162186024242234e6
3.654310535723654e6
3.69259017589841e6
3.7310575946176355e6
3.769712861927574e6
3.808556049684335e6
3.8475872313334527e6
3.8868064819786134e6
3.926213877804384e6
3.965809497079887e6
4.005593418443238e6
4.045565722278452e6
4.085726489477647e6
4.1260758027585107e6
4.166613743601628e6
4.207340378841331e6
4.248255847934186e6
4.289360179945473e6
4.330653479156841e6
4.372135831563305e6