116922.04663894975
117011.45850912426
117250.03007312
117638.14241339962
118176.41023941783
118865.68632047679
119707.04384553686
120701.78497169816
121851.416820507
123157.67048640453
124622.46312668468
126247.90169624038
128036.26956584226
129990.01982239672
132111.77399372557
134404.2695058173
136870.375249055
139513.09179618544
142335.52358446366
145340.82771345272
148532.28308423902
151913.15151375803
155486.84836363807
159256.7323704046
163226.20358026077
167398.67456003846
171777.55893290366
176366.212630521
181167.9871407435
186186.18848206758
191424.05166365756
196884.75608703293
202571.40503673148
208487.01171279073
214634.50465825156
221016.71381368724
227636.3462283777
234496.01141012684
241598.1933428667
248945.25415425285
256539.42878690254
264382.8393682672
272477.4039665095
280825.00763784826
289427.3312453845
298285.9336372954
307402.2249584007
316777.519312977
326412.9297838467
336309.47437735496
346468.0275356672
356889.3286823634
367573.9885064261
378522.48784393806
389735.1845281739
401212.3149547195
412953.99699866737
424960.23457345646
437230.9220197493
449765.84802306327
462564.6995457463
475627.06701745535
488952.44840420387
502540.25418532244
516389.81111826235
530500.3684109407
544871.1014842432
559501.1169441536
574389.457491926
589535.1050611228
604936.9885162489
620593.9851643324
636504.9265986527
652668.6021250071
669083.7647549903
685749.1331891661
702663.3964663487
719825.2193298878
737233.2440089169
754886.0937811683
772782.3787141008
790920.6954011277
809299.6352634608
827917.7780230122
846773.7083982122
865866.006774007
885193.2569115085
904754.048341352
924546.9776095473
944570.6500535242
964823.683334521
985304.7072944904
1.0060123671878164e6
1.0269453253173954e6
1.0481022605797539e6
1.069481871988597e6
1.091082879010533e6
1.1129040217707013e6
1.1349440650376158e6
1.1572017931772529e6
1.1796760161926453e6
1.2023655729601397e6
1.2252693201565058e6
1.2483861461367728e6
1.2717149624074344e6
1.2952547090839476e6
1.3190043519212543e6
1.3429628837851551e6
1.367129324254268e6
1.3915027216646536e6
1.4160821491680027e6
1.440866709662858e6
1.4658555320951883e6
1.491047770272127e6
1.5164426084190556e6
1.5420392546135753e6
1.5678369433773123e6
1.5938349386993898e6
1.6200325228210236e6
1.6464290118074927e6
1.6730237397536268e6
1.6998160718248552e6
1.726805391129125e6
1.7539911098569667e6
1.7813726580786412e6
1.808949492430279e6
1.8367210910840733e6
1.8646869539309288e6
1.8928466012619147e6
1.9211995787265145e6
1.9497454452413735e6
1.9784837887987539e6
2.0074142018308504e6
2.036536311115266e6
2.0658497579045373e6
2.095354197549852e6
2.1250493052401654e6
2.1549347726429394e6
2.185010307087386e6
2.215275634791035e6
2.24573049383506e6
2.2763746395291733e6
2.307207841181132e6
2.3382298832492502e6
2.369440560984091e6
2.4008396861021947e6
2.432427080879216e6
2.46420258249998e6
2.4961660357245393e6
2.5283173011722732e6
2.5606562476402316e6
2.5931827566452967e6
2.6258967192613008e6
2.658798036102175e6
2.6918866160682887e6
2.7251623819010714e6
2.758625259674177e6
2.792275187136658e6
2.826112109607278e6
2.8601359796307934e6
2.894346757437807e6
2.92874441310019e6
2.963328917739675e6
2.9981002546180943e6
3.033058411017374e6
3.0682033808866865e6
3.1035351632658676e6
3.139053763196023e6
3.1747591935783704e6
3.210651462483787e6
3.2467305967230373e6
3.2829966200884837e6
3.3194495586831556e6
3.356089451103727e6
3.392916329656519e6
3.429930236756784e6
3.4671312171731847e6
3.504519319197587e6
3.5420945927202743e6
3.579857092909498e6
3.6178068759544776e6
3.655944001879992e6
3.6942685325234523e6
3.7327805329823187e6
3.7714800694228243e6
3.8103672109790836e6
3.849442028537444e6
3.888704595254699e6
3.9281549837728254e6
3.9677932733205436e6
4.0076195368137117e6
4.047633857007768e6
4.0878363125338703e6
4.1282269850758417e6
4.168805956547954e6
4.209573310915427e6
4.250529131904469e6
4.291673505605667e6
4.333006515016818e6
4.374528249453855e6