198158.06988469302
198215.50242801808
198368.60011038306
198618.60201615718
198965.5511267729
199410.85070700903
199955.91314217733
200602.46267602016
201352.509936756
202208.30262069573
203172.4417848987
204247.73406171525
205437.23107915447
206744.22573772806
208172.2656979792
209725.04713745078
211406.49199865304
213220.69861790416
215171.9067342141
217264.5298248544
219503.07548120618
221892.18188203697
224436.5891156317
227141.09613652027
230010.58920127206
233049.92209083954
236264.1039487155
239658.07576157304
243236.7943664245
247005.19174082915
250968.18509196123
255130.6505547965
259497.38338955067
264073.1298312314
268862.5501139482
273870.2159186838
279100.6019187535
284558.0331912261
290246.76392655517
296170.8905890173
302334.373818089
308741.03710075427
315394.5368622646
322298.40875646117
329455.96814834414
336870.4160845518
344544.77984668536
352481.89498935157
360684.4319416726
369154.887911302
377895.58124634624
386908.6545292446
396196.0743199367
405759.63085796457
415600.9388547629
425721.44357456267
436122.41328575806
446804.9544411137
457770.0094817513
469018.3434039812
480550.5846310426
492367.1939772648
504468.4867149959
516854.6295432017
529525.6500856732
542481.440177592
555721.7608823818
569246.2479318329
583054.4164880246
597145.6673465694
611519.2922356958
626174.4797834018
641110.3206488224
656325.813155645
671819.8701123041
687591.3228938073
703638.9275516439
719961.3713161635
736557.2764699578
753425.2067138174
770563.6722005666
787971.1354722979
805646.0129178489
823586.686944616
841791.5029364415
860258.772420538
878986.7929399845
897973.8357749966
917218.1538689153
936717.9898734223
956471.5784568286
976477.1467135636
996732.9187513292
1.0172371255356434e6
1.0379879981837494e6
1.0589837741494598e6
1.0802227057885318e6
1.1017030531110717e6
1.1234230918221022e6
1.1453811164810164e6
1.1675754394174707e6
1.1900043935306342e6
1.212666335783971e6
1.2355596455884362e6
1.2586827286862417e6
1.282034019131042e6
1.3056119774668622e6
1.329415092168238e6
1.3534418849860253e6
1.3776909067627033e6
1.40216073766e6
1.426849995122213e6
1.451757325251236e6
1.4768814078598064e6
1.5022209579221406e6
1.527774720671134e6
1.5535414813355347e6
1.5795200447424424e6
1.6057092633501012e6
1.6321080169949185e6
1.658715226329137e6
1.6855298333534608e6
1.71255082966473e6
1.7397772183619034e6
1.7672080511915048e6
1.79484240614402e6
1.8226793931157251e6
1.85071815437257e6
1.8789578629093547e6
1.907397720665224e6
1.93603696004527e6
1.9648748446192173e6
1.993910666302464e6
2.0231437380671038e6
2.0525734086113253e6
2.0821990448878068e6
2.112020057419732e6
2.142035857746578e6
2.172245931527378e6
2.2026497096973993e6
2.233246709560468e6
2.2640364502134314e6
2.2950184855620116e6
2.326192366268322e6
2.3575576878964216e6
2.3891140596480407e6
2.4208611089562513e6
2.4527984864678774e6
2.4849258584162407e6
2.517242908258061e6
2.5497493416098366e6
2.5824448733345717e6
2.6153292556057787e6
2.648402232201373e6
2.6816635776489438e6
2.7151130710862535e6
2.748750500108911e6
2.7825757090187664e6
2.8165885025284695e6
2.8507887243422517e6
2.8851762257935884e6
2.919750870853878e6
2.9545125395668256e6
2.9894611142181796e6
3.0245964949663044e6
3.0599185898196474e6
3.0954273169363895e6
3.131122612307637e6
3.16700438756992e6
3.203072613617459e6
3.239327237584179e6
3.2757682200793615e6
3.3123955315113324e6
3.3492091496484047e6
3.3862090608176114e6
3.4233952485320694e6
3.460767717982496e6
3.498326470859038e6
3.5360715161372884e6
3.574002869504632e6
3.612120549992627e6
3.650424584403441e6
3.6889150023611947e6
3.7275918505020323e6
3.7664551377244e6
3.8055049317782805e6
3.8447412766954475e6
3.8841642208381784e6
3.923773818726769e6
3.963570128173229e6
4.0035532098085885e6
4.0437231271169656e6
4.0840799466228136e6
4.1246237375654136e6
4.1653545713223745e6
4.206272521358235e6
4.247377663895544e6
4.288670076731741e6
4.330149839202389e6
4.371817032622637e6