168243.49003242154
168312.0624215153
168495.09286918724
168793.04627415416
169206.66559006862
169736.94124683004
170385.38603330508
171153.36848885298
172042.8304376782
173055.87535352318
174194.86722064164
175462.43925445538
176861.3155994725
178394.62068323157
180065.57106786524
181877.56964708114
183834.22222545813
185939.27242605377
188196.58551696665
190610.23425753013
193184.27008224057
195922.96037326247
198830.57242610637
201911.44813205453
205170.0412038826
208610.71207697364
212237.9501946324
216056.18329286174
220069.8543654218
224283.3599241877
228701.0659644059
233327.28033082403
238166.26080208528
243222.15103419585
248499.04029883805
254000.91389533068
259731.6471091379
265694.99593479594
271894.6006100411
278333.9489334244
285016.4222949584
291945.2405572057
299123.4732730822
306554.0526001267
314239.7331520935
322183.1317964501
330386.68882018793
338852.6877554791
347583.2461095404
356580.3171535151
365845.6882343967
375380.9860136223
385187.6686910634
395267.03762272175
405620.2309844405
416248.233406225
427151.87051087746
438331.82398581016
449788.6208448901
461522.6478120993
473534.15174035786
485823.24407685944
498389.9060732584
511233.9920379033
524355.2361675433
537753.2558193274
551427.5584669558
565377.5457921752
579602.5193058552
594101.6846851388
608874.1622679189
623918.9821683627
639235.1002032154
654821.3974003082
670676.6870824448
686799.7197519336
703189.1887012891
719843.7309357144
736761.9416521003
753942.3690681672
771383.5239570822
789083.8834108624
807041.8950486778
825255.9820094054
843724.5445435337
862445.9674070922
881418.6212565897
900640.8683976751
920111.062727207
939827.5573648296
959788.7027213147
979992.8535292402
1.0004383691567435e6
1.021123619714831e6
1.0420469810584306e6
1.0632068510793943e6
1.0846016331961805e6
1.1062297526524642e6
1.1280896509365465e6
1.1501797932785584e6
1.1724986650425827e6
1.1950447748931935e6
1.2178166568223257e6
1.2408128704358852e6
1.264032001234578e6
1.2874726646948648e6
1.3111335029518818e6
1.3350131866786673e6
1.3591104185264003e6
1.3834239297976005e6
1.407952482416052e6
1.4326948700338788e6
1.4576499192608844e6
1.4828164832495453e6
1.5081934505708297e6
1.5337797399333406e6
1.5595743043301296e6
1.5855761176051453e6
1.6117841970398563e6
1.63819758053351e6
1.66481535345387e6
1.6916366128443393e6
1.718660494537769e6
1.7458861624892226e6
1.7733128106344596e6
1.800939660988446e6
1.8287659644033422e6
1.856790999676203e6
1.8850140719091014e6
1.9134345181390024e6
1.9420516935598727e6
1.9708649854185754e6
1.9998738068073876e6
2.029077587950554e6
2.0584757859520465e6
2.0880678936185865e6
2.1178534123242106e6
2.147831871517805e6
2.1780028231706554e6
2.208365838539336e6
2.23892050902072e6
2.269666473580804e6
2.300603289881565e6
2.331730684548338e6
2.3630482981574e6
2.394555832332637e6
2.4262529782990366e6
2.458139464047571e6
2.490215027161189e6
2.522479421704826e6
2.5549324176824796e6
2.5875737991900537e6
2.6204033648215677e6
2.653420927096338e6
2.686626311091175e6
2.7200193552307254e6
2.753599910254511e6
2.787367839409636e6
2.8213230162952123e6
2.855465326158138e6
2.8897946638095197e6
2.924310944902581e6
2.9590140661830707e6
2.9939039642152074e6
3.0289805741438116e6
3.0642438347890982e6
3.0996937091757096e6
3.135330143464723e6
3.1711530934795532e6
3.207162554613296e6
3.2433585006465926e6
3.279740919526999e6
3.3163098055918133e6
3.353065159347782e6
3.3900069927948522e6
3.4271353001308735e6
3.464450115653035e6
3.501951456444767e6
3.539639348832954e6
3.577513828058968e6
3.615574905548427e6
3.653822659901911e6
3.692257114761679e6
3.7308783242430487e6
3.769686330621335e6
3.808681194564074e6
3.847862972343099e6
3.8872317233322426e6
3.926787498352635e6
3.966530389872884e6
4.006460452586843e6
4.046577757045862e6
4.0868823761916687e6
4.127374384615028e6
4.1680538591831313e6
4.20892087840575e6
4.249975522284977e6
4.2912178720821105e6
4.332648010981185e6
4.374266023026139e6