365468.7096179468
365474.4848863396
365490.19697763195
365516.46750482585
365554.25358878105
365604.9323430864
365670.2513135261
365752.3856755804
365853.80007323954
365977.3294327757
366126.1349751702
366303.7321832504
366514.05068220507
366761.1121577911
367049.406661667
367383.63202413375
367768.7738505337
368210.0716517737
368712.9279497343
369283.1201085271
369926.5041843629
370649.1578354033
371457.21775634884
372357.14767703036
373355.4310083718
374458.6974765126
375673.6450537957
377007.1449931224
378466.0611466646
380057.24886097707
381787.6794065518
383664.3704996467
385694.2337495115
387884.2643850921
390241.37510124274
392772.33775547496
395484.4143025908
398383.9038365832
401477.67481606023
404772.3131462829
408274.32021984813
411990.0807067765
415925.8584163635
420087.76864982536
424481.78624956374
429113.767144349
433989.3790136122
439114.11467135843
444493.356572555
450132.21899376437
456035.67715131445
462208.52786707995
468655.3498954513
475380.52754505986
482388.2542498614
489682.50304675015
497267.05064025754
505145.4436057796
513321.04077955947
521796.9722761736
530576.1607264208
539661.3101242471
549054.9164900149
558759.2570113349
568776.4012686841
579108.2099110298
589756.3332013262
600722.216979906
612007.1035541234
623612.0429541336
635537.8828356339
647785.2827480384
660354.7150001477
673246.4696381768
686460.6594826151
699997.2252331041
713855.940803637
728036.4189631296
742538.1176031786
757360.3438785857
772502.2636294778
787962.9062121536
803741.1636815115
819835.8175778026
836245.5142715719
852968.8093218451
870004.1275171156
887349.8219454954
905004.1408335691
922965.2483959526
941231.2347002407
959800.1103644737
978669.8240730658
997838.2634184591
1.0173032656536682e6
1.0370626213911856e6
1.0571140711155627e6
1.0774553257844127e6
1.0980840612667864e6
1.1189979308304912e6
1.1401945655347998e6
1.1616715802522812e6
1.1834266096460246e6
1.2054571645798683e6
1.2277609256974743e6
1.2503354626999018e6
1.2731783807994535e6
1.296287288011961e6
1.319659818763192e6
1.3432936037219143e6
1.3671863427491086e6
1.3913356188522398e6
1.4157392391093632e6
1.4403949090049253e6
1.4653003905497193e6
1.4904534935274678e6
1.5158520164493467e6
1.5414938562575316e6
1.5673769045730904e6
1.593499105032138e6
1.619858439833876e6
1.646452932427109e6
1.6732806385739795e6
1.7003396738302181e6
1.7276281865538044e6
1.7551443704369173e6
1.7828864635164852e6
1.8108527500875262e6
1.8390415584027309e6
1.8674512605934667e6
1.896080277536257e6
1.924927074526405e6
1.9539901504169176e6
1.98326807124304e6
2.0127594287359396e6
2.0424628782691793e6
2.0723770721582184e6
2.102500767661794e6
2.132832731200248e6
2.1633717778973808e6
2.1941167582596326e6
2.2250665698939906e6
2.2562201529664407e6
2.2875764804248167e6
2.3191345686204056e6
2.350893473659912e6
2.38285228114158e6
2.41501011963905e6
2.4473661528799376e6
2.4799195775374565e6
2.512669622583287e6
2.5456155601249086e6
2.5787566805464933e6
2.612092315084701e6
2.6456218209046945e6
2.679344589967534e6
2.7132600398402726e6
2.747367614267648e6
2.7816667939572358e6
2.8161570729359924e6
2.8508379793659104e6
2.8857090699695153e6
2.9207699056925774e6
2.9560200988029796e6
2.991459267351053e6
3.027087073839821e6
3.0629031215002416e6
3.0989071442608247e6
3.135098863483736e6
3.1714779718493605e6
3.2080442153671687e6
3.2447973575354284e6
3.2817371744547673e6
3.318863460872351e6
3.356176024242362e6
3.393674692346031e6
3.431359300764762e6
3.4692297013052735e6
3.507285766281944e6
3.545527367812342e6
3.5839544050098765e6
3.6225667780484655e6
3.661364402018622e6
3.7003472050392744e6
3.7395151203846303e6
3.7788680978140193e6
3.8184060972694545e6
3.8581290691625397e6
3.898037003171667e6
3.938129876665953e6
3.9784076791744404e6
4.0188704090047493e6
4.0595180720079397e6
4.1003506777724517e6
4.1413682516132924e6
4.182570811203645e6
4.2239583902108e6
4.265531023765039e6
4.307288754288025e6
4.349231628282266e6