41014.78730417305
41138.16087098757
41467.212753068685
42002.09444462473
42743.05079906082
43690.41815427164
44844.62177045812
46206.172611077636
47775.66350315462
49553.764565978316
51541.21886253351
53738.836044492375
56147.487390026276
58768.09809369943
61601.64307949558
64649.13893949095
67911.63730316533
71390.21672317447
75085.97684439796
79000.0350125834
83133.50964732136
87487.52103823557
92063.18761655487
96861.61116987508
101883.87681596153
107131.04912535995
112604.14422407065
118304.17170553224
124232.08341269058
130388.79277130286
136775.16444575888
143392.01635329972
150240.10195457411
157320.13358763536
164632.75515128643
172178.55280693906
179958.05085712936
187971.71248750776
196219.93597439097
204703.05799712546
213421.35125222983
222375.02581650525
231564.22943944397
240989.03574182364
250649.5098392962
260545.58066601586
270677.1722240104
281044.1383304801
291646.28091439744
302483.3525740922
313555.05080717045
324861.0300957918
336400.8991963373
348174.22388653154
360180.53030096245
372419.306542236
384890.00552252604
397592.0472294055
410524.82128006354
423687.6892496913
437079.98672362365
450701.0266206611
464550.1001086099
478626.47995163535
492929.422060468
507458.1676923814
522211.94579229783
537189.9745604725
552391.4636046725
567815.6156080512
583461.6281066234
599328.6951721201
615416.0087896897
631722.7611187862
648248.1444163651
664991.353695265
681951.5877845259
699128.0498652288
716519.9491443614
734126.5016777236
751946.9309167997
769980.4768309464
788226.3604748361
806683.849818507
825352.2167047086
844230.7204350113
863318.6529969148
882615.3141798291
902120.0164805709
921832.0859666365
941750.8627539532
961875.7008732744
982205.9686688279
1.0027410493433136e6
1.023480340628328e6
1.0444232554060118e6
1.0655692214380223e6
1.086917681191709e6
1.1084680930640064e6
1.1302199299041922e6
1.1521726800528811e6
1.1743258464754084e6
1.1966789485504508e6
1.2192315167843238e6
1.2419831018719291e6
1.2649332647125847e6
1.2880815833744882e6
1.3114276488200857e6
1.3349710669412632e6
1.358711457149557e6
1.382648452694004e6
1.4067817011417416e6
1.4311108624196216e6
1.4556356099709696e6
1.4803556300845586e6
1.5052706217068788e6
1.5303802966283266e6
1.5556843781567141e6
1.5811826017103288e6
1.6068747144194744e6
1.6327604746738046e6
1.6588396520056117e6
1.6851120269000877e6
1.7115773903705208e6
1.7382355435288607e6
1.7650862977594284e6
1.7921294744096932e6
1.8193649039513362e6
1.8467924262814329e6
1.8744118911708994e6
1.902223154696876e6
1.9302260844285982e6
1.9584205541868573e6
1.986806446564625e6
2.0153836510408202e6
2.044152067732259e6
2.0731115991510435e6
2.102262158173186e6
2.131603663775905e6
2.1611360411809767e6
2.1908592224018127e6
2.220773145432718e6
2.250877754185533e6
2.2811729984011836e6
2.311658833053513e6
2.342335219007907e6
2.373202121911031e6
2.404259512133283e6
2.435507368999989e6
2.466945661071877e6
2.498574384113051e6
2.5303935230176575e6
2.562403070367392e6
2.594603022716961e6
2.6269933799199145e6
2.659574147443282e6
2.692345331109161e6
2.725306941991998e6
2.758458993949464e6
2.7918015037508304e6
2.8253344908217792e6
2.859057977958531e6
2.8929719899542406e6
2.9270765545447757e6
2.9613717011097698e6
2.9958574622345325e6
3.0305338721514917e6
3.0654009671987956e6
3.1004587855598633e6
3.1357073675176115e6
3.17114675477503e6
3.20677699096655e6
3.242598120988948e6
3.2786101915580933e6
3.3148132503309934e6
3.3512073466226393e6
3.387792530705289e6
3.424568854480467e6
3.4615363700993555e6
3.498695131548736e6
3.536045193009486e6
3.5735866098531396e6
3.6113194386094096e6
3.649243736006971e6
3.6873595595262838e6
3.7256669672552547e6
3.764166018588036e6
3.802856772025228e6
3.8417392877349495e6
3.8808136257364764e6
3.9200798465821394e6
3.959538011122259e6
3.9991881803812203e6
4.0390304158568946e6
4.0790647787974593e6
4.119291331406187e6
4.159710135065897e6
4.200321251672693e6
4.241124743479222e6
4.282120672396665e6