42731.8173845906
42854.56444625734
43181.948956472654
43714.131414742995
44451.371099880605
45394.02472667
46542.5428608768
47897.467177469895
49459.42630976881
51229.131100022554
53207.37001116364
55395.00285298811
57792.954119659145
60402.205785658036
63223.79667388604
66258.81251246278
69508.36428559941
72973.60547747681
76655.70792052132
80555.8638278358
84675.26857951208
89015.12206926738
93576.61863197875
98360.9401990422
103369.25335175049
108602.69616267248
114062.37799716744
119749.37371566807
125664.7168487251
131809.39812375713
138184.35613812244
144790.4794835666
151628.60046115506
158699.49186455368
166003.86684079331
173542.37528795522
181315.60211442003
189324.0673792695
197568.22638878546
206048.46503981028
214765.10457820966
223718.40073536415
232908.5423449201
242335.65400531553
251999.79634838612
261900.9682353282
272039.1080887179
282414.09405432385
293025.74926307774
303873.84113240195
314958.0840419651
326278.1413350408
337833.6301281671
349624.1206123602
361649.1401608035
373908.17550668505
386400.6753915803
399126.05301524163
412083.68854465534
425272.9317321866
438693.1040821482
452343.5021574658
466223.398972863
480332.04673402297
494668.6794407094
509232.51467646623
524022.7559934283
539038.5949247424
554279.2130128685
569743.7837589339
585431.4744678169
601341.4479651272
617472.864225059
633824.8822066523
650396.6611492365
667187.3619948796
684196.1490623871
701422.1910175121
718864.6607698313
736522.7406658155
754395.6180259032
772482.4909022126
790782.564961344
809295.0580217007
828019.1981631906
846954.2250949205
866099.3910759632
885453.9616241086
905017.215247496
924788.4446148227
944766.9567154488
964952.072968115
985343.129680133
1.0059394785216257e6
1.0267404862830213e6
1.0477455355208644e6
1.0689540242445292e6
1.0903653657773675e6
1.111978990192826e6
1.1337943424212383e6
1.155810883515506e6
1.178028090459355e6
1.2004454566214546e6
1.2230624873536052e6
1.2458787092551982e6
1.268893659270585e6
1.292106892638009e6
1.31551797816361e6
1.3391265000230905e6
1.3629320554420338e6
1.3869342593254359e6
1.4111327420902373e6
1.4355271400428033e6
1.4601171101504804e6
1.4849023200440588e6
1.5098824557466784e6
1.535057208864547e6
1.5604262882778388e6
1.585989414481628e6
1.6117463201190454e6
1.6376967503370908e6
1.6638404602711403e6
1.6901772187079e6
1.716706804217644e6
1.743429006423867e6
1.7703436255428495e6
1.7974504725307275e6
1.8247493677900664e6
1.852240141607027e6
1.8799226348979678e6
1.9077966947925428e6
1.9358621810426041e6
1.9641189596227654e6
1.992566905933477e6
2.0212059032835865e6
2.0500358431831591e6
2.0790566238943664e6
2.108268152337923e6
2.137670341977619e6
2.1672631128831403e6
2.1970463927437e6
2.2270201149936337e6
2.257184220999169e6
2.2875386525012413e6
2.3180833656524345e6
2.348818316544259e6
2.3797434672470815e6
2.410858786669111e6
2.442164247558804e6
2.473659827773746e6
2.5053455099448776e6
2.5372212808313984e6
2.569287131879221e6
2.6015430584362564e6
2.6339890591467987e6
2.666625138881594e6
2.699451302700401e6
2.7324675611281646e6
2.7656739279362215e6
2.7990704195714775e6
2.83265705580009e6
2.866433859097209e6
2.900400854891176e6
2.934558071363972e6
2.968905538218236e6
3.003443288976699e6
3.038171358423641e6
3.073089784040548e6
3.1081986048239274e6
3.143497862250574e6
3.1789875989631703e6
3.2146678605597843e6
3.2505386925773234e6
3.286600143416827e6
3.32285226236651e6
3.3592951002210407e6
3.3959287089459663e6
3.432753142135204e6
3.4697684537969613e6
3.506974699433005e6
3.5443719321388775e6
3.5819602191222566e6
3.619739608628698e6
3.657710162992465e6
3.6958719408857194e6
3.734225004739797e6
3.7727694136641803e6
3.811505229160665e6
3.8504325136684976e6
3.889551329351488e6
3.9288617388095646e6
3.968363805247242e6
4.0080575919577223e6
4.0479431626148117e6
4.088020580785711e6
4.1282899108234593e6
4.1687512168128896e6
4.209404562542884e6
4.250250012717782e6
4.291287631536797e6