493505.95131227636
493475.89428129076
493415.59216155304
493309.6389633411
493164.4769644929
492981.51233542914
492762.6017528995
492510.08302454563
492226.46093618096
491910.8233612121
491578.4273666413
491221.13611777005
490846.97390061145
490460.3050058863
490065.9112143709
489668.78513640555
489274.22949433146
488887.8821460829
488515.47783097654
488163.2769426208
487837.67147165764
487544.9700308516
487292.04433928296
487085.81064008776
486933.33913505176
486841.8849122881
486818.6252469945
486871.60937262344
487007.84262319683
487235.19221931155
487561.41234818456
487994.2796738109
488541.62962791923
489211.3209116103
490011.2144306165
490949.18370309385
492033.0834782719
493270.73584605235
494669.93532002234
496238.0166768368
497983.7256680687
499913.6046831564
502035.5007354399
504356.8307518317
506884.85936704354
509626.79347442306
512589.70922297117
515780.4752489095
519205.9456287826
522872.6978753833
526787.2115888097
530955.8162770744
535384.6399760635
540079.6337272981
545046.5819044253
550291.0676104398
555818.483371939
561634.0201502517
567742.6731810544
574149.2074190138
580858.2000324924
587874.0140353604
595200.7799919294
602842.4296208401
610802.649751296
619084.9189695015
627692.4904884
636628.3960595853
645895.4360885796
655496.1860366901
665434.6040315632
675708.0402717425
686323.1833830131
697280.1375655876
708580.3763522245
720225.1608025315
732215.5399025828
744552.3546038549
757236.2411575157
770267.633478352
783646.772607801
797373.7056774788
811448.2879451008
825870.2072900798
840638.9532383066
855753.874988023
871214.117461022
887018.7022560639
903166.4858568585
919656.1770166049
936486.3454003782
953655.4247038319
971161.7454623774
989003.473726561
1.0071787095023125e6
1.0256854217619849e6
1.0445214909312031e6
1.0636846968978443e6
1.0831727461844692e6
1.1029832579996614e6
1.1231137864474638e6
1.143561817822971e6
1.1643247847866227e6
1.1854000536884065e6
1.2067849671049975e6
1.228476815017982e6
1.2504728607783485e6
1.2727703258557632e6
1.2953664371509738e6
1.3182583716050843e6
1.3414433155936466e6
1.3649184580954472e6
1.3886809554436228e6
1.4127279966098573e6
1.43705676046154e6
1.4616644723417833e6
1.4865482894192892e6
1.5117054996755668e6
1.5371333271025603e6
1.5628290650896365e6
1.5887900205241754e6
1.6150135410086561e6
1.6414969892285576e6
1.6682377989082898e6
1.6952334110387377e6
1.722481325758707e6
1.749979088056176e6
1.777724274637202e6
1.8057145178278452e6
1.8339475024568946e6
1.8624209301678753e6
1.8911326092122002e6
1.92008034559664e6
1.9492620325051267e6
1.978675594073691e6
2.0083190282604084e6
2.0381903359200899e6
2.0682876317366573e6
2.0986090567155248e6
2.1291528016418656e6
2.159917124883971e6
2.1909002837861683e6
2.2221006875821883e6
2.253516705010647e6
2.285146802469237e6
2.316989480712802e6
2.34904329144489e6
2.3813068540333696e6
2.4137788110095216e6
2.4464578657970307e6
2.479342769921696e6
2.512432317837622e6
2.545725355328977e6
2.5792207579288506e6
2.6129174630871434e6
2.6468144431633214e6
2.680910719725872e6
2.715205325821194e6
2.749697380102256e6
2.784386008121883e6
2.8192703852444957e6
2.8543497164715687e6
2.8896232517820993e6
2.9250902701899023e6
2.960750087251253e6
2.9966020785233043e6
3.032645567506592e6
3.0688799970645257e6
3.1053048043596786e6
3.1419194632304884e6
3.1787234726505917e6
3.2157163582935566e6
3.252897671346492e6
3.29026699782923e6
3.3278239404684193e6
3.3655681221875516e6
3.4034991957084658e6
3.441616836221398e6
3.47992076643877e6
3.5184106411439306e6
3.557086230989987e6
3.59594729719368e6
3.6349935850162786e6
3.6742249140262594e6
3.7136410825096676e6
3.753241916518988e6
3.793027253107053e6
3.8329969518504282e6
3.8731508803793434e6
3.913488923922615e6
3.9540109054121384e6
3.9947169534823876e6
4.0356067741227495e6
4.076680370552074e6
4.117937692080139e6
4.159378691109052e6
4.201003333702327e6
4.242811594231741e6
4.284803462610582e6
4.326978934913821e6