275216.29480919143
275247.9382479298
275332.5279600974
275470.6403099051
275663.18929859117
275911.45799878077
276217.0567038497
276581.9571194866
277008.4270102231
277499.12990336074
278056.90051423694
278684.9948248562
279386.9788137468
280166.46918492543
281027.9089710138
281975.2235872313
283013.0602315855
284146.1737564516
285379.5170377278
286718.2291011211
288167.5670955914
289733.0827798521
291420.26231292076
293234.83425569325
295182.62103466486
297269.46113815473
299501.3078279113
301884.17523368023
304424.11413725384
307127.08518648933
309999.167964048
313046.3884786626
316274.7232899138
319690.1241363986
323298.48328599625
327105.63420760114
331117.3062404109
335339.1506324031
339776.34568136436
344435.3013262295
349320.3482320667
354436.97123576916
359790.16895324993
365384.8175361882
371225.5821926794
377317.03299196134
383663.521896762
390269.22812484996
397138.15619231557
404274.1224251902
411680.7489886545
419361.47349065833
427319.5274553574
435557.9516616552
444079.5931858009
452887.0922685359
461982.8952709384
471369.2494001101
481048.20306341624
491021.6108136928
501291.1326558889
511858.2371527762
522724.2062170234
533890.1300417264
545356.9221210912
557125.3167176229
569195.872497434
581568.9773658129
594244.8578822205
607223.5779257577
620505.0473343586
634089.0265750972
647975.1323973503
662162.8434083399
676651.5019859732
691440.342145362
706528.450738718
721914.8184450858
737598.3260650095
753577.7459130284
769851.7641238715
786418.9725739963
803277.8784851076
820426.9180479281
837864.4500662887
855588.7683990677
873598.1074531706
891890.6579882961
910464.55060621
929317.8765064599
948448.6923225251
967855.0186169469
987534.8484617762
1.0074861519220844e6
1.027706886549148e6
1.0481949920107949e6
1.0689483961852686e6
1.0899650242828398e6
1.1112428011651055e6
1.132779644824782e6
1.1545734932287273e6
1.176622282099576e6
1.1989239667463377e6
1.2214765080356123e6
1.2442778838712936e6
1.2673260993602076e6
1.290619178011214e6
1.3141551721186202e6
1.3379321541153872e6
1.3619482269418188e6
1.3862015261066514e6
1.4106902128215507e6
1.4354124850507649e6
1.4603665713997213e6
1.485550735454804e6
1.510963289104621e6
1.5366025522659502e6
1.5624669010617672e6
1.5885547610422317e6
1.6148645772348912e6
1.6413948407328192e6
1.668144076471258e6
1.6951108524133696e6
1.722293777264796e6
1.749691497346963e6
1.7773026961143236e6
1.8051260984738776e6
1.8331604672609621e6
1.8614046050555927e6
1.8898573439433197e6
1.9185175779717693e6
1.9473842083620762e6
1.9764561861737769e6
2.005732506033033e6
2.0352121979218856e6
2.0648942942957073e6
2.0947779158178817e6
2.1248621844362235e6
2.1551462576828785e6
2.1856293297539386e6
2.216310633296389e6
2.247189417160782e6
2.2782649782198053e6
2.309536630097309e6
2.34100372222379e6
2.37266563190278e6
2.4045217617174992e6
2.4365715440398785e6
2.468814436408648e6
2.5012499224706753e6
2.5338774782276694e6
2.5666967333169635e6
2.599707152333793e6
2.6329083325601993e6
2.6662998879109435e6
2.699881437293887e6
2.7336526235470157e6
2.7676131144039715e6
2.8017625854005604e6
2.836100748819493e6
2.8706273141898178e6
2.905342023445077e6
2.9402446315189763e6
2.97533490972553e6
3.0106126424432364e6
3.0460776379648577e6
3.081729704971778e6
3.117568678506813e6
3.1535944016456297e6
3.189806731960027e6
3.226205541513814e6
3.2627907092677415e6
3.299562127219932e6
3.336519708550217e6
3.3736633597900067e6
3.4109930096552637e6
3.4485085941465814e6
3.4862100574386036e6
3.524097353626537e6
3.5621704453776e6
3.600429302155231e6
3.6388739016843755e6
3.677504235679863e6
3.7163202910545757e6
3.755322069580607e6
3.79450957881141e6
3.833882831477263e6
3.8734418421248086e6
3.9131866402325435e6
3.9531172507590298e6
3.9932337161764093e6
4.0335360675896294e6
4.074024352400071e6
4.114698617901562e6
4.155558917564636e6
4.196605304037277e6
4.237837845352102e6
4.279256596894438e6
4.320861627657385e6
4.362653007053632e6