43265.50174274415
43388.04550779087
43714.88889567324
44246.1951331771
44982.22806636471
45923.35003461043
47070.01976720331
48422.78809307111
49982.29449527871
51749.262159371865
53724.49331252024
55908.862919585255
58303.311809305655
60908.84126603813
63726.506879071385
66757.40899890047
70002.68893098447
73463.51677312472
77141.08800027907
81036.61478202956
85151.31848231421
89486.42199589827
94043.14370891734
98822.68954172399
103826.25073516776
109054.9894509129
114510.03969851244
120192.49974987886
126103.42753117214
132243.83579154982
138614.68933408192
145216.8955005151
152051.31409718012
159118.72725299688
166419.88013789023
173955.43835996656
181726.00566187673
189732.11999858153
197974.25407704865
206452.80892618635
215168.1215447544
224120.4618210094
233310.0312699323
242736.96658193046
252401.3393145446
262303.15827411076
272442.37066308665
282818.8624052076
293432.463433253
304282.9476083169
315370.031631335
326693.3858299678
338252.6277474086
350047.3290553916
362077.0221422982
374341.1894795428
386839.280480633
399570.7067028565
412534.8459948813
425731.0448693989
439158.62134114
452816.86714584223
466705.05025161646
480822.4172919289
495168.19585365156
509741.5967939368
524541.8163838189
539568.0384679993
554819.436470885
570295.1754266473
585994.4137834379
601916.3052895772
618060.0005137755
634424.6489428879
651009.3995641461
667813.4037355316
684835.8154223345
702075.7924732624
719532.4995437956
737205.1063126872
755092.7903708975
773194.7393354997
791510.1483438653
810038.2247802152
828778.185418819
847729.2621978535
866890.6944876504
886261.7384558094
905841.6624890043
925629.7493921493
945625.2961347875
965827.614500738
986236.0312135043
1.0068498885425612e6
1.0276685440232827e6
1.048691371151055e6
1.0699177590382504e6
1.0913471123006532e6
1.1129788525371521e6
1.1348124163696964e6
1.1568472565727253e6
1.1790828423896118e6
1.2015186594312738e6
1.2241542054985808e6
1.2469889999030023e6
1.2700225725423181e6
1.2932544717012502e6
1.316684259523373e6
1.3403115137329153e6
1.3641358251386967e6
1.3881568050565943e6
1.412374071138307e6
1.436787260902312e6
1.4613960232935878e6
1.4862000224501495e6
1.5111989349438932e6
1.5363924516355472e6
1.5617802753677792e6
1.5873621221119976e6
1.6131377201011986e6
1.639106810382603e6
1.6652691440823576e6
1.6916244861711254e6
1.7181726115400533e6
1.7449133063371514e6
1.77184636742794e6
1.798971602594999e6
1.8262888292078215e6
1.853797874656343e6
1.881498577163076e6
1.9093907811367048e6
1.9374743439908263e6
1.965749129247721e6
1.994215010174979e6
2.0228718652820354e6
2.0517195921782132e6
2.0807580791833869e6
2.109987234202117e6
2.139406968945367e6
2.1690172024116386e6
2.198817860096395e6
2.2288088746949127e6
2.2589901861778246e6
2.289361735096123e6
2.3199234766301904e6
2.3506753654359607e6
2.3816173639750117e6
2.4127494390852805e6
2.444071563200647e6
2.4755837134181717e6
2.507285872100224e6
2.5391780251797074e6
2.5712601638596393e6
2.603532282745671e6
2.6359943804895673e6
2.6686464615409556e6
2.7014885308411713e6
2.7345205987101085e6
2.767742678732302e6
2.801154784294263e6
2.834756944249101e6
2.8685491719725383e6
2.902531495996886e6
2.9367039446155275e6
2.971066547468619e6
3.0056193387666466e6
3.040362353019009e6
3.0752956281021996e6
3.110419203304944e6
3.145733120392318e6
3.181237422227441e6
3.2169321549833724e6
3.2528173645400386e6
3.28889309954997e6
3.3251594097995944e6
3.361616346548938e6
3.39826396221747e6
3.4351023108937177e6
3.472131446989602e6
3.5093514268515008e6
3.5467623070046175e6
3.584364145531889e6
3.6221570010653725e6
3.6601409332576767e6
3.6983160020499667e6
3.7366822685263893e6
3.7752397940124627e6
3.8139886404739786e6
3.852928870675019e6
3.892060547526802e6
3.9313837342360336e6
3.9708984951068945e6
4.0106048926968183e6
4.0505029927242156e6
4.0905928589528035e6
4.13087455637231e6
4.1713481497666994e6
4.212013703572097e6
4.252871283169683e6
4.29392095342295e6