398457.7371746019
398455.00456530973
398448.1926222306
398437.70165257424
398424.6722853598
398410.5191843668
398396.95639687334
398386.2026323958
398380.7682445706
398383.6120965092
398397.88885401376
398427.2296182293
398475.5711629288
398547.08020698524
398646.3579359893
398778.1790770737
398947.65358229727
399160.142542192
399421.1656348922
399736.6564158228
400112.6721483079
400555.2829458746
401070.971788759
401666.29306778335
402347.91034065303
403122.7430763971
403997.59039703105
404979.60492172407
406075.85140293464
407293.4361619323
408640.6750298294
410121.58022029523
411746.57943889813
413521.8810123856
415454.69348486455
417552.04429983045
419821.59963802993
422269.9365994496
424904.25533738534
427731.4865673577
430758.4983721274
433992.03246323904
437438.7278627135
441105.08683198993
444997.4744398515
449122.14563912025
453485.17584221787
458092.4787958012
462949.8509971979
468062.837555083
473436.8539819191
479077.1156571164
484988.6678076001
491176.3256326363
497644.7359844425
504398.3217502277
511441.3068932361
518777.70288142154
526411.3066544244
534345.702750259
542584.332246488
551130.1330754687
559986.2522053978
569155.3320447734
578639.8736791165
588442.1605875228
598564.2581331701
609008.0213649727
619775.0913584696
630866.9067829263
642284.6938384483
654029.4815933331
666102.0955437946
678503.1615764762
691233.1328093254
704292.2613449522
717680.62255057
731398.115673397
745444.4703297629
759819.2492593444
774521.8598041404
789551.5544747529
804907.4335449175
820588.4703003494
836593.4856577086
852921.1955736157
869570.1653324456
886538.873855798
903825.6807076065
921428.841854691
939346.5258420127
957576.8041708358
976117.6729891384
994967.0495364435
1.0141227921373424e6
1.0335826911320863e6
1.0533444770302158e6
1.0734058335708897e6
1.0937644030483016e6
1.114417786974169e6
1.1353635557929678e6
1.1565992520792487e6
1.1781223985116342e6
1.199930496912117e6
1.2220210388832008e6
1.2443915130410946e6
1.2670394023524283e6
1.2899621415156536e6
1.313157316900542e6
1.3366223807825428e6
1.3603548384360191e6
1.3843522308077943e6
1.4086121381122866e6
1.4331320544123184e6
1.4579096180089042e6
1.4829424672457024e6
1.5082250334302653e6
1.533764610244542e6
1.5595493374609468e6
1.5855801712124809e6
1.611854910025827e6
1.6383713945666621e6
1.665127496688462e6
1.6921211500705814e6
1.719350319774431e6
1.7468130160126546e6
1.774507295912403e6
1.8024312642026148e6
1.8305830670855143e6
1.8589609009585695e6
1.887563011115393e6
1.9163876880364844e6
1.9454332610860635e6
1.9746981248949524e6
2.00418070591803e6
2.0338794968806177e6
2.0637929871543539e6
2.093919776222127e6
2.1242584772430193e6
2.1548077491653394e6
2.1855663034910704e6
2.2165328858597856e6
2.247706294841364e6
2.279085368744475e6
2.31066897706254e6
2.342456060086853e6
2.374445566753462e6
2.4066365020830864e6
2.4390279089870257e6
2.471618864151465e6
2.5044084619076755e6
2.537395937851997e6
2.5705803951597847e6
2.603961088778058e6
2.6375372740058247e6
2.671308245024895e6
2.7052733319727657e6
2.739431874701758e6
2.7737832687673247e6
2.8083269278309457e6
2.8430623020679415e6
2.8779888615230774e6
2.9131060901269563e6
2.9484135314832577e6
2.9839107305552317e6
3.019597263048851e6
3.055472712768743e6
3.091536745717029e6
3.127788962986057e6
3.1642290495420746e6
3.200856686300681e6
3.2376715828072936e6
3.274673464209183e6
3.3118620768886446e6
3.349237182025828e6
3.386798563090218e6
3.4245460106926803e6
3.462479343375223e6
3.500598388369496e6
3.538902984048006e6
3.5773929908485417e6
3.6160682801117445e6
3.654928738023273e6
3.6939742491277535e6
3.7332047333023488e6
3.772620131259142e6
3.8122203071496696e6
3.8520052540442958e6
3.8919749218112794e6
3.9321292610277277e6
3.9724682434116597e6
4.012991848268516e6
4.053700063474271e6
4.0945928798794546e6
4.1356703092936617e6
4.176932355225393e6
4.218379031676095e6
4.260010367407586e6
4.301826390489925e6
4.343827178092919e6