333929.9873425844
333944.3575918705
333982.8922765751
334046.214510854
334135.2820233493
334251.45779936505
334396.44381127076
334572.34861669503
334781.54525427974
335026.8605980199
335311.35687646014
335638.52675336483
336012.0741207253
336436.02408308757
336914.73265471775
337452.77572447795
338055.0437298373
338726.50352496025
339472.5555607737
340298.7483094097
341210.77086049796
342214.55756228114
343315.9968537629
344521.38003440294
345836.9740833611
347269.1869713613
348824.4812213727
350509.4692266177
352330.7805376897
354294.98850490525
356408.8085800506
358678.9429106115
361112.002206841
363714.6845547864
366493.5768795777
369455.2616880203
372606.21458349365
375952.8662374073
379501.5207799416
383258.4236096067
387229.3253876916
391421.3100012442
395839.1458697851
400488.9333339435
405376.2064834065
410506.4140866912
415884.79635157005
421516.4293782214
427406.2147728257
433558.86626344617
439978.909956002
446670.68526518065
453638.3237427457
460885.76353805955
468416.7395707618
476234.77764208976
484343.2036175113
492745.1141258447
501443.4236556317
510440.820382908
519739.7887809654
529342.601612772
539251.3291143463
549467.82857809
559993.7598893563
570830.5809703754
581979.5491883595
593441.7269567499
605217.989163985
617309.0206760752
629715.324265857
642437.2233987403
655474.8681036027
668828.2442085758
682497.1679567243
696481.3029971006
710780.1597642772
725393.1035382014
740319.3599962533
755558.0205888088
771108.0511527767
786968.2969101891
803137.4836670826
819614.2400929874
836397.0782012555
853484.4363947915
870874.6406717668
888565.9390727323
906556.5268412894
924844.5051249535
943427.9222357452
962304.7630231348
981472.9628303138
1.0009304088297142e6
1.0206749538461386e6
1.040704419010747e6
1.0610165797906374e6
1.0816091951835668e6
1.1024800127391515e6
1.1236267535745376e6
1.1450471331746369e6
1.166738860382725e6
1.1886996409293474e6
1.2109271861594175e6
1.2334192079455666e6
1.2561734312549888e6
1.2791875951442365e6
1.3024594454521688e6
1.325986762640583e6
1.3497673263410605e6
1.3737989629421714e6
1.3980795119675007e6
1.4226068478913975e6
1.447378887406595e6
1.472393501841495e6
1.4976487391720954e6
1.5231425499825499e6
1.5488730028314474e6
1.5748381665475236e6
1.6010361648665778e6
1.6274651456624418e6
1.654123320427678e6
1.6810089154713033e6
1.7081202293798279e6
1.735455577622603e6
1.7630133302449381e6
1.790791898493747e6
1.818789736536314e6
1.8470053412552476e6
1.8754372510277566e6
1.9040840554921306e6
1.9329443753807181e6
1.9620168751424279e6
1.991300274104958e6
2.0207933168429069e6
2.0504948169858288e6
2.0804035690642805e6
2.110518477527819e6
2.140838452234228e6
2.1713624425461018e6
2.2020894384443443e6
2.2330184700785875e6
2.2641486058046594e6
2.2954789441574244e6
2.3270086259054597e6
2.358736822724055e6
2.3906627389915967e6
2.4227856106678518e6
2.4551047246664446e6
2.4876193689695112e6
2.520328883044509e6
2.5532326312115667e6
2.5863300075450633e6
2.6196204338760264e6
2.653103357834532e6
2.6867782584919576e6
2.720644635687005e6
2.7547020222543743e6
2.78894996494971e6
2.823388042003408e6
2.858015851633972e6
2.8928330188956447e6
2.927839177169881e6
2.9630339992928677e6
2.998417165099495e6
3.0339883967268053e6
3.069747365363788e6
3.105693859837344e6
3.1418276205469677e6
3.17814842369157e6
3.2146560622240514e6
3.2513503377876393e6
3.288231066702829e6
3.325298104753149e6
3.3625512812881563e6
3.399990465011684e6
3.437615537331108e6
3.4754263799927086e6
3.5134228949440373e6
3.5516049944775403e6
3.589972598082009e6
3.628525642573666e6
3.667264066665951e6
3.706187823766703e6
3.745296874869813e6
3.7845911902883044e6
3.8240707502740556e6
3.8637355310501214e6
3.9035855373737616e6
3.943620765900865e6
3.983841224377415e6
4.024246926472488e6
4.0648378934119865e6
4.1056141514908494e6
4.146575729681067e6
4.1877226730060233e6
4.229055016310098e6
4.270572799779598e6
4.312276101008538e6
4.354164950647628e6