206059.1515524514
206113.75480169643
206259.55088514052
206496.94311739967
206826.92405932516
207250.77613350996
207769.58611761764
208385.27092348595
209099.86755802613
209915.68046217397
210835.35160457078
211861.714360891
212997.90670516415
214247.27443798233
215613.4292249433
217100.06576712747
218711.40013164168
220451.39755994876
222324.52993958225
224335.08094788037
226487.87384433
228787.56941208072
231239.0173694636
233847.12291385434
236616.8999662389
239553.27087212025
242661.41703522726
245946.38773754713
249413.26270030308
253067.1006022465
256912.96097151024
260955.84708273815
265200.7030159185
269652.4103860771
274315.77179943
279195.5054601836
284296.23372762604
289622.4359440049
295178.4896211821
300968.6679802858
306997.0711941583
313267.676858451
319784.2839707065
326550.58222125506
333570.0441042074
340846.0047800996
348381.6463564404
356179.94626481854
364243.7203017231
372575.6042953726
381178.05488981644
390053.35397571896
399203.6004135894
408630.7107923096
418336.4324382293
428322.3289691503
438589.7898340735
449140.03575606644
459974.1207280167
471092.91586136236
482497.1522058636
494187.38841778133
506164.0310470334
518427.3356192729
530977.4137883657
543814.2349893398
556937.6333135839
570347.3120804421
584042.8497518062
598023.7050402141
612289.222589364
626838.6387184889
641671.087218964
656785.6041192177
672181.1356436731
687856.5415824974
703810.6016509907
720042.021961367
736549.4401589509
753331.4300756233
770386.5081560705
787713.1393622607
805309.7386379902
823174.6828569352
841306.3086345226
859702.9148799462
878362.783879161
897284.1685729414
916465.3003334674
935904.3975802532
955599.667695519
975549.3087026577
995751.5143028579
1.0162044806821606e6
1.0369064036647517e6
1.0578554847086796e6
1.0790499367583022e6
1.100487979413999e6
1.1221678467179055e6
1.1440877909289745e6
1.166246081216684e6
1.188641005381153e6
1.2112708752430126e6
1.234134024330337e6
1.2572288121680135e6
1.280553625743304e6
1.3041068790693795e6
1.3278870125187594e6
1.3518925028650628e6
1.3761218495489955e6
1.4005735885612052e6
1.4252463581837725e6
1.450138553240735e6
1.4752490093323e6
1.5005763301002898e6
1.5261192138634394e6
1.5518764009424108e6
1.5778466516562526e6
1.6040287739719627e6
1.6304216040184991e6
1.6570240216862897e6
1.6838349284093948e6
1.7108532650715539e6
1.7380780052684133e6
1.7655081562537854e6
1.7931427577409286e6
1.8209808819333322e6
1.8490216334667916e6
1.877264149510744e6
1.905707595807575e6
1.9343511712716008e6
1.9631941049785106e6
1.9922356509561345e6
2.021475112108618e6
2.050911777722609e6
2.0805449953482675e6
2.1103741496865572e6
2.14039863562226e6
2.1706178636899767e6
2.2010312879643217e6
2.231638380778714e6
2.2624386405655975e6
2.293431585465179e6
2.3246167592906137e6
2.355993718606628e6
2.3875620679332074e6
2.419321404430184e6
2.4512713589326343e6
2.4834115764299245e6
2.515741716704079e6
2.5482614810606847e6
2.580970567894488e6
2.6138686928594206e6
2.6469555946242707e6
2.6802310310508404e6
2.7136947666257485e6
2.7473465879965033e6
2.7811862938259635e6
2.815213697789021e6
2.8494286266087377e6
2.8838309195454516e6
2.918420428453727e6
2.953197023178115e6
2.9881605741393906e6
3.023310971687451e6
3.0586481140785897e6
3.094171920437312e6
3.129882279217323e6
3.165779149551699e6
3.201862458038359e6
3.2381321530215396e6
3.2745881877938514e6
3.3112305260055466e6
3.348059138195239e6
3.3850740026368513e6
3.422275104600211e6
3.4596624360144194e6
3.4972359949807473e6
3.5349957864538366e6
3.5729418210750488e6
3.611074113985042e6
3.64939268701664e6
3.687897566238298e6
3.7265887837835336e6
3.7654663752927277e6
3.804530379567541e6
3.8437808393495865e6
3.8832178096461724e6
3.922841335147436e6
3.9626514736814275e6
4.0026482836163873e6
4.04283182633928e6
4.083202166615554e6
4.1237593717953917e6
4.164503511711427e6
4.205434658488556e6
4.2465528870634595e6
4.287858273720508e6
4.329350897189056e6
4.371030837644018e6