42266.82869749176
42389.74976457792
42717.59740607935
43250.529563094344
43988.80208483114
44932.765868273855
46082.8648355054
47439.63246208496
49003.68782054435
50775.7308777069
52756.53797046721
54946.95529893902
57347.89375265731
59960.321026365535
62785.25416506527
65823.76594605614
69076.94940313912
72545.9377110556
76231.88346874647
80135.959060784
84259.33908703868
88603.20271442726
93168.7231621737
97957.06112723565
102969.36153766114
108206.74133832735
113670.28863743666
119361.0572729639
125280.05934767934
131428.26547222745
137806.59431533678
144415.9147123956
151257.04002153195
158330.72278453395
165637.66224708754
173178.48683037658
180953.76715136986
188964.0078520976
197209.64862800098
205691.0617001364
214408.55520209094
223362.3726953832
232552.69168843058
241979.62634798491
251643.22797777894
261543.48675061052
271680.3336571412
282053.64008783037
292663.22343471355
303508.8462255305
314590.21885344107
325907.00165117765
337458.80955839413
349245.2108086796
361265.7326815176
373519.8618757854
386007.04801373306
398726.70580953016
411678.21815272816
424860.93661959947
438274.18730836525
451917.27060455433
465789.4640753259
479890.0253016889
494218.1937814198
508773.19337777165
523554.23413224315
538560.5145305751
553791.2234171066
569245.5419048136
584922.6451696531
600821.7042136049
616941.8874943389
633282.3624716841
649842.2971962246
666620.8615323455
683617.2287735709
700830.5765263194
718260.0880985371
735904.9537486597
753764.3706630956
771837.546114284
790123.6951908155
808622.0449922048
827331.8336341509
846252.3077063864
865382.730955665
884722.3771766277
904270.5338770014
924026.5025236992
943989.5989071297
964159.152760843
984534.5097555835
1.0051150290370602e6
1.0259000858716408e6
1.0468890708578287e6
1.068081389881391e6
1.08947646398111e6
1.1110737307067185e6
1.1328726425706935e6
1.1548726675969528e6
1.17707328985635e6
1.1994740095219836e6
1.2220743386480745e6
1.2448738102319022e6
1.2678719675756018e6
1.2910683717917858e6
1.3144625981074462e6
1.3380542359320745e6
1.3618428895646227e6
1.3858281773227267e6
1.4100097326984832e6
1.43438720151598e6
1.4589602439775695e6
1.48372853342974e6
1.5086917565132682e6
1.5338496130952707e6
1.559201814922313e6
1.5847480864603561e6
1.610488164235163e6
1.6364217968381967e6
1.662548743198015e6
1.6888687753934877e6
1.715381675223103e6
1.7420872353901225e6
1.768985259034914e6
1.7960755572599613e6
1.8233579611842567e6
1.8508322955900023e6
1.8784984064535687e6
1.906356143300226e6
1.9344053679627005e6
1.9626459485091874e6
1.991077762262619e6
2.0197006944214182e6
2.0485146381677708e6
2.0775194934334448e6
2.106715168621238e6
2.1361015916080866e6
2.165678645077321e6
2.1954462965142913e6
2.225404467804499e6
2.255553101305983e6
2.285892139919347e6
2.3164215404128972e6
2.3471412599578886e6
2.378051261315483e6
2.4091515141091486e6
2.4404419917077967e6
2.4719226725758803e6
2.503593539829169e6
2.5354545806027115e6
2.5675057868677615e6
2.5997471541932058e6
2.632178681583001e6
2.664800374093867e6
2.6976122369714216e6
2.7306142809886374e6
2.763806519821434e6
2.7971889700263836e6
2.830761651456235e6
2.8645245865090564e6
2.8984778005506964e6
2.932621321648077e6
2.966955179414661e6
3.001479407163163e6
3.0361940395018375e6
3.0710991136724046e6
3.106194668425078e6
3.1414807449659067e6
3.1769573856410054e6
3.212624635690321e6
3.248482540419029e6
3.2845311476749377e6
3.3207705064453753e6
3.3572006670278613e6
3.393821681139879e6
3.430633601849447e6
3.4676364827056276e6
3.5048303787521846e6
3.542215345890919e6
3.5797914409117266e6
3.617558721493959e6
3.655517246119086e6
3.693667073655451e6
3.7320082638789755e6
3.7705408774418165e6
3.80926497464697e6
3.8481806173437205e6
3.887287867053488e6
3.926586785900339e6
3.9660774364802646e6
4.00575988148086e6
4.0456341838689228e6
4.085700407059413e6
4.125958614348008e6
4.1664088693939573e6
4.207051235356389e6
4.247885776364364e6
4.288912556009116e6