78659.00854699136
78765.5019171687
79049.59176725274
79511.57072717583
80151.91236224133
80971.26794542195
81970.46327647576
83150.48874415431
84512.51028723476
86057.81367643832
87787.92566089865
89704.384345611
91809.31413075255
94103.46368108378
96589.90033968186
99270.32108792479
102146.86556408202
105221.75446443082
108497.33304239335
111975.94708482924
115659.92891643025
119551.72178688712
123653.7720410529
127968.51564820498
132498.38364239
137245.86239343692
142213.2921443033
147403.0645862948
152817.50740051575
158458.8925662754
164329.43497175575
170431.27774223793
176766.49327565593
183337.0680626858
190144.92416667592
197191.84078456895
204479.5568612944
212009.68010405396
219783.7224551364
227803.09065186992
236069.08210997857
244582.88462594312
253345.5780192263
262358.128446175
271621.39396864886
281136.12052508246
290902.95018513117
300922.40417580516
311194.90711304755
321720.7842928268
332500.245940535
343533.42168964434
354820.3212554873
366360.87813724694
378154.9306413096
390202.23092917085
402502.44825409504
415055.17251046107
427859.91847943375
440916.12937896245
454223.18065902253
467780.3842110353
481586.9924014732
495642.20134022366
509945.1559633635
524494.9527991925
539290.644466561
554331.2432345693
569615.7247336219
585143.0316021101
600912.0768245124
616921.7476919664
633170.9084094915
649658.4037764905
666383.062102977
683343.6978128185
700539.1153739193
717968.1109775255
735629.4750912759
753521.9959294378
771644.4608706117
789995.6585395564
808574.3818810841
827379.4290576038
846409.6062317097
865663.7283726983
885140.6209544388
904839.122682025
924758.0850166958
944896.3748792433
965252.8749558191
985826.4851944484
1.0066161237144157e6
1.0276207285163226e6
1.0488392513761325e6
1.0702706746672844e6
1.0919139940262681e6
1.113768229095152e6
1.1358324197582877e6
1.1581056335250326e6
1.1805869528104267e6
1.20327548770918e6
1.2261703716153207e6
1.2492707565162024e6
1.2725758241017838e6
1.2960847751086024e6
1.3197968349330118e6
1.343711251281523e6
1.3678272957806084e6
1.3921442624409646e6
1.4166614684656716e6
1.4413782529381048e6
1.4662939786955153e6
1.4914080302009918e6
1.5167198109096894e6
1.5422287498507844e6
1.567934296281939e6
1.5938359175978173e6
1.6199331052045028e6
1.6462253678968532e6
1.672712235612684e6
1.6993932577786013e6
1.7262680026593343e6
1.7533360534913128e6
1.7805970238394202e6
1.8080505265213754e6
1.8356962050708248e6
1.8635337152169219e6
1.891562731025949e6
1.91978294126113e6
1.9481940504655312e6
1.976795778434284e6
2.0055878589165953e6
2.034570041689103e6
2.0637420896740109e6
2.0931037792525324e6
2.1226548998928396e6
2.1523952550708195e6
2.1823246563224904e6
2.2124429334878395e6
2.2427499230993306e6
2.2732454747099597e6
2.3039294486110853e6
2.334801715595298e6
2.3658621560160387e6
2.3971106598984394e6
2.4285471274607833e6
2.460171468114948e6
2.491983598560729e6
2.5239834449576912e6
2.5561709405156923e6
2.588546030309854e6
2.621108661019396e6
2.6538587887040726e6
2.68679637823592e6
2.7199214000207074e6
2.753233828178271e6
2.7867336489656223e6
2.8204208482244276e6
2.8542954209403456e6
2.8883573662692057e6
2.9226066900331886e6
2.957043399318254e6
2.991667509620145e6
3.026479039314856e6
3.0614780117339646e6
3.0966644533702834e6
3.1320383953408417e6
3.1675998734516795e6
3.2033489229105026e6
3.23928558535042e6
3.2754099089204753e6
3.3117219375372007e6
3.3482217225840734e6
3.384909315692642e6
3.42178477524968e6
3.458848158032887e6
3.496099526805432e6
3.5335389379739687e6
3.571166459937069e6
3.6089821571594654e6
3.6469861003094334e6
3.685178356277706e6
3.7235589947827375e6
3.7621280938119786e6
3.800885723483124e6
3.8398319596594237e6
3.878966879361351e6
3.918290556967072e6
3.9578030738286255e6
3.9975045085280947e6
4.0373949389734436e6
4.0774744476504894e6
4.117743114337812e6
4.158201022690328e6
4.198848254504027e6
4.239684891802196e6
4.280711018355394e6
4.321926716953477e6
4.363332071703341e6