55846.69597909739
55963.803970352456
56276.172394718655
56784.02010701809
57487.70152434186
58387.70258732405
59484.639127170434
60779.2524795653
62272.40536911244
63965.071953166014
65858.33704376826
67953.38562511711
70251.49646205115
72754.03314086003
75462.43762499865
78378.21624235017
81502.92738775263
84838.22259227993
88385.71447380423
92147.1150483645
96124.12871116147
100318.47942697472
104731.88689722106
109366.06333736883
114222.7254121257
119303.54823631176
124610.20879333015
130144.24958637275
135907.31052317904
141900.89103022986
148126.44541323444
154585.38087831248
161279.03324588164
168208.65328401103
175375.4413249034
182780.50381075885
190424.8696732824
198309.48601592876
206435.2153310926
214802.83482482305
223413.03294327538
232266.41640904377
241363.4959610477
250704.70769115983
260290.39583800058
270120.82079328876
280196.1617273353
290516.5142983445
301081.89910614386
311892.2570715164
322947.4564841705
334247.2920620593
345791.52630251355
357579.69210748747
369611.56043730874
381886.5661768042
394404.2128670392
407163.9278216183
420165.0878066063
433407.0222988983
446889.01682995097
460610.3161444174
474570.12720466044
488767.6224581194
503201.9428666753
517872.2009272633
532777.483585695
547916.8551362348
563289.3599704672
578894.0252488463
594729.8635269607
610795.8752748489
627091.051194058
643614.374478324
660364.8232910368
677341.3723281428
694542.9955133452
711968.6669902783
729617.3638822597
747488.0669932925
765579.7631949098
783891.4461655396
802422.1182097924
821170.7917776536
840136.4897014742
859318.2475758052
878715.1132280998
898326.1491081037
918150.432228435
938187.0551231412
958435.1264933988
978893.7720820829
999562.1347426131
1.020439375137748e6
1.0415246724130887e6
1.062817223994752e6
1.084316246363505e6
1.106020975126623e6
1.1279306215017468e6
1.1500445888533795e6
1.1723620422606852e6
1.1948823376548924e6
1.2176048063938322e6
1.240528802588646e6
1.2636536968397363e6
1.2869788806608373e6
1.3105037644426096e6
1.334227776256421e6
1.3581503657174762e6
1.3822709991114496e6
1.4065891620242218e6
1.431104358132877e6
1.4558161089908585e6
1.4807239542876477e6
1.5058274507936577e6
1.5311261720481657e6
1.5566197094049216e6
1.5823076701414676e6
1.6081896778677013e6
1.6342653721275262e6
1.6605344073101636e6
1.6869964546762598e6
1.7136511980245714e6
1.7404983390540695e6
1.767537589737555e6
1.7947686783594813e6
1.822191344578709e6
1.8498053440110884e6
1.8776104435348925e6
1.9056064221612932e6
1.9337930711153217e6
1.9621701939950762e6
1.990737604101395e6
2.0194951280693712e6
2.0484426023660768e6
2.0775798724007027e6
2.106906795977654e6
2.1364232391792336e6
2.1661290782242008e6
2.196024198230957e6
2.226108492457986e6
2.2563818639856707e6
2.286844222561367e6
2.317495488705892e6
2.3483355871215696e6
2.3793644513007714e6
2.4105820224870616e6
2.4419882489647623e6
2.473583084123578e6
2.5053664889990427e6
2.5373384293240975e6
2.5694988803304243e6
2.601847811008076e6
2.6343852264147336e6
2.667111094780125e6
2.7000254168928564e6
2.733128191304133e6
2.766419421468308e6
2.7998991149025415e6
2.833567283448712e6
2.867423942779909e6
2.901469112578834e6
2.9357028161635823e6
2.9701250805354705e6
3.0047359350400753e6
3.0395354133129427e6
3.0745235516558536e6
3.1097003891188274e6
3.145065967347412e6
3.1806203312442657e6
3.2163635261605736e6
3.2522956030894183e6
3.2884166110674976e6
3.3247266055569504e6
3.361225640973102e6
3.3979137749568895e6
3.4347910650004903e6
3.471857573190296e6
3.5091133603310003e6
3.5465584912602487e6
3.584193027942822e6
3.622017037964799e6
3.6600305880500614e6
3.6982337462725197e6
3.7366265823412617e6
3.775209165844034e6
3.8139815661793356e6
3.8529438571091047e6
3.8920961092091273e6
3.931438396347934e6
3.9709707914483235e6
4.010693368478892e6
4.050606201716022e6
4.0907093658926967e6
4.1310029363913448e6
4.1714869873424177e6
4.212161595643932e6
4.253026836027576e6
4.294082784736581e6
4.335329516642967e6