506110.1084967272
506082.7125627686
506009.90082898387
505892.2922963416
505731.0119821917
505527.4560555025
505283.48810830165
505001.4612191962
504683.8711790326
504333.78863312886
503954.608750531
503550.07494420465
503124.2764998686
502681.56978151575
502226.7804926302
501764.9100708199
501301.28920595755
500841.5595824396
500391.4958188571
499957.383672843
499545.64342478197
499162.61807697767
498815.2028298107
498510.35491270886
498255.18102019234
498056.97733586235
497922.95364949806
497861.23381745955
497878.84189820976
497983.70832214784
498183.63754291483
498486.4661218269
498900.0880936937
499432.4256709032
500091.4077735217
500884.9772721585
501821.0584752192
502907.5590553526
504152.34551866003
505562.8194451515
507147.9365595449
508914.0587178414
510869.3734560008
513021.31244672695
515377.2495347485
517944.49269429385
520730.2283659213
523741.43428277306
526985.0810393643
530467.8660795873
534196.3980990989
538177.1174195621
542416.2858977857
546919.9897472408
551694.1414684268
556744.470503757
562076.4992049921
567695.5660785965
573606.8000052788
579815.1217019096
586325.2598979954
593141.7152054335
600268.7721903474
607710.5138076298
615470.7784614753
623553.1961746787
631961.1721228464
640697.8900395916
649766.3027688527
659169.1347435402
668908.9008090735
678987.8802661955
689408.1269024491
700171.4836482564
711279.5656863519
722733.7740465847
734535.2945477937
746685.1014408942
759183.9616240938
772032.4349148725
785230.8855031676
798779.4789772007
812678.1840324099
826926.7985484758
841524.9164328658
856471.9863606874
871767.2452383798
887409.8115676498
903398.618021357
919732.4539443615
936409.9613579774
953429.6469865579
970789.8862070211
988488.9160422803
1.0065248812979521e6
1.0248957947285695e6
1.0435995745030482e6
1.0626340321490224e6
1.0819968640623451e6
1.1016858307424856e6
1.121698375886613e6
1.1420320416903323e6
1.1626842620901484e6
1.183652412210932e6
1.2049338222453818e6
1.2265257711688043e6
1.2484255068836804e6
1.270630238373926e6
1.2931371706166612e6
1.31594345105716e6
1.3390462136101606e6
1.3624426445073793e6
1.3861299096742054e6
1.4101049703260937e6
1.4343651564973462e6
1.4589075620058184e6
1.4837293093718572e6
1.5088276321784751e6
1.534199697040887e6
1.5598427403294635e6
1.5857540087566173e6
1.6119307911485203e6
1.638370385914201e6
1.6650701621731769e6
1.6920275041027062e6
1.7192398348934364e6
1.746704634910286e6
1.774419417181689e6
1.8023817493411168e6
1.8305892320646732e6
1.8590395316798997e6
1.8877303567233707e6
1.9166594549700855e6
1.9458246533325152e6
1.9752238057150168e6
2.0048548476735712e6
2.034715712090551e6
2.0648044301192039e6
2.0951191016932053e6
2.125657852099661e6
2.1564188362513687e6
2.187400309715977e6
2.2186005424541924e6
2.2500179608703107e6
2.2816508625424774e6
2.3134977258747956e6
2.3455570456163846e6
2.377827379145569e6
2.4103073225870924e6
2.4429955190309277e6
2.4758906685982523e6
2.508991514731585e6
2.54229684847265e6
2.5758055134422835e6
2.6095163716524313e6
2.6434283700170508e6
2.677540476816791e6
2.71185168313138e6
2.7463610651927902e6
2.7810677077866714e6
2.815970745331529e6
2.8510693443939486e6
2.8863627435381184e6
2.9218501329342895e6
2.957530819754574e6
2.993404115766903e6
3.029469362082821e6
3.0657259689942743e6
3.1021733134207055e6
3.1388108507890156e6
3.1756380505216136e6
3.2126544126294414e6
3.2498594617519034e6
3.2872527615264575e6
3.324833907840338e6
3.362602458054182e6
3.4005580653475155e6
3.4387003840880613e6
3.477029089831229e6
3.5155438710971912e6
3.5542444552870723e6
3.593130580554946e6
3.6322019791747895e6
3.6714584560808246e6
3.710899791180479e6
3.750525796750896e6
3.7903362953867638e6
3.8303311338673173e6
3.8705101671351506e6
3.910873268354636e6
3.9514203204551456e6
3.9921512119598337e6
4.0330659040757394e6
4.0741642559068655e6
4.1154462378971544e6
4.1569117935813307e6
4.198560874583805e6
4.2403934544912595e6
4.28240950848935e6
4.324609032614764e6