214127.05082941364
214178.81146669085
214317.03024153918
214542.2577688509
214855.24573891243
215257.22540639504
215749.65556304576
216334.32173383143
217013.29546854488
217788.91378730314
218663.86723650625
219641.0468065624
220723.64074298303
221915.0435706529
223218.94419980154
224639.1787659714
226179.8210574563
227845.12788034632
229639.60793467308
231567.56967565365
233633.9893444631
235843.61523471493
238201.38041042478
240712.31252999767
243381.53748704738
246214.0763406952
249215.24431793654
252390.20145049138
255744.1611471129
259282.30613977567
263009.82920995733
266931.866583971
271053.50121161033
275379.7552871831
279915.5688507187
284665.8087172656
289635.23933675076
294828.48299655283
300250.08796563896
305903.9856504893
311795.57904894947
317928.3570435957
324305.9833145338
330932.5398991962
337811.65258987114
344946.8070812256
352341.33211802447
359998.35033234354
367920.8256499238
376111.5326875427
384573.0739761483
393307.8672637496
402318.14519315335
411605.9581164384
421173.1830668333
431021.50969282136
441152.45175310434
451567.34238093515
462267.355324196
473253.4700839213
484526.52313755074
496087.17441127985
507935.9285947675
520073.1319482447
532498.982351738
545213.5323187939
558216.6922934679
571508.2377593722
585087.8140697742
598954.941727201
613109.0220877692
627549.3431538192
642275.0853258382
657285.3263735701
672579.0487522595
688155.1444670482
704012.4207149211
720149.6056615321
736565.3528771234
753258.2592839897
770226.8339622226
787469.5591311497
804984.8456458707
822771.0735016996
840826.5668218613
859149.6157804851
877738.4904996513
896591.4255051448
915706.6319677318
935082.3076493605
954716.633555568
974607.779951948
994753.9099541573
1.0151531867414608e6
1.0358037724924155e6
1.056703860287004e6
1.0778515390230212e6
1.0992450742742901e6
1.1208826304189854e6
1.142762417298196e6
1.1648826603529989e6
1.1872416002239063e6
1.209837510773323e6
1.2326686686166793e6
1.255733399672857e6
1.2790300327995573e6
1.3025569382640743e6
1.3263125046176505e6
1.350295172062134e6
1.3745033802138153e6
1.3989356213854197e6
1.4235904172019095e6
1.4484663203739235e6
1.4735619147577318e6
1.498875821592556e6
1.5244066964745575e6
1.5501532321371553e6
1.5761141439950715e6
1.6022881918564534e6
1.628674170370634e6
1.6552709150860638e6
1.6820772838740675e6
1.709092175428282e6
1.736314520983864e6
1.7637432877682915e6
1.791377474976529e6
1.8192161156980717e6
1.8472582765231673e6
1.875503051436531e6
1.9039495918722593e6
1.9325970318631406e6
1.9614445783538725e6
1.9904914499397066e6
2.0197369193977052e6
2.049180240058395e6
2.0788207288029732e6
2.1086577409712067e6
2.1386906363795544e6
2.168918807442464e6
2.1993416669214326e6
2.2299586779081253e6
2.260769302570531e6
2.291773034346155e6
2.322969384712939e6
2.3543579111627406e6
2.3859381702838102e6
2.4177097464134926e6
2.4496722476327987e6
2.481825299500972e6
2.5141685501934662e6
2.5467016636465685e6
2.579424330446041e6
2.6123362479663515e6
2.645437131707634e6
2.6787267398839537e6
2.7122048047215287e6
2.74587110305633e6
2.7797254126057713e6
2.813767554902448e6
2.8479973205830273e6
2.8824145438940027e6
2.917019064475628e6
2.9518107394828703e6
2.9867894307984235e6
3.0219550160996015e6
3.0573073834959264e6
3.0928464427336375e6
3.1285720719850594e6
3.164484222866026e6
3.2005828099812344e6
3.23686778262384e6
3.2733390812139222e6
3.309996654086201e6
3.346840475609663e6
3.3838705142292846e6
3.421086748413012e6
3.458489164594438e6
3.4960777565387115e6
3.533852522162557e6
3.5718134680447937e6
3.6099606039875317e6
3.648293947519724e6
3.686813521824703e6
3.7255193525691447e6
3.764411474647566e6
3.8034899212704035e6
3.842754733126599e6
3.882205962215408e6
3.9218436501463647e6
3.9616678523083846e6
4.00167862443148e6
4.0418759957092055e6
4.0822601193397813e6
4.122830970432038e6
4.1635886474861824e6
4.204533220542658e6
4.245664763337158e6
4.28698335104895e6
4.328489061081162e6
4.370181972865136e6