421255.159277378
421246.86544489383
421225.07193873485
421190.3786965045
421143.833373772
421086.83704913186
421018.35321359546
420949.15085996315
420873.1958983822
420796.3209485775
420721.70648501837
420653.07237390894
420594.37968849496
420549.84964587213
420524.1432975738
420522.090683218
420548.866971247
420609.9056570241
420710.79757157445
420857.56340439443
421056.3673547354
421313.34338715696
421635.0980203219
422028.2781212679
422498.9340641241
423056.2814961568
423705.0676863487
424453.31737873936
425308.21251717734
426277.0086692539
427367.1098403949
428585.88813770993
429940.75824507396
431439.13341668993
433088.4161713958
434895.79161156225
436869.1987644717
439015.3419854252
441341.6547673835
443855.2833853059
446563.3143478695
449472.7220855269
452590.37161022134
455923.03201074316
459477.2912328745
463259.6677511475
467276.4990338759
471533.9594447309
476038.12123412313
480794.79697877297
485809.6979375486
491088.317079713
496635.9811437937
502457.8054140806
508558.72595780506
514943.46555685776
521616.5482524871
528582.285697237
535844.774791136
543407.9035555747
551275.3405383925
559450.53925166
567936.7335797859
576736.9340649723
585853.9336674407
595290.3153253687
605048.424991475
615130.404167368
625538.1753119773
636273.4428163477
647337.7052089969
658732.2522224598
670458.1638362542
682516.3188735177
694907.3982879687
707631.8885463777
720690.0864699725
734082.103294271
747807.8714442791
761867.1462590172
776259.5176792574
790984.410110303
806041.0864350633
821428.670098994
837146.1213453515
853192.2860907717
869565.8467252173
886265.3907955167
903289.3670346574
920636.1203106053
938303.8968660804
956290.8255080474
974594.9518542606
993214.2422664885
1.0121465789612076e6
1.0313898487837516e6
1.050941573270489e6
1.0707996513287781e6
1.0909616551318397e6
1.111425160229052e6
1.1321877113840976e6
1.1532468190869507e6
1.1745999630667584e6
1.1962445913665888e6
1.2181781432848237e6
1.240398039518123e6
1.262901694882317e6
1.2856865061711047e6
1.3087498925127885e6
1.332089260855779e6
1.355702021765034e6
1.379585622838249e6
1.4037374972777227e6
1.4281551167564746e6
1.4528359645309541e6
1.4777775794743532e6
1.5029774524272801e6
1.528433195588012e6
1.5541424066081354e6
1.5801027175991952e6
1.6063118114095342e6
1.6327674032398222e6
1.6594672386665253e6
1.68640912891793e6
1.7135909101774024e6
1.7410104691487614e6
1.768665736831553e6
1.7965546913183974e6
1.8246753564435218e6
1.8530258022247588e6
1.8816041525199641e6
1.910408563846482e6
1.9394372788238693e6
1.9686885400052504e6
1.99816066614217e6
2.027852035331525e6
2.0577610212139245e6
2.087886110531609e6
2.1182258088500323e6
2.1487786697984296e6
2.1795432841633074e6
2.2105183083622837e6
2.241702753126177e6
2.273094395353283e6
2.304692981695533e6
2.3364970138085717e6
2.3685053639025567e6
2.4007169423811883e6
2.433130706858904e6
2.465745646440644e6
2.4985607992306724e6
2.5315752352917427e6
2.564788067467886e6
2.598198444328464e6
2.631805547854734e6
2.665608846684062e6
2.6996068644194743e6
2.733799608987741e6
2.768186170951404e6
2.802765898143857e6
2.8375381783926035e6
2.8725024256382533e6
2.907658068383135e6
2.943004595581858e6
2.978541499784188e6
3.0142683060785835e6
3.050184565351069e6
3.0862898543393537e6
3.1225837699514017e6
3.1590659435237567e6
3.195736013233548e6
3.2325936491583013e6
3.26963853888038e6
3.3068703909463063e6
3.3442889364168546e6
3.3818939219719036e6
3.4196851069382504e6
3.4576622783736223e6
3.49582524018041e6
3.534173796202815e6
3.5727077863420616e6
3.611427054000675e6
3.650331457035405e6
3.6894208715483234e6
3.7286951823076955e6
3.7681543155023563e6
3.807798112326816e6
3.847626551859164e6
3.887639563766493e6
3.9278370869079907e6
3.9682191059879973e6
4.008785518639985e6
4.0495363335794643e6
4.090471528868725e6
4.1315911052971785e6
4.1728950515047642e6
4.214383377492752e6
4.256056095811762e6
4.297913227138182e6
4.3399547985905595e6