134777.1412270733
134859.03985011295
135077.58805279675
135433.19972798813
135926.54161626994
136558.54284995722
137330.36713393728
138243.4337049294
139299.367360706
140500.06865628195
141847.62138416423
143344.3140489266
144992.6450232827
146795.30285046416
148755.13096349823
150875.13590050847
153158.45763943667
155608.39005996575
158228.33818863894
161021.7967435053
163992.33047413858
167143.62309066256
170479.3947195081
174003.3774124538
177719.34476674334
181631.10621298765
185742.46163579883
190057.17849204902
194579.01153948533
199311.6852849192
204258.8498618751
209424.1037263427
214810.9820428098
220422.9171056217
226263.27243340047
232335.2844395274
238642.10401629136
245186.75484829294
251972.14239124555
259001.04090173627
266276.0936801558
273799.8097206205
281574.5564742312
289602.55163056706
297885.8829346298
306426.4794463678
315226.10470261355
324286.4138875038
333608.8861136172
343194.85456397105
353045.5128094129
363161.9046885676
373544.93151421135
384195.35214341374
395113.7917598082
406300.7349313672
417756.53777184314
429481.42795712827
441475.5085006561
453738.76286428666
466271.0590469161
479072.15407955344
492141.6988353464
505479.24190374126
519084.23550687556
532956.0402369098
547093.9296445515
561497.0955419092
576164.6533932792
591095.6445114802
606289.0465645287
621743.772921794
637458.6806518177
653432.5729546007
669664.2070037355
686152.2952836358
702895.5119958823
719892.4959660763
737141.8565973233
754642.1763459363
772392.015270859
790389.9138360547
808634.3986191798
827123.9843098773
845857.1754632522
864832.4736345082
884048.3770445853
903503.3836782053
923195.9950745055
943124.7200119216
963288.073363116
983684.5802767721
1.0043127786845182e6
1.0251712206242182e6
1.0462584745087769e6
1.0675731243816563e6
1.0891137768346611e6
1.1108790559724872e6
1.1328676063233004e6
1.155078100263642e6
1.1775092302935873e6
1.2001597144347485e6
1.2230282956612806e6
1.246113744204841e6
1.2694148569192758e6
1.2929304572800037e6
1.316659397688841e6
1.3406005560407587e6
1.3647528427135572e6
1.3891151917162398e6
1.4136865702130897e6
1.4384659719193536e6
1.4634524201610517e6
1.4886449669216326e6
1.5140426907738366e6
1.539644700848403e6
1.5654501336145152e6
1.5914581561182672e6
1.6176679559618502e6
1.644078755164714e6
1.6706898014897206e6
1.697500368871001e6
1.7245097561873405e6
1.7517172912356572e6
1.7791223227582327e6
1.8067242078409556e6
1.8345224082551387e6
1.8625162873838167e6
1.8907053135362377e6
1.9190889620806514e6
1.9476667227423768e6
1.976438114109229e6
2.0054026714129923e6
2.0345599513516875e6
2.063909538554804e6
2.0934510298322472e6
2.1231840417243564e6
2.1531082123974925e6
2.1832231987228403e6
2.213528673510936e6
2.244024326257917e6
2.2747098650064785e6
2.3055850139810815e6
2.3366495127683096e6
2.367903115788684e6
2.3993455930743464e6
2.430976728425526e6
2.462796320727265e6
2.4948041801341195e6
2.527000129832869e6
2.559384011309212e6
2.5919556689438415e6
2.6247149642812144e6
2.657661769823166e6
2.6907959673835603e6
2.7241174504740112e6
2.757626121841114e6
2.7913218943341626e6
2.8252046900881e6
2.85927443955686e6
2.8935310822798717e6
2.9279745658218595e6
2.9626048464274863e6
2.9974218848345135e6
3.032425654840294e6
3.067616128004401e6
3.102993299359164e6
3.1385571483110064e6
3.1743076785888434e6
3.21024488183274e6
3.2463687755754893e6
3.2826793709685854e6
3.3191766849723263e6
3.3558607395091173e6
3.3927315634509777e6
3.429789188076475e6
3.467033649141432e6
3.504464986956585e6
3.5420832420659843e6
3.579888469244e6
3.617880711581634e6
3.6560600248759324e6
3.6944264700040193e6
3.732980093764864e6
3.771720970762969e6
3.810649161441302e6
3.8497647328613065e6
3.889067753564791e6
3.928558295328792e6
3.968236399556515e6
4.0081022357203737e6
4.0481557857663007e6
4.0883971593956836e6
4.128826436390003e6
4.169443697187569e6
4.210249024851692e6
4.251242501852139e6
4.292424223602053e6
4.333794252310421e6
4.37535269020136e6