456657.35749207746
456640.78647757665
456596.91135352134
456526.3068847161
456430.0610975719
456312.4846960189
456166.7091083881
456003.69653258385
455823.1079592383
455627.98925451253
455421.50064551254
455207.4717517035
454989.90029414784
454773.08997268457
454561.75558694446
454360.8300705603
454175.55224231904
454011.45581237477
453874.22750081454
453770.01334555814
453705.09104283707
453685.702882925
453718.59032918775
453810.5499091014
453967.7898179149
454199.6511922733
454511.0488813837
454910.27498619206
455404.53823373065
456001.41413587105
456708.4729969401
457533.30193977716
458483.5458964989
459566.85054045817
460790.85909367126
462162.99703651475
463691.53879995266
465383.40076057083
467246.3151806725
469287.75115773286
471515.0857666977
473935.617326538
476556.5453137416
479384.972039338
482427.8459472047
485692.04188671283
489184.26722314075
492911.07891296694
496878.9343807408
501094.04686550173
505562.5215736454
510290.2802138997
515283.0590350872
520546.40025280655
526085.6736528641
531906.0606239892
538012.4597431608
544409.6958662844
551102.2936835454
558094.5839972564
565390.6972933495
572994.5369055443
580909.7892870691
589139.9221444724
597688.1702451276
606557.5652022581
615750.9028321174
625270.7604553258
635119.4934380411
645299.2383385759
655811.9131228556
666659.2164455648
677842.6343082476
689363.4394502132
701222.6967197405
713421.2651089611
725959.80199197
738838.7670486893
752058.4271749251
765618.8588662869
779519.9591700817
793761.4442373174
808342.8531486732
823263.5713731085
838522.802491455
854119.6228162998
870052.9253618622
886321.4910432274
902923.9548855202
919858.8186329217
937124.4667729458
954719.1676539762
972641.0742353209
990888.2405530043
1.0094586360952681e6
1.0283501317748984e6
1.0475605178433883e6
1.0670875059819315e6
1.086928749573102e6
1.1070818306434434e6
1.127544281828848e6
1.1483135812467125e6
1.1693871712040813e6
1.1907624459242946e6
1.2124367779714135e6
1.2344075106299678e6
1.256671967380404e6
1.2792274505914995e6
1.3020712724946556e6
1.3252007064147939e6
1.3486130487354747e6
1.3723056046535065e6
1.396275665451379e6
1.4205205527108503e6
1.4450375962660895e6
1.4698241596518918e6
1.4948775763814687e6
1.5201952844457258e6
1.5457746936471185e6
1.571613266551517e6
1.5977084982945882e6
1.6240579159833754e6
1.6506590762014836e6
1.6775095956371338e6
1.7046071237979047e6
1.7319493501179654e6
1.759534012423434e6
1.7873588678873358e6
1.8154218303588456e6
1.8437206900455912e6
1.872253408725246e6
1.9010179629168862e6
1.9300123692248696e6
1.959234719271102e6
1.988683132268662e6
2.018355804241574e6
2.0482509250516845e6
2.0783668025554027e6
2.1087017679736204e6
2.1392541972497012e6
2.170022523372514e6
2.201005218066978e6
2.2322008195305984e6
2.2636078988507236e6
2.295225088096862e6
2.327051056431664e6
2.359084525287378e6
2.391324256109991e6
2.423769065038623e6
2.4564178030207176e6
2.4892693708448987e6
2.522322708312944e6
2.5555767989298515e6
2.5890306680293074e6
2.62268337511304e6
2.6565340285682837e6
2.6905817712515914e6
2.724825764584864e6
2.7592652437774506e6
2.7938994482858167e6
2.828727666324676e6
2.8637492187609724e6
2.898963437223175e6
2.934369723683755e6
2.9699674832420694e6
3.005756157814383e6
3.0417352175261364e6
3.0779041641089763e6
3.1142625171248764e6
3.1508098397989147e6
3.187545696384402e6
3.224469695553069e6
3.2615814613017337e6
3.2988806413499424e6
3.336366907218815e6
3.3740399476257088e6
3.4118994792104526e6
3.4499452619194873e6
3.488176985426609e6
3.526594443161441e6
3.565197428484203e6
3.6039857424823013e6
3.6429592076474573e6
3.6821176561324405e6
3.721460938985485e6
3.760988948359243e6
3.800701490750236e6
3.8405985108099063e6
3.8806799150418085e6
3.920945610112715e6
3.9613955223796056e6
4.002029593453839e6
4.042847804018374e6
4.083850049954577e6
4.125036334291683e6
4.166406634811457e6
4.20796093957228e6
4.249699244497186e6
4.2916215545417275e6
4.333727879037948e6