122679.22019106348
122766.17767582723
122998.2087541162
123375.7042042673
123899.2979969742
124569.86705514876
125388.51647236513
126356.58429550426
127475.63052432943
128747.38863925124
130173.9416224471
131757.36548738868
133500.03792403277
135404.49930091598
137473.4354641494
139709.68449895305
142116.1983180077
144696.0862821997
147452.54026845767
150388.8471992294
153508.35138210276
156814.50484697678
160310.76218310068
164000.67531938315
167887.71517354087
171975.45289141248
176267.3849635251
180767.09771422378
185477.9943206592
190403.5479485126
195547.12762685597
200912.0532403388
206501.56927363225
212318.8285743831
218366.90128389373
224648.75466821
231167.23912994645
237925.099906569
244924.96170448675
252169.3181402146
259660.53973953362
267400.86490559357
275392.38719741727
283637.07115166826
292136.73198424303
300893.065238749
309907.5922402176
319181.7141668052
328716.6864369383
338513.61991971964
348573.49351770885
358897.1432463955
369485.27257794037
380338.4507635221
391457.1222375423
402841.59994037414
414492.0783113522
426408.6322129461
438591.22085045057
451039.69347433257
463753.7955992386
476733.1671939924
489977.35414598475
503485.8094893239
517257.8980428632
531292.902716619
545590.0283166032
560148.4066171033
574967.1014942944
590045.111546365
605381.3792974385
620974.7911294226
636824.1847399967
652928.3516165151
669286.0437944666
685895.9757258461
702756.8299496945
719867.2603875857
737225.8967463819
754831.3470105289
772682.2039191532
790777.0424853977
809114.4323235273
827692.9321775117
846511.0970491885
865567.4811020151
884860.6388377248
904389.1289303324
924151.5164471054
944146.3734944827
964372.2839521675
984827.8414013337
1.0055116590277188e6
1.0264223588509928e6
1.0475585845553542e6
1.068918997474374e6
1.0905022794519565e6
1.1123071335057057e6
1.1343322831098163e6
1.156576477335853e6
1.1790384871727775e6
1.201717112719496e6
1.2246111730158706e6
1.2477195179584255e6
1.2710410220125434e6
1.294574586672491e6
1.318319141940053e6
1.3422736422642013e6
1.3664370723129658e6
1.3908084424348641e6
1.4153867935676817e6
1.4401711909591581e6
1.4651607317473493e6
1.4903545363064664e6
1.51575175437602e6
1.5413515619422812e6
1.5671531626609196e6
1.593155788672395e6
1.6193586921403715e6
1.6457611586474944e6
1.6723624940260444e6
1.6991620386205376e6
1.7261591380253877e6
1.7533531874185174e6
1.7807435874535444e6
1.808329769387197e6
1.8361111864991856e6
1.8640873150624062e6
1.8922576520217583e6
1.9206217201605928e6
1.9491790568445956e6
1.9779292256656704e6
2.0068718064780235e6
2.0360063984248838e6
2.0653326263023969e6
2.094850127344018e6
2.1245585567172254e6
2.1544575907627046e6
2.184546919366449e6
2.214826252687411e6
2.2452953130335654e6
2.275953840642682e6
2.30680159089465e6
2.3378383350158352e6
2.369063851152821e6
2.400477942106109e6
2.4320804165929374e6
2.463871109702357e6
2.495849825115918e6
2.5280164422298023e6
2.560370809491964e6
2.5929127985841976e6
2.625642288952507e6
2.658559176342899e6
2.691663358437847e6
2.7249547478362555e6
2.758433264899866e6
2.7920988390933713e6
2.8259514080834417e6
2.85999091856739e6
2.894217323517303e6
2.9286305847744388e6
2.9632306710926243e6
2.998017557569983e6
3.0329912267651535e6
3.068151667475473e6
3.103498873835248e6
3.1390328464134773e6
3.1747535940455133e6
3.210661119368338e6
3.246755446975942e6
3.2830365962383654e6
3.3195045898657152e6
3.356159463255354e6
3.393001245741928e6
3.430029977057439e6
3.4672456988466145e6
3.504648457279199e6
3.542238300084928e6
3.580015279900807e6
3.6179794512056927e6
3.656130872082452e6
3.6944696027003624e6
3.7329957066690926e6
3.7717092494324525e6
3.810610296475395e6
3.8496989198583686e6
3.888975190350367e6
3.9284391814445327e6
3.9680909684463204e6
4.007930627766293e6
4.0479582379885684e6
4.0881738783336463e6
4.128577644761792e6
4.1691695745236096e6
4.209949795605579e6
4.250918376641471e6
4.292075402852742e6
4.333420960359808e6
4.374955133572284e6