468779.55172806943
468760.25353329536
468709.0785622562
468626.62529642985
468513.98347030603
468372.56143343716
468204.2046574007
468011.20637518377
467796.0930795078
467561.91609224165
467311.88549975003
467050.21533361904
466779.82098352513
466506.10641873884
466233.450606628
465966.81087862584
465711.4395314832
465473.08718007675
465256.9516942387
465069.7169974459
464917.5331036621
464806.675132427
464743.92070461134
464736.1160277744
464789.49806284637
464913.4832939268
465113.009023722
465396.44196420256
465771.0316518012
466244.383907593
466824.2391301503
467518.1412238801
468333.84059078374
469279.0559321437
470361.6206196869
471588.9120569739
472968.97708666744
474509.3605932656
476217.67124560894
478101.45253135695
480168.1970855412
482425.29737414955
484880.05749446945
487539.6868890113
490411.24509656883
493501.7206123631
496817.9398173854
500366.57918102946
504154.2216706086
508187.2070477401
512471.77091291256
517013.9679050604
521819.66997356433
526894.6221849436
532244.1411460908
537873.7232629012
543788.411308841
549993.1186872285
556492.5212429027
563291.1145332432
570393.1773441252
577802.760308771
585523.7007617316
593559.6175898622
601913.904182211
610589.7362321538
619590.0595738648
628917.6054676683
638574.8724345327
648564.1458203348
658887.4878533345
669546.7396655051
680543.5270326036
691879.2605413115
703555.1387013352
715572.1516441011
727931.0838527763
740632.5188117367
753676.84290593
767064.2474913128
780794.740782818
794868.1447139457
809284.0995842419
824042.086959851
839141.401355968
854581.2051963091
870360.4712619404
886478.0566947812
902932.6612742066
919722.8550293791
936847.0785130684
954303.6523432987
972090.7758305949
990206.5436752315
1.0086489436884003e6
1.0274159282690783e6
1.0465052595164384e6
1.0659146850955435e6
1.0856418717985724e6
1.105684409993668e6
1.126039861105499e6
1.1467056244146437e6
1.1676792092170974e6
1.1889579809305265e6
1.2105392887113616e6
1.2324204587905924e6
1.254598791812128e6
1.2770715581681875e6
1.2998360384569853e6
1.3228894742847108e6
1.3462291219787262e6
1.3698522450283393e6
1.3937560916567612e6
1.4179379285645012e6
1.4423950430395107e6
1.4671247461957308e6
1.4921243114673616e6
1.5173911265974413e6
1.542922542618155e6
1.568715958818443e6
1.5947688113042493e6
1.6210785651959341e6
1.6476427104206688e6
1.6744588080932002e6
1.7015244323057258e6
1.7288372140071567e6
1.756394823755383e6
1.7841949799622921e6
1.8122354461596478e6
1.840514004236461e6
1.8690286035701034e6
1.897777072006522e6
1.9267573885947848e6
1.9559675805012793e6
1.985405701849908e6
2.0150698852970821e6
2.0449582571975559e6
2.0750690661827843e6
2.1054005714179697e6
2.1359510994641604e6
2.166719020484791e6
2.197702745060342e6
2.228900756510332e6
2.260311567638771e6
2.2919337572602625e6
2.323765931205511e6
2.3558067780808182e6
2.388054985836205e6
2.4205093455170346e6
2.4531686180996057e6
2.486031689462387e6
2.51909744392741e6
2.552364818320589e6
2.5858327937863963e6
2.6195003863331308e6
2.653366662906945e6
2.6874307253854745e6
2.721691695634973e6
2.756148770832213e6
2.790801153551194e6
2.8256480961142723e6
2.8606888850360294e6
2.895922822507815e6
2.931349261771371e6
2.966967597726469e6
3.0027772317545596e6
3.0387776060405504e6
3.074968194967614e6
3.1113484907601844e6
3.1479180299701593e6
3.1846763562789843e6
3.2216230493676704e6
3.2587577117304048e6
3.296080001999613e6
3.3335895119193546e6
3.371285929746529e6
3.409168955481171e6
3.447238306287478e6
3.4854937141028983e6
3.523934923144896e6
3.5625617117089974e6
3.601373865992048e6
3.6403711885197256e6
3.6795535029973537e6
3.7189206454214957e6
3.7584724684255496e6
3.7982088366627786e6
3.8381296616045395e6
3.878234777595667e6
3.9185241203430574e6
3.95899760602857e6
3.9996551684113992e6
4.040496746920199e6
4.0815222951625492e6
4.1227317670712397e6
4.1641251438595224e6
4.205702402701294e6
4.247463533163008e6
4.289408533225896e6
4.331537408918479e6