265998.467417418
266032.9966242857
266125.2799577761
266273.51421985484
266485.7191465979
266756.0467935774
267088.4597874553
267484.9749955161
267947.64282702026
268479.27297646285
269082.61462268094
269760.89536986186
270517.6023657612
271356.4513732594
272281.46533033636
273296.87689067144
274407.15253809013
275616.9813708444
276931.24773516203
278329.451370777
279894.2904833248
281552.08679967443
283336.2524727095
285251.6178065918
287303.9055749532
289498.86036071065
291842.33658554964
294340.2357099452
296998.5092830291
299823.0040584953
302819.6780317582
305994.4425482607
309353.15103754576
312901.6290991828
316645.64034846274
320590.8852915736
324742.96069634426
329107.3770110273
333689.49413904175
338494.63138183544
343527.9229689768
348794.1107676894
354298.8809592305
360046.13235473924
366040.6676567686
372286.8719294141
378788.9838314898
385551.01768512337
392576.82812961435
399870.0805618267
407434.2437536542
415272.61910433136
423388.2781227763
431784.11747314595
440462.84466002753
449426.95271199546
458678.7491453383
468220.343708585
478053.65050303633
488180.3921680349
498602.0975744021
509320.11681720044
520335.60492775636
531649.5368996705
543262.7131684653
555175.7592586104
567389.1299661587
579903.113610727
592717.842017683
605833.2893326398
619249.2806231044
632965.4966824341
646981.4797146306
661296.6375225917
675910.2569984498
690821.4961550499
706029.402377177
721532.9138360671
737330.8663429483
753421.9988465486
769804.9600309283
786478.3146523741
803440.5474313871
820690.0757741779
838225.2454259956
856044.3370849926
874145.5914947689
892527.1881643252
911187.2654695754
930123.9219140596
949335.2251266275
968819.2128421131
988573.8943502848
1.0085972638807173e6
1.0288873034359552e6
1.049441979856507e6
1.0702592528598392e6
1.0913370816274956e6
1.1126734228986395e6
1.1342662420383787e6
1.1561135088160385e6
1.1782132036728445e6
1.2005633218216868e6
1.2231618732869027e6
1.2460068872700136e6
1.2690964129863903e6
1.2924285325267313e6
1.3160013342535421e6
1.3398129464883576e6
1.3638615205936725e6
1.3881452382593104e6
1.4126623294310411e6
1.4374110321964016e6
1.4623896388103059e6
1.4875964616196011e6
1.5130298645727602e6
1.5386882214793535e6
1.5645699611906547e6
1.590673561396176e6
1.6169975196289718e6
1.6435403761516863e6
1.6703007145411768e6
1.6972771462780847e6
1.7244683325524814e6
1.7518729688948062e6
1.7794897874375305e6
1.8073175609100247e6
1.835355099498584e6
1.8636012516142e6
1.8920549002936066e6
1.9207149680701261e6
1.9495804160548837e6
1.978650232220623e6
2.007923452630699e6
2.0373991479576447e6
2.067076391196176e6
2.0969543411523423e6
2.1270321571335057e6
2.157309033448631e6
2.1877842017507525e6
2.218456927228714e6
2.249326493797824e6
2.280392231047716e6
2.311653483613643e6
2.343109632589834e6
2.3747600848218855e6
2.4066042720986083e6
2.4386416546664126e6
2.4708717192495707e6
2.5032939698641747e6
2.5359079458364993e6
2.568713209279203e6
2.601709318461553e6
2.6348959010937414e6
2.6682725665155184e6
2.70183896071768e6
2.7355947492650705e6
2.7695396157300184e6
2.8036732589672203e6
2.83799540227534e6
2.872505780638325e6
2.90720414912497e6
2.9420902767504803e6
2.9771639528123713e6
3.012424975952545e6
3.0478731679100203e6
3.0835083515403653e6
3.119330373656542e6
3.155339091175264e6
3.1915343715591575e6
3.2279160994202537e6
3.2644841641516336e6
3.3012384707468757e6
3.338178933603405e6
3.375305477300882e6
3.4126180360302194e6
3.450116554210637e6
3.487800984095464e6
3.525671287360536e6
3.5637274336830163e6
3.601969400284232e6
3.6403971686122078e6
3.6790107387139355e6
3.717810103636132e6
3.756795267487058e6
3.7959662464020806e6
3.8353230558435568e6
3.8748657156821177e6
3.9145942590409345e6
3.9545087150718556e6
3.9946091296695494e6
4.034895537509835e6
4.0753679893641896e6
4.1160265349868047e6
4.1568712308293288e6
4.197902135002542e6
4.239119309481183e6
4.280522819903446e6
4.322112734533805e6
4.363889124491014e6