161194.30408892565
161265.60476013826
161455.90699911665
161765.66546526458
162195.60958694975
162746.77561612806
163420.43339605007
164218.13630326866
165141.70685170015
166193.21602417773
167374.96260000736
168689.49972341064
170139.56073645788
171728.11896620976
173458.36281479616
175333.647219788
177357.41637146822
179533.35524466017
181865.27000462817
184357.04069986212
187012.71352530236
189836.38561893476
192832.23994273454
196004.50802756916
199357.47003884357
202895.42024156265
206622.69568946533
210543.59411459003
214662.423593203
218983.44320901064
223510.88137134124
228248.90125864075
233201.64055178763
238373.03386549302
243767.08800156432
249387.6169062801
255238.3567541432
261322.90395625174
267644.7564565439
274207.2544460663
281013.63035046565
288066.95810664335
295370.16829698323
302926.0302712286
310737.17599018564
318806.07501671003
327135.0295755093
335726.1883077367
344581.53813330224
353702.90468878066
363091.9390116402
372750.15579261637
382678.8920346494
392879.33306813386
403352.5063167238
414099.2906448434
425120.4094737448
436416.4466701395
447987.8361136557
459834.8765303376
471957.73134853743
484356.4333608662
497030.89010260993
509980.8870714134
523206.094662518
536706.071408631
550480.2708825893
564528.0455093371
578848.652587843
593441.2593494593
608304.9482585932
623438.722332967
638841.510694745
654512.173117995
670449.5059775256
686652.2469821624
703119.0798574189
719848.6370221679
736839.51678208
754090.263975274
771599.397656416
789365.402888874
807386.7434537925
825661.8540755074
844189.1545278174
862967.0506515286
881993.9358026157
901268.1985252466
920788.2216894436
940552.3840659127
960559.0721419894
980806.6724442611
1.0012935801117091e6
1.0220181997194274e6
1.0429789469137818e6
1.0641742567858095e6
1.0856025737830182e6
1.1072623623447022e6
1.1291521066669477e6
1.1512703134416435e6
1.1736155104583842e6
1.1961862499587727e6
1.2189811078829707e6
1.2419986883333398e6
1.2652376205552784e6
1.2886965625440478e6
1.3123741988904858e6
1.3362692495815817e6
1.3603804541443067e6
1.3847065891428753e6
1.409246458662631e6
1.4339988991997093e6
1.4589627776958637e6
1.4841369942620308e6
1.5095204676370868e6
1.5351121653578384e6
1.5609110738532855e6
1.5869162166225736e6
1.613126637201407e6
1.6395414219542425e6
1.6661596797614854e6
1.6929805543309054e6
1.720003212885941e6
1.7472268459420574e6
1.7746507083663403e6
1.8022740279302339e6
1.8300960966505208e6
1.858116223838833e6
1.8863337466417258e6
1.9147480312179672e6
1.9433584621210974e6
1.972164450666885e6
2.0011654474920088e6
2.0303609004571894e6
2.059750295225262e6
2.0893331492376283e6
2.119108989217029e6
2.149077365690365e6
2.1792378556488506e6
2.2095900515074627e6
2.2401335663115093e6
2.2708680346370838e6
2.3017931079323143e6
2.3329084582037386e6
2.3642137734573777e6
2.395708759917657e6
2.427393138633619e6
2.459266651615608e6
2.491329049746793e6
2.523580105184629e6
2.5560196013220223e6
2.58864733459473e6
2.621463119952284e6
2.6544667816155073e6
2.6876581576577127e6
2.7210370984646804e6
2.75460346161139e6
2.788357134880532e6
2.8222979889423107e6
2.8564259235108136e6
2.890740843368269e6
2.9252426647152985e6
2.95993131006039e6
2.994806714616672e6
3.0298688241913235e6
3.065117583253342e6
3.100552952446768e6
3.136174913279804e6
3.171983402745141e6
3.2079784288599e6
3.244159972243855e6
3.280528026400748e6
3.317082590894814e6
3.353823682397269e6
3.390751289877166e6
3.427865440429071e6
3.465166155091141e6
3.502653460667365e6
3.540327387152464e6
3.578187970064637e6
3.6162352479740772e6
3.654469264386388e6
3.6928900652440065e6
3.731497703203689e6
3.7702922287590974e6
3.8092737003776715e6
3.848442177585635e6
3.887797719784373e6
3.927340382975292e6
3.9670702642733646e6
4.006987412065469e6
4.047091902971733e6
4.0873838103245604e6
4.1278632101450185e6
4.168530180061257e6
4.209384799631061e6
4.2504271495498475e6
4.291657312146617e6
4.333075356326396e6
4.374681396068605e6