175466.07998446483
175531.89878441548
175707.58986777914
175993.62834020428
176390.78027786527
176899.89128501454
177522.94893345106
178260.92742499153
179115.94645284014
180090.15331318227
181185.960654719
182406.04453915198
183753.26419231956
185230.71078518216
186841.7394929844
188589.80247986896
190478.58433167197
192511.96002158718
194693.88569484823
197028.4304058832
199519.86192475838
202172.51889031866
204990.78118279928
207979.12286901518
211142.06391240898
214484.14221853492
218009.95456723004
221724.0656927674
225631.04670943375
229735.43121303237
234041.72385291787
238554.37448709327
243277.72107004884
248216.23345015573
253373.97288444862
258755.12106614027
264363.7098841242
270203.6386205811
276278.69972360716
282592.52680358046
289148.6515720029
295950.4416971061
303001.1150305071
310303.7506355881
317861.2371805237
325676.3362410036
333751.6301719843
342089.54599571496
350692.33268603997
359562.0730555252
368700.685705035
378109.92100979574
387791.3601223357
397746.4219815985
407976.3592771089
418482.2663218414
429265.07440786983
440325.567544098
451664.3672862309
463281.9540825195
475178.6615730891
487354.68364278856
499810.07910021197
512544.77481423644
525558.57284401
538851.1526829138
552422.0799920991
566270.8090956901
580396.6893882031
594798.9705882417
609476.8082425173
624429.268998283
639655.3372697588
655153.9170928975
670923.8418547044
686963.8789692689
703272.7317086828
719849.0472450259
736691.4215042435
753798.4036293179
771168.5004415598
788800.1819732371
806691.8850782709
824842.0195087597
843248.96854971
861911.098157739
880826.7563685179
899994.2811319244
919412.000395316
939078.238790588
958991.3090205098
979149.542530344
999551.2592517016
1.0201947942078619e6
1.041078487706851e6
1.0622006932357608e6
1.0835597802266967e6
1.1051541312461277e6
1.1269821459888374e6
1.1490422481000205e6
1.1713328792780759e6
1.1938525056312974e6
1.2165996159459208e6
1.2395727262133656e6
1.2627703789661417e6
1.2861911457619835e6
1.3098336213214262e6
1.333696434372595e6
1.3577782424703487e6
1.3820777343358214e6
1.4065936267254222e6
1.4313246716539818e6
1.456269651735458e6
1.4814273781207514e6
1.5067966974948659e6
1.5323764873613596e6
1.5581656605063085e6
1.5841631487754276e6
1.6103679319147952e6
1.6367790096260584e6
1.663395425692005e6
1.690216243702678e6
1.7172405618949335e6
1.7444675073934945e6
1.7718962408894089e6
1.7995259490599202e6
1.8273558497878816e6
1.85538518920372e6
1.8836132423873432e6
1.9120393107148549e6
1.9406627237080252e6
1.9694828388103673e6
1.9984990398884853e6
2.0277107294491788e6
2.057117337469381e6
2.0867183317449256e6
2.116513187847952e6
2.146501410684738e6
2.176682528919183e6
2.207056090806678e6
2.237621665520075e6
2.268378845220754e6
2.29932724243298e6
2.330466488462246e6
2.361796234045783e6
2.393316149295677e6
2.4250259203282446e6
2.456925253776304e6
2.4890138695447585e6
2.5212915076923235e6
2.553757921243657e6
2.586412879785329e6
2.61925616784815e6
2.6522875842769383e6
2.685506948870302e6
2.718914072032917e6
2.752508800269088e6
2.7862909846001132e6
2.820260488215162e6
2.8544171950321225e6
2.88876096861507e6
2.923291722768346e6
2.958009356517468e6
2.9929137881614915e6
3.0280049442362236e6
3.063282758900892e6
3.0987471761885686e6
3.134398151802987e6
3.1702356409670194e6
3.2062596016579107e6
3.242470026265035e6
3.278866889874348e6
3.315450168469574e6
3.352219880942378e6
3.38917602514421e6
3.426318586965292e6
3.463647597861134e6
3.5011630707576694e6
3.538865027264383e6
3.5767534837133153e6
3.6148284964476256e6
3.653090090321051e6
3.691538305163364e6
3.7301731962885596e6
3.768994784360094e6
3.8080031474975394e6
3.847198332431481e6
3.8865803974281987e6
3.9261494036852997e6
3.9659054154614443e6
4.005848499113272e6
4.045978723714753e6
4.086296160710523e6
4.126800883440896e6
4.16749296771001e6
4.208372491059671e6
4.249439532073583e6
4.290694172996073e6
4.33213649268125e6
4.373766577946773e6