128632.48953316061
128716.94102412011
128942.29291761576
129308.9484474097
129817.55713538514
130469.02281190621
131264.4814179002
132205.3071735828
133293.09850397627
134529.67807091118
135917.09950806238
137457.57921929375
139153.54308611862
141007.6093819768
143022.53713771483
145201.25192859126
147546.79927526848
150062.38873931466
152751.30704114216
155616.9508844435
158662.7798186624
161892.3526600921
165309.26618877056
168917.14068712931
172719.63247856763
176720.4100632932
180923.13873948556
185331.4577267428
189948.98372070855
194779.30331271046
199825.92444865857
205092.30544361976
210581.8386405368
216297.80981574082
222243.44503082035
228421.83465336307
234835.9875055702
241488.78467573438
248382.9859419984
255521.22598423177
262906.0126157545
270539.7164395442
278424.5657108623
286562.6507781715
294955.9214177788
303606.1980634632
312515.09639939864
321684.1740620461
331114.77617865615
340808.1270157993
350765.3124342575
360987.2705480788
371474.80081126094
382228.567318334
393249.0996469327
404536.79695592565
416091.93194353266
427914.6519341689
440004.99141475826
452362.8602538634
464988.0635736139
477880.2990276498
491039.16313091293
504464.1543105062
518154.6796302282
532110.0589852728
546329.5298874597
560812.2524692189
575557.3148537066
590563.7354694601
605830.4729142154
621356.4256109621
637140.4399394069
653181.3116977089
669477.7944634807
686028.6004637957
702832.4072538917
719887.8600431593
737193.5776016754
754748.1525952508
772550.1659687712
790598.1700311154
808890.7133280577
827426.3321283954
846203.5561325178
865220.912538887
884476.9272327076
903970.128993149
923699.0508235112
943662.2324868196
963858.2233092153
984285.583741245
1.0049428881906394e6
1.0258287226339185e6
1.0469416955272608e6
1.0682804291254324e6
1.0898435673773598e6
1.1116297745638106e6
1.1336377351749917e6
1.1558661594948047e6
1.178313781094688e6
1.2009793571761618e6
1.2238616701124914e6
1.2469595304071023e6
1.2702717737178681e6
1.2937972635735157e6
1.3175348918218333e6
1.3414835757649043e6
1.3656422620699857e6
1.390009924850402e6
1.414585567341338e6
1.4393682203332759e6
1.464356944266434e6
1.489550826149385e6
1.514948979700936e6
1.54055054933202e6
1.566354718283351e6
1.5923606473307095e6
1.618567596459988e6
1.6449748069938673e6
1.671581555481526e6
1.6983871487115368e6
1.7253909142460227e6
1.7525922093027218e6
1.7799904102259872e6
1.8075849229692302e6
1.8353751742995759e6
1.8633606147693812e6
1.891540717952545e6
1.9199149831318948e6
1.9484829261403428e6
1.9772440833118754e6
2.0061980180659473e6
2.03534430687523e6
2.064682554806294e6
2.09421237948345e6
2.1239334170722854e6
2.1538453246848052e6
2.1839477780744173e6
2.214240467075822e6
2.2447230987307713e6
2.27539539758536e6
2.3062571069935e6
2.337307972270852e6
2.3685477714448124e6
2.399976286679366e6
2.431593315016712e6
2.463398669244578e6
2.4953921700097034e6
2.5275736559745204e6
2.5599429749727687e6
2.5924999874698855e6
2.6252445640526516e6
2.6581765873181303e6
2.6912959491185667e6
2.724602552070547e6
2.75809630802883e6
2.791777138284298e6
2.8256449732386786e6
2.859699751100964e6
2.893941418889439e6
2.928369931299583e6
2.962985250825776e6
2.9977873464840287e6
3.0327761951502496e6
3.0679517800419615e6
3.1033140901702563e6
3.138863121118499e6
3.174598877444012e6
3.2105213566995775e6
3.246630579913378e6
3.2829265623547183e6
3.319409324739327e6
3.356078893990883e6
3.3929353015368218e6
3.4299785812526736e6
3.467208773145573e6
3.5046259200557186e6
3.542230065490145e6
3.5800212657743995e6
3.6179995670003644e6
3.656165027415486e6
3.694517705271664e6
3.733057662367278e6
3.7717849619344138e6
3.810699670330493e6
3.8498018561154306e6
3.889091589174901e6
3.9285689423642717e6
3.9682339899025476e6
4.0080868073120816e6
4.048127472434248e6
4.0883560638162596e6
4.1287726621483807e6
4.1693773483967753e6
4.210170206018184e6
4.251151317892127e6
4.292320769136279e6
4.333678644944192e6
4.375225031865635e6