91282.80142967874
91383.51615367958
91652.20819796785
92089.20284019032
92695.02605874947
93470.4018982671
94416.24976874318
95533.67520645639
96823.96783488925
98288.59103152365
99929.1747897946
101747.51075027249
103745.53079646669
105925.30843615712
108289.04560212471
110839.06531168096
113577.75755732984
116507.65178184258
119631.32846872444
122951.43304192607
126470.66988802823
130191.78456218261
134117.54770860058
138250.7466646912
142594.14121027308
147150.54188631318
151922.70205926744
156913.338652067
162125.15468564013
167560.7681583013
173222.77521490806
179113.67758730962
185235.90451803146
191591.8090611819
198183.65159472206
205013.5918994074
212083.69777434424
219395.913501332
226952.09659557708
234753.97573614196
242803.16748669406
251101.17072295607
259649.36454898707
268449.00738359836
277501.23489013885
286807.06976720307
296367.4008860958
306183.0099560692
316254.5515669405
326582.57026919525
337167.49473398924
348009.63986209116
359109.21572982555
370466.32274689805
382080.9615820759
393953.0327122062
406082.3415277907
418468.6018476361
431111.44007738144
444010.39904021245
457164.9425275787
470574.45893098006
484238.2656778571
498155.61375529156
512325.6916509012
526747.6296957418
541420.5042400408
556343.3418307689
571515.1232024223
586934.7874077016
602601.2356358388
618513.3350619869
634669.9227642203
651069.8090633224
667711.7810076308
684594.6059176817
701717.0343522981
719077.8051465624
736675.6518979399
754509.2784765447
772577.397414994
790878.7323844589
809412.0096629197
828175.9207459089
847169.1930558814
866390.5528632868
885838.7344670186
905512.4833551036
925410.5563269951
945531.7243073285
965874.7730111587
986438.5040164706
1.0072217366657783e6
1.0282233084729505e6
1.049442078194201e6
1.0708769218197442e6
1.0925267395489912e6
1.1143904519193894e6
1.1364670022881473e6
1.158755356675043e6
1.1812545052308035e6
1.203963461395884e6
1.2268812651169295e6
1.2500069721841943e6
1.273339675679274e6
1.2968784848774336e6
1.3206225358486632e6
1.3445709892136005e6
1.368723030540967e6
1.3930778698341036e6
1.4176347415498404e6
1.4423929041973054e6
1.4673516425243998e6
1.4925102611545147e6
1.517868092086553e6
1.5434244882382825e6
1.5691788276400259e6
1.595130508649392e6
1.6212789542834556e6
1.6476236073042843e6
1.6741639334383428e6
1.7008994202169976e6
1.7278295758466874e6
1.754953926439012e6
1.7822720211236607e6
1.8097834263654149e6
1.837487729664679e6
1.8653845365458252e6
1.8934734682005323e6
1.9217541655882096e6
1.9502262896870591e6
1.9788895139300849e6
2.0077435286183828e6
2.0367880425769237e6
2.0660227783085376e6
2.0954474735647212e6
2.1250618810362844e6
2.154865768405564e6
2.1848589129770426e6
2.2150411125746896e6
2.2454121705740336e6
2.2759719069218207e6
2.306720153165999e6
2.337656752024236e6
2.3687815591441365e6
2.4000944362684377e6
2.4315952607795447e6
2.463283918646738e6
2.4951603053143388e6
2.5272243250466837e6
2.559475891114423e6
2.5919149292107765e6
2.624541369568306e6
2.657355147847073e6
2.6903562130273026e6
2.7235445242236913e6
2.7569200387322246e6
2.790482726227807e6
2.8242325620353953e6
2.858169527838868e6
2.8922936102794902e6
2.9266048051032745e6
2.9611031103262e6
2.9957885302269137e6
3.0306610742747984e6
3.065720757370399e6
3.100967597738121e6
3.136401619195742e6
3.1720228493640735e6
3.207831319860336e6
3.2438270654971595e6
3.280010126750587e6
3.3163805452271863e6
3.352938363858278e6
3.3896836389272595e6
3.4266164153874367e6
3.4637367497870326e6
3.501044697945956e6
3.538540325032714e6
3.5762236865145057e6
3.6140948491055965e6
3.652153878692611e6
3.690400843387614e6
3.728835813468066e6
3.767458859985262e6
3.8062700562463244e6
3.845269476990548e6
3.8844571979157683e6
3.9238332964387853e6
3.963397826098876e6
4.003150940668769e6
4.043092646190701e6
4.0832230485647107e6
4.12354223040343e6
4.164050273544864e6
4.204747262343822e6
4.245633280543026e6
4.28670841317741e6
4.327972743608864e6
4.369426358886683e6