209043.502014652
209003.11123962764
208895.70486514532
208722.13193715934
208483.65375723882
208182.17981865606
207820.05118428142
207400.11134707095
206925.79698861408
206400.85337285465
205829.67708215944
205217.1165987822
204568.44194903795
203889.4412402594
203186.3833566701
202465.94626265578
201735.29259496107
201002.00889706728
200274.2176557943
199560.14670398989
198868.90761755407
198209.74293824966
197592.35652492475
197026.88300605875
196523.85715544707
196094.15752517304
195749.15392901527
195500.52939005964
195360.38000608154
195341.1810080583
195455.79261404596
195717.45363874792
196139.79795090307
196736.7241579083
197522.67862321663
198512.34972871037
199720.81156060437
201163.49388204457
202856.1690364129
204814.93703189824
207056.21678017685
209596.72151726822
212453.43813901435
215643.59667526354
219184.63702538455
223094.16424674785
227389.899756508
232089.62092841812
237211.09122086375
242771.98020470265
248789.769687407
255281.65429240634
262264.41292312037
269754.291334155
277766.8540643817
286316.8248434304
295417.9312318095
305082.7227239987
315322.39965756633
326146.62550399755
337563.3481438939
349578.63265010965
362196.4944646826
375418.7617797159
389244.95189485175
403672.18800585985
418695.14527410886
434306.02741813334
450494.6340581274
467248.3833940973
484552.47718278755
502390.0616903428
520742.4276285671
539589.2598971087
558908.9309800602
578678.7559662497
598875.3409408291
619474.8789791691
640453.4517992568
661787.3296756507
683453.2236274172
705428.5464941319
727691.6065763587
750221.7976152191
772999.7173938055
796007.2905895282
819227.8287709255
842646.0725969863
866248.1918311964
890021.7905162278
913955.8495792287
938040.6886670885
962267.8975658675
986630.2489850067
1.011121649724121e6
1.035737015457843e6
1.0604722093815864e6
1.0853239457491827e6
1.1102897081726673e6
1.1353676726822667e6
1.1605566090336312e6
1.1858558487844851e6
1.2112651779413512e6
1.2367847949132882e6
1.2624152479727562e6
1.2881573798529054e6
1.314012308083442e6
1.339981324739625e6
1.3660659215366887e6
1.392267721727903e6
1.4185884569655468e6
1.4450299480541793e6
1.4715940771647673e6
1.4982827660201527e6
1.525097965849942e6
1.5520416387380078e6
1.5791157497169594e6
1.6063222376016625e6
1.6336630362242395e6
1.6611400555166355e6
1.6887551621479462e6
1.7165101878227023e6
1.7444069239770232e6
1.772447116694679e6
1.8006324655411912e6
1.8289646222098887e6
1.8574451905139561e6
1.8860757155683208e6
1.914857706488698e6
1.9437926119646393e6
1.9728818350468287e6
2.0021267289076797e6
2.0315286054212179e6
2.061088716356421e6
2.0908082614536285e6
2.1206884345193803e6
2.1507303379522087e6
2.1809350648538424e6
2.21130365169066e6
2.241837102459262e6
2.272536380976896e6
2.3034024157849355e6
2.334436085828452e6
2.3656382707175426e6
2.3970097859802702e6
2.428551425957737e6
2.4602639537676293e6
2.492148099922315e6
2.5242045858676354e6
2.556434085653427e6
2.58883725619213e6
2.6214147289242405e6
2.654167112486436e6
2.687094995574365e6
2.720198939207209e6
2.7534794931381517e6
2.786937181445169e6
2.820572511648456e6
2.854385972907448e6
2.8883780391912754e6
2.9225491626654416e6
2.956899788390236e6
2.9914303408640395e6
3.026141232072348e6
3.0610328592884718e6
3.0961056080459775e6
3.131359850130329e6
3.166795947770668e6
3.2024142486909367e6
3.2382150916935136e6
3.2741988041035766e6
3.3103657040281305e6
3.3467160991708175e6
3.383250288147179e6
3.4199685610818784e6
3.4568711998828314e6
3.4939584767457573e6
3.5312306578939226e6
3.5686880001267465e6
3.6063307551436597e6
3.6441591660140706e6
3.6821734692929955e6
3.7203738958865404e6
3.758760670138892e6
3.797334010277087e6
3.83609412898398e6
3.875041233225181e6
3.9141755248373095e6
3.9534972005275367e6
3.9930064516669437e6
4.0327034658889575e6
4.0725884258501977e6
4.11266150659719e6
4.1529228848622357e6
4.1933727290117005e6
4.234011204532372e6
4.274838473112812e6
4.3158546920622075e6
4.357060017098327e6
4.398454597160066e6