19187.507475557257
19305.985147429397
19621.94156979416
20135.420073370493
20846.490425858618
21755.2479239322
22861.81216098863
24166.325491866708
25668.95122797723
27369.8715877395
29269.28544569919
31367.40593073379
33664.45786468533
36160.67517883002
38856.29823172136
41751.57119342053
44846.7394101885
48142.046918597014
51637.733947842324
55334.034941036894
59231.175988477466
63329.37337479778
67628.831680062
72129.742362793
76832.28253710535
81736.6139124932
86842.88212514644
92151.21612839092
97661.72787652028
103374.51221048829
109289.64694457463
115407.19311573873
121727.19540116732
128249.68267712877
134974.66870231426
141902.15290560946
149032.12126173303
156364.54723271015
163899.39276094252
171636.6092968401
179576.1388414812
187717.91499921872
196061.86401676683
204607.90580632116
213355.95493652488
222305.92158797052
231457.71246499056
240811.23165225034
250366.38142628025
260123.06300074467
270081.17721403093
280240.6251642893
290601.30877916043
301163.13131184026
311925.9978103741
322889.8154963643
334054.4941152977
345419.9462183451
356986.0874036634
368752.8365093873
380720.1157744108
392887.85092869936
405255.9712906162
417824.4098071866
430593.1030605959
443561.9912676908
456731.01824027975
470100.1313359179
483669.2813817377
497438.42259451817
511407.5124800729
525576.5117247119
539945.3840810792
554514.0962435091
569282.6177223073
584250.920715705
599418.979973593
614786.7726652
630354.2782462325
646121.4783459981
662088.3565996084
678254.8985591758
694621.0915532096
711186.9245707316
727952.3881468773
744917.4742510987
762082.176182118
779446.4884637692
797010.406756701
814773.9277488486
832737.0490930461
850899.769305234
869262.0876946339
887824.0042919008
906585.5197773903
925546.635420294
944707.3530177169
964067.6748413659
983627.6035824874
1.0033871423130964e6
1.0233462944204414e6
1.0435050635935823e6
1.0638634537670305e6
1.0844214690938238e6
1.1051791139098546e6
1.1261363927112995e6
1.14729331011861e6
1.1686498708438154e6
1.1902060797497665e6
1.2119619416608196e6
1.233917461515216e6
1.2560726442628352e6
1.2784274948716778e6
1.300982018299602e6
1.3237362195124484e6
1.3466901034457562e6
1.3698436750049645e6
1.3931969390620105e6
1.4167499004421833e6
1.4405025639221913e6
1.464454934221145e6
1.4886070159978047e6
1.512958813847529e6
1.537510332298214e6
1.5622615758062697e6
1.587212548757754e6
1.6123632554621336e6
1.6377137001590072e6
1.6632638870044653e6
1.6890138200818505e6
1.7149635033970468e6
1.7411129408792628e6
1.767462136378974e6
1.7940110936713498e6
1.82075981645649e6
1.8477083083570485e6
1.8748565729226377e6
1.9022046136279905e6
1.9297524338829552e6
1.957500037006091e6
1.9854474262733224e6
2.0135946048737953e6
2.0419415759333093e6
2.0704883425128558e6
2.099234907607478e6
2.1281812741500856e6
2.1573274450112986e6
2.186673423000707e6
2.216219210868875e6
2.2459648113092757e6
2.2759102269606655e6
2.3060554604029995e6
2.336400514166308e6
2.3669453907264825e6
2.3976900925091286e6
2.4286346218903493e6
2.459778981197823e6
2.491123172712004e6
2.5226671986687947e6
2.554411061256389e6
2.586354762621379e6
2.6184983048699186e6
2.6508416900180313e6
2.683384920220868e6
2.7161279973336807e6
2.749070923343768e6
2.782213700158279e6
2.81555632965026e6
2.8490988136561955e6
2.8828411539783287e6
2.91678335238497e6
2.950925410612954e6
2.9852673303665495e6
3.019809113319329e6
3.054550761113001e6
3.0894922753624916e6
3.1246336576525616e6
3.159974909324337e6
3.1955160323159555e6
3.2312570281734513e6
3.267197897920329e6
3.303338643222375e6
3.339679265508078e6
3.376219766179203e6
3.4129601466128845e6
3.449900408165116e6
3.487040552168699e6
3.524380579933957e6
3.5619204927496174e6
3.599660291883939e6
3.637599978584104e6
3.6757395540772853e6
3.7140790195712196e6
3.752618376251733e6
3.7913576252908744e6
3.830296767836053e6
3.869435805027104e6
3.908774737972049e6
3.948313567770995e6
3.988052295505207e6