19031.55624955427
19151.26344743668
19470.485747306724
19989.23157752624
20707.514506149513
21625.35306069287
22742.770483712375
24059.794428563575
25576.456602115883
27292.792359550367
29208.84026039217
31324.641594799657
33640.23988050116
36155.68035447842
38871.00945129503
41786.27428852649
44901.52215724328
48216.800006082194
51732.154122985725
55447.62940287497
59363.269248485
63479.11505369711
67795.20591753474
72311.57836707805
77028.2661273234
81945.29993739439
87062.70740134743
92380.51291159587
97898.73757469744
103617.39920584825
109536.5123507062
115656.08834094889
121976.13538069649
128496.65865942714
135217.66048738552
142139.14045235884
149261.09558928612
156583.52056406473
164106.4078655068
171829.7480030522
179753.52970746206
187877.74013140282
196202.36504835787
204727.38904711124
213452.7957198881
222378.5678436184
231504.6875518028
240831.13649820082
250357.89600652488
260084.94721380784
270012.27119842486
280139.84909943806
290467.6622235037
300995.69213768747
311723.92075771757
322652.33041895967
333780.90394075675
345109.6246796965
356638.47657491814
368367.4441834948
380296.512710646
392425.6680254919
404754.89668061887
417284.1859172055
430013.52366848383
442942.8985570971
456072.29988921364
469401.71764285763
482931.1424566246
496660.56561100803
510589.97901170055
524719.3751680334
539048.7471715715
553578.0886723862
568307.3938556195
583236.6574168094
598365.8745359341
613695.0408529271
629224.1524449259
644953.2057964302
660882.1977792906
677011.1256272006
693339.9869125441
709868.7795239349
726597.5016441708
743526.1517296933
760654.7284898697
777983.2308681378
795511.658024098
813240.009315076
831168.2842803145
849296.4826254409
867624.6042072657
886152.6490206872
904880.6171849445
923808.5089319714
942936.3245948055
962264.0645975306
981791.7294453968
1.0015193197142041e6
1.0214468360442092e6
1.0415742791311966e6
1.0619016497188653e6
1.0824289485931578e6
1.1031561765752444e6
1.124083334517485e6
1.1452104232962895e6
1.1665374438093202e6
1.1880643969702472e6
1.2097912837055111e6
1.2317181049505523e6
1.2538448616467314e6
1.2761715547384785e6
1.2986981851710945e6
1.3214247538882596e6
1.3443512618303215e6
1.3674777099317447e6
1.390804099120834e6
1.414330430317258e6
1.4380567044316973e6
1.4619829223636098e6
1.486109085001975e6
1.5104351932230238e6
1.5349612478913437e6
1.559687249856813e6
1.5846131999568334e6
1.609739099014378e6
1.6350649478381106e6
1.6605907472226527e6
1.6863164979476484e6
1.7122422007784063e6
1.7383678564655336e6
1.7646934657450467e6
1.791219029338307e6
1.8179445479525873e6
1.844870022280455e6
1.871995453000584e6
1.8993208407774162e6
1.9268461862630663e6
1.9545714900920424e6
1.9824967528915456e6
2.0106219752711016e6
2.0389471578291385e6
2.067472301150815e6
2.0961974058099133e6
2.1251224723673384e6
2.1542475013726945e6
2.1835724933637273e6
2.2130974488670016e6
2.242822368398174e6
2.2727472524624784e6
2.3028721015539267e6
2.333196916156948e6
2.3637216967458706e6
2.394446443785077e6
2.4253711577297808e6
2.4564958390258052e6
2.487820488110065e6
2.5193451054107756e6
2.551069691347343e6
2.58299424633094e6
2.6151187707651253e6
2.6474432650449933e6
2.6799677295574713e6
2.712692164683853e6
2.745616570797165e6
2.7787409482621416e6
2.8120652974382e6
2.8455896186769726e6
2.8793139123243573e6
2.9132381787192035e6
2.947362418194513e6
2.9816866310770223e6
3.0162108176876106e6
3.050934978341063e6
3.085859113347025e6
3.120983223009433e6
3.1563073076267303e6
3.1918313672721055e6
3.2275554028901146e6
3.2634794141113623e6
3.2996034014302134e6
3.3359273651206526e6
3.3724513054515603e6
3.409175222687052e6
3.4460991170873693e6
3.4832229889080697e6
3.520546838400548e6
3.558070665812094e6
3.5957944713859824e6
3.633718255361468e6
3.6718420179740586e6
3.7101657594554615e6
3.7486894800332147e6
3.78741317993221e6
3.8263368593726247e6
3.865460518573174e6
3.9047841577465027e6
3.9443077771037207e6
3.984031376852321e6