20637.811126853492
20745.303763746517
21032.07014730049
21498.4344829247
22144.919563786592
22972.241042888876
23981.299647270927
25173.17138937441
26549.095937955964
28110.463313640612
29858.799083211437
31795.748283393325
33923.05815858957
36242.56020178193
38756.15148201786
41465.775524978344
44373.403459211244
47481.01491571865
50790.57939099507
54304.038065774024
58023.28720660826
61950.16132561039
66086.41872936313
70433.7276896159
74993.65435838152
79767.65221939387
84757.05320990835
89963.06051534474
95386.74301591665
101029.03190357515
106890.71771382097
112972.45069868254
119274.74138274213
125797.96307071124
132542.3555762998
139508.03011167172
146694.97519898188
154103.06347282522
161732.05920588947
169581.62642070692
177651.3374322812
185940.6816865001
194449.07477448683
203175.86743075872
212120.3545321497
221281.78384914243
230659.36457537545
240252.2754708522
250059.6726341771
260080.6967575187
270314.4800955203
280760.1523804271
291416.84690465167
302283.7055476471
313359.88332578377
324644.55265240575
336136.9064908962
347836.16203216475
359741.5626266366
371852.3801880686
384167.91673376877
396687.50571008504
409410.5128898786
422336.3368759942
435464.4093942313
448794.1952989135
462325.19232519204
476056.9306228629
489988.97215630254
504120.9099189265
518452.36701709457
532982.9956818349
547712.4761539397
562640.5155579946
577766.8466830412
593091.2267542535
608613.4361835679
624333.2773253986
640250.5732227243
656365.1663289752
672676.9174363004
689185.704272968
705891.42052005
722793.9746595668
739893.2888772541
757189.2981043931
774681.9487804523
792371.1983912886
810257.0141418084
828339.372304096
846618.2574129014
865093.6614891349
883765.5833673729
902634.0280184699
921699.0059156567
940960.5326452134
960418.6279821234
980073.3157878738
999924.6234157135
1.0199725812091044e6
1.040217222205492e6
1.0606585818049319e6
1.0812966973544902e6
1.1021316078885929e6
1.123163353871841e6
1.1443919769513959e6
1.16581751968666e6
1.1874400254074885e6
1.2092595379924e6
1.2312761016610435e6
1.253489760925075e6
1.275900560372021e6
1.298508544593921e6
1.321313758025361e6
1.344316244908856e6
1.367516049185313e6
1.3909132144048526e6
1.414507783699341e6
1.438299799692415e6
1.4622893044897055e6
1.4864763396716241e6
1.5108609459302505e6
1.5354431637267838e6
1.560223032599045e6
1.5852005914540645e6
1.6103758785224094e6
1.635748931313828e6
1.6613197866375372e6
1.6870884805771573e6
1.7130550485056164e6
1.7392195250774643e6
1.7655819442335782e6
1.7921423392304915e6
1.818900742584146e6
1.8458571861364092e6
1.873011701055429e6
1.9003643178287882e6
1.9279150662670243e6
1.9556639755522958e6
1.9836110742258811e6
2.0117563901852616e6
2.0400999507295322e6
2.0686417825474134e6
2.0973819117501085e6
2.1263203638725695e6
2.155457163881871e6
2.184792336353974e6
2.214325904761652e6
2.24405789287941e6
2.2739883234689953e6
2.3041172188756475e6
2.3344446009979937e6
2.3649704912736956e6
2.395694910654779e6
2.426617879644247e6
2.4577394183725514e6
2.489059546513138e6
2.5205782833189205e6
2.552295647646658e6
2.584211657978686e6
2.616326332404179e6
2.6486396886745747e6
2.68115174415728e6
2.7138625159237045e6
2.74677202058395e6
2.779880274540555e6
2.813187293829592e6
2.8466930941865197e6
2.880397691043487e6
2.914301099331736e6
2.948403334255404e6
2.9827044102153694e6
3.0172043414968248e6
3.0519031421284964e6
3.086800825867841e6
3.1218974062379533e6
3.1571928965075845e6
3.1926873096990446e6
3.2283806586138178e6
3.264272956046381e6
3.300364213903215e6
3.336654444509955e6
3.3731436598109296e6
3.409831871492057e6
3.4467190910593215e6
3.483805329854749e6
3.5210905989592513e6
3.558574909330748e6
3.5962582717151977e6
3.634140696667076e6
3.6722221946020015e6
3.7105027757398253e6
3.7489824501294345e6
3.787661227672373e6
3.826539118104863e6
3.8656161310071116e6
3.9048922757997103e6
3.944367561763487e6
3.984041998029084e6
4.023915593583501e6