19350.14039482581
19467.345212932356
19779.920389634484
20287.944632882412
20991.544695017015
21890.893755077603
22986.2092220334
24277.749995321166
25765.813241141645
27450.73072671937
29332.86478881743
31412.604021284176
33690.35868723957
36166.55603140741
38841.635465216925
41716.04384214751
44790.230642283685
48064.643459269966
51539.72360413043
55215.90181740154
59093.5946681199
63173.2008759209
67455.0982812128
71939.64098994886
76627.157179082
81517.94712409555
86612.28175041435
91910.40148496901
97412.5157234179
103118.80244813795
109029.40831335603
115144.44907001281
121464.01026565886
127988.14822096721
134716.89123979764
141650.24102466888
148788.1742557131
156130.64430002452
163677.58302770255
171428.9026919555
179384.49785133626
187544.24730510073
195908.016021311
204475.65703220753
213247.01327306026
222221.91936531296
231400.20331285032
240781.68810748932
250366.1932402065
260153.53608389443
270143.5332753151
280336.0017185852
290730.7598449874
301327.6284542
312126.43160559353
323126.99735792715
334329.158396893
345732.7525936078
357337.6234465211
369143.6204565257
381150.5994234988
393358.4226210164
405766.9589889614
418376.08419726574
431185.68067475694
444195.6375949144
457405.8508367881
470816.2228335622
484426.66249343334
498237.0850142557
512247.41171485634
526457.5698186011
540867.4922483542
555477.1173838757
570286.3888791334
585295.2553125008
600503.6700453584
615911.5909197937
631518.9800246129
647325.8034647878
663332.0310897192
679537.6362874031
695942.5957404897
712546.8892097817
729350.4993187382
746353.4113456806
763555.6130283794
780957.0943734307
798557.8474796396
816357.8663658145
834357.1468046528
852555.6861798081
870953.4833345971
889550.5384421461
908346.8528728122
927342.429081477
946537.2704947013
965931.3814108173
985524.7669019375
1.0053174327289532e6
1.0253093852457555e6
1.0455006313490113e6
1.06589117838671e6
1.0864810341058485e6
1.107270206586754e6
1.128258704201076e6
1.1494465355304375e6
1.170833709396612e6
1.1924202347497276e6
1.2142061206058387e6
1.2361913761194472e6
1.2583760104760306e6
1.2807600328842585e6
1.3033434525556162e6
1.3261262786785944e6
1.3491085204018513e6
1.3722901868129084e6
1.3956712869349883e6
1.4192518297010502e6
1.443031823951661e6
1.4670112784200371e6
1.4911902017247332e6
1.5155686023650514e6
1.5401464887142945e6
1.5649238690113605e6
1.5899007513641063e6
1.6150771437392826e6
1.6404530539625774e6
1.6660284897205022e6
1.691803458553105e6
1.717777967858813e6
1.7439520248923546e6
1.770325636763772e6
1.7968988104428193e6
1.823671552757248e6
1.850643870394314e6
1.877815769903503e6
1.905187257696884e6
1.9327583400553332e6
1.9605290231267444e6
1.9884993129273544e6
2.0166692153479818e6
2.0450387361519686e6
2.073607880983627e6
2.1023766553661088e6
2.1313450647019236e6
2.1605131142874192e6
2.189880809298891e6
2.219448154805929e6
2.24921515577204e6
2.2791818170595956e6
2.309348143422729e6
2.339714139522084e6
2.370279809919135e6
2.401045159082134e6
2.432010191387824e6
2.463174911123369e6
2.494539322489134e6
2.5261034296018006e6
2.5578672364914757e6
2.5898307471112036e6
2.62199396529452e6
2.65435689491981e6
2.6869195397186656e6
2.719681903255099e6
2.7526439891522317e6
2.785805800920757e6
2.819167342008364e6
2.852728615794928e6
2.886489625597622e6
2.920450374669442e6
2.9546108662120895e6
2.98897110335202e6
3.023531089176451e6
3.0582908266986953e6
3.0932503189056925e6
3.1284095684871767e6
3.163768578711044e6
3.1993273521997686e6
3.2350858919575065e6
3.2710442002458805e6
3.307202279950506e6
3.343560133695811e6
3.3801177640613923e6
3.416875173579433e6
3.45383236474437e6
3.490989340008119e6
3.528346101779422e6
3.5659026524287127e6
3.6036589942897297e6
3.641615129651431e6
3.679771060774914e6
3.7181267898776457e6
3.756682319145227e6
3.7954376507277032e6
3.8343927867353885e6
3.873547729266218e6
3.912902480355326e6
3.9524570420258176e6
3.99221141626562e6