141689.1962192776
141667.82981652944
141611.17712510217
141520.1227476195
141396.10215862314
141241.10543764758
141057.66846522104
140848.87268436785
140618.30463627554
140370.16538718194
140109.1240703721
139840.38966461897
139569.7043659863
139303.3407648188
139048.04370741613
138811.0893429127
138600.25569850605
138423.78283063628
138290.4417827128
138209.4556559164
138190.53505988754
138243.84569830532
138380.0782641281
138610.2674542812
138946.01388583364
139399.30614038455
139982.60004621526
140708.77823721044
141591.15223970267
142643.4719667608
143879.87729857847
145314.92255696646
146963.56241031826
148841.10614104252
150963.2484436057
153346.00250559367
156005.70436151826
158958.96367815658
162222.64196396366
165813.80032159536
169749.65096007672
174047.5031169408
178724.68477860675
183798.47489226246
189286.00451822105
195204.16255903535
201569.47960194063
208398.00392194156
215705.1652807604
223505.63110950319
231813.14565078096
240640.36040322747
249998.68278309828
259898.13212607967
270346.9573405442
281351.91580367845
292917.6788493211
305046.92421437264
317740.17552884575
330995.72304046503
344809.5725603041
359175.4375155255
374084.7674345325
389526.7901014822
405488.68772583094
421955.69187366567
438911.3198647057
456337.54049829347
474215.2232053327
492523.745184866
511242.4993921949
530349.9790549716
549824.6511354159
569645.0980077349
589790.2679167817
610239.6955759007
630973.6910608287
651973.5004858683
673221.4368548213
694700.9742572198
716396.8188812833
738294.9392630336
760382.5928963989
782648.2962852521
805081.814280519
827674.1058594823
850417.2783272429
873304.5114886276
896329.9926459664
919488.8397281627
942777.0247621144
966191.3107595673
989729.1440145398
1.0133886165923422e6
1.0371683820152641e6
1.0610675904986765e6
1.0850858305087e6
1.1092230729456479e6
1.1334796157263955e6
1.157856044412644e6
1.1823531836605375e6
1.2069720610107596e6
1.2317138703910059e6
1.256579949071736e6
1.2815717411689921e6
1.3066907822466677e6
1.3319386644252243e6
1.3573170434879982e6
1.382827596725035e6
1.408472024198358e6
1.434252032294936e6
1.460169327074587e6
1.48622560014874e6
1.512422528451221e6
1.5387617636331222e6
1.5652449282861853e6
1.5918736123735537e6
1.61864937108745e6
1.645573723731408e6
1.6726481425004583e6
1.699874064341229e6
1.7272528867729553e6
1.7547859580941692e6
1.7824745886980859e6
1.8103200449707871e6
1.8383235514475193e6
1.8664862926769725e6
1.8948094074072572e6
1.9232940007860677e6
1.9519411360863883e6
1.9807518383464117e6
2.0097270973623397e6
2.0388678612586455e6
2.068175052160309e6
2.0976495533030797e6
2.127292216065256e6
2.157103861177923e6
2.1870852789062504e6
2.2172372303664396e6
2.247560449554162e6
2.2780556425318364e6
2.308723491650697e6
2.3395646518950644e6
2.370579756054907e6
2.4017694140563565e6
2.4331342139396686e6
2.4646747228058237e6
2.496391487698272e6
2.5282850368551277e6
2.560355879745355e6
2.5926045081869606e6
2.6250313977294723e6
2.6576370072004106e6
2.690421781170635e6
2.7233861457038717e6
2.7565305183582935e6
2.7898552995564705e6
2.8233608767382773e6
2.8570476260866886e6
2.8909159113477655e6
2.924966087114072e6
2.9591984874245073e6
2.9936134507162864e6
3.0282112953673312e6
3.062992332278328e6
3.0979568631779663e6
3.133105182587118e6
3.1684375722208926e6
3.2039543105071103e6
3.239655665208973e6
3.275541897093718e6
3.311613259990848e6
3.3478700001575374e6
3.3843123574525244e6
3.420940565575137e6
3.457754851536983e6
3.494755436630721e6
3.531942536219355e6
3.5693163602286195e6
3.606877113373744e6
3.6446249945166013e6
3.6825601984957457e6
3.7206829147004746e6
3.758993328421628e6
3.797491619561323e6
3.8361779649310345e6
3.8750525362641197e6
3.9141155016061515e6
3.9533670352452043e6
3.992807277938869e6
4.0324363955083946e6
4.072254541591185e6
4.1122618659534026e6
4.1524585149637777e6
4.192844632015031e6
4.233420357143194e6
4.274185841360959e6
4.315141192224828e6
4.356286553768133e6
4.397622055363346e6