19824.59218014824
19938.14075240052
20241.00181222539
20733.351489817076
21415.473571486094
22287.756077854756
23350.68660879544
24604.846524988985
26050.90407352455
27689.60656234018
29521.77169664766
31548.278252903452
33770.05618992152
36188.076362818865
38803.33999353772
41616.868138144695
44629.69110595968
47842.83818433762
51257.32762558248
54874.157230403034
58694.29540299012
62718.67292436531
66948.1756504589
71383.63762892915
76025.83564016945
80875.48428159521
85933.23209618982
91199.65863454674
96675.27245935568
102360.50989403791
108255.73507429918
114361.23982768554
120677.24552388111
127203.9046486494
133941.3034030098
140889.46467317286
148048.35150011088
155417.8708875702
162997.87789793446
170788.1799565159
178788.54129921985
186998.68748563182
195418.30994241682
204047.0704369273
212884.60549041553
221930.53062871651
231184.44448763976
240645.9327052204
250314.57159162386
260189.931509524
270271.5802148803
280559.0854672409
291052.01800432935
301749.9536255594
312652.4755138864
323759.17588980513
335069.6580835066
346583.5365144897
358300.4402569452
370220.01162764855
382341.9080780541
394665.80248986755
407191.38358000637
419918.3560973422
432846.4409558986
445975.3751816504
459304.91176871915
472834.819467895
486564.8824549983
500494.89997585374
514624.68589212483
528954.0681980972
543482.8885047685
558211.0014830763
573138.2742947028
588264.5860740186
603589.8269411544
619113.8982216065
634836.7110141843
650758.1860246252
666878.2528788534
683196.8496649514
699713.9221579488
716429.4235154171
733343.3136439475
750455.5587258758
767766.1307521879
785275.0070590724
802982.1699136597
820887.6060777248
838991.306483444
857293.2657699421
875793.4820325054
894491.9564702625
913388.6930652878
932483.6983318945
951776.9810364879
971268.5519589366
990958.4236961354
1.0108466103834647e6
1.0309331275748236e6
1.0512179920029885e6
1.0717012214992745e6
1.092382834753717e6
1.1132628512249808e6
1.1343412910001096e6
1.1556181747261675e6
1.177093523426352e6
1.198767358485979e6
1.2206397014640078e6
1.2427105741387885e6
1.2649799983733282e6
1.2874479960481124e6
1.310114589029088e6
1.3329797991088924e6
1.3560436479690692e6
1.3793061571184623e6
1.4027673479046377e6
1.4264272414405006e6
1.4502858586059436e6
1.4743432200122855e6
1.4985993459905605e6
1.5230542565724764e6
1.5477079714833691e6
1.5725605101209655e6
1.5976118915625275e6
1.622862134543533e6
1.648311257462846e6
1.6739592783737788e6
1.699806214985453e6
1.7258520846633257e6
1.7520969044221241e6
1.778540690954577e6
1.8051834605796891e6
1.832025229305324e6
1.8590660127962457e6
1.8863058263858631e6
1.9137446850844447e6
1.9413826035890554e6
1.9692195962794235e6
1.9972556772241045e6
2.02549086019424e6
2.0539251586578863e6
2.082558585802049e6
2.1113911545230392e6
2.140422877444026e6
2.1696537669220385e6
2.1990838350360887e6
2.228713093616809e6
2.2585415542411096e6
2.2885692282480528e6
2.318796126721682e6
2.3492222605265304e6
2.3798476402955186e6
2.4106722764268112e6
2.441696179129865e6
2.472919358384172e6
2.50434182397083e6
2.535963585433879e6
2.5677846522297207e6
2.5998050335201514e6
2.6320247383312793e6
2.664443775485962e6
2.697062153701384e6
2.7298798813802754e6
2.762896966891034e6
2.796113418397049e6
2.829529243911182e6
2.8631444512905465e6
2.896959048242242e6
2.9309730423295125e6
2.9651864409767925e6
2.9995992514692885e6
3.0342114809582885e6
3.069023136247443e6
3.1040342246412924e6
3.1392447527164873e6
3.174654727117896e6
3.210264154378418e6
3.246073041150959e6
3.2820813932870813e6
3.3182892171951383e6
3.3546965189638343e6
3.391303304575581e6
3.4281095799106713e6
3.4651153507498587e6
3.502320622777947e6
3.5397254015842685e6
3.577329692662906e6
3.6151335014235973e6
3.653136833181168e6
3.6913396931675477e6
3.7297420865258053e6
3.768344018320799e6
3.8071454935350604e6
3.846146517064779e6
3.8853470937600844e6
3.9247472283452814e6
3.964346925503252e6
4.0041461898385407e6