186032.54667408284
185997.96198614754
185906.93416257334
185759.576051897
185557.49889155137
185302.5876127353
184990.21090770382
184644.4623072197
184247.53622906198
183810.42685136266
183337.84679324846
182834.4469569632
182305.76333887785
181757.60902018673
181196.70240020115
180629.60618957298
180063.73382594754
179506.9548282464
178967.45180295545
178453.94537999408
177975.5677631986
177541.89540847778
177162.9230063339
176849.09335612986
176611.23490265125
176460.60782385033
176408.88813784564
176468.15781573099
176650.88859749943
176969.965646165
177438.66757444866
178070.66060588587
178879.99846278343
179881.12320162836
181088.84958778464
182518.35426562562
184185.17556557184
186105.17832151309
188294.61397937962
190769.96462453893
193548.0438608153
196645.91200235064
200080.84861027892
203870.31111509763
208031.8853107132
212583.22499945437
217541.98371711248
222925.73498688772
228751.8812478014
235037.55072206663
241799.48094237028
249053.89459289706
256816.35060938794
265101.6024234956
273923.42985026946
283294.4659696112
293226.04066522385
303727.96402313793
314808.3913354026
326473.6270984317
338727.98148663586
351573.6116396324
365010.4346579546
379036.0114479553
393645.50829867576
408831.682352406
424584.9049469747
440893.2472477873
457742.58845564025
475116.7855926312
492997.87805343425
511366.320058358
530201.1836783295
549480.7929451792
569182.3325159402
589282.8276485847
609759.1407210355
630588.2414962258
651747.5545387785
673215.1506462512
694969.9459579962
716991.916345173
739262.163251006
761763.0815884368
784478.3975392263
807393.213797324
830494.0191120277
853768.6793027899
877206.3992546191
900797.6780193679
924534.24410978
948408.9844586987
972415.8654361985
996549.8520424917
1.0208068293988318e6
1.0451835048131051e6
1.0696773385200964e6
1.0942864725941934e6
1.119009627852179e6
1.143846062949686e6
1.1687954952116404e6
1.1938580421656924e6
1.21903416665043e6
1.2443246276233345e6
1.2697304319401989e6
1.2952527954471386e6
1.3208931088189646e6
1.346652894860603e6
1.3725337980212697e6
1.398537542026599e6
1.4246659143251341e6
1.4509207518034778e6
1.477303916805928e6
1.5038172836806416e6
1.5304627356735207e6
1.5572421400211102e6
1.5841573509188234e6
1.611210203823552e6
1.6384024853655505e6
1.665735974325665e6
1.693212392017214e6
1.720833423716004e6
1.7486007107782506e6
1.776515848287307e6
1.8045803654946857e6
1.832795822396192e6
1.861163616265351e6
1.8896851671357937e6
1.918361839727412e6
1.9471949431326562e6
1.9761857453294299e6
2.005335466554603e6
2.0346452849120558e6
2.0641163381883882e6
2.0937497046681517e6
2.123546452055381e6
2.15350758776015e6
2.183634086769301e6
2.2139268871028395e6
2.2443868927678517e6
2.2750149716623826e6
2.3058119613230187e6
2.3367786660749563e6
2.367915860746667e6
2.399224291694296e6
2.4307046763143493e6
2.462357713769001e6
2.494184054943564e6
2.526184348824177e6
2.5583592128976122e6
2.5907092429535207e6
2.6232350215690327e6
2.6559370849880185e6
2.688815976712249e6
2.7218722077423255e6
2.7551062790299174e6
2.7885186690450027e6
2.8221098408476394e6
2.8558802418484525e6
2.889830304218483e6
2.923960450212227e6
2.9582710613103895e6
2.992762561358093e6
3.027435314256662e6
3.062289685415946e6
3.0973260297322613e6
3.1325446901504076e6
3.167945999478241e6
3.203530269138225e6
3.239297833493345e6
3.2752489856085908e6
3.3113840170765715e6
3.3477032159930123e6
3.3842068582953196e6
3.4208952137627257e6
3.4577685434673945e6
3.4948271019071923e6
3.5320711360867093e6
3.5695008859952535e6
3.607116585865175e6
3.6449184629871896e6
3.682906738238845e6
3.721081628169206e6
3.7594433421690213e6
3.797992084974506e6
3.8367280558959665e6
3.8756514492532657e6
3.9147624546795757e6
3.9540612569166217e6
3.9935480361814816e6
4.0332229696386997e6
4.073086226528816e6
4.113137976761427e6
4.1533783833186673e6
4.1938076067957208e6
4.234425802667374e6
4.275233124309895e6
4.316229721007787e6
4.357415738747434e6
4.398791320444909e6