120251.17630334155
120236.91524134125
120199.22010020705
120139.00110161866
120057.73533877384
119957.47136170734
119840.81487013443
119710.93732243232
119571.56701559693
119426.9744228909
119282.00634129214
119142.03291034288
119012.96211979297
118901.27604016106
118813.88428543016
118758.35834381249
118742.68593139268
118775.40997910281
118865.56425485734
119022.69300566168
119256.8172826003
119578.46669766799
119998.63708637914
120528.82493360128
121180.95836114502
121967.45499592545
122901.18002128697
123995.44239390103
125263.98784437592
126720.9842725191
128381.0123070741
130259.04259645342
132370.42781722252
134730.8690395771
137356.3938182148
140263.32317096044
143468.2377228247
146987.9367887129
150839.36382048295
155039.57726235606
159605.665120106
164554.66858360788
169903.4930787867
175668.80761215393
181866.93262132077
188513.71674491043
195624.4016787037
203213.47956934877
211294.53632238068
219880.09080164312
228981.43529101182
238608.4632858893
248769.50702508035
259471.1835853814
270718.24098909425
282513.45024039666
294857.4799178475
307748.8110979955
321183.7831407164
335156.40041404637
349658.5504157143
364679.9784361318
380208.4246315486
396229.7720775936
412728.2364449296
429686.58275921503
447086.3701851001
464908.2098116665
483132.0385139617
501737.3932214689
520703.66441391874
540010.3614039021
559637.3459136154
579565.0322357041
599774.5771130258
620248.0284404075
640968.4513964242
661920.0179765159
683088.0674473656
704459.1458084413
726021.0173532848
747762.6519907414
769674.2042464244
791746.9672606019
813973.3229735256
836346.6802432843
858861.4033895415
881512.7564496258
904296.806566803
927210.3736012481
950250.9496132277
973416.6320071765
996706.0587907601
1.0201183446782997e6
1.0436530291304777e6
1.0673100173850725e6
1.0910895346544902e6
1.1149920803985796e6
1.1390183867737395e6
1.1631693827367926e6
1.1874461754042082e6
1.2118499851653187e6
1.2363821574079902e6
1.261044121591713e6
1.2858373728723088e6
1.3107634576089103e6
1.3358239567521308e6
1.3610204689421752e6
1.3863546071155383e6
1.411827981624958e6
1.437442194926402e6
1.4631988362192358e6
1.4890994745630696e6
1.5151456504653995e6
1.541338877607612e6
1.567680635718423e6
1.594172371704627e6
1.6208154938398402e6
1.6476113744695182e6
1.6745613445197532e6
1.7016666963452199e6
1.7289286844933056e6
1.7563485210085833e6
1.783927382177565e6
1.8116664009911302e6
1.8395666747253623e6
1.8676292638096095e6
1.895855187187522e6
1.9242454351216566e6
1.9528009566042132e6
1.9815226702478216e6
2.0104114606038737e6
2.0394681799887887e6
2.0686936510506133e6
2.0980886654348047e6
2.127653986151715e6
2.157390351270845e6
2.187298468488544e6
2.2173790217972524e6
2.2476326713715387e6
2.2780600514473943e6
2.3086617771411333e6
2.3394384393353723e6
2.370390606018639e6
2.4015188312331657e6
2.4328236447488517e6
2.464305559647275e6
2.4959650713537214e6
2.5278026582426354e6
2.559818783966517e6
2.592013893798371e6
2.6243884207393304e6
2.656942782570308e6
2.689677384525958e6
2.722592614088845e6
2.755688853897632e6
2.7889664697867115e6
2.8224258163799443e6
2.8560672381565413e6
2.889891068756259e6
2.923897630937086e6
2.9580872408467596e6
2.9924602004786474e6
3.027016806537857e6
3.061757345517114e6
3.096682096103386e6
3.131791329808217e6
3.167085308851683e6
3.202564289567719e6
3.2382285203506956e6
3.2740782435646774e6
3.310113694657348e6
3.346335103942057e6
3.3827426908482146e6
3.419336676695039e6
3.4561172719794703e6
3.49308468301649e6
3.5302391110947714e6
3.5675807510644863e6
3.6051097983465604e6
3.642826435280841e6
3.6807308456780626e6
3.718823207309416e6
3.7571036937569208e6
3.7955724745733053e6
3.834229715491988e6
3.8730755782993888e6
3.912110221057121e6
3.9513337987433695e6
3.9907464621718735e6
4.030348359372757e6
4.0701396351487148e6
4.110120430850116e6
4.1502908849383364e6
4.1906511330673737e6
4.231201307869349e6
4.271941539534232e6
4.312871955054348e6
4.353992679429425e6
4.395303834569506e6