26562.61912430862
26634.8219143019
26827.691363960796
27142.122085976232
27579.56227174348
28142.00575676813
28831.981078767443
29652.537306786806
30607.227078755706
31700.08650007783
32935.612001357615
34318.73403282363
35854.788246909884
37549.48341208574
39408.8662073057
41439.28467917777
43647.34618154644
46039.8764485663
48623.87354953857
51406.4611437448
54394.84563698936
57596.23492828634
61017.844611033775
64666.80319666691
68550.09207177995
72674.52546314345
77046.67969450499
81672.84688767727
86558.98722407938
91710.68314100576
97133.0975400942
102830.93544023813
108808.41042903712
115069.21600161743
121616.50267595891
128452.86055433255
135580.30869830548
143000.29048261628
150713.6756228459
158720.76828942454
167021.32205949468
175614.55986502513
184499.19997045875
193673.48661057945
203135.2249172792
212881.81918698602
222910.31408647395
233217.43780917046
243799.64617853647
254653.1682549378
265774.04913738905
277158.19505944534
288801.41569435125
300699.4591318113
312848.0586695577
325242.95798104646
337879.9473855126
350754.8905202911
363863.7497945117
377202.60698245314
390767.6817448259
404555.34650835034
418562.1377277543
432784.7657558585
447220.12024279503
461865.27424110624
476717.48625199986
491774.1996758493
507033.04099440295
522491.81634228304
538148.5071749417
554001.2645779318
570048.4029638687
586288.393029316
602719.8545483707
619341.5480233327
636152.3678360829
653151.3331434175
670337.5803984647
687710.3553690354
705269.0054775148
723012.9720857559
740941.7832525636
759055.0469256344
777352.4440699681
795833.7225183096
814498.6908600982
833347.212613207
852379.2013691964
871594.6154219909
890993.4531980718
910575.7496545708
930341.5708588647
950291.0117709014
970424.1920014649
990741.253053245
1.0112423553529789e6
1.0319276757100679e6
1.0527974046481107e6
1.0738517451215982e6
1.0950909092733487e6
1.1165151177024678e6
1.138124597421077e6
1.1599195806985411e6
1.1819003032282288e6
1.2040670036561997e6
1.2264199222781584e6
1.2489592998574725e6
1.2716853773092097e6
1.2945983946787938e6
1.3176985906244707e6
1.3409862018733637e6
1.3644614627618324e6
1.388124604911807e6
1.4119758566292133e6
1.43601544296675e6
1.4602435853497956e6
1.4846605011588717e6
1.5092664039311735e6
1.5340615030009584e6
1.5590460035403322e6
1.5842201064043832e6
1.609584008018571e6
1.6351379006073968e6
1.6608819719487585e6
1.6868164055334795e6
1.712941380498587e6
1.7392570717326133e6
1.7657636498779503e6
1.7924612814195985e6
1.819350128762702e6
1.8464303502444911e6
1.8737021003611058e6
1.9011655294825507e6
1.928820784454731e6
1.9566680083200647e6
1.9847073405945871e6
2.0129389171601422e6
2.041362870562316e6
2.0699793298894935e6
2.0987884211131544e6
2.1277902669588565e6
2.1569849871283476e6
2.1863726983573353e6
2.2159535143482387e6
2.245727546204568e6
2.275694902181513e6
2.3058556878723255e6
2.3362100063588577e6
2.3667579582085996e6
2.397499641574885e6
2.4284351522675897e6
2.4595645838473584e6
2.49088802781924e6
2.52240557298499e6
2.5541173068926074e6
2.586023314575392e6
2.6181236792384093e6
2.650418482230755e6
2.682907803037391e6
2.7155917193429093e6
2.7484703076279806e6
2.781543641132215e6
2.814811793714748e6
2.8482748361025197e6
2.881932838032265e6
2.915785867681118e6
2.949833991744163e6
2.9840772756684385e6
3.018515783401607e6
3.053149577693388e6
3.0879787199550164e6
3.123003270397709e6
3.1582232879451658e6
3.193638830638275e6
3.229249954972698e6
3.2650567165759164e6
3.3010591699905596e6
3.3372573686954775e6
3.373651365368539e6
3.410241211025636e6
3.4470269563931697e6
3.484008651035558e6
3.521186343617095e6
3.558560081882549e6
3.5961299127350464e6
3.6338958822531714e6
3.671858035626301e6
3.710016417305347e6
3.7483710709380484e6
3.786922039391139e6
3.825669364836183e6
3.8646130886431844e6
3.9037532515459363e6
3.943089893498643e6
3.982623053889658e6
4.0223527713797125e6
4.062279083974955e6
4.102402029080737e6
4.142721643504836e6