25069.580947671486
25149.234426642164
25361.942111802273
25708.51610786924
26190.270086747456
26809.01080553043
27567.026390901796
28467.071291795342
29512.348253292563
30706.48710850002
32053.520471410848
33557.856436557166
35224.24876442447
37057.76385908887
39063.74531998804
41247.77698210089
43615.64180054523
46173.28111388862
48926.75037785969
51882.174869555136
55045.70346231574
58423.46267427226
62021.509876769414
65845.78648107265
69902.07319692231
74195.94522381044
78732.72974661246
83517.46572569202
88554.86656688328
93849.28567014867
99404.6866160947
105224.61619702002
111312.18337491795
117670.04221250696
124300.38014256925
131204.9114973086
138384.87621113582
145841.04361566927
153573.72141946436
161582.76939044264
169867.61752107454
178427.2881724659
187260.42192477582
196365.30630795885
205739.9070769876
215381.90136354655
225288.7120745486
235457.54311711193
245885.41441885382
256569.19724833354
267505.6476895556
278691.43958468497
290123.1957324267
301797.5167820937
313711.0080968555
325860.3041973267
338242.0910945472
350853.1255561286
363690.252069268
376750.4174041674
390030.6825271283
403528.2322937581
417240.38325371814
431164.58896766626
445298.44369532855
459639.68463662325
474186.1922817013
488935.989505974
503887.2399675133
519038.24499676225
534387.4398751532
549933.3895206926
565674.7835003898
581610.4307348944
597739.2537853981
614060.2829576025
630572.650737963
647275.5849710859
664168.4036487417
681250.5085417214
698521.3796694519
715980.5694844339
733627.6973102523
751462.4443976916
769484.5487221754
787693.8003357297
806090.0365591506
824673.1381218826
843443.024813612
862399.6518685967
881543.0062404575
900873.1040184947
920389.9860663235
940093.7165376542
959984.3795333218
980062.0766591163
1.000326925447423e6
1.0207790564401123e6
1.0414186122056138e6
1.0622457449378972e6
1.0832606153035632e6
1.1044633909372555e6
1.1258542452614992e6
1.1474333562150067e6
1.1692009052493135e6
1.1911570765274414e6
1.2133020560314967e6
1.2356360307129142e6
1.2581591879885774e6
1.2808717150826892e6
1.3037737986043352e6
1.3268656239597928e6
1.350147375122387e6
1.3736192341820635e6
1.3972813810392958e6
1.4211339933005562e6
1.4451772458741786e6
1.4694113109842497e6
1.4938363578507332e6
1.5184525526750025e6
1.5432600586176126e6
1.5682590356301388e6
1.5934496400639662e6
1.6188320255896787e6
1.644406342161546e6
1.6701727365956448e6
1.6961313523388547e6
1.722282329616083e6
1.74862580539127e6
1.7751619134272728e6
1.801890784321396e6
1.828812545517733e6
1.855927321499472e6
1.883235233575717e6
1.910736400240512e6
1.938430937093973e6
1.9663189568494507e6
1.9944005694857538e6
2.0226758822969717e6
2.0511449999876209e6
2.0798080245769257e6
2.108665055764265e6
2.137716190721947e6
2.1669615242193784e6
2.1964011488877297e6
2.226035155056507e6
2.2558636307855095e6
2.285886662278321e6
2.3161043333915346e6
2.3465167261870694e6
2.3771239207748403e6
2.40792599537571e6
2.4389230264461692e6
2.470115088673322e6
2.5015022520040832e6
2.533084596458575e6
2.564862183132704e6
2.596835083029039e6
2.629003362763549e6
2.661367087494999e6
2.6939263209445304e6
2.7266811255223216e6
2.7596315622196025e6
2.7927776908113807e6
2.82611956966249e6
2.8596572560462044e6
2.893390805998841e6
2.9273202744298354e6
2.96144571506912e6
2.9957671805929183e6
3.030284722648904e6
3.064998391708633e6
3.09990823746347e6
3.1350143084783354e6
3.170316652393055e6
3.2058153159740623e6
3.241510345015429e6
3.2774017845464116e6
3.3134896786232125e6
3.3497740708072437e6
3.386255003136672e6
3.422932517157932e6
3.4598066548418747e6
3.4968774553778004e6
3.534144958567559e6
3.5716092031590426e6
3.6092702272666674e6
3.647128068248989e6
3.6851827628689194e6
3.7234343472472886e6
3.7618828568349825e6
3.800528326548026e6
3.8393707906590374e6
3.878410282844615e6
3.9176468362374688e6
3.957080483455809e6
3.9967112564996956e6
4.0365391869162573e6
4.076564305673441e6
4.116786643278883e6