19432.27860365245
19548.84428036977
19859.721516681166
20365.006497499962
21064.854134235975
21959.47610707204
23049.13820559677
24334.157010976793
25814.8959897299
27491.761048866356
29365.19564672753
31435.675542741446
33703.70324668993
36169.802289885294
38834.511375936425
41698.378590134234
44761.95556971371
48025.791975805274
51490.4299041013
55156.39908855349
59024.21199451728
63094.35952052454
67367.30720987941
71843.49173267474
76523.31811511703
81407.15811768065
86495.34436195766
91788.17694721512
97285.91469955965
102988.77864527827
108896.9513186762
115010.57721657648
121329.76362871812
127854.58180536506
134585.0684171394
141521.22727348199
148663.03124204866
156010.42434234204
163563.32396549755
171321.62318306084
179285.19311181476
187453.88529189187
195827.5340796117
204405.95895883458
213188.96684257302
222176.35426331713
231367.90947700816
240763.4144538644
250362.6467519094
260165.38125224435
270171.391765667
280380.4525076678
290792.33943035913
301406.8313953953
312223.7112408462
323242.766719218
334463.7912736353
345886.5847311246
357510.95385667356
369336.7128192617
381363.6835658286
393591.6960323318
406020.5883921641
418650.2071384556
431480.40711215866
444511.0514978331
457742.0117471267
471173.16744660854
484804.40616635146
498635.62325637555
512666.7216345258
526897.6115165576
541328.2101658842
555958.4416009837
570788.2363039884
585817.5309277043
601046.2679764725
616474.3955060228
632101.8668198346
647928.6401700363
663954.6784508709
680179.9489121955
696604.4228750826
713228.0754595945
730050.8853177924
747072.8343798998
764293.9075975383
781714.0927396694
799333.3801411947
817151.7625068662
835169.2347027748
853385.793579632
871801.4377858263
890416.1676071788
909229.9848028504
928242.8924664947
947454.8948868779
966865.9974215897
986476.2063922723
1.0062855289451551e6
1.0262939729707784e6
1.0465015470208207e6
1.0669082601996013e6
1.0875141221012021e6
1.1083191427275161e6
1.129323332436465e6
1.1505267018452925e6
1.1719292618557662e6
1.1935310235289978e6
1.2153319980150727e6
1.2373321966200774e6
1.2595316306886738e6
1.2819303115943393e6
1.3045282507109903e6
1.3273254593788476e6
1.350321948891833e6
1.3735177304667484e6
1.3969128152350574e6
1.42050721421822e6
1.444300938322032e6
1.4682939983180766e6
1.492486404836623e6
1.5168781683575818e6
1.5414692992058815e6
1.5662598075391995e6
1.5912497033523193e6
1.616438996466344e6
1.6418276965263025e6
1.6674158130056118e6
1.6932033551961663e6
1.7191903322145937e6
1.74537675299755e6
1.7717626263117937e6
1.7983479607373103e6
1.8251327646869286e6
1.8521170463984893e6
1.8793008139393062e6
1.9066840752055212e6
1.934266837934791e6
1.9620491096950672e6
1.990030897897256e6
2.0182122097952259e6
2.046593052484328e6
2.0751734329145243e6
2.103953357883991e6
2.1329328340491303e6
2.1621118679244025e6
2.1914904658837225e6
2.221068634167904e6
2.250846378886237e6
2.280823706023569e6
2.3110006214309e6
2.3413771308450084e6
2.371953239879587e6
2.4027289540329566e6
2.433704278691462e6
2.464879219130714e6
2.4962537805193937e6
2.5278279679229814e6
2.5596017863003337e6
2.5915752405152647e6
2.6237483352927193e6
2.6561210753887915e6
2.6886934653911623e6
2.721465509704569e6
2.7544372127769026e6
2.7876085789267085e6
2.8209796123962817e6
2.854550317340375e6
2.8883206978423805e6
2.922290757902708e6
2.9564605014567454e6
2.9908299323583473e6
3.0253990543964934e6
3.0601678712801e6
3.0951363866826072e6
3.13030460395329e6
3.165672527033991e6
3.201240159186553e6
3.237007504051133e6
3.2729745645129066e6
3.3091413440708704e6
3.3455078459523357e6
3.3820740733283293e6
3.4188400293164225e6
3.455805716980215e6
3.492971139335963e6
3.530336299345538e6
3.567901199923821e6
3.605665843938265e6
3.6436302342089713e6
3.6817943735106084e6
3.720158264571556e6
3.758721910078829e6
3.7974853126759483e6
3.836448474958536e6
3.8756113995033186e6
3.914974088814956e6
3.9545365453797653e6
3.994298771641804e6