28946.660662449198
29008.714027407215
29174.54895019626
29445.14378284478
29822.083719416056
30307.553691335634
30904.32939776391
31615.765066642227
32445.77870208562
33398.834580808005
34479.92316237776
35694.537919023714
37048.64944558834
38548.67681029864
40201.455237483024
42014.20237927402
43994.47917565952
46150.1500700585
48489.34038975359
51020.38738789881
53751.79297934922
56692.17004809767
59850.189353896494
63234.52341644501
66853.78609366331
70716.47452220815
74830.90749791237
79205.16499905768
83847.02645947011
88763.91163923018
93962.82182622224
99450.28500022438
105232.30304615072
111314.30430926345
117701.10058280465
124396.85059573616
131405.02984710954
138728.40806475957
146369.034374293
154328.2307573306
162606.5941152198
171204.00646654493
180119.65430049849
189352.05479573173
198899.09033639458
208758.04944664997
218925.67344049775
229398.208283895
240171.4600547611
251240.85311462433
262601.48970959766
274248.21116153523
286175.6559027845
298378.31896740064
310850.6077846316
323586.8936029223
336581.56150916975
349829.05434228375
363323.9133521276
377060.81258888135
391034.5902660248
405240.27432108927
419673.10260720924
434328.5408359824
449202.2936681693
464290.3139484589
479588.80748663493
495094.2346711551
510803.31018381106
526712.9989809676
542820.5111614048
559123.2946940814
575619.0274499519
592305.6071290065
609181.141117383
626243.9355283167
643492.4838864001
660925.4556218089
678541.6848030575
696340.1579357064
714320.0040164429
732480.482707647
750820.9741070734
769340.9687256728
788040.0579278084
806917.9245914894
825974.3350126969
845209.1302292759
864622.2187582518
884213.5699341311
903983.2064759841
923931.1993597632
944057.6616730667
964362.7438187143
984846.6284658301
1.0055095262780779e6
1.0263516732796327e6
1.0473733245462494e6
1.0685747533815615e6
1.0899562476724703e6
1.1115181071357876e6
1.1332606410465476e6
1.155184165964351e6
1.1772890040071695e6
1.199575481052241e6
1.2220439255120347e6
1.2446946664610468e6
1.2675280331183965e6
1.2905443534698407e6
1.3137439532356283e6
1.337127155548347e6
1.3606942798883487e6
1.384445641754589e6
1.408381552140396e6
1.4325023169535291e6
1.4568082369224373e6
1.481299607074656e6
1.5059767171094706e6
1.530839850420503e6
1.555889284795388e6
1.581125290697748e6
1.6065481341992898e6
1.6321580740810095e6
1.6579553630926022e6
1.6839402479318676e6
1.7101129693097062e6
1.7364737617815116e6
1.7630228539841995e6
1.7897604687178102e6
1.8166868229973332e6
1.8438021283035814e6
1.8711065904600148e6
1.8986004099864443e6
1.9262837820784496e6
1.9541568968689064e6
1.982219939387686e6
2.0104730897947235e6
2.0389165235878646e6
2.0675504115709525e6
2.096374920118011e6
2.1253902113964986e6
2.1545964425410377e6
2.183993767900766e6
2.2135823369708667e6
2.2433622955585965e6
2.273333785806755e6
2.30349694623724e6
2.333851911862263e6
2.364398814787717e6
2.395137781843495e6
2.4260689396832767e6
2.4571924098762833e6
2.488508311548292e6
2.5200167610266227e6
2.5517178713181294e6
2.583611753605454e6
2.6156985158086745e6
2.6479782634384837e6
2.680451099699062e6
2.713117125307299e6
2.7459764386389107e6
2.7790291364077227e6
2.812275311284934e6
2.8457150566108995e6
2.8793484617620213e6
2.913175614759283e6
2.9471966016351045e6
2.98141150656513e6
3.015820411973424e6
3.050423398500064e6
3.085220545098335e6
3.120211929162988e6
3.1553976263879226e6
3.19077771097619e6
3.22635225561296e6
3.2621213317727484e6
3.2980850085913646e6
3.334243355212824e6
3.370596438540296e6
3.4071443244709265e6
3.4438870771990125e6
3.4808247603142024e6
3.5179574357711063e6
3.555285164597629e6
3.5928080065945997e6
3.6305260204353123e6
3.668439263743305e6
3.706547792802337e6
3.7448516639393517e6
3.783350931031031e6
3.822045647884213e6
3.8609358671072084e6
3.9000216404122575e6
3.9393030185826006e6
3.9787800517168385e6
4.0184527884868025e6
4.0583212774454807e6
4.098385566109588e6
4.1386457008655346e6
4.1791017276386456e6