20293.85600050274
20403.876367491168
20697.361355383873
21174.575338435694
21835.94448650861
22682.051910093032
23713.631030638404
24931.55730941442
26336.838403830887
27930.60294614086
29714.08808973158
31688.626009528707
33855.629526061864
36216.57708110124
38772.99727126894
41526.45322660146
44478.52689951402
47630.8035455618
50984.85663518847
54542.23331478958
58304.44092405741
62272.93358245194
66449.1010099668
70834.2576228472
75429.63323137874
80236.3650377302
85255.49096990668
90487.94444925108
95934.55054721422
101596.02345736907
107472.96533947169
113565.86645234317
119875.10639283268
126400.95648110205
133143.58311863564
140103.05202409404
147279.33322954312
154672.3067188184
162281.76858854812
170107.43761460503
178148.96210904027
186405.92694688498
194877.86070751998
203564.24274197477
212464.51022695022
221578.06496575646
230904.27999706572
240442.50590598045
250192.0767845438
260152.31582786277
270322.5406415948
280702.0677613616
291290.2173066292
302086.31673602166
313089.70437886415
324299.7326046597
335715.7703008813
347337.2053492441
359163.44645624317
371193.9247023575
383428.0948232165
395865.43608979275
408505.4530153095
421347.6757316243
434391.6601707906
447636.98805381206
461083.26671370334
474730.1286490434
488577.2311309955
502624.2555497437
516870.9067214379
531316.9120915621
545962.0209191705
560806.0033578656
575848.6495488295
591089.7686609363
606529.1879293807
622166.7516806917
638002.320377097
654035.7696591413
670266.9894114108
686695.8828383265
703322.3655767865
720146.3648488135
737167.8186095937
754386.6747739373
771802.8904155376
789416.431078138
807227.2701064787
825235.387902693
843440.7714016915
861843.4134413386
880443.3122368762
899240.4708387789
918234.8967069678
937426.6012167762
956815.5992668954
976401.908848369
996185.5508100019
1.0161665483624577e6
1.0363449268736133e6
1.05672071361946e6
1.0772939374183698e6
1.0980646284603742e6
1.1190328181252214e6
1.140198538728476e6
1.1615618233438088e6
1.1831227056779503e6
1.2048812199213502e6
1.2268374005309187e6
1.2489912822442264e6
1.2713428998851608e6
1.2938922883024537e6
1.3166394822486918e6
1.3395845163484646e6
1.3627274250110881e6
1.3860682423607006e6
1.409607002211735e6
1.433343738002235e6
1.4572784827704278e6
1.4814112691679318e6
1.5057421291563523e6
1.5302710945373708e6
1.554998196392626e6
1.579923465320596e6
1.6050469314037957e6
1.6303686241434298e6
1.6558885725881192e6
1.6816068050921252e6
1.7075233495475822e6
1.7336382332741206e6
1.7599514830090953e6
1.7864631249997932e6
1.8131731848861186e6
1.8400816878005043e6
1.8671886583371458e6
1.8944941205641662e6
1.9219980980216605e6
1.9497006137623629e6
1.9776016903247535e6
2.0057013497679736e6
2.0339996136582405e6
2.0624965030969465e6
2.091192038731791e6
2.1200862407508423e6
2.1491791289113928e6
2.1784707225433434e6
2.2079610405464065e6
2.2376501014194353e6
2.267537923267176e6
2.2976245238006418e6
2.3279099203543663e6
2.358394129902279e6
2.389077169044397e6
2.4199590540423556e6
2.4510398008136908e6
2.4823194249115395e6
2.5137979416761855e6
2.5454753660196112e6
2.577351712590946e6
2.609426995732923e6
2.641701229522759e6
2.6741744277324392e6
2.7068466039103637e6
2.739717771214679e6
2.772787942664575e6
2.8060571309837527e6
2.8395253486600723e6
2.873192607934985e6
2.9070589208097653e6
2.941124299072693e6
2.9753887540833424e6
3.0098522975653564e6
3.0445149404721726e6
3.079376693734003e6
3.11443756808306e6
3.1496975740583604e6
3.185156722003295e6
3.2208150220828997e6
3.2566724845157377e6
3.2927291186578367e6
3.328984934357363e6
3.3654399410853293e6
3.402094148145508e6
3.4389475646820515e6
3.476000199685104e6
3.513252061992104e6
3.5507031602927847e6
3.588353503128332e6
3.626203098906697e6
3.664251955888197e6
3.702500082203172e6
3.740947485846932e6
3.7795941746871974e6
3.8184401564661525e6
3.8574854388004327e6
3.8967300291859917e6
3.936173935001823e6
3.975817163509166e6
4.0156597218586514e6