19037.525617298175
19157.18559406296
19476.282469750688
19994.826026509996
20712.832011889943
21630.321929875354
22747.322757486414
24063.866592004182
25579.990236666374
27295.734730765573
29211.14483475419
31326.26848079596
33641.15618924319
36155.86047890526
38870.435261781866
41784.93524595868
44899.415344263136
48213.93007528066
51728.533194351956
55443.27684227425
59358.211430951036
63473.3850427999
67788.8430984322
72304.62803455995
77020.77903633832
81937.33182349308
87054.31847662957
92371.76734774884
97889.7029736565
103608.14606905839
109527.1135514594
115646.61860526443
121966.67078176452
128487.27612993156
135208.43735339376
142130.15399225478
149252.42261990136
156575.2370563241
164098.58859096526
171822.4662122925
179746.85684088155
187871.74556239872
196197.1158585252
204722.94983381353
213449.22843246517
222375.9316508642
231503.03873638675
240830.5283778318
250358.3788794338
260086.5683277232
270015.0747399648
280143.87620328966
290472.95099889324
301002.2777099394
311731.83532421547
322661.60331667616
333791.5617243015
345121.69120802276
356651.9731055015
368382.3894721777
380312.9231165439
392443.5576184263
404774.2773518113
417305.0674907386
430035.9140134861
442966.8036992667
456097.72412182065
469428.6636354678
482959.61136219173
496690.55716992496
510621.49165313406
524752.4061077731
539083.292506409
553614.143470648
568344.9522424107
583275.7126627091
598406.4191265667
613737.0665694829
629267.6504335258
644998.1666341425
660928.6115369059
677058.9819278633
693389.2749866308
709919.4882602887
726649.6196377593
743579.6673259342
760709.6298256028
778039.5059095132
795569.2946016352
813298.9951555999
831228.6070364692
849358.1299025948
867687.5635879884
886216.9080871056
904946.1635388443
923875.3302130417
943004.4084969871
962333.398883746
981862.3019606671
1.0015911183970574e6
1.0215198489370946e6
1.0416484943894603e6
1.0619770556184864e6
1.0825055335375671e6
1.1032339291010178e6
1.1241622432993636e6
1.1452904771510633e6
1.1666186316992482e6
1.188146708005633e6
1.2098747071467568e6
1.2318026302095957e6
1.253930478287993e6
1.2762582524793434e6
1.2987859538820402e6
1.3215135835925734e6
1.3444411427035592e6
1.3675686323007806e6
1.3908960534628085e6
1.4144234072582098e6
1.4381506947450761e6
1.4620779169684637e6
1.4862050749612483e6
1.510532169741503e6
1.5350592023136383e6
1.5597861736651417e6
1.584713084768994e6
1.6098399365812335e6
1.6351667300414064e6
1.6606934660727049e6
1.6864201455809113e6
1.7123467694551516e6
1.738473338567466e6
1.764799853772935e6
1.7913263159096139e6
1.818052725799177e6
1.8449790842462224e6
1.8721053920391973e6
1.8994316499500074e6
1.9269578587362403e6
1.9546840191350216e6
1.9826101318749837e6
2.0107361976642301e6
2.039062217199644e6
2.0675881911559557e6
2.096314120204784e6
2.1252400049960506e6
2.154365846168225e6
2.183691644346003e6
2.213217400141085e6
2.2429431141525074e6
2.2728687869671793e6
2.302994419158988e6
2.33332001129068e6
2.3638455639132643e6
2.394571077566199e6
2.425496552778284e6
2.456621990067416e6
2.4879473899411364e6
2.519472752896879e6
2.5511980794218485e6
2.5831233699936797e6
2.6152486250811596e6
2.647573845143249e6
2.680099030629411e6
2.7128241819825657e6
2.745749299636039e6
2.778874384013511e6
2.8121994355324884e6
2.845724454601432e6
2.879449441622147e6
2.9133743969882433e6
2.9474993210865417e6
2.981824214296579e6
3.0163490769910915e6
3.0510739095357377e6
3.0859987122902023e6
3.1211234856075346e6
3.1564482298344085e6
3.191972945090809e6
3.227697632369007e6
3.263622291344844e6
3.2997469225575877e6
3.3360715263255006e6
3.3725961029609097e6
3.409320652770605e6
3.446245176056874e6
3.483369673116577e6
3.520694144241724e6
3.5582185897195637e6
3.595943009832263e6
3.633867404858969e6
3.671991775072011e6
3.710316120740936e6
3.748840442130057e6
3.7875647395005906e6
3.8264890131082935e6
3.865613263207213e6
3.9049374900443526e6
3.944461693864936e6
3.9841858749099607e6