22129.497205076892
22226.629488416027
22485.847994335403
22907.693871651318
23493.040857991982
24243.087286989852
25159.345162208352
26243.626315307796
27498.02585946843
28924.903108044695
30526.860024829857
32306.71764845745
34267.49034895311
36412.358581137385
38744.64034304255
41267.76115667197
43985.22383325026
46900.57712315051
50017.384913915535
53339.19524362034
56869.51019303028
60611.75647160782
64569.257163839684
68745.20584924976
73142.64117878143
77764.42528473758
82613.22302653635
87691.48490562057
93001.43229212506
98545.04544938807
104324.0545643289
110339.93388021179
116593.89849374544
123086.90439687748
129819.65057022437
136792.58468628526
144005.91016110586
151459.59609655256
159153.38887468388
167086.82548283742
175259.24819331482
183669.8204149885
192317.54330242213
201201.2729934462
210319.73802954776
219671.5568242383
229255.25520926513
239069.28306870002
249112.03083174632
259381.84500833973
269877.0430249231
280595.92673814355
291536.7953574639
302697.957213264
314077.7396147402
325674.49889343296
337486.62816052
349512.5645771405
361750.7953486346
374199.8627285077
386858.3680634913
399724.97489413206
412798.4113519479
426077.4716424947
439561.0169028244
453247.97546596744
467137.34259750694
481228.1796834931
495519.6128994448
510010.83124000684
524701.0884720625
539589.6926353461
554676.0125925641
569959.4710492033
585439.5430520338
601115.7533229815
616987.6734660018
633054.9203152779
649317.1513226588
665774.0639781293
682425.3922157419
699270.9041896571
716310.3997834311
733543.7082547059
750970.6867746747
768591.2165233061
786405.2025394056
804412.5707928133
822613.2665970966
841007.252863854
859594.5085062683
878375.0269011223
897348.8144978023
916515.8894558867
935876.2804330612
955430.0254559527
975177.1708661872
995117.7702929864
1.0152518838008422e6
1.035579577067097e6
1.056100920555842e6
1.0768159889012226e6
1.0977248602652578e6
1.1188276156513728e6
1.1401243385454128e6
1.161615114290534e6
1.1833000296804435e6
1.2051791729926083e6
1.2272526326325168e6
1.2495204978834307e6
1.2719828580775887e6
1.2946398024610416e6
1.3174914199962032e6
1.3405377991414513e6
1.3637790274025481e6
1.3872151925957073e6
1.4108463799040793e6
1.4346726746095165e6
1.4586941605347751e6
1.4829109202871718e6
1.507323035191965e6
1.5319305852188775e6
1.5567336489056246e6
1.5817323034396085e6
1.6069266245031443e6
1.6323166863418657e6
1.6579025617039846e6
1.6836843218172423e6
1.7096620365915054e6
1.7358357742184303e6
1.7622056015808203e6
1.7887715840626184e6
1.8155337859494798e6
1.842492268768238e6
1.8696470946181214e6
1.8969983229539893e6
1.924546012167467e6
1.9522902192955648e6
1.9802310001405848e6
2.0083684091885139e6
2.0367024996943695e6
2.0652333236760336e6
2.0939609319908128e6
2.1228853743239585e6
2.1520066992216175e6
2.1813249541383274e6
2.2108401854271507e6
2.24055243846647e6
2.2704617575343777e6
2.3005681859610644e6
2.330871766100559e6
2.36137253937438e6
2.392070546270239e6
2.4229658264414277e6
2.454058418609239e6
2.4853483606971772e6
2.516835689821504e6
2.5485204422909818e6
2.580402653623249e6
2.612482358622361e6
2.6447595911926953e6
2.6772343849822213e6
2.709906772524737e6
2.7427767858604887e6
2.775844456255992e6
2.8091098144717445e6
2.842572890598293e6
2.8762337141458536e6
2.9100923140451596e6
2.944148718642852e6
2.978402955747827e6
3.0128550526374746e6
3.047505036055292e6
3.082352932248108e6
3.117398766957217e6
3.152642565455145e6
3.1880843525422504e6
3.2237241525590997e6
3.2595619894031454e6
3.295597886768847e6
3.331831867254438e6
3.368263953697323e6
3.404894168329061e6
3.4417225329817226e6
3.478749069097054e6
3.515973797800256e6
3.553396739758894e6
3.5910179153526844e6
3.6288373445953755e6
3.6668550471654385e6
3.705071042406818e6
3.74348534933958e6
3.7820979866762217e6
3.820908972812116e6
3.859918325846548e6
3.899126063585148e6
3.938532203536298e6
3.978136762941813e6
4.0179397587572346e6
4.057941207672919e6