19051.729132119886
19171.276801157073
19490.075374286156
20008.137849126462
20725.485150010907
21642.145850935674
22758.155799793036
24073.557650572067
25588.400313905455
27302.73833378544
29216.631204493504
31330.142641526356
33643.339807384575
36156.29252905656
38869.07248988426
41781.75244701489
44894.40543441223
48207.10397230119
51719.91957544364
55432.92162510252
59346.17720539267
63459.75031605063
67773.70142363007
72288.08703299954
77002.9593303761
81918.36589735842
87034.34947888806
92350.94786203766
97868.19376192629
103586.11480678534
109504.7335741069
115624.0676726731
121944.12987485762
128464.92828952525
135186.4665713475
142108.74415952282
149231.75654159603
156555.49553569296
164079.9495870248
171805.10407360282
179730.941614619
187857.44238418434
196184.58441437737
204712.34390108474
213440.69549040662
222369.61256280722
231499.06749813707
240829.03192883977
250359.47697268502
260090.37345474202
270021.6921055983
280153.40374665655
290485.4794562482
301017.8907131214
311750.60953386413
322683.60858269036
333816.8612710296
345150.341841616
356684.0254373099
368417.8881567732
380351.9071014108
392486.0603998435
404820.3272383866
417354.68786898826
430089.12361523125
443023.61686615867
456158.15107140795
469492.71071906254
483027.2813202131
496761.8493797701
510696.402370456
524830.928699675
539165.4176761345
553699.8594732578
568434.2450909629
583368.5663268075
598502.8157170957
613836.9865176617
629371.0726592826
645105.0687033075
661038.969810697
677172.771702495
693506.47062398
710040.0633098746
726773.546950222
743706.9191585165
760840.1779397435
778173.321661026
795706.3490246349
813439.259036389
831372.0509870821
849504.7244226134
867837.2791233005
886369.7150831395
905102.0324884033
924034.231699689
943166.3132339411
962498.2777489173
982030.12602786
1.0017618589631005e6
1.0216934775466037e6
1.0418249828561724e6
1.062156376043655e6
1.0826876583261713e6
1.103418830975272e6
1.1243498953106701e6
1.1454808526892082e6
1.1668117045005383e6
1.1883424521589982e6
1.2100730970986167e6
1.2320036407672623e6
1.2541340846219095e6
1.276464430124201e6
1.2989946787370788e6
1.3217248319207823e6
1.3446548911308148e6
1.3677848578128573e6
1.3911147334034026e6
1.4146445193254768e6
1.4383742169878327e6
1.4623038277830023e6
1.486433353085517e6
1.510762794251337e6
1.5352921526179682e6
1.5600214295002006e6
1.5849506261935032e6
1.6100797439712242e6
1.635408784084032e6
1.6609377477612176e6
1.686666636208787e6
1.7125954506105464e6
1.7387241921275845e6
1.7650528618982176e6
1.7915814610383383e6
1.8183099906418626e6
1.845238451779969e6
1.8723668455023451e6
1.8996951728366571e6
1.9272234347914131e6
1.9549516323479968e6
1.9828797664764007e6
2.0110078381192805e6
2.0393358482021163e6
2.0678637976298612e6
2.096591687289848e6
2.125519518049497e6
2.1546472907587374e6
2.183975006249151e6
2.213502665335013e6
2.2432302688137335e6
2.273157817466572e6
2.3032853120574607e6
2.333612753335478e6
2.364140142034081e6
2.3948674788713553e6
2.4257947645511627e6
2.45692199976289e6
2.4882491851821076e6
2.519776321470939e6
2.5515034092778787e6
2.5834304492387017e6
2.615557441977342e6
2.6478843881047345e6
2.680411288219112e6
2.7131381429104316e6
2.746064952754216e6
2.7791917183156246e6
2.812518440149944e6
2.846045118800836e6
2.8797717548030964e6
2.9136983486806164e6
2.947824900948242e6
2.982151412111124e6
3.0166778826653627e6
3.0514043130976367e6
3.086330703886667e6
3.1214570555023407e6
3.1567833684060597e6
3.1923096428291355e6
3.2280358798773433e6
3.263962079334141e6
3.300088241845599e6
3.336414367835319e6
3.372940457718965e6
3.4096665119048837e6
3.4465925307953027e6
3.4837185147853936e6
3.5210444642637777e6
3.5585703796127127e6
3.596296261208303e6
3.6342221094204145e6
3.6723479246131317e6
3.7106737071446325e6
3.7491994573666784e6
3.78792517562692e6
3.826850862265726e6
3.865976517621204e6
3.9053021420220747e6
3.944827735794674e6
3.984553299259788e6