19040.34898849987
19159.986635127207
19479.02419951737
19997.47210363185
20715.347125080472
21632.6721745908
22749.475994204797
24065.792781588374
25581.661748803963
27297.12662185628
29212.235092301256
31327.0382320262
33641.58987172335
36155.94597368041
38870.16398209616
41784.3021968213
44898.419133498
48212.57289020326
51726.82075365266
55441.218291290425
59355.8192301057
63470.674816167506
67785.83346041907
72301.34039526392
77017.23738922358
81933.562518645
87050.34998256236
92367.6300069936
97885.42875246903
103603.76830646637
109522.66670969536
115642.13802426716
121962.19243998345
128482.83641362507
135204.07283615606
142125.90122626154
149248.31794007606
156571.31639843874
164094.88732433916
171819.01898785523
179743.69745315463
187868.90682954292
196194.62951488988
204720.84643878357
213447.5372933469
222374.68075979943
231502.25472040725
240830.23646149843
250358.6028590002
260087.33055632928
270016.39612270845
280145.77620133606
290475.4476421704
301005.38761664106
311735.5737272897
322665.98409589316
333796.5974426167
345127.3931534199
356658.35133497603
368389.4528591378
380320.679400426
392452.01345553435
404783.4383676783
417314.93833288795
430046.4984044835
442978.1044895635
456109.74334217724
469441.4025484684
482973.07051290275
496704.7364351317
510636.39028929104
524768.0227973049
539099.6254023698
553631.1902395573
568362.710105205
583294.1784342658
598425.5892522791
613756.9371609236
629288.2173018774
645019.4253214304
660950.5573456995
677081.6099490188
693412.5801252509
709943.4652599643
726674.2631031164
743604.9717436029
760735.5895836006
778066.1153151729
795596.5478981705
813326.886537244
831257.1306624084
849387.2799097102
867717.334102428
886247.2932348548
904977.1574552414
923906.927051401
943036.6024363327
962366.1841357762
981895.6727759596
1.0016250690704613e6
1.021554373812657e6
1.0416835878646688e6
1.062012712147927e6
1.0825417476361478e6
1.1032706953466574e6
1.1241995563353682e6
1.14532833168796e6
1.1666570225164006e6
1.1881856299524587e6
1.2099141551436959e6
1.2318425992487883e6
1.2539709634337323e6
1.2762992488682873e6
1.2988274567232854e6
1.3215555881674255e6
1.3444836443656362e6
1.3676116264750084e6
1.390939535645308e6
1.4144673730155355e6
1.4381951397135267e6
1.4621228368532145e6
1.486250465535544e6
1.5105780268456822e6
1.5351055218542246e6
1.5598329516137254e6
1.584760317161237e6
1.6098876195158975e6
1.635214859679042e6
1.6607420386347154e6
1.6864691573483709e6
1.712396216767701e6
1.7385232178221873e6
1.7648501614232312e6
1.7913770484640852e6
1.81810387982054e6
1.845030656350183e6
1.8721573788933833e6
1.8994840482728805e6
1.9270106652961487e6
1.954737230748852e6
1.9826637454076025e6
2.0107902100271245e6
2.0391166253501885e6
2.067642992095944e6
2.0963693109802338e6
2.1252955826957626e6
2.154421807923034e6
2.1837479873278686e6
2.213274121562236e6
2.243000211264603e6
2.2729262570605157e6
2.303052259561638e6
2.3333782193677556e6
2.363904137066146e6
2.394630013231775e6
2.4255558484282475e6
2.4566816432075463e6
2.4880073981106156e6
2.51953311366763e6
2.551258790397855e6
2.5831844288103613e6
2.6153100294047864e6
2.6476355926702926e6
2.6801611190859233e6
2.7128866091237473e6
2.7458120632456006e6
2.7789374819030496e6
2.8122628655410693e6
2.8457882145949956e6
2.8795135294930763e6
2.913438810654823e6
2.9475640584925036e6
2.98188927341063e6
3.016414455806464e6
3.0511396060697194e6
3.0860647245837497e6
3.1211898117248314e6
3.1565148678624453e6
3.1920398931387113e6
3.227764888568463e6
3.263689853848936e6
3.299814789540638e6
3.336139695982769e6
3.3726645735081946e6
3.4093894224439207e6
3.44631424311205e6
3.48343903582904e6
3.5207638009060854e6
3.558288538649331e6
3.596013249359512e6
3.6339379333341317e6
3.6720625908634346e6
3.710387222234701e6
3.7489118277296303e6
3.7876364076266224e6
3.8265609621982537e6
3.865685491715285e6
3.9050099964409703e6
3.9445344766366547e6
3.9842589325591987e6