21383.104582232656
21485.296365919257
21757.969994457286
22201.566237944626
22816.79631301497
23604.634797162857
24566.309884424692
25703.291159974357
27017.274989934303
28510.167736745414
30184.066955370028
32041.2408914824
34084.10623918753
36315.20492361231
38737.17947691363
41352.74830362741
44164.67986523029
47175.76722384605
50388.802694259706
53806.55277894846
57431.73418838666
61266.99088463122
65314.872167232534
69577.8126660577
74058.11413818292
78757.92887438732
83679.24551050403
88823.87730655746
94193.45175174369
99789.4038676397
105612.97088075953
111665.18956758839
117946.89569909213
124458.72599222825
131201.1215164298
138174.33339417007
145378.42999399276
152813.30564550273
160478.69062626525
168374.16220420567
176499.15654092637
184852.9812282811
193434.8282314788
202243.78711216725
211278.85821587173
220538.9657529873
230022.97088401255
239729.6836154332
249657.87517475794
259806.28908182555
270173.65168428636
280758.6819896781
291560.1006560121
302576.6382538077
313807.0423858202
325250.0844470007
336904.56505014986
348769.3192112853
360843.22022488574
373125.1832268366
385614.167753294
398309.1800905956
411209.27460360865
424313.55472367746
437621.1735531428
451131.3338715513
464843.2878958846
478756.3365757891
492869.8287211262
507183.15999591013
521695.77116321825
536407.1469822008
551316.8143073844
566424.3404509948
581729.3312586786
597231.4292922759
612930.3118515117
628825.6892646112
644917.302499742
661204.922084419
677688.3452792044
694367.3950407843
711241.9179082199
728311.781855687
745576.8775249275
763037.1108326742
780692.4073400513
798542.7079041491
816587.9679465584
834828.1561516625
853263.2532996612
871893.2511445375
890718.1513376171
909737.9644891181
928952.7092105695
948362.4113012315
967967.1029189774
987766.8219074588
1.0077616110360645e6
1.0279515175028291e6
1.0483365921945719e6
1.068916889372441e6
1.0896924659798364e6
1.110663381320441e6
1.1318296966693236e6
1.1531914748761775e6
1.1747487800461599e6
1.1965016772207539e6
1.2184502321616411e6
1.2405945110320891e6
1.2629345802725109e6
1.2854705063480362e6
1.3082023555950779e6
1.331130194090882e6
1.3542540874533728e6
1.3775741008194957e6
1.4010902986500978e6
1.4248027447271636e6
1.4487115020106505e6
1.4728166326051783e6
1.4971181977141679e6
1.5216162575599346e6
1.546310871370123e6
1.5712020973651102e6
1.5962899926932582e6
1.6215746134534641e6
1.6470560146628353e6
1.6727342502559184e6
1.698609373074764e6
1.724681434898689e6
1.7509504863559438e6
1.7774165770317381e6
1.8040797556901865e6
1.8309400695919162e6
1.8579975652426558e6
1.8852522880984955e6
1.9127042825969425e6
1.9403535921486348e6
1.9682002592373465e6
1.9962443253920807e6
2.0244858311870464e6
2.0529248162926247e6
2.0815613195385465e6
2.110395378799553e6
2.1394270311678317e6
2.1686563128740215e6
2.1980832593750022e6
2.22770790530281e6
2.257530284528081e6
2.2875504302320485e6
2.317768374750095e6
2.348184149865085e6
2.37879778654748e6
2.4096093151638834e6
2.44061876539095e6
2.471826166280144e6
2.5032315462878286e6
2.5348349332585866e6
2.566636354436697e6
2.5986358365205727e6
2.6308334056448136e6
2.6632290874215416e6
2.6958229069352336e6
2.728614888798984e6
2.7616050568497106e6
2.794793435038794e6
2.828180046330745e6
2.861764913457573e6
2.8955480586175676e6
2.9295295036021615e6
2.9637092698274264e6
2.998087378274541e6
3.0326638495143387e6
3.0674387037635325e6
3.10241196078738e6
3.1375836400949573e6
3.172953760764463e6
3.2085223415424414e6
3.244289400835865e6
3.280254956956692e6
3.316419027210666e6
3.3527816292474475e6
3.3893427802057574e6
3.42610249691429e6
3.463060795900156e6
3.5002176934685484e6
3.5375732055391883e6
3.5751273478457676e6
3.6128801358232154e6
3.650831584653157e6
3.68898170926544e6
3.727330524341706e6
3.7658780443185205e6
3.8046242833964843e6
3.843569255561664e6
3.882712974545004e6
3.9220554538854714e6
3.961596706884629e6
4.001336746644429e6
4.0412755860588104e6