67183.98655006537
67192.42846059075
67215.3065787245
67253.61968831116
67308.98964573574
67383.65960521196
67480.49170164889
67602.96528379209
67755.1717676814
67941.8101414997
68168.18502258108
68440.20449953244
68764.3619219349
69147.73967237488
69598.0080844473
70123.40088142117
70732.72337827607
71435.33636314652
72241.14522677881
73160.60334963893
74204.66096150817
75384.81877695303
76713.04931747133
78201.81606677247
79864.04265508312
81713.09860605531
83762.7689670629
86027.23150607463
88521.02164642248
91258.9938093817
94256.28971852077
97528.27764212104
101090.50825136888
104958.64446469658
109148.39630971439
113675.44311588249
118555.34380176879
123803.4411458463
129434.75788619093
135463.87894210717
141904.83325403716
148770.95957164452
156074.77242026257
163827.82169905072
172040.55063527983
180722.15579671192
189880.45039977235
199521.7370437291
209650.69238524156
220270.26814223613
231381.61300491795
242984.01706997296
255074.8883229864
267649.7532121516
280702.29580908385
294224.42343583715
308206.3690435592
322636.8206909455
337503.08088576095
352791.24278872233
368486.39445960266
384572.8240847739
401034.2416572204
417853.99274461076
435015.27043927077
452501.31758465595
470295.6071283318
488382.0353960929
506745.0159088387
525369.6560383168
544241.8287573992
563348.2579511607
582676.5717805414
602215.3368565644
621954.0744215447
641883.2594630239
661994.3058629798
682279.5387684181
702732.1612787697
723346.2072156006
744116.497009343
765038.5832979713
786108.6936129894
807323.6884935388
828680.9883665026
850178.5351368154
871814.7368790944
893588.4188084053
915498.7779305234
937545.3395453033
959727.9180569686
982046.5807630038
1.0045016136082544e6
1.0270934909942988e6
1.049822848511116e6
1.0726904561486738e6
1.0956971998111838e6
1.118844057374926e6
1.1421320830892709e6
1.1655623918554648e6
1.1891361447933256e6
1.2128545386590175e6
1.2367187906484162e6
1.2607301379839126e6
1.2848898208688884e6
1.3091990809902595e6
1.333659155338286e6
1.358271267138897e6
1.3830366296655438e6
1.4079564341915925e6
1.4330318521816093e6
1.458264032970761e6
1.4836540997109832e6
1.509203149628688e6
1.5349122521869892e6
1.5607824493189775e6
1.5868147533829906e6
1.6130101485212345e6
1.6393695893060192e6
1.665894002292926e6
1.692584284223646e6
1.7194413046369012e6
1.7464659045935227e6
1.7736588979976627e6
1.8010210704828238e6
1.8285531877852562e6
1.8562559816358276e6
1.8841301649136296e6
1.9121764234101796e6
1.9403954221186456e6
1.96878780230962e6
1.9973541836821993e6
2.0260951666929477e6
2.055011325412133e6
2.0841032225271487e6
2.113371397936825e6
2.1428163734226273e6
2.172438653805434e6
2.2022387266431274e6
2.232217064107941e6
2.2623741224460835e6
2.2927103432668378e6
2.3232261534217084e6
2.353921966535999e6
2.3847981825051904e6
2.41585518918191e6
2.4470933620213466e6
2.478513064321313e6
2.510114648827927e6
2.5418984570453363e6
2.5738648202859536e6
2.6060140599352014e6
2.638346487815015e6
2.670862406855933e6
2.7035621099460316e6
2.736445883173296e6
2.7695140036749127e6
2.802766740817319e6
2.836204356090479e6
2.869827104350857e6
2.903635232983446e6
2.9376289829187845e6
2.971808588926555e6
3.006174278983167e6
3.0407262755047255e6
3.0754647944651903e6
3.110390047314145e6
3.1455022393002855e6
3.180801570957747e6
3.2162882374724797e6
3.251962429618847e6
3.287824333476693e6
3.3238741302452353e6
3.3601119971298636e6
3.3965381072195154e6
3.433152629308813e6
3.4699557285526474e6
3.506947566054181e6
3.544128299506813e6
3.5814980831466666e6
3.61905706717162e6
3.6568053991303407e6
3.694743223221372e6
3.73287068011517e6
3.7711879082750445e6
3.809695042431237e6
3.8483922150303153e6
3.887279555431149e6
3.9263571905265376e6
3.965625245501117e6
4.005083840642187e6
4.0447330952910623e6
4.084573126787713e6
4.124604049796438e6
4.164825976535852e6
4.205239017423363e6
4.245843280388268e6
4.286638871493588e6
4.327625897073621e6
4.368804454805843e6