19207.9380753414
19326.255316110983
19641.785580299416
20154.576699727084
20864.705691195675
21772.277756610405
22877.424925943225
24180.304366281955
25681.096393705564
27380.002215229688
29277.241448509347
31373.049474607687
33667.67461449155
36161.37527982905
38854.417014695035
41747.069609003345
44839.60419017264
48132.29047760664
51625.394069216825
55319.174030161535
59213.88050164968
63309.752639754355
67607.01677398814
72105.884719066
76806.5524881754
81709.19908690515
86813.98577053582
92121.05536091742
97630.53190564788
103342.52053060592
109257.10753903716
115374.36068145533
121694.32961481414
128217.04648669684
134942.5267611291
141870.77000672006
149001.76090377825
156335.47027579352
163871.85618617476
171610.86507356662
179552.43290664454
187696.48634444494
196042.94388999342
204591.71702067234
213342.71128577142
222295.8273644655
231450.96207574714
240808.00932737993
250366.86101506525
260127.40784832585
270089.54011267936
280253.1483733535
290618.124107775
301184.3602540219
311951.7517327337
322920.19586652395
334089.59276857023
345459.845655283
357030.8611140216
368802.5493172833
380774.82420187915
392947.60356550047
405320.8091798695
417894.3668403996
430668.20635257015
443642.26155549404
456816.4702657589
470190.77422536444
483765.11901752977
497539.4539781716
511513.73208445817
525687.9098346381
540061.9471216053
554635.8070948278
569409.4560211326
584382.8631427768
599556.0005266537
614928.842917683
630501.3675916127
646273.5542300118
662245.3847344083
678416.8431283237
694787.9154003169
711358.5893776423
728128.8545978153
745098.7021856244
762268.1247366904
779637.1162020499
797205.6717878164
814973.7878474684
832941.4617854224
851108.6919716662
869475.4776512542
888041.8188666712
906807.7163791548
925773.1716009633
944938.1865283106
964302.7636817814
983866.9060462847
1.0036306170262904e6
1.0235939003766073e6
1.0437567601842236e6
1.0641192008076692e6
1.0846812268468728e6
1.10544284310369e6
1.1264040545569502e6
1.1475648663226366e6
1.168925283619344e6
1.190485311825631e6
1.2122449562870648e6
1.2342042224682602e6
1.2563631158481142e6
1.278721641925299e6
1.3012798061869654e6
1.3240376141289074e6
1.3469950712132177e6
1.3701521828681284e6
1.3935089544851137e6
1.4170653914035037e6
1.4408214989087821e6
1.4647772822225438e6
1.4889327464995172e6
1.5132878968238507e6
1.5378427382053523e6
1.5625972755743589e6
1.5875515137832535e6
1.6127054576013247e6
1.6380591117136367e6
1.663612480722983e6
1.6893655691447998e6
1.715318381410378e6
1.741470921866032e6
1.7678231947715243e6
1.7943752043024048e6
1.821126954551042e6
1.848078449524984e6
1.8752296931506302e6
1.9025806892708011e6
1.930131441657175e6
1.9578819539801816e6
1.9858322298629622e6
2.0139822728331338e6
2.0423320863473914e6
2.0708816737912851e6
2.0996310384772276e6
2.128580183648881e6
2.157729112480957e6
2.187077828080678e6
2.2166263334899223e6
2.2463746316874092e6
2.276322725591319e6
2.306470618054802e6
2.336818311875637e6
2.3673658097919105e6
2.398113114485942e6
2.429060228585315e6
2.46020715466404e6
2.491553895243885e6
2.5231004527973575e6
2.554846829744088e6
2.586793028457819e6
2.618939051267516e6
2.651284900406704e6
2.6838305782455876e6
2.7165760868485095e6
2.749521428408519e6
2.782666605034854e6
2.816011618798169e6
2.849556471729262e6
2.8833011658209967e6
2.9172457030283636e6
2.9513900852720537e6
2.985734314436386e6
3.0202783923718305e6
3.055022320893598e6
3.089966101787286e6
3.125109736805124e6
3.1604532274506437e6
3.195996575827497e6
3.2317397836387297e6
3.267682852063722e6
3.303825782921466e6
3.34016857779135e6
3.376711238223197e6
3.4134537657396113e6
3.450396161839841e6
3.4875384279974382e6
3.52488056566112e6
3.5624225762557397e6
3.600164461183464e6
3.638106221837626e6
3.6762478595317546e6
3.714589375643298e6
3.753130771471978e6
3.791872048310524e6
3.8308132074284926e6
3.869954250086087e6
3.9092951775083058e6
3.948835990911384e6
3.9885766914907387e6