19739.02355765897
19853.22508264648
20157.821111109188
20652.97082635374
21338.930686439133
22216.0513000125
23284.77317750953
24545.621422871067
25999.19946507764
27646.181926874153
29487.306735808517
31523.366638372398
33755.200213224525
36183.68256502446
38809.71558484807
41634.21879317351
44658.11959620446
47882.3431310813
51307.80532410846
54935.40228629522
58766.00334193749
62800.44343353925
67039.51659781451
71483.96981504216
76134.49818288759
80991.74052222661
86056.27600655283
91328.62159821522
96809.23022962023
102498.49005918935
108396.72399258835
114504.19048350082
120821.08452019036
127347.53948274461
134083.62938619318
141029.3716915043
148184.7303806416
155549.61943534698
163123.90652852383
170907.41690222293
178899.9373612275
187101.2203331584
195510.98791918217
204128.9359177139
212954.73775462105
221988.04828853358
231228.50736284832
240675.74376922517
250329.3775443352
260189.02393867282
270254.29590665194
280524.8065446773
291000.17167231516
301680.0117679131
312563.95393213734
323651.6335021746
334942.6954482109
346436.79564387514
358133.6016938016
370032.7940666868
382134.066482292
394437.12641884916
406941.69555380795
419647.5098804532
432554.31984655745
445661.89026656165
458970.00023627415
472478.4429100819
486187.0252347578
500095.5675972543
514203.90345128253
528511.8788648982
543019.3520903513
557726.1929638819
572632.2825935599
587737.5126564092
603041.7849339936
618545.0107772539
634247.1105819467
650148.0132525858
666247.655687632
682545.9822737782
699042.9443925214
715738.4999486692
732632.6129059775
749725.2528450456
767016.3945450492
784506.0175719413
802194.105904271
820080.6475637587
838165.6342609843
856449.0610934295
874930.9262163305
893611.2305775909
912489.9776227748
931567.1730685267
950842.8246547008
970316.9419292733
989989.5360715613
1.0098606196472396e6
1.0299302064837633e6
1.05019831151127e6
1.070664950590971e6
1.0913301403964923e6
1.1121938982842106e6
1.1332562421838958e6
1.1545171905242256e6
1.175976762079929e6
1.197634975945596e6
1.219491851413076e6
1.241547407914367e6
1.2638016650043444e6
1.2862546422461094e6
1.3089063591930766e6
1.33175683533799e6
1.3548060900733566e6
1.3780541426472985e6
1.4015010121598593e6
1.42514671750584e6
1.4489912773750776e6
1.4730347102182484e6
1.4972770342374118e6
1.5217182673685888e6
1.5463584272760837e6
1.5711975313316563e6
1.5962355966223327e6
1.6214726399302583e6
1.6469086777377788e6
1.6725437262198243e6
1.6983778012428365e6
1.724410918366604e6
1.7506430928410266e6
1.7770743396244207e6
1.8037046733432754e6
1.8305341083449572e6
1.8575626586726087e6
1.884790338070826e6
1.912217159997629e6
1.9398431376302713e6
1.9676682838575402e6
1.9956926112990999e6
2.0239161323014605e6
2.0523388589436724e6
2.0809608030507676e6
2.1097819761893367e6
2.138802389681838e6
2.168022054609545e6
2.197440981809409e6
2.227059181893493e6
2.256876665246313e6
2.28689344204099e6
2.3171095222206386e6
2.34752491553317e6
2.3781396315142727e6
2.4089536795062847e6
2.4399670686572907e6
2.471179807926235e6
2.5025919060895606e6
2.534203371748851e6
2.566014213279864e6
2.5980244390140227e6
2.630234057018965e6
2.6626430752127627e6
2.6952515014199237e6
2.7280593431745353e6
2.761066607992257e6
2.7942733032023036e6
2.827679435995085e6
2.8612850134243323e6
2.895090042408115e6
2.929094529736071e6
2.963298482072914e6
2.997701905958938e6
3.0323048078143187e6
3.0671071937332693e6
3.1021090702998918e6
3.137310443406268e6
3.1727113190183407e6
3.208311703001729e6
3.244111601354135e6
3.280111019283374e6
3.316309962568883e6
3.352708436667634e6
3.3893064469593316e6
3.42610399872942e6
3.463101097159315e6
3.500297747357605e6
3.5376939543428496e6
3.5752897230506446e6
3.6130850583356554e6
3.651079964973119e6
3.689274447662958e6
3.72766851102179e6
3.766262159599537e6
3.8050553978699315e6
3.8440482302308297e6
3.8832406610397566e6
3.9226326945368852e6
3.9622243349305606e6
4.0020155863557383e6