19028.950450210425
19148.678265383016
19467.955326787865
19986.7894713726
20705.19331506842
21623.184085125133
22740.783392733603
24058.016950007906
25574.914237630393
27291.50812793708
29207.834471957874
31323.931658812988
33639.84014781937
36155.60199575452
38871.26037171544
41786.859078611466
44902.4420793943
48218.05301740131
51733.73492028548
55449.52951957875
59365.477158208465
63481.61631043498
67797.98331605908
72314.6121229686
77031.53407335439
81948.77773303071
87066.3687529104
92384.32979803236
97902.68047872973
103621.43734570467
109540.6139104867
115660.22069722072
121980.26532348819
128500.75260366783
135221.6846787627
142143.0611576619
149264.87927787722
156587.13407541666
164109.81856339637
171832.92391584144
179756.4396542404
187880.35383398557
196204.65322939886
204729.32351369373
213454.3494353843
222379.71498516356
231505.4035563678
240831.39809694563
250357.68124850935
260084.2354795651
270011.0432044391
280138.0868941601
290465.349175761
300992.8129185289
311720.4613159596
322648.2779517031
333776.2468593161
345104.3525717468
356632.58016341116
368360.9152830533
380289.3441818089
392417.8537278065
404746.43142437865
417275.06541477237
430003.7444854088
442932.4580632508
456061.1962106514
469389.94961418636
482918.7095743181
496647.46798800793
510576.2173332005
524704.9506487835
539033.6615146971
553562.3440298839
568290.9927905109
583219.6028670418
598348.1697801162
613676.6894777977
629205.158314432
644933.5730229439
660861.930696121
676990.2287631463
693318.464967852
709846.6373479639
726574.7442145923
743502.7841331462
760630.7559040803
777958.6585453755
795486.4912758966
813214.2534982604
831141.9447841445
849269.5648598562
867597.1135922023
886124.5909763252
904851.9971229234
923779.3322474317
942906.5966592492
962233.7907523914
981760.9149963128
1.0014879699260355e6
1.0214149561364923e6
1.041541874274224e6
1.0618687250303074e6
1.082395509135082e6
1.1031222273516313e6
1.1240488804720468e6
1.1451754693107475e6
1.1665019947019275e6
1.1880284574946612e6
1.2097548585498945e6
1.2316811987369414e6
1.253807478930627e6
1.2761337000086273e6
1.2986598628494379e6
1.3213859683300501e6
1.3443120173243626e6
1.3674380107008102e6
1.3907639493221065e6
1.414289834042946e6
1.4380156657094914e6
1.461941445158189e6
1.4860671732146903e6
1.5103928506935046e6
1.5349184783981508e6
1.559644057118477e6
1.5845695876327404e6
1.6096950707057898e6
1.635020507089177e6
1.6605458975214087e6
1.6862712427270694e6
1.7121965434174244e6
1.7383218002900789e6
1.7646470140290763e6
1.791172185304845e6
1.8178973147747186e6
1.844822403082367e6
1.8719474508585471e6
1.8992724587207888e6
1.926797427274357e6
1.9545223571114084e6
1.982447248812423e6
2.0105721029447136e6
2.0388969200644614e6
2.0674217007155255e6
2.0961464454311817e6
2.125071154732744e6
2.1541958291310226e6
2.1835204691258087e6
2.2130450752065023e6
2.242769647852363e6
2.2726941875329674e6
2.302818694707462e6
2.333143169826088e6
2.3636676133296955e6
2.394392025649898e6
2.4253164072097815e6
2.4564407584237102e6
2.4877650796977626e6
2.5192893714299374e6
2.5510136340100477e6
2.58293786782025e6
2.6150620732356245e6
2.647386250623389e6
2.6799104003431676e6
2.712634522749348e6
2.7455586181886396e6
2.7786826870000395e6
2.8120067295176056e6
2.845530746068158e6
2.879254736973194e6
2.9131787025476526e6
2.947302643101043e6
2.981626558937045e6
3.0161504503539014e6
3.0508743176441914e6
3.0857981610957147e6
3.12092198099096e6
3.1562457776073194e6
3.1917695509975473e6
3.227493302085377e6
3.2634170304816575e6
3.2995407366611497e6
3.335864420878514e6
3.3723880833836584e6
3.409111724422066e6
3.446035344235622e6
3.483158943061856e6
3.520482521134429e6
3.5580060786831877e6
3.595729615934242e6
3.633653133109974e6
3.6717766304292786e6
3.710100108107515e6
3.748623566356174e6
3.7873470053842827e6
3.8262704253964885e6
3.86539382659608e6
3.904717209180699e6
3.9442405733465706e6
3.9839639192865468e6