23237.502366811685
23327.591820941867
23568.074546791606
23959.61456550079
24503.28483905201
25200.55870436524
26053.298052640665
27063.738326586004
28234.470577770513
29568.420422457937
31068.824421846428
32739.203700793973
34583.33529253172
36605.22123287061
38809.05562368392
41199.190274240755
43780.099002293086
46556.3405032693
49532.52101529549
52713.25638162965
56103.13461241176
59706.6782283278
63528.30814841162
67572.30859575416
71842.79265682015
76343.67342070416
81078.63228004286
86051.0943415369
91264.20494180683
96720.80981287632
102423.43897614574
108374.29412742103
114575.2398518809
121027.79873721955
127733.15014491673
134692.1326319281
141905.25022693953
149372.6815268406
157094.2922348522
165069.65031524678
173298.04351547154
181778.49903265855
190509.80478087344
199490.53186050305
208719.0581054772
218193.59189383173
227912.1962572105
237872.81268887807
248073.2845557502
258511.3796275861
269184.8116184657
280091.26054133766
291228.3916100811
302593.873254287
314185.39188393485
326000.66737583297
338037.46516621066
350293.60741594003
362766.98248956434
375455.5528901047
388357.36172035604
401470.53793009254
414793.30002345546
428323.9587146038
442060.91887937183
456002.67987719877
470147.8354314645
484495.0729064034
499043.1715957577
513791.0006549069
528737.5165714283
543881.7601920527
559222.8535636888
574759.9963992104
590492.46246582
606419.5959884017
622540.8075863809
638855.5707297169
655363.4177992073
672063.9363214325
688956.7654023233
706041.5920916453
723318.1478060663
740786.2051978478
758445.574787257
776296.1020428175
794337.6643708306
812570.1682766238
830993.5471663699
849607.7584078131
868412.7812935802
887408.6148793345
906595.275981142
925972.7972820402
945541.2255516843
965300.6202031405
985251.0516754143
1.0053926001487422e6
1.0257253543595455e6
1.0462494099267976e6
1.0669648693887426e6
1.0878718403136244e6
1.10897043459755e6
1.1302607679194426e6
1.1517429588968256e6
1.1734171284204936e6
1.1952833992327468e6
1.2173418951074933e6
1.239592740613754e6
1.2620360606446294e6
1.284671980056691e6
1.3075006233250513e6
1.3305221142462573e6
1.3537365757181204e6
1.3771441294625853e6
1.4007448959314814e6
1.4245389940200772e6
1.4485265410521082e6
1.4727076525721338e6
1.497082442276664e6
1.5216510219615845e6
1.5464135014097749e6
1.5713699883810226e6
1.5965205885478454e6
1.6218654054643211e6
1.6474045405289065e6
1.6731380933555956e6
1.6990661608591452e6
1.7251888382832967e6
1.7515062185844241e6
1.7780183927236665e6
1.8047254495478473e6
1.831627475915485e6
1.8587245566622398e6
1.8860167746570278e6
1.9135042108640664e6
1.9411869443540906e6
1.9690650523290797e6
1.997138610192188e6
2.0254076915707053e6
2.0538723683481421e6
2.0825327107715951e6
2.1113887873278954e6
2.1404406652162024e6
2.169688409531893e6
2.199132084334268e6
2.2287717519910727e6
2.258607473433594e6
2.288639308303413e6
2.318867314719486e6
2.349291549593731e6
2.3799120685127745e6
2.410728925811711e6
2.441742174598594e6
2.472951866821838e6
2.504358053384955e6
2.535960783906515e6
2.567760107017172e6
2.599756070257148e6
2.6319487201748244e6
2.664338102304655e6
2.696924261280949e6
2.7297072407268942e6
2.762687083444518e6
2.795863831211005e6
2.829237525072938e6
2.862808205218228e6
2.8965759109984376e6
2.9305406809913744e6
2.9647025530057517e6
2.9990615641143927e6
3.0336177506558e6
3.068371148263513e6
3.10332179190488e6
3.1384697158456836e6
3.1738149537362736e6
3.209357538574313e6
3.2450975027425718e6
3.2810348780490207e6
3.3171696958988616e6
3.3535019865245875e6
3.3900317801761217e6
3.4267591064145556e6
3.4636839942495767e6
3.500806472181282e6
3.538126568202302e6
3.5756443098296337e6
3.613359724087203e6
3.651272837544947e6
3.6893836763151893e6
3.7276922660684427e6
3.7661986320357146e6
3.804902799023022e6
3.8438047914547073e6
3.8829046332944166e6
3.922202348167482e6
3.961697959274075e6
4.001391489456374e6
4.0412829611933576e6
4.0813724059179146e6