99139.23281435415
99132.77474104092
99115.89817845219
99089.54346351823
99055.23739359147
99015.09215495168
98971.80380772965
98928.653205657
98889.468178487
98858.69801762883
98841.32697652144
98842.91783136429
98869.58613255396
98928.00044672508
99025.38792096157
99169.50918348346
99368.66317808817
99631.6848423543
99967.93482118877
100387.27998794036
100900.11720617887
101517.33589702539
102250.32403772467
103110.96101812783
104111.59724763213
105265.06657005887
106584.64579220364
108084.06585095951
109777.48210341373
111679.46225092825
113804.96531120664
116169.31237890219
118788.1668648659
121677.49116499486
124853.51233381478
128332.67439825417
132131.5888763312
136266.94560320926
140755.52719393338
145613.99083621916
150858.9022402988
156506.5730463265
162572.9641432732
169073.56078517347
176023.23959594223
183436.12594355195
191325.44469315218
199703.36296245793
208580.8290719779
217967.41643720522
227871.16328879714
238298.42923534443
249253.75620735015
260739.75250630055
272757.00015860953
285303.98610041593
298377.06579241925
311970.4702698138
326076.33463043405
340684.7833667735
355784.0404166285
371360.5827659248
387399.3263185521
403883.8324619285
420796.55218055507
438119.06294594484
455832.3320174549
473916.9725165226
492353.4927248686
511122.5296871704
530205.0698170371
549582.6402037897
569237.4797232667
589152.6720266135
609312.2720088967
629701.3647814345
650306.1445227513
671113.936473082
692113.2057333079
713293.5520572913
734645.6789369212
756161.361338174
777833.3918338688
799655.5056677151
821622.3679543545
843729.453834583
865973.008189351
888349.9821743623
910857.9470906362
933495.0543654033
956259.9512339844
979151.7521111701
1.0021699629757184e6
1.0253144240039956e6
1.048585303447549e6
1.07198301362158e6
1.0955081942645088e6
1.1191616746372504e6
1.1429444422659003e6
1.1668576160503014e6
1.1909024219044764e6
1.2150801709545506e6
1.2393922413586522e6
1.2638400583363743e6
1.2884250874596261e6
1.3131488135810513e6
1.3380127350108405e6
1.3630183521288005e6
1.3881671617535846e6
1.4134606476961034e6
1.4389002775076348e6
1.4644874964181092e6
1.4902237238436202e6
1.5161103517344175e6
1.5421487391797388e6
1.5683402130405982e6
1.5946860656550862e6
1.6211875540670538e6
1.6478459000364593e6
1.6746622875922625e6
1.7016378645625445e6
1.7287737435547058e6
1.7560710021995464e6
1.7835306796468673e6
1.8111537810967837e6
1.8389412787363625e6
1.8668941109063493e6
1.895013183287182e6
1.9232993708312304e6
1.9517535145507846e6
1.9803764307363383e6
2.0091689029270697e6
2.0381316889756783e6
2.0672655176811053e6
2.0965710928192448e6
2.1260490946105765e6
2.155700178667163e6
2.185524977751932e6
2.215524099936665e6
2.245698134325243e6
2.276047648985398e6
2.306573193913416e6
2.337275297240192e6
2.3681544703903478e6
2.399211207266252e6
2.4304459848437067e6
2.4618592661659513e6
2.4934514961728295e6
2.5252231063184957e6
2.557174511862357e6
2.589306122667172e6
2.6216183234453737e6
2.6541114945535553e6
2.686786003044808e6
2.719642202608293e6
2.7526804388153944e6
2.78590104484206e6
2.819304344064281e6
2.852890650494087e6
2.886660268721169e6
2.920613494197841e6
2.954750614572056e6
2.989071908172318e6
3.023577646417645e6
3.058268092249169e6
3.0931435020598057e6
3.1282041249289047e6
3.1634502031078925e6
3.198881972452556e6
3.234499662496562e6
3.270303496822539e6
3.3062936931338427e6
3.3424704635654837e6
3.3788340149079403e6
3.4153845487899757e6
3.4521222616950474e6
3.4890473453090033e6
3.5261599870725223e6
3.5634603691732986e6
3.6009486702097924e6
3.6386250637405463e6
3.6764897199167716e6
3.714542804831549e6
3.752784480883026e6
3.791214906401072e6
3.829834236576023e6
3.8686426230173097e6
3.90764021391275e6
3.946827154459652e6
3.986203586262083e6
4.0257696487022857e6
4.0655254774399386e6
4.1054712056860044e6
4.145606963748787e6
4.185932879422977e6
4.2264490777307935e6
4.26715568123107e6
4.308052810049454e6
4.349140581977924e6
4.390419112364929e6