19112.319786053893
19231.389161293846
19548.917304636823
20064.930840158995
20779.472632118617
21692.601221920224
22804.390064258274
24114.92657582325
25624.311017498272
27332.65522563785
29240.081220852182
31346.719721877278
33652.70856552856
36158.19111490309
38863.31459591865
41768.22850844801
44873.082988061826
48178.027185077226
51683.20826300954
55388.76906162912
59294.84777656781
63401.57632732313
67709.0794291485
72217.47370658763
76926.86694792596
81837.35751154328
86949.03383690839
92261.97418048861
97776.24637963662
103491.90781133753
109409.00544008506
115527.57601420979
121847.64627732956
128369.23337941301
135092.3452511179
142016.9811142145
149143.13201609429
156470.78140816762
163999.9057544515
171730.47515981333
179662.45400832253
187795.80160143346
196130.4727960912
204666.41862280061
213403.58689127327
222341.922767218
231481.36932792584
240821.86806598297
250363.3594635589
260105.78327142057
270049.0791011015
280193.1867198087
290538.04641303286
301083.59928431764
311829.78753454087
322776.5547078704
333923.84587149194
345271.6078155958
356819.78918435116
368568.3405949968
380517.21473501937
392666.3664169745
405015.752628071
417565.3325758655
430315.067667947
443264.92152342945
456414.859946426
469764.8509015069
483314.86445270764
497064.8727296562
511014.84986058465
525164.7719064895
539514.6167921661
554064.3642306465
568813.9956470298
583763.4941002661
598912.844201477
614262.0320325813
629811.0450676881
645559.8720977451
661508.5031420846
677656.9293810802
694005.1432937353
710553.137505057
727300.9068784637
744248.4462860432
761395.7516250336
778742.8195400683
796289.6473675856
814036.2330890158
831982.5751993735
850128.6728315105
868474.5255278457
887020.1332891162
905765.4965131888
924710.6159567737
943855.4926990877
963200.1281092429
982744.5238115498
1.0024886816677856e6
1.0224326037250222e6
1.0425762922214537e6
1.062919749541772e6
1.0834629782065148e6
1.1042059808473524e6
1.1251487601951342e6
1.146291319056556e6
1.1676336602888783e6
1.189175786866345e6
1.210917701703633e6
1.232859407809907e6
1.2550009081958989e6
1.2773422058823681e6
1.2998833038910772e6
1.3226242052385064e6
1.345564912931262e6
1.3687054299546955e6
1.3920457592752273e6
1.4155859038310086e6
1.4393258665308892e6
1.4632656502489953e6
1.4874052578231608e6
1.5117446920525243e6
1.5362839556957956e6
1.5610230514681942e6
1.5859619820423122e6
1.6111007500453093e6
1.6364393580580621e6
1.661977808616777e6
1.6877161042093434e6
1.7136542472785295e6
1.739792240229662e6
1.766130085375907e6
1.7926677850548546e6
1.8194053415104875e6
1.8463427569518595e6
1.8734800335437343e6
1.9008171734052172e6
1.9283541786159484e6
1.956091051200044e6
1.9840277931557104e6
2.0121644064286754e6
2.0405008929246827e6
2.06903725451221e6
2.097773493018228e6
2.126709610231776e6
2.1558456079047197e6
2.1851814877512306e6
2.214717251449703e6
2.244452900643716e6
2.274388436943535e6
2.3045238619236303e6
2.3348591771280123e6
2.365394384067753e6
2.396129484223222e6
2.4270644790447694e6
2.458199369953034e6
2.4895341583401435e6
2.5210688455704944e6
2.552803432980353e6
2.584737921879685e6
2.616872313554282e6
2.649206609219017e6
2.6817408102380913e6
2.714474917694643e6
2.747408932819361e6
2.780542856776177e6
2.8138766907092105e6
2.847410435738355e6
2.8811440929653994e6
2.9150776634695986e6
2.949211148311569e6
2.983544548531904e6
3.018077865152583e6
3.052811099176083e6
3.087744251588561e6
3.122877323357905e6
3.1582103154345206e6
3.193743228524106e6
3.229476064216411e6
3.265408822753429e6
3.3015415052365265e6
3.337874112538139e6
3.374406645514402e6
3.4111391050063833e6
3.4480714918423784e6
3.485203806836397e6
3.52253605078877e6
3.560068224486711e6
3.59780032870492e6
3.6357323642050023e6
3.6738643317367756e6
3.712196232037906e6
3.7507280658327728e6
3.789459833837316e6
3.828391536752458e6
3.867523175274501e6
3.9068547500803233e6
3.946386261841959e6
3.9861177112199734e6