19921.033995598096
20033.85014138471
20334.764976339276
20823.973409551465
21501.78951574314
22368.642793329425
23425.07306231321
24671.72410875289
26109.336139702646
27738.73720379007
29560.8336988226
31576.600116614987
33787.06816706362
36193.31547758232
38796.45398054081
41597.61824133014
44597.953866669144
47798.60601795482
51200.70841898326
54805.37274955322
58613.678819757995
62626.66534004086
66845.32161262474
71270.58013097342
75903.31008975403
80744.31198723067
85794.31317612894
91053.96451001885
96523.83798794734
102204.42526456749
108096.13761374608
114199.30561227255
120514.18128476055
127040.9396068983
133779.68137610966
140730.4364898332
147893.16773559476
155267.7750006425
162854.09980780224
170651.93010037259
178661.0051905203
186881.02079464737
195311.63410594178
203952.46881299914
212803.12002922132
221863.15907311928
231132.1380744626
240609.59435068627
250295.05453337412
260188.03840183542
270288.06258980057
280594.6436085797
291107.30108790024
301825.56030168995
312748.9546273359
323877.02749661845
335209.33446246095
346745.4444906772
358484.94136553013
370427.424725797
382572.5108807932
394919.8334435122
407469.04374197515
420219.81110671407
433171.82296532934
446324.7848078077
459678.42005161446
473232.46977941866
486986.69236932404
500940.8631002994
515094.7736569461
529448.2315610914
544001.0596123454
558753.0952702106
573704.189915922
588854.2084027396
604203.0281651733
619750.5386645623
635496.6406914748
651441.2457048402
667584.2751562007
683925.6599766494
700465.3396928018
717203.2621151833
734139.3825943018
751273.6635071854
768606.0737296995
786136.5881138684
803865.1870252466
821791.8558698337
839916.584657666
858239.367618573
876760.2027928056
895479.091690317
914396.0389425933
933511.051986142
952824.1407883762
972335.3175430255
992044.5964758131
1.0119519935265927e6
1.032057526193203e6
1.0523612133538704e6
1.0728630750096752e6
1.0935631321697196e6
1.11446140667222e6
1.135557921116009e6
1.1568526986145768e6
1.1783457627661647e6
1.2000371375480327e6
1.22192684712727e6
1.2440149159109653e6
1.2663013683915813e6
1.2887862290808195e6
1.3114695224628379e6
1.3343512729392396e6
1.3574315047778643e6
1.3807102420627377e6
1.4041875086764297e6
1.4278633282370218e6
1.4517377241123961e6
1.4758107193542214e6
1.500082336703584e6
1.5245525985600464e6
1.5492215269808033e6
1.574089143662715e6
1.5991554698997058e6
1.6244205266681323e6
1.6498843345201423e6
1.675546913631491e6
1.7014082837913518e6
1.7274684644025618e6
1.7537274744765048e6
1.7801853326600567e6
1.8068420571837667e6
1.8336976659263645e6
1.8607521763811873e6
1.888005605684908e6
1.9154579705880585e6
1.943109287505417e6
1.9709595724933792e6
1.9990088412600153e6
2.0272571091789745e6
2.0557043912879063e6
2.0843507023048392e6
2.1131960566266873e6
2.142240468343713e6
2.171483951245302e6
2.2009265188147733e6
2.230568184254934e6
2.260408960488493e6
2.290448860157224e6
2.320687895640147e6
2.351126079057203e6
2.381763422271553e6
2.4125999368838985e6
2.4436356342852004e6
2.4748705256503555e6
2.5063046217647213e6
2.5379379334035437e6
2.5697704710685606e6
2.601802244975348e6
2.6340332652074206e6
2.666463541594662e6
2.699093083853497e6
2.731921901366003e6
2.7649500034621973e6
2.798177399245587e6
2.8316040976516423e6
2.8652301074425e6
2.8990554372121533e6
2.9330800953944772e6
2.967304090268635e6
3.001727429957887e6
3.036350122230184e6
3.0711721753008342e6
3.1061935966717484e6
3.141414393893196e6
3.1768345743741174e6
3.2124541453972845e6
3.2482731143521075e6
3.2842914878142965e6
3.320509272902678e6
3.35692647640482e6
3.393543104989409e6
3.4303591652114163e6
3.4673746635145205e6
3.5045896062355745e6
3.5420039996037926e6
3.5796178497444815e6
3.617431162685837e6
3.655443944352728e6
3.693656200575979e6
3.7320679370878893e6
3.770679159533774e6
3.809489873465136e6
3.8485000843402683e6
3.8877097975644576e6
3.92711901840115e6
3.9667277520705755e6
4.006536003703656e6