19062.147558156503
19181.612893372643
19500.192776745345
20017.90255934978
20734.766954597988
21650.819711500313
22766.103171484225
24080.66771663171
25594.571121557674
27307.87781812284
29220.65808953166
31332.987210023653
33644.94453049869
36156.612558498644
38868.07599688621
41779.42082705474
44890.73336414847
48202.09932362431
51713.603241166595
55425.327137742
59337.350327661814
63449.748486843804
67762.59312186677
72275.95106299501
76989.88404049531
81904.44834691964
87019.69456116259
92335.66740370364
97852.40560144778
103569.94186838504
109488.30295010717
115607.50970809198
121927.57729834107
128448.51535201764
135170.32823375805
142093.01532105336
149216.57131572426
156540.98657727282
164066.2474732172
171792.33674041054
179719.23384961544
187846.91537647435
196175.35535995383
204704.5256640825
213434.39631688112
222364.93584645118
231496.11159482
240827.8900174124
250360.23695870533
260093.11791498098
270026.4982689224
280160.34350911895
290494.6194267314
301029.29228543525
311764.32898417435
322699.6971871875
333835.3654420248
345171.30327912373
356707.48129337013
368443.8712101282
380380.44594059844
392517.1796113783
404854.0476000861
417391.0265450481
430128.094352463
443065.2301887418
456202.4144756021
469539.6288630866
483076.8562115369
496814.0805573517
510751.2870818574
524888.4620722935
539225.5928822669
553762.6678884735
568499.6764454565
583436.6088514632
598573.456278756
613910.2107508618
629446.8650898185
645183.4128636951
661119.8483497374
677256.1664880583
693592.3628387244
710128.4335408497
726864.3752721545
743800.1852112534
760935.8609998515
778271.4007082382
795806.8028021281
813542.0661077481
831477.1897873705
849612.1733051606
867947.0164028413
886481.7190743376
905216.2815412952
924150.7042313281
943284.9877570769
962619.1328975738
982153.1405802438
1.0018870118614798e6
1.021820747915244e6
1.0419543500178572e6
1.062287819531822e6
1.082821157897684e6
1.10355436662008e6
1.1244874472605688e6
1.1456204014246068e6
1.1669532307562414e6
1.1884859369289018e6
1.2102185216391282e6
1.2321509865997834e6
1.2542833335344854e6
1.2766155641723177e6
1.2991476802438826e6
1.3218796834765102e6
1.3448115755919171e6
1.3679433583001702e6
1.3912750333004252e6
1.4148066022758402e6
1.4385380668928465e6
1.4624694287983864e6
1.4866006896182687e6
1.510931850956273e6
1.5354629143943293e6
1.560193881487398e6
1.5851247537678739e6
1.6102555327414682e6
1.6355862198875681e6
1.6611168166598568e6
1.686847324484685e6
1.712777744762077e6
1.7389080788651789e6
1.7652383281401882e6
1.7917684939067715e6
1.8184985774586059e6
1.8454285800624469e6
1.8725585029596426e6
1.899888347365475e6
1.927418114472573e6
1.9551478054418156e6
1.983077421419231e6
2.0112069635205714e6
2.0395364328399007e6
2.0680658304473418e6
2.096795157392174e6
2.125724414700125e6
2.1548536033762284e6
2.1841827244038247e6
2.2137117787457765e6
2.2434407673449987e6
2.2733696911253096e6
2.303498550990023e6
2.3338273478249987e6
2.3643560824971963e6
2.3950847558560222e6
2.426013368733647e6
2.457141921945222e6
2.488470416289555e6
2.5199988525495576e6
2.551727231492016e6
2.5836555538686793e6
2.615783820417288e6
2.6481120318602105e6
2.680640188904785e6
2.713368292248596e6
2.7462963425721023e6
2.77942434054353e6
2.812752286819514e6
2.8462801820427817e6
2.880008026845686e6
2.913935821847656e6
2.9480635676574297e6
2.9823912648722683e6
3.016918914078744e6
3.0516465158522706e6
3.0865740707589407e6
3.1217015793541074e6
3.1570290421835147e6
3.1925564595600357e6
3.2282838326726854e6
3.264211161383831e6
3.3003384464178607e6
3.336665688275624e6
3.3731928874485567e6
3.4099200444194563e6
3.446847159663881e6
3.48397423364905e6
3.5213012668344304e6
3.5588282596719647e6
3.5965552126063285e6
3.6344821260748114e6
3.6726090005078604e6
3.710935836328959e6
3.7494626339539867e6
3.788189393793962e6
3.827116116251312e6
3.8662428017257666e6
3.9055694506059643e6
3.945096063277727e6
3.984822640120317e6