163593.52712327222
163565.50534014407
163491.09755787425
163371.16526561152
163207.09853025424
163000.8564443206
162754.8863279938
162472.18529073944
162156.28388923124
161811.2336817132
161441.5842026069
161052.41669090724
160649.30689028572
160238.32867074924
159826.06727975523
159419.54235312817
159026.41338813448
158654.54092497178
158312.57168747133
158009.3405168108
157754.29904387987
157557.30808709268
157428.6700445103
157379.15248620682
157419.93477792767
157562.62580360865
157819.2915353472
158202.39646681419
158724.83461101385
159399.900398611
160241.32240218608
161263.19680780635
162480.03708642206
163906.72664333516
165558.5381543855
167451.0889857588
169600.34986153556
172022.6066145796
174734.44532593776
177752.7257524987
181094.53582695997
184777.1537213471
188817.99901923796
193234.57213896918
198044.38586226804
203264.88637691323
208913.36544617414
215006.8535792231
221562.01086515668
228594.99864751406
236121.3408018019
244155.77776937973
252712.10016304886
261802.99033796845
271439.8423911566
281632.593440384
292389.54261055286
303717.1974820533
315620.10491508176
328100.7238816995
341159.31269139133
354793.81642457563
368999.8707099488
383770.7338440855
399097.33836106956
414968.3653560657
431370.35312792554
448287.8611179034
465703.6630765713
483598.98178171227
501953.7504812563
520746.8938064175
539956.5848111616
559560.6118614823
579536.5948795426
599862.2974162212
620515.8672878603
641476.0726559587
662722.4959650589
684235.7041774098
705997.3785482944
727990.4166902611
750199.0032584533
772608.6422226883
795206.1735486058
817979.7633105984
840918.8718330807
864014.1935029138
887257.6584799751
910642.2478538235
934162.0353080789
957812.0483699206
981588.2020556475
1.0054872181566274e6
1.0295065464103264e6
1.0536442951081072e6
1.0778991455905966e6
1.1022702980433935e6
1.1267574013486532e6
1.151360496594986e6
1.1760799646394919e6
1.2009164748610684e6
1.2258709426897853e6
1.2509444908869471e6
1.2761384118805823e6
1.3014541381121036e6
1.3268932104415447e6
1.3524572657865982e6
1.3781479946242424e6
1.4039671416102771e6
1.429916479778618e6
1.4559977993220456e6
1.4822128958501318e6
1.5085635591783929e6
1.5350515655729799e6
1.5616786679608484e6
1.588446595106428e6
1.6153570425129742e6
1.6424116746910233e6
1.6696121038019743e6
1.6969599198432951e6
1.7244566573941782e6
1.7521038105180934e6
1.7799028283236776e6
1.8078551381973838e6
1.8359620299425158e6
1.8642248886553883e6
1.89264495637037e6
1.9212234637580006e6
1.9499615921107742e6
1.9788604824378947e6
2.0079212313030623e6
2.03714491244517e6
2.0665325265570492e6
2.0960850707137499e6
2.1258034892311157e6
2.1556886939791953e6
2.185741562076252e6
2.2159629413536377e6
2.2463536462337207e6
2.2769144581218967e6
2.3076461336816377e6
2.3385493983640894e6
2.36962495170625e6
2.400873470238176e6
2.4322956032927968e6
2.4638919752841704e6
2.495663190882873e6
2.527609831788677e6
2.5597324591732826e6
2.592031613656885e6
2.624507817405169e6
2.657161574281524e6
2.6899933718192084e6
2.7230036764516965e6
2.7561929450317766e6
2.7895616153890435e6
2.8231101105584516e6
2.856838840816682e6
2.890748201936408e6
2.9248385784479664e6
2.9591103408018956e6
2.9935638483084254e6
3.0281994495105036e6
3.0630174811424674e6
3.0980182794959103e6
3.133202143728817e6
3.1685693898731386e6
3.2041203161834404e6
3.2398552119878293e6
3.275774358393078e6
3.3118780394050577e6
3.3481664982699077e6
3.384640003430398e6
3.4212988053548685e6
3.458143147785083e6
3.4951732675339645e6
3.5323893954802663e6
3.5697917554539707e6
3.6073805667261663e6
3.645156041426285e6
3.6831183878408787e6
3.721267812809884e6
3.7596044957722207e6
3.7981286466000746e6
3.8368404332183073e6
3.8757400661120494e6
3.914827709592569e6
3.9541035376421637e6
3.9935677203659588e6
4.0332204239550945e6
4.0730618100751503e6
4.1130920373444553e6
4.1533112608074113e6
4.1937196173925004e6
4.234317283544293e6
4.27510438985862e6
4.3160810777744e6
4.357247488785248e6
4.398603749703892e6