232648.3612430125
232602.15452746212
232479.23891434268
232280.40211004825
232006.9686263718
231660.74525790094
231244.03478652946
230759.65066117138
230210.86458873664
229601.45526333162
228935.67881226054
228218.2575704936
227454.3980321176
226649.69075085063
225810.31290255397
224942.77517017306
224054.06094160015
223151.584326871
222243.18474733274
221337.11150950028
220442.01825319094
219566.97537706202
218721.4308714179
217915.24058574627
217158.62730521927
216462.20116140417
215836.9647692451
215294.2658489288
214845.8350358044
214503.76836095718
214280.5281042887
214188.9401999516
214242.17056414354
214453.7793682198
214837.6627211744
215408.0749061499
216179.62319695784
217167.26608183855
218386.30813054778
219852.15827593158
221581.47440471678
223589.86209645038
225894.14566522362
228511.2006894493
231458.17030467573
234752.42838579754
238411.54954893407
242453.26094872292
246895.39666201855
251755.83323039135
257052.41991074083
262802.9041654387
269024.81591939775
275735.394555592
282951.4412421562
290689.1988126972
298964.2059957129
307791.13567153935
317183.63634202944
327154.1387558159
337713.6996320786
348871.7891893217
360636.1300966597
373012.51014801976
386004.6272328076
399613.9391382465
413839.5397778975
428678.08902674343
444123.8368359243
460168.13911744184
476800.4543811892
494007.46309960296
511773.6754565072
530081.5044866949
548911.5063667713
568242.5897367792
588052.3429452948
608317.3112530182
629013.3293129491
650115.8295235315
671600.1577173416
693441.8743633155
715617.0205277586
738102.3858282755
760875.6800753288
783915.7637464618
807202.7482580733
830718.1148798798
854444.7950272316
878367.1856906475
902471.1727326369
926744.1099412183
951174.7806019762
975753.3447870181
1.0004712700069656e6
1.0253212448537047e6
1.0502971085142922e6
1.0753937509779222e6
1.1006070237829925e6
1.1259336553268037e6
1.1513711604907024e6
1.1769177552448316e6
1.2025722798783202e6
1.2283341229586068e6
1.2542031499751192e6
1.2801796429695943e6
1.3062642403523973e6
1.332457877318196e6
1.358761753326158e6
1.3851772736142399e6
1.4117060148379542e6
1.438349699073153e6
1.4651101557118697e6
1.4919892937904303e6
1.5189890888006256e6
1.5461115523350053e6
1.5733587270153633e6
1.6007326414560536e6
1.6282353549289072e6
1.6558688958634366e6
1.6836352643409597e6
1.711536425665122e6
1.7395743401087567e6
1.7677508900558213e6
1.7960679357301174e6
1.824527284237106e6
1.8531306961104986e6
1.8818798610502002e6
1.9107764572288445e6
1.9398220754298936e6
1.9690182588949513e6
1.9983665183554322e6
2.027868291493397e6
2.0575249731994306e6
2.087337913870191e6
2.1173083871770315e6
2.1474376604411593e6
2.17772693180254e6
2.2081773510220246e6
2.2387899711519554e6
2.269566045129519e6
2.3005064195399033e6
2.331612138260125e6
2.362884159368473e6
2.3943233949890686e6
2.4259307250392907e6
2.457706995183288e6
2.489653019087131e6
2.521769579542003e6
2.5540574294516947e6
2.5865172929422953e6
2.619149867636884e6
2.651955824425818e6
2.68493581109097e6
2.7180904450850524e6
2.7514203307259777e6
2.784926044083806e6
2.818608141638412e6
2.852467159968911e6
2.886503616800366e6
2.920718011651935e6
2.955110826260599e6
2.989682525909481e6
3.0244335598515444e6
3.059364362039455e6
3.0944753510690816e6
3.1297669444788788e6
3.165239499538283e6
3.2008934300173786e6
3.2367290911073554e6
3.272746837962825e6
3.30894701475413e6
3.345329954385899e6
3.381895979492125e6
3.4186454034424014e6
3.4555785294883386e6
3.4926956520111617e6
3.529997057232848e6
3.5674830210859235e6
3.605153814252501e6
3.643009697378634e6
3.6810509249731856e6
3.7192777437313995e6
3.7576903940456496e6
3.796289109515048e6
3.835074117383081e6
3.8740456388028213e6
3.9132038890624945e6
3.9525490778443976e6
3.9920814091474437e6
4.0318010827544914e6
4.071708295565953e6
4.111803225818029e6
4.152086068993769e6
4.1925570012343857e6
4.233216198085416e6
4.2740638308731e6
4.315100066858754e6
4.356325068969199e6
4.397738997152064e6