19595.158037146022
19710.463847126943
20017.99391973552
20517.878333194116
21210.32662285195
22095.62518426976
23174.133743377097
24446.280949761313
25912.559177365612
27573.518615901725
29429.760739673402
31481.931310775362
33730.71293337639
36176.81738817717
38820.97776233758
41663.940697275706
44706.45837791006
47949.28115297498
51393.15008213956
55038.79006649195
58886.90336992233
62938.163640736675
67193.21069603175
71652.64560674735
76317.02685330069
81186.86687576426
86262.62944025052
91544.72762964162
97033.52210208608
102729.32288822133
108632.38431777313
114742.91059784882
121061.0543096089
127586.91844279789
134320.55829932925
141261.98378777824
148411.1620002606
155768.02003800278
163332.4480246902
171104.3022552059
179083.40842726227
187269.56491833148
195662.54604574
204262.10530136188
213067.97849689279
222079.8868122296
231297.53971821762
240720.6377330593
250348.87504132368
260181.94189114321
270219.52691461076
280461.3190371481
290907.0094945764
301556.2933820738
312408.87120139855
323464.45014032314
334722.7451753525
346183.4800563012
357846.38807390654
369711.21270953777
381777.7081925188
394045.6397675371
406514.78406094597
419184.92918657954
432055.8748483133
445127.4322221569
458399.4239654371
471871.6839743031
485544.0571985297
499416.39934915263
513488.5766103819
527760.4652468626
542231.9512978455
556902.9301210468
571773.3060453964
586842.9918835999
602111.9085755947
617579.9847105592
633247.1561408795
649113.3655417887
665178.5620043864
681442.7006288865
697905.7421317364
714567.6524700485
731428.4024676421
748487.9674617607
765746.326975798
783203.4643737461
800859.3665764291
818714.0237585419
836767.4290647822
855019.5783700799
873470.4700123371
892120.1045842628
910968.4846937835
930015.6147809491
949261.5009217204
968706.150655936
988349.5728392963
1.008191777455057e6
1.0282327755054275e6
1.0484725788895218e6
1.0689112002620604e6
1.0895486529408037e6
1.1103849507965706e6
1.1314201081694933e6
1.1526541398125344e6
1.1740870607584792e6
1.1957188863187588e6
1.2175496319201733e6
1.239579313179838e6
1.261807945766933e6
1.2842355453847097e6
1.3068621277297758e6
1.3296877084493309e6
1.3527123031190375e6
1.3759359272073011e6
1.399358596055782e6
1.4229803248533711e6
1.4468011286254085e6
1.470821022208027e6
1.4950400202402603e6
1.5194581371500154e6
1.544075387149461e6
1.5688917842174997e6
1.5939073421064531e6
1.6191220743254488e6
1.6445359941440572e6
1.6701491145863994e6
1.6959614484311237e6
1.721973008209035e6
1.7481838062058182e6
1.774593854471665e6
1.8012031647928015e6
1.8280117487305077e6
1.8550196176018985e6
1.8822267824865512e6
1.9096332542322404e6
1.937239043463271e6
1.9650441605718117e6
1.9930486157313115e6
2.0212524189014165e6
2.0496555798238711e6
2.078258108032002e6
2.1070600128609454e6
2.136061303442986e6
2.165261988718068e6
2.194662077430086e6
2.224261578141301e6
2.254060499233243e6
2.2840588489140514e6
2.3142566352094165e6
2.3446538659870275e6
2.375250548943911e6
2.4060466916216575e6
2.43704230140518e6
2.4682373855276406e6
2.4996319510750654e6
2.531226004991701e6
2.5630195540754003e6
2.595012604948289e6
2.627205164232867e6
2.659597238289986e6
2.6921888334456803e6
2.724979955768709e6
2.7579706113379817e6
2.791160806072211e6
2.824550545783439e6
2.858139836164296e6
2.8919286828079806e6
2.9259170911989026e6
2.960105066721345e6
2.9944926146598854e6
3.0290797402019715e6
3.0638664484396754e6
3.0988527441609967e6
3.134038632685885e6
3.1694241186413197e6
3.2050092067676038e6
3.2407939019576777e6
3.276778208333712e6
3.312962130605314e6
3.3493456731925933e6
3.3859288404363515e6
3.4227116366053885e6
3.45969406589483e6
3.4968761324324226e6
3.5342578402747894e6
3.5718391934121037e6
3.6096201957686823e6
3.6476008512054365e6
3.685781163463302e6
3.7241611364511224e6
3.762740773671248e6
3.801520078800981e6
3.8404990553926053e6
3.8796777069728803e6
3.9190560369696813e6
3.958634048785817e6
3.9984117457656907e6