20454.084192018672
20562.920782581452
20853.259469561373
21325.39299488556
21979.79333054224
22817.106404501923
23838.14489419684
25043.879229990787
26435.426876949023
28014.040103851265
29781.092391469647
31738.063682565255
33886.524616803195
36228.120105234004
38764.55230301446
41497.563323656985
44428.918082522454
47560.386936876355
50893.72907430035
54430.67616572798
58172.91738795222
62122.08455346589
66279.7392192182
70647.36053539121
75226.33462932498
80017.94543531226
85023.36701360342
90243.6574268617
95679.75416973865
101332.47110063673
107202.49672751152
113290.39438742334
119596.60308762857
126121.44009782527
132865.10447847657
139827.6816466303
147009.14882341502
154409.3812204845
162028.15891770908
169865.17403574695
177920.0385149942
186192.2919265517
194681.40949598962
203386.81009767877
212307.86416709665
221443.9014433768
230794.2184392369
240358.0856181463
250134.75417174926
260123.46238836795
270323.44171708147
280733.9219298147
291354.1364198983
302183.3265728831
313220.7456889441
324465.6627301448
335917.3651205544
347575.16161910887
359438.38430768694
371506.390699903
383778.5645552671
396254.31788272056
408933.09086051467
421814.3527098468
434897.60186645546
448182.36592476926
461668.2014480748
475354.6935296965
489241.4552930626
503328.1271476921
517614.3760431763
532099.8945379087
546784.3998916585
561667.6330034316
576749.3573964727
592029.3581143769
607507.4406454242
623183.4298033756
639057.1686382521
655128.5173598821
671397.3522709054
687863.5647343469
704527.0601258753
721387.7569121082
738445.5856826475
755700.4882033365
773152.4166632146
790801.3327220988
808647.2068286675
826690.0174206068
844929.7502578971
863366.3977383961
881999.958313221
900830.435874716
919857.8392529897
939082.1816671017
958503.4802885257
978121.7557879965
997937.0319724665
1.0179493353401636e6
1.0381586947981245e6
1.058565141311302e6
1.079168707659043e6
1.0999694281293012e6
1.1209673382694884e6
1.1421624747074372e6
1.1635548749016458e6
1.1851445770051081e6
1.2069316196939352e6
1.2289160419398868e6
1.2510978830018528e6
1.2734771822296402e6
1.296053978984351e6
1.3188283125051453e6
1.3418002218756287e6
1.3649697459245222e6
1.3883369231479515e6
1.4119017916903025e6
1.4356643892326902e6
1.4596247530428923e6
1.4837829199106721e6
1.5081389258528743e6
1.5326928066920952e6
1.557444597440121e6
1.5823943325569355e6
1.6075420459123382e6
1.6328877707132648e6
1.6584315396613835e6
1.6841733846639132e6
1.7101133371048074e6
1.7362514277131422e6
1.762587686585368e6
1.7891221432281963e6
1.8158548264770615e6
1.8427857645889376e6
1.8699149852197869e6
1.89724251542589e6
1.9247683816661523e6
1.9524926098480057e6
1.9804152253101384e6
2.008536252824313e6
2.0368557166316323e6
2.0653736404355844e6
2.0940900474299765e6
2.1230049602927845e6
2.1521184012137125e6
2.181430391899735e6
2.210940953574833e6
2.2406501070102556e6
2.270557872533041e6
2.3006642700287676e6
2.330969318955106e6
2.3614730383661664e6
2.392175446893526e6
2.423076562789854e6
2.4541764038789184e6
2.485474987738374e6
2.5169723314412506e6
2.5486684517897987e6
2.5805633652049783e6
2.612657087779795e6
2.6449496353054214e6
2.6774410232316046e6
2.7101312667543427e6
2.743020380639287e6
2.7761083794852286e6
2.8093952775640488e6
2.842881088876302e6
2.8765658271572e6
2.910449505860453e6
2.9445321380109084e6
2.9788137369393464e6
3.013294315189763e6
3.0479738852475504e6
3.082852459362093e6
3.1179300495716236e6
3.153206667687508e6
3.188682325305821e6
3.224357033821098e6
3.260230804656671e6
3.296303648359534e6
3.3325755759398113e6
3.3690465980105423e6
3.4057167249983284e6
3.442585967156473e6
3.4796543345607934e6
3.516921837100779e6
3.5543884845307902e6
3.5920542864156016e6
3.629919252177212e6
3.6679833910715315e6
3.7062467122106687e6
3.7447092245461703e6
3.7833709369000723e6
3.822231857944287e6
3.861291996212331e6
3.9005513601017143e6
3.9400099578795065e6
3.9796677976802425e6
4.019524887513205e6