24022.347175967774
24107.784549840264
24335.887716541623
24707.391548951244
25223.48411942673
25885.798021028997
26696.398413901057
27657.767818944114
28772.787835353825
30044.71774467769
31477.170132944586
33074.08382679669
34839.694264519785
36778.501045062345
38895.233890614254
41194.81860673265
43682.32365646873
46362.95219347757
49241.969742629386
52324.67797812857
55616.370473897194
59122.290461508055
62847.58962157856
66797.28757566563
70976.23324264865
75389.06622691952
80040.18407064289
84933.70778528551
90073.45363868463
95462.90694592737
101105.2000606113
107003.09429082613
113158.96590763213
119574.7968132574
126252.16923048934
133192.26507198633
140395.86954039664
147863.37883073816
155594.8117960219
163589.82516586693
171847.73205448536
180367.52329778663
189147.8912023418
198187.2552111569
207483.78910709065
217035.44912436628
226840.00266831828
236895.05703564044
247198.0881705797
257746.4678590015
268537.4910766018
279568.40111833916
290836.4135377786
302338.7387900985
314072.60154465574
326035.26011850015
338224.0223439111
350636.2600299154
363269.4213147245
376121.0413678832
389188.7507020143
402470.2820202921
415963.475979768
429666.2844635622
443576.77326910605
457693.1227354611
472013.6283905073
486536.69972936076
501260.8584884989
516184.73626692046
531307.0713027974
546626.7050019882
562142.5780631745
577853.7261126963
593759.275302134
609858.437699087
626150.5065737156
642634.8516914851
659310.9146252952
676178.2040724687
693236.2913234195
710484.805923366
727923.4312459542
745551.9004084265
763369.9924377977
781377.5283787337
799574.3678174852
817960.4053650388
836535.5676622643
855299.8100757854
874253.1147023585
893395.4862958713
912726.9511967882
932247.5546148457
951957.3582404751
971856.4385384574
991944.8852203526
1.0122227988492076e6
1.0326902910428167e6
1.0533474801973281e6
1.0741944929831265e6
1.0952314620517897e6
1.1164585249615656e6
1.1378758232607227e6
1.1594835019535979e6
1.181281708365587e6
1.2032705918333991e6
1.2254503026495553e6
1.2478209918842656e6
1.2703828106778557e6
1.2931359099491218e6
1.3160804399571293e6
1.339216549900341e6
1.3625443877887826e6
1.3860641000201064e6
1.4097758313019117e6
1.4336797243348109e6
1.4577759197830362e6
1.4820645560615512e6
1.5065457692412764e6
1.5312196930173847e6
1.5560864587089047e6
1.5811461944607024e6
1.606399026861217e6
1.6318450791849291e6
1.6574844723308857e6
1.683317324542712e6
1.7093437514573804e6
1.7355638661887406e6
1.7619777792074594e6
1.7885855985497935e6
1.8153874295327293e6
1.8423833752675324e6
1.8695735364405385e6
1.896958011057509e6
1.9245368951255751e6
1.9523102821744957e6
1.98027826354653e6
2.008440928450142e6
2.0367983640413343e6
2.0653506548927382e6
2.094097884300355e6
2.123040133093397e6
2.1521774803009396e6
2.181510003083296e6
2.2110377767629125e6
2.2407608749109255e6
2.2706793693591403e6
2.3007933302675975e6
2.3311028260637764e6
2.3616079239180307e6
2.3923086891574427e6
2.423205185705771e6
2.454297476134873e6
2.485585621296466e6
2.5170696811350724e6
2.5487497139668018e6
2.580625776919788e6
2.612697925831355e6
2.6449662153565763e6
2.677430698953776e6
2.710091428999916e6
2.7429484566808483e6
2.7760018322027824e6
2.809251604579154e6
2.8426978219296653e6
2.876340531359603e6
2.910179778996647e6
2.944215610058569e6
2.9784480688244742e6
3.0128771987308636e6
3.04750304230268e6
3.0823256413224707e6
3.1173450366841457e6
3.152561268500672e6
3.187974376127265e6
3.2235843982659043e6
3.2593913726656423e6
3.295395336680855e6
3.3315963268921203e6
3.367994378739688e6
3.404589527577885e6
3.441381807959451e6
3.478371253781955e6
3.5155578985113376e6
3.5529417743890216e6
3.590522914032185e6
3.628301348845933e6
3.6662771098685036e6
3.704450227588507e6
3.742820731988682e6
3.7813886525209933e6
3.820154018154358e6
3.8591168573680627e6
3.8982771981612113e6
3.9376350680913697e6
3.977190494220942e6
4.016943503227713e6
4.0568941213079547e6
4.097042374249453e6