19033.15171323686
19152.846288857603
19472.03506273136
19990.72682519353
20708.935727045537
21626.681091637656
22743.987160019606
24060.882773717036
25577.401002193685
27293.5787203426
29209.456145547272
31325.076343713503
33640.48470468684
36155.72841216315
38870.85589966204
41785.91631388682
44900.9589833287
48216.03288013466
51731.18628827197
55446.46603941683
59361.91740971478
63477.58358069115
67793.50534087022
72309.72079666494
77026.26513221538
81943.17041756668
87060.46545293443
92378.17568868873
97896.32314784036
103614.92642016997
109534.00068488224
115653.55776845386
121973.60623468945
128494.15150242165
135215.19598668948
142136.73926221195
149258.7782402714
156581.30736041
164104.31879064575
171827.8026337006
179751.74713635255
187876.1388986735
196200.96308156845
204726.20360961295
213451.8433673979
222377.8643886177
231504.24803539395
240830.9751690567
250358.02630635301
260085.38176902343
270013.02181739605
280140.92677491665
290469.07713970635
300997.4536814155
311726.037533319
322654.8102663795
333783.7539563983
345112.85123959783
356642.0853599091
368371.44020589895
380300.90034230135
392430.45102646685
404760.0782287817
417289.7686380247
430019.5096649844
442949.28943970817
456079.09680536436
469408.92130607326
482938.75317513244
496668.5833155415
510598.40328257676
524728.2052613007
539057.9820442287
553587.7270065742
568317.4340818007
583247.0977358713
598376.7129401746
613706.2751459756
629235.7802606793
644965.2246166933
660894.6049505526
677023.9183763021
693353.162361344
709882.3347030012
726611.4335055172
743540.4571586249
760669.4043159334
777998.2738752487
795527.0649598995
813255.7768994917
831184.409213427
849312.96159468
867641.4338939548
886169.8261060156
904898.1383553434
923826.3708839879
942954.5240394729
962282.5982643055
981810.5940856657
1.0015385121043331e6
1.0214663529883258e6
1.0415941174635928e6
1.0619218063060618e6
1.08244942033573e6
1.1031769604093423e6
1.1241044274161775e6
1.145231822270601e6
1.1665591459091469e6
1.1880863992850438e6
1.2098135833648425e6
1.2317406991244769e6
1.253867747546055e6
1.276194729614883e6
1.2987216463171786e6
1.321448498637444e6
1.3443752875567307e6
1.3675020140499345e6
1.3908286790855238e6
1.4143552836229561e6
1.4380818286123073e6
1.462008314991944e6
1.4861347436893065e6
1.5104611156185179e6
1.534987431681565e6
1.5597136927650827e6
1.584639899742689e6
1.6097660534729469e6
1.6350921547994905e6
1.6606182045513017e6
1.686344203541738e6
1.7122701525691967e6
1.7383960524167423e6
1.7647219038522113e6
1.7912477076281535e6
1.817973464482418e6
1.8448991751375138e6
1.872024840301451e6
1.8993504606673955e6
1.9268760369156534e6
1.9546015697081545e6
1.9825270596992131e6
2.0106525075247013e6
2.0389779138104236e6
2.06750327916229e6
2.0962286041834215e6
2.125153889457451e6
2.1542791355577344e6
2.183604343045257e6
2.21312951246934e6
2.2428546443679226e6
2.2727797392680696e6
2.302904797685143e6
2.333229820124505e6
2.3637548070809757e6
2.394479759039005e6
2.425404676473476e6
2.4565295598494764e6
2.487854409622794e6
2.5193792262401506e6
2.5511040101390677e6
2.583028761748489e6
2.6151534814894004e6
2.647478169773972e6
2.680002827005842e6
2.7127274535827804e6
2.745652049893927e6
2.778776616319775e6
2.8121011532352623e6
2.8456256610072153e6
2.879350139996473e6
2.9132745905565247e6
2.9473990130347568e6
2.981723407772013e6
3.0162477751030386e6
3.0509721153562157e6
3.0858964288545647e6
3.1210207159151467e6
3.1563449768492994e6
3.1918692117427182e6
3.2275934215527144e6
3.2635176059219795e6
3.2996417653568876e6
3.335965900143255e6
3.372490010561569e6
3.4092140968873617e6
3.4461381593921096e6
3.4832621983424067e6
3.520586214000505e6
3.558110206624378e6
3.5958341764678056e6
3.6337581237803693e6
3.6718820488077593e6
3.710205951791678e6
3.7487298329694984e6
3.7874536925758147e6
3.8263775308403256e6
3.865501347991184e6
3.9048251442502155e6
3.944348919837654e6
3.9840726749699437e6