281690.2366127119
281632.99491283484
281480.63308835984
281233.9362430903
280894.156142471
280463.0406661065
279942.8135536036
279336.17444834916
278646.2811157153
277876.80772154534
277031.7295301098
276115.7262803584
275133.6980995217
274091.0993261512
272993.79334997013
271848.0386401048
270660.5251897229
269438.34068060224
268188.9822387402
266920.33574040304
265640.6439819549
264358.5472381987
263083.0411318202
261823.49058460668
260589.5993650191
259391.42383367344
258239.3750113592
257144.2107256001
256116.948664511
255169.04297213382
254312.21460206664
253558.53737760676
252920.40811346864
252410.51189276393
252041.92513696008
251828.0033651399
251782.45361659795
251919.2878057901
252252.865990383
252797.86584088436
253569.29616140403
254582.4907777851
255853.10699477253
257397.11664940117
259230.80375199977
261370.75463664244
263833.8370770747
266637.19210810773
269798.2031475407
273334.47069801483
277263.775377627
281604.0347206582
286373.2504357203
291589.44652960787
297270.59671116644
303434.538416001
310098.8835844194
317280.8781654141
324997.3346360321
333264.44034206576
342097.6346123043
351511.4384220132
361519.2830994958
372133.3239354696
383364.2723519635
395221.15043350216
407711.18031386717
420839.5411031581
434609.23595517734
449020.9254511182
464072.78770405555
479760.5937133576
496077.3087198412
513013.44042167073
530556.9039480847
548693.125888136
567405.2130298067
586674.1159818164
606478.888284863
626796.9025605574
647604.2043080074
668875.8042532668
690586.011830921
712708.7780305783
735218.0183394196
758087.9175614426
781293.2302842651
804809.5252173815
828613.4107069079
852682.7139261027
876996.6239909304
901535.8032593218
926282.4547246528
951220.3474376294
976334.8454757337
1.0016128505557415e6
1.027042810397201e6
1.0526145711454137e6
1.0783194078872672e6
1.1041498624105717e6
1.1300996846686278e6
1.1561637226295066e6
1.1823378364122214e6
1.2086187861886886e6
1.235004175302127e6
1.2614923249434046e6
1.288082209889825e6
1.314773357380304e6
1.34156580309951e6
1.368459994147368e6
1.3954567534141922e6
1.4225572108582512e6
1.4497627539309468e6
1.4770749820794803e6
1.5044956687570894e6
1.5320267281681658e6
1.5596701782884952e6
1.5874281191266023e6
1.6153027072849185e6
1.643296134310577e6
1.6714106119424256e6
1.699648353515304e6
1.7280115624030721e6
1.7565024242032985e6
1.785123095673019e6
1.813875696420289e6
1.8427623087676603e6
1.8717849518244131e6
1.9009456192056162e6
1.930246225047124e6
1.9596886689214907e6
1.9892747404027137e6
2.019006209690659e6
2.04888477619747e6
2.0789120834289307e6
2.1090897205328094e6
2.1394192175549297e6
2.169902048443988e6
2.200539635821402e6
2.2313333467566282e6
2.262284502819158e6
2.293394365726065e6
2.324664153619293e6
2.356095039603005e6
2.38768814918736e6
2.4194445645772517e6
2.451365325624801e6
2.4834514320829143e6
2.51570384332606e6
2.548123483469728e6
2.580711239648517e6
2.6134679649637453e6
2.646394477728831e6
2.6794915701870215e6
2.71275974926825e6
2.746200481018617e6
2.77981373330681e6
2.813600428524441e6
2.8475612116613695e6
2.8816967096668757e6
2.916007525357057e6
2.950494238460193e6
2.9851574082634104e6
3.0199975733563835e6
3.0550152516007572e6
3.090210949639016e6
3.1255851454656473e6
3.1611383076579617e6
3.1968708867347036e6
3.232783317706655e6
3.2688760207083677e6
3.305149403600416e6
3.3416038582237107e6
3.3782397632169784e6
3.415057488215033e6
3.4520573884568103e6
3.4892398084414233e6
3.52660508208148e6
3.5641535321576656e6
3.6018854780664337e6
3.6398012070508557e6
3.677901029958773e6
3.7161852278161314e6
3.754654077648287e6
3.793307849191993e6
3.8321468040448544e6
3.871171196118003e6
3.910381273592341e6
3.94977727587459e6
3.9893594336390146e6
4.029127982995358e6
4.0690831365719824e6
4.109225112298962e6
4.1495541199862384e6
4.1900703635474467e6
4.2307740419982895e6
4.271665349162396e6
4.312744474802816e6
4.3540116005103495e6
4.395466908564579e6