19169.128545286585
19287.750666263048
19604.090789440248
20118.18818239073
20830.10606933225
21739.93080644266
22847.770762769986
24153.754926082387
25658.0312641013
27360.764863851247
29262.135888578836
31362.33739816885
33661.57302575196
36160.05463383952
38857.99987419757
41755.629838482855
44853.16664651643
48150.831202756046
51648.840935034765
55347.40800802715
59246.73698830584
63347.0235404773
67648.45270968061
72151.19763980266
76855.41846846712
81761.26137361422
86868.85797279244
92178.32477361977
97689.76289241844
103403.2579551223
109318.88017924668
115436.68460328424
121756.71146777185
128278.9867239321
135003.5226549267
141930.3185890253
149059.36169697554
156390.62784183145
163924.0824799806
171659.68159110495
179597.3726216635
187737.09543712361
196078.78326159148
204622.363602816
213367.7591478715
222314.8886266256
231463.66763552133
240814.00941134186
250365.82556417887
260119.02675045613
270073.52329369844
280229.2257579148
290586.04546183726
301143.894926703
311902.6883002493
322862.34169590013
334022.7735140297
345383.90469102433
356945.65891956526
368707.96282213903
380670.74609670544
392833.9415946703
405197.485415384
417761.316935804
430525.37881932803
443489.6170144261
456653.9807191995
470018.4223365405
483582.8974051994
497347.36452770955
511311.78527937335
525476.1241102172
539840.3482418221
554404.4275547469
569168.3344748915
584132.0438578553
599295.5328658621
614658.7808480684
630221.7692206929
645984.4813649565
661946.902475463
678109.0194799849
694470.8209124123
711032.2968080316
727793.4386002205
744754.2390190924
761914.6919972035
779274.7925747961
796834.5368202876
814593.9217312522
832552.9451779783
850711.6058114764
869069.9030003783
887627.8367659827
906385.4077173135
925342.6169963515
944499.4662225703
963855.9574450408
983412.0930922115
1.0031678759383961e6
1.0231233090414329e6
1.0432783957336763e6
1.0636331395692632e6
1.0841875443006614e6
1.104941613845116e6
1.125895352266178e6
1.1470487637393544e6
1.1684018525219038e6
1.1899546230137018e6
1.2117070795710683e6
1.2336592266594288e6
1.2558110687537617e6
1.278162610342731e6
1.3007138559162102e6
1.323464809956496e6
1.3464154769286625e6
1.3695658612681057e6
1.3929159673801814e6
1.4164657996281604e6
1.4402153623315184e6
1.4641646597577638e6
1.4883136961199432e6
1.5126624755738715e6
1.5372110022144534e6
1.5619592800720439e6
1.5869073131134303e6
1.612055105236271e6
1.6374026602750365e6
1.6629499819888088e6
1.688697074070762e6
1.7146439401447917e6
1.7407905837641063e6
1.7671370084119933e6
1.7936832175037025e6
1.820429214385484e6
1.8473750023345123e6
1.8745205845619265e6
1.9018659642108744e6
1.929411144365945e6
1.957156128029204e6
1.9851009181641708e6
2.013245517655903e6
2.0415899293321855e6
2.0701341559622115e6
2.0988782002555346e6
2.1278220648655375e6
2.156965752389264e6
2.186309265368577e6
2.2158526062919665e6
2.2455957775962926e6
2.2755387816689285e6
2.30568162084408e6
2.336024297410798e6
2.366566813609156e6
2.3973091716337837e6
2.4282513736345107e6
2.459393421717376e6
2.4907353179457188e6
2.522277064342583e6
2.5540186628879895e6
2.5859601155237188e6
2.618101424155953e6
2.650442590604754e6
2.682983616831905e6
2.7157245045040674e6
2.7486652554241787e6
2.781805871317084e6
2.8151463538785605e6
2.848686704768354e6
2.882426925619248e6
2.916367018030657e6
2.950506983574195e6
2.9848468237920166e6
3.0193865401984984e6
3.0541261342792083e6
3.0890656074954504e6
3.124204961281319e6
3.159544197044854e6
3.1950833159362525e6
3.230822319998515e6
3.2667612099027745e6
3.302899987176637e6
3.339238653112758e6
3.375777208979671e6
3.4125156560234707e6
3.4494539954713387e6
3.486592228529348e6
3.5239303563832548e6
3.561468380199272e6
3.599206301125221e6
3.6371441202894123e6
3.6752818388027e6
3.71361945775792e6
3.752156978228193e6
3.790894401274182e6
3.829831727934246e6
3.8689689592399e6
3.9083060961938677e6
3.9478431398027847e6
3.987580091011959e6