19083.11553374627
19202.41528104928
19520.555336896927
20037.55577576747
20753.448916052323
21668.278893964336
22782.101085542046
24094.98138694826
25606.99536895861
27318.2273175475
29228.769182123608
31338.71945243755
33648.18196474087
36157.26469992631
38866.078527682446
41774.73600781652
44883.35015527654
48192.03321820943
51700.89592161331
55410.045713930376
59319.58652053919
63429.61751980844
67740.23244673638
72251.51892746278
76963.5579217045
81876.42327891094
86990.18137301975
92304.89091141484
97820.60275373928
103537.35988660326
109455.1974764858
115574.14298009449
121894.21637443505
128415.43039312327
135137.79086253434
142061.29706654334
149185.94215361372
156511.71357275682
164038.5935319836
171766.55947112927
179695.5845416283
187825.6380877224
196156.68612325212
204688.69179856338
213421.6158527511
222355.41704918823
231490.05258982565
240825.47849422292
250361.6500302896
260098.52192211733
270036.04879539344
280174.1853972479
290512.8868684086
301052.1089666437
311791.80828062806
322731.942401107
333872.4700753916
345213.3513396456
356754.5476248819
368496.0218444876
380437.73846693564
392579.66355665657
404921.76481158263
417464.01159461343
430206.3749238732
443148.82747524814
456291.34356608975
469633.8991344844
483176.47169596073
496919.0403156931
510861.58555947995
525004.0894450032
539346.5353851373
553888.9081411297
568631.1937529654
583573.3794999013
598715.4538077399
614057.4062207091
629599.2273237954
645340.9086912663
661282.442819845
677423.8230781996
693765.0436479265
710306.0994699964
727046.986192136
743987.7001183878
761128.2381604686
778468.5977916599
796008.7770050445
813748.7742643737
831688.5884753931
849828.2189391841
868167.6653207287
886706.9276155481
905446.006117673
924384.9013910335
943523.6142420475
962862.145695155
982400.4969692066
1.0021386694520086e6
1.0220766646853593e6
1.0422144843451371e6
1.0625521302200374e6
1.0830896042009364e6
1.1038269082626058e6
1.1247640444543143e6
1.145901014882674e6
1.1672378217049432e6
1.1887744671165205e6
1.2105109533431425e6
1.2324472826317844e6
1.2545834572432362e6
1.2769194794459925e6
1.299455351509462e6
1.3221910756992216e6
1.345126654273556e6
1.3682620894749179e6
1.3915973835316456e6
1.4151325386509756e6
1.4388675570182113e6
1.4628024407926719e6
1.4869371921065012e6
1.5112718130628548e6
1.5358063057345846e6
1.5605406721619568e6
1.5854749143532594e6
1.6106090342825803e6
1.6359430338885395e6
1.661476915080718e6
1.6872106797249115e6
1.7131443296578913e6
1.7392778666797213e6
1.7656112925551261e6
1.7921446090140126e6
1.8188778177521909e6
1.845810920430146e6
1.8729439186750469e6
1.9002768140798414e6
1.9278096082077872e6
1.9555423025804788e6
1.9834748987000396e6
2.0116073980288904e6
2.039939802000972e6
2.0684721120189736e6
2.097204329457823e6
2.1261364556621537e6
2.1552684919490837e6
2.18460043960737e6
2.214132299898916e6
2.2438640740594743e6
2.27379576329975e6
2.303927368803568e6
2.334258891731867e6
2.364790333220797e6
2.395521694383508e6
2.4264529763105377e6
2.4575841800701185e6
2.48891530670905e6
2.520446357253301e6
2.552177332707686e6
2.5841082340572653e6
2.6162390622689333e6
2.64856981828913e6
2.6811005030447277e6
2.7138311174500184e6
2.746761662396475e6
2.779892138759769e6
2.813222547400323e6
2.8467528891603197e6
2.88048316486838e6
2.914413375336129e6
2.9485435213612136e6
2.9828736037262282e6
3.0174036231997656e6
3.0521335805357695e6
3.087063476475898e6
3.1221933117480977e6
3.157523087067158e6
3.193052802910229e6
3.228782460633834e6
3.2647120602590665e6
3.3008416026679054e6
3.3371710885165613e6
3.3737005184489405e6
3.410429893097638e6
3.447359213085642e6
3.484488479025203e6
3.5218176915182816e6
3.5593468511570124e6
3.5970759585240027e6
3.6350050141921826e6
3.6731340187255153e6
3.7114629726788364e6
3.749991876597015e6
3.788720731018562e6
3.8276495364707e6
3.8667782934771497e6
3.9061070025470816e6
3.9456356641859803e6
3.9853642788907215e6