19388.968867770345
19505.8712357201
19817.642933424773
20324.37096298147
21026.195439711293
21923.307812218685
23015.948444929047
24304.403602772603
25789.001902036878
27470.110273263155
29348.12951987548
31423.489565293406
33696.6443944294
36168.066882996616
38838.24348680681
41707.66900167795
44776.84128686262
48046.25627189777
51516.4028958735
55187.75879433518
59060.78586563059
63135.92640307607
67413.59969051194
71894.1988296785
76578.08828370339
81465.60168277347
86557.0401850007
91852.67121769518
97352.72782006681
103057.40825097432
108966.87602809945
115081.26039824363
121400.65709489604
127925.12940673501
134654.70950713143
141589.40001387833
148729.1757302957
156073.9855372893
163623.75440036072
171378.38545270744
179337.76212734377
187501.75030259378
195870.20044360182
204442.94970673206
213219.82398386445
222200.63988408115
231385.2066214502
240773.32780012337
250364.8030991156
260159.4298283009
270157.00436725933
280357.3234909187
290760.18556207605
301365.391582821
312172.7461496552
323182.05829598353
334393.1421833642
345805.817726013
357419.91108416766
369235.2550831352
381251.68954490894
393469.0614781759
405887.2253053548
418506.04292230937
431325.3837368482
444345.1246529828
457565.1500253993
470985.35149572906
484605.62790066795
498425.88506764325
512446.0356271093
526665.9987719259
541085.7000291554
555705.0709901477
570524.0491073825
585542.5773057422
600760.6038238632
616178.081879935
631794.9694112671
647611.2288105458
663626.8266397855
679841.7333846174
696255.9231918328
712869.3736269372
729682.0654339311
746693.982304156
763905.1106608112
781315.4394451922
798924.9599203956
816733.665481075
834741.5514680968
852948.6150098535
871354.8548535525
889960.2712238616
908764.8656699468
927768.6409457711
946971.6008824133
966373.7502738946
985975.0947847386
1.0057756408229278e6
1.0257753954674375e6
1.045974366394146e6
1.0663725617788713e6
1.0869699902390004e6
1.107766660760697e6
1.128762582652207e6
1.1499577654550872e6
1.17135221897215e6
1.1929459531493438e6
1.214738978009727e6
1.2367313037226086e6
1.2589229404932517e6
1.281313898551245e6
1.3039041881293864e6
1.3266938194306926e6
1.3496828026173415e6
1.3728711477831458e6
1.396258864945148e6
1.419845964023211e6
1.4436324548329993e6
1.4676183470702844e6
1.4918036503041373e6
1.5161883739688294e6
1.5407725273596873e6
1.5655561196218824e6
1.5905391597548535e6
1.6157216566010232e6
1.6411036188457906e6
1.6666850550198616e6
1.6924659734909344e6
1.7184463824693402e6
1.7446262900055782e6
1.7710057039892764e6
1.797584632154272e6
1.824363082076349e6
1.8513410611756486e6
1.8785185767189541e6
1.9058956358192991e6
1.933472245446634e6
1.9612484124196782e6
1.9892241434141803e6
2.0173994449646845e6
2.0457743234646567e6
2.074348785175356e6
2.1031228362219357e6
2.13209648260205e6
2.161269730185053e6
2.1906425847146367e6
2.220215051814208e6
2.249987136989017e6
2.279958845631566e6
2.310130183014996e6
2.340501154308431e6
2.3710717645708276e6
2.401842018757785e6
2.432811921723203e6
2.4639814782216656e6
2.4953506929113623e6
2.526919570357598e6
2.5586881150296703e6
2.59065633131127e6
2.6228242234574277e6
2.6551917957615973e6
2.687759052360182e6
2.7205259972148105e6
2.753492634338551e6
2.786658967624201e6
2.820025000894742e6
2.8535907378978487e6
2.887356182311713e6
2.9213213377432628e6
2.9554862077424596e6
2.989850795775875e6
3.0244151052665496e6
3.059179139555456e6
3.094142901954394e6
3.1293063954645684e6
3.1646696236730246e6
3.2002325895045875e6
3.235995296264111e6
3.2719577465082407e6
3.3081199434126737e6
3.3444818898870274e6
3.381043588790057e6
3.4178050429324843e6
3.4547662550763376e6
3.4919272279409887e6
3.5292879641968487e6
3.5668484664718313e6
3.6046087373514343e6
3.642568779378129e6
3.680728595053619e6
3.7190881868378296e6
3.7576475571535947e6
3.7964067083843388e6
3.8353656428703377e6
3.874524362934989e6
3.9138828708364544e6
3.9534411688167322e6
3.993199259079489e6