20849.64115324073
20955.602328414672
21238.297648887725
21698.08622126455
22335.547232392397
23151.473762718066
24146.86437258454
25322.9125125789
26680.993925073206
28222.652230091553
29949.58281001472
31863.61535198376
33966.69496505531
36260.86262375829
38748.234637633235
41430.981721157536
44311.30806583543
47391.43032271855
50673.55677790029
54159.86730445165
57852.494985577505
61753.50662132039
65864.88647564924
70188.52121529757
74726.18518885152
79479.52896367975
84450.06866827028
89639.17753106836
95048.07935034236
100677.84371247434
106529.38321715264
112603.4524572745
118900.64871325724
125421.41431037128
132166.04041799877
139134.67225289549
146327.31546087156
153743.84354515612
161384.00616638313
169247.4381522169
177333.6690311356
185642.13297689095
194172.1789253159
202923.08081676648
211894.04775898586
221084.23401868914
230492.74874467915
240118.6653042848
249961.030163076
260018.8712719109
270291.2060498549
280777.04820315726
291475.41477578937
302385.3319526628
313505.8403213072
324835.9997588661
336374.8934312812
348121.63137288165
360075.3534434981
372235.23178375757
384600.47273621557
397170.31810936716
409944.0468577448
422920.97502521763
436100.4564672549
449481.8827794113
463064.6830412857
476848.3232824878
490832.30581779615
505016.16834782256
519399.482912867
533981.854752271
548762.9210595924
563742.3496744791
578919.837676435
594295.1099940997
609867.9179794462
625638.0379514582
641605.2698100207
657769.4355485431
674130.3779358879
690687.9591331435
707442.0593457348
724392.5756105068
741539.4205343991
758882.5211266202
776421.8176690014
794157.2626479361
812088.8197673174
830216.4629524365
848540.1754687042
867059.9490661025
885775.783165983
904687.6841502897
923795.6645713327
943099.7427882777
962599.9416450165
982296.2893442413
1.0021888168633605e6
1.0222775594905367e6
1.0425625549779624e6
1.0630438440059552e6
1.083721469310556e6
1.1045954755366184e6
1.1256659089211295e6
1.1469328170003174e6
1.1683962483327547e6
1.190056252256261e6
1.2119128788486298e6
1.2339661783497299e6
1.2562162014637764e6
1.2786629988762273e6
1.3013066212837708e6
1.3241471191760337e6
1.3471845428032598e6
1.3704189420559492e6
1.393850366363496e6
1.4174788646638812e6
1.441304485303035e6
1.465327276024793e6
1.4895472838880557e6
1.5139645552378064e6
1.5385791356863126e6
1.5633910700940792e6
1.5884004025212873e6
1.6136071762490985e6
1.6390114337378691e6
1.6646132166409357e6
1.6904125657877151e6
1.7164095211891355e6
1.742604122044979e6
1.76899640672957e6
1.7955864128452283e6
1.822374177151651e6
1.849359735621938e6
1.8765431234962957e6
1.9039243752099555e6
1.931503524447124e6
1.9592806041624327e6
1.987255646593174e6
2.015428683239269e6
2.0437997449253546e6
2.072368861779241e6
2.1011360632761717e6
2.130101378234863e6
2.1592648348330026e6
2.188626460644629e6
2.218186282617241e6
2.2479443271096246e6
2.277900619951435e6
2.308055186346264e6
2.3384080509909145e6
2.3689592380609247e6
2.399708771145106e6
2.430656673463273e6
2.461802967622561e6
2.493147675812033e6
2.5246908197450833e6
2.556432420673281e6
2.5883724994254983e6
2.620511076389603e6
2.6528481715696105e6
2.6853838045292087e6
2.718117994501633e6
2.7510507602092563e6
2.784182120125638e6
2.817512092314972e6
2.8510406943269367e6
2.8847679438675875e6
2.918693857816609e6
2.95281845289399e6
2.9871417455015676e6
3.021663751726461e6
3.0563844873696472e6
3.091303967914411e6
3.126422208591885e6
3.16173922433604e6
3.1972550298118033e6
3.2329696394234467e6
3.2688830675521204e6
3.3049953276421344e6
3.3413064335568324e6
3.3778163987123733e6
3.414525236284774e6
3.451432959216756e6
3.488539580269169e6
3.5258451119139427e6
3.5633495664780606e6
3.6010529560460644e6
3.6389552925098073e6
3.6770565875851493e6
3.7153568527565785e6
3.7538560993362367e6
3.7925543384650378e6
3.831451581091512e6
3.8705478379925396e6
3.909843119767854e6
3.9493374368554214e6
3.989030799525096e6
4.02892321788418e6