19056.62327070703
19176.1322580251
19494.82808743036
20012.72486263646
20729.8452887842
21646.22037202303
22761.889012040105
24076.897494775607
25591.29889657034
27305.152408214242
29218.522594119495
31331.478601542956
33644.09332014479
36156.44253648589
38868.60405057366
41780.65683352697
44892.68015946726
48204.75274817714
51716.95223172163
55429.353929461984
59342.030670859516
63455.05194049911
67768.48339067225
72282.38637613809
76996.81756535693
81911.8286313237
87027.46599760238
92343.77070699206
97860.7782973444
103578.5187844151
109497.0167011351
115616.29118599233
121936.35612637489
128457.2203459153
135178.8878314489
142101.35799193094
149224.62594465795
156548.68282152587
164073.51609082773
171799.10988909448
179725.445355873
187852.5009743495
196180.2529004155
204708.675294764
213437.74063395796
222367.42001895723
231497.68346311146
240828.50016703326
250359.83877152685
260091.66759868257
270023.95486717526
280156.6688936382
290489.77827310486
301023.25203491887
311757.0597920483
322691.1718603729
333825.5593669216
345160.1943412327
356695.0497901532
368430.0997583979
380365.31937932293
392500.68490203004
404836.173723998
417371.7643999958
430107.43664852704
443043.1713452065
456178.9505174095
469514.75732029666
483050.57602000487
496786.39196198713
510722.1915427432
524857.9621738576
539193.6922457325
553729.3710878659
568464.9889273297
583400.5368574334
598536.00677376
613871.3913532911
629406.6840059854
645141.8788266194
661076.9705609567
677211.9545632468
693546.8267568396
710081.5835966398
726816.2220319891
743750.7394720552
760885.133751126
778219.4030967226
795753.5461002896
813487.5616828831
831421.4490749793
849555.2077839817
867888.8375721796
886422.3384333171
905155.7105702991
924088.9543751125
943222.0704096372
962555.0593885357
982087.9221627306
1.0018206597015727e6
1.021753273082372e6
1.0418857634764386e6
1.0622181321342338e6
1.082750380377891e6
1.1034825095884092e6
1.1244145211990746e6
1.145546416683458e6
1.166878197550743e6
1.1884098653368726e6
1.2101414215991932e6
1.2320728679100166e6
1.2542042058515486e6
1.2765354370110347e6
1.2990665629771347e6
1.3217975853355227e6
1.3447285056667381e6
1.3678593255406383e6
1.391190046517083e6
1.4147206701413e6
1.4384511979430073e6
1.462381631434297e6
1.4865119721077015e6
1.5108422214355853e6
1.535372380870259e6
1.5601024518393588e6
1.5850324357495343e6
1.6101623339834104e6
1.6354921478989746e6
1.661021878830997e6
1.6867515280889606e6
1.7126810969582337e6
1.7388105866995128e6
1.7651399985487647e6
1.7916693337176014e6
1.8183985933937705e6
1.8453277787403213e6
1.872456890896973e6
1.8997859309795229e6
1.9273149000829663e6
1.955043799272846e6
1.9829726296023275e6
2.0111013920948962e6
2.0394300877553872e6
2.067958717566337e6
2.0966872824911578e6
2.1256157834716337e6
2.154744221430556e6
2.184072597270796e6
2.213600911876429e6
2.2433291661132183e6
2.273257360829391e6
2.3033854968543574e6
2.3337135750014954e6
2.364241596066837e6
2.3949695608303007e6
2.425897470055973e6
2.457025324492326e6
2.4883531248728195e6
2.51988087191632e6
2.551608566326895e6
2.5835362087947633e6
2.6156637999974256e6
2.647991340598064e6
2.680518831246202e6
2.713246272582351e6
2.746173665231341e6
2.7793010098067555e6
2.8126283069114536e6
2.8461555571356784e6
2.87988276106004e6
2.9138099192533144e6
2.947937032274455e6
2.9822641006718823e6
3.016791124984204e6
3.0515181057397835e6
3.086445043458349e6
3.1215719386500455e6
3.156898791815794e6
3.192425603225258e6
3.2281523740233164e6
3.2640791040304983e6
3.300205793929667e6
3.336532444180713e6
3.373059055234898e6
3.409785627535548e6
3.4467121615193374e6
3.4838386576152844e6
3.521165116245296e6
3.558691537824368e6
3.5964179227608144e6
3.634344271456183e6
3.672470584305729e6
3.710796861698311e6
3.749323104015817e6
3.7880493116356665e6
3.8269754849273795e6
3.866101624258021e6
3.905427729984452e6
3.944953802460961e6
3.984679842035803e6