43645.043378317816
43673.36399182721
43749.272980381036
43873.82604128585
44048.736937944836
44276.37471028743
44559.76016181981
44902.56068096965
45309.08539438568
45784.27625984649
46333.703368585586
46963.551918193174
47680.613943555276
48492.27524123655
49406.499640986905
50431.82503720763
51577.33228472661
52852.6255567366
54267.83392012899
55833.560204513604
57560.87020601341
59461.2588065273
61546.61959273912
63829.20670005938
66321.59533997675
69036.63684745031
71987.40931350488
75187.15827201144
78649.24534283273
82387.07250015083
86414.01566534574
90743.34387087682
95388.13617856483
100361.19204676652
105674.93538853704
111341.31661781692
117371.709267656
123776.8051732668
130566.50898434766
137749.83393566767
145334.8006922826
153328.34182026642
161736.214499056
170562.92333765543
179811.65626734548
189484.23612575844
199581.08990202172
210101.23533523377
221042.29228920175
232400.50587933103
244170.8071566064
256346.87464049424
268921.228881655
281885.3386920446
295229.74171888456
308944.1783914558
323017.7317218538
337438.9725145112
352196.1055556146
367277.11178254674
382669.8894018633
398362.3802524967
414342.6895032792
430599.19378638844
447120.63306740194
463896.19033440365
480915.4751722434
498168.981520964
515647.3107219384
533342.0108334397
551245.1823379851
569349.5669538962
587648.5340639706
606136.0749807404
624806.7815279823
643655.8211876946
662678.9093784783
681872.281321996
701232.6557014222
720757.2042230543
740443.5167768496
760289.5691603771
780293.687630784
800454.5218140343
820771.0074177003
841242.3444469372
861867.9658961759
882647.5139137927
903580.8143051077
924667.8574782229
945908.7761030348
967303.8272469606
988853.3758378209
1.0105578789927224e6
1.0324178729511201e6
1.0544339597764262e6
1.0766067970281788e6
1.098937086915324e6
1.1214255685432036e6
1.144073008713806e6
1.166880197558768e6
1.1898479378001192e6
1.2129770445072448e6
1.236268336957302e6
1.2597226361616673e6
1.283340760901243e6
1.3071235246223987e6
1.3310717332228029e6
1.3551861823923644e6
1.3794676563250576e6
1.4039169258269286e6
1.4285347472519851e6
1.4533218619911722e6
1.4782789931785269e6
1.503406850250516e6
1.52870612332045e6
1.554177485399506e6
1.5798215919222005e6
1.6056390806082839e6
1.6316305713710347e6
1.6577966668913881e6
1.684137952127597e6
1.7106549949184759e6
1.7373483463981438e6
1.764218541078763e6
1.791266097430816e6
1.8184915181108245e6
1.8458952900714255e6
1.8734778857173147e6
1.901239762239201e6
1.9291813634926998e6
1.9573031188760004e6
1.9856054450225956e6
2.0140887453373822e6
2.0427534109271953e6
2.071599820845901e6
2.100628342507256e6
2.129839332076307e6
2.1592331348569584e6
2.1888100858090883e6
2.2185705097444383e6
2.2485147217682456e6
2.278643027573021e6
2.30895572394222e6
2.3394530988243334e6
2.3701354318999574e6
2.401002994657141e6
2.4320560510552544e6
2.463294858153048e6
2.4947196623751903e6
2.526330708697632e6
2.558128231319647e6
2.590112459626911e6
2.6222836163936695e6
2.654641917952301e6
2.687187575906528e6
2.719920795470223e6
2.7528417768755415e6
2.7859507148190457e6
2.819247799434202e6
2.852733215759378e6
2.8864071443588804e6
2.9202697612524806e6
2.954321238101897e6
2.9885617422727067e6
3.022991437420964e6
3.057610482926058e6
3.0924190346617913e6
3.127417244773997e6
3.1626052619683896e6
3.1979832314447295e6
3.2335512951553524e6
3.269309591483383e6
3.305258256518636e6
3.3413974226940074e6
3.3777272198773297e6
3.414247774935563e6
3.4509592121351226e6
3.4878616530823777e6
3.5249552169980602e6
3.5622400199766634e6
3.599716176523485e6
3.6373837983160308e6
3.6752429948537108e6
3.7132938736705706e6
3.751536539851266e6
3.7899710964711504e6
3.828597644723759e6
3.8674162836826723e6
3.9064271105585424e6
3.94563022078168e6
3.985025707920909e6
4.024613663732006e6
4.0643941784303226e6
4.104367340239045e6
4.144533236053217e6
4.18489195114184e6
4.225443569120674e6
4.266188172157111e6
4.307125841114825e6