55831.39027162746
55847.41285479406
55890.51598047375
55961.72532655552
56062.7062381967
56195.76206667206
56363.83120959063
56570.484591721266
56819.921146780776
57116.9609055591
57467.044700405095
57876.22265731037
58351.1532264633
58899.0876979903
59527.86633690103
60245.912323971745
61062.21389277073
61986.308354325156
63028.31927993434
64198.833191119804
65508.99557770474
66970.44263207918
68595.26986562018
70396.04996498587
72385.59429069379
74577.78310560132
76985.86999705696
79624.09356826951
82506.80984113232
85648.60931369488
89064.26164453113
92768.66075353534
96776.72832324842
101103.39236961678
105763.44933073627
110771.4932232287
116141.82288627294
121888.32225012663
128024.35035241637
134562.62314911094
141515.08371953832
148892.77918102348
156705.72873423417
164962.79851806985
173671.57975094407
182838.27569416107
192467.59846244342
202562.6840790553
213125.02307489194
224154.41494097715
235648.94590956738
247604.99381960064
260017.26164429783
272878.8375805983
286181.283747648
299914.7527145763
314068.1234190052
328629.1598340862
343584.6853629566
358920.7666078214
374622.9033172423
390676.2194744641
407065.65029556403
423776.12029576884
440792.7083856157
458100.7999103448
475686.2181665276
493535.33679182513
511635.1782173112
529973.4826033339
548538.764913617
567320.3506987967
586308.3986944524
605493.9036787191
624868.691168814
644425.3984467842
664157.447753883
684059.0139785971
704124.9837251528
724350.9115639172
744732.9796968522
765267.945939059
785953.1003652273
806786.2184834951
827765.5165185538
848889.6078830854
870157.463931147
891568.3731410818
913121.9073080661
934817.8864782817
956656.3479857224
978637.5218545403
1.0007617989983003e6
1.023029708315413e6
1.0454419053236416e6
1.0679991406456004e6
1.090702249769357e6
1.1135521361486146e6
1.1365497582445615e6
1.1596961168163177e6
1.1829922466015439e6
1.20643920398923e6
1.230038060809433e6
1.2537898983817364e6
1.2776957990783656e6
1.3017568438925676e6
1.3259741052559023e6
1.3503486452037094e6
1.37488151306411e6
1.3995737394651521e6
1.4244263376018484e6
1.4494403000503015e6
1.4746165975911992e6
1.4999561782156806e6
1.525459966279877e6
1.5511288623169388e6
1.576963742061311e6
1.6029654567843676e6
1.6291348334187453e6
1.6554726741832835e6
1.6819797570599956e6
1.7086568361226353e6
1.7355046419599522e6
1.7625238820567427e6
1.789715241371251e6
1.8170793832338788e6
1.844616947571601e6
1.8723285564222753e6
1.9002148096294703e6
1.928276287343588e6
1.9565135514866943e6
1.9849271450279998e6
2.013517594716792e6
2.0422854045508453e6
2.0712310698680964e6
2.1003550651625358e6
2.129657850008079e6
2.1591398700103285e6
2.1888015559767284e6
2.2186433248648914e6
2.2486655808089897e6
2.278868714577577e6
2.309253105223728e6
2.33981911968904e6
2.3705671137652565e6
2.4014974322509062e6
2.4326104094646107e6
2.4639063696655105e6
2.495385628450835e6
2.527048487756153e6
2.558895247427228e6
2.5909261935838307e6
2.623141606039973e6
2.655541756350634e6
2.688126907568956e6
2.720897316852503e6
2.753853233590825e6
2.7869948994471e6
2.820322551060314e6
2.853836417937557e6
2.8875367233012174e6
2.921423685178758e6
2.9554975153558613e6
2.989758420439758e6
3.0242066016301517e6
3.058842255240541e6
3.093665572384608e6
3.1286767398636504e6
3.1638759396626716e6
3.1992633494336605e6
3.234839142565596e6
3.2706034884625934e6
3.3065565523721115e6
3.3426984957287353e6
3.379029476470951e6
3.415549648760242e6
3.452259163354757e6
3.489158167605885e6
3.5262468057235708e6
3.5635252188914753e6
3.6009935446455255e6
3.6386519184266357e6
3.6765004713311847e6
3.7145393338491153e6
3.7527686322130635e6
3.7911884904827634e6
3.82979903009166e6
3.86860037013728e6
3.907592627218941e6
3.946775915672794e6
3.986150347476203e6
4.0257160327984793e6
4.0654730787384855e6
4.1054215915633757e6
4.1455616746297497e6
4.185893429639112e6
4.2264169564453885e6
4.26713235286772e6
4.308039715260032e6
4.349139137379554e6