307142.50749800424
307080.01110363833
306913.6299569621
306644.1400305076
306272.7717346675
305801.2443982671
305231.7283017662
304566.9241361113
303809.8881522013
302964.22389625956
302033.9186169858
301023.49701710127
299937.79361945705
298782.15364815225
297562.3443719512
296284.4974548528
294955.2271274588
293581.35329094576
292170.3054187419
290729.86664812313
289267.97842138354
287793.22628082254
286314.2807504836
284840.395035438
283380.97051793674
281945.8492295728
280545.17796352494
279189.42342543905
277889.3720452379
276656.11511718866
275501.0635017429
274435.95971895824
273472.81355459837
272623.9702301775
271902.0878249664
271320.12480052013
270891.34719476313
270629.33710900275
270547.9896283051
270661.5157496376
270984.43659344886
271531.5993194749
272318.16985361255
273359.6202810501
274671.7425356377
276270.6415416661
278172.720587185
280394.6792568022
282953.49541140883
285866.4092429462
289150.90034739126
292824.6563914552
296905.5390691471
301411.54773827817
306360.72112040303
311771.16615645424
317660.886423965
324047.75591817184
330949.39245455683
338383.0590071388
346365.4538020025
354912.96536072413
364040.7302778064
373763.25794441777
384093.85547716566
395044.5246957109
406625.76912665775
418846.40270754514
431713.3578302715
445231.5003195164
459403.4657935762
474229.5066625222
489707.37217933405
505832.23505709483
522596.5810742747
539990.3067670574
558000.6743961952
576612.4348665902
595807.9974452476
615567.5717331978
635869.4456300412
656690.2381847727
678005.2358292998
699788.6600926679
722014.3302977957
744654.750134003
767683.8405345436
791074.8838463279
814802.0072923847
838840.1879400883
863165.4907938952
887755.246616014
912588.2011827853
937644.6388595436
962906.4018431858
988356.9685710616
1.0139814675504448e6
1.0397665695963795e6
1.0657005687107104e6
1.0917731959813335e6
1.1179756190815778e6
1.1443003168580742e6
1.1707410065411092e6
1.197292523228893e6
1.223950744515216e6
1.250712467174769e6
1.2775753299852666e6
1.3045377097555236e6
1.3315986525948173e6
1.358758153048946e6
1.3860151545754145e6
1.4133713809184106e6
1.4408273492819788e6
1.4683842895326852e6
1.4960436821707184e6
1.5238072394744381e6
1.5516768084461556e6
1.579654422519836e6
1.6077421912547254e6
1.6359423086520724e6
1.6642570259758167e6
1.6926886226327305e6
1.7212393963875454e6
1.7499116479955628e6
1.7787076626082426e6
1.807629704633708e6
1.8366800114231927e6
1.8658607596348317e6
1.8951741134640055e6
1.924622152703462e6
1.9542069582605676e6
1.9839304828493674e6
2.0137946724521383e6
2.0438013958493571e6
2.0739524650992085e6
2.1042496323918877e6
2.1346945926661054e6
2.1652889724677177e6
2.1960343492971347e6
2.2269322390534673e6
2.257984106481527e6
2.2891913510670075e6
2.320555327379925e6
2.3520773356246855e6
2.3837586237126426e6
2.4156003984751855e6
2.447603810075865e6
2.4797699677346023e6
2.512099939389499e6
2.5445947473265203e6
2.5772553777159713e6
2.6100827737589246e6
2.6430778440347016e6
2.6762414650826138e6
2.709574467079786e6
2.743077664344665e6
2.7767518281823695e6
2.810597708455357e6
2.8446160180253373e6
2.8788074466418885e6
2.9131726595320585e6
2.9477122973860404e6
2.9824269680844527e6
3.0173172712549e6
3.0523837751638894e6
3.087627028911823e6
3.123047563737388e6
3.1586458904328197e6
3.19442250112937e6
3.2303778723389884e6
3.2665124659055816e6
3.3028267220478016e6
3.3393210688149375e6
3.3759959211513386e6
3.4128516797101847e6
3.449888730875925e6
3.4871074492661543e6
3.5245081971984264e6
3.5620913247789843e6
3.5998571699846177e6
3.637806064104586e6
3.675938322938243e6
3.714254261041061e6
3.7527541725624558e6
3.7914383495601686e6
3.830307073550066e6
3.869360623253057e6
3.9085992535332358e6
3.94802323220829e6
3.9876328069069246e6
4.027428221641563e6
4.067409713376778e6
4.10757751282264e6
4.147931844012025e6
4.188472925790053e6
4.22920097034116e6
4.270116184456808e6
4.311218770008162e6
4.352508923115129e6
4.393986835564996e6