269198.0436399289
269143.4921430425
268998.3073798623
268763.2804487648
268439.67100783717
268029.2506093342
267534.25414468034
266957.4090964743
266301.8009177429
265571.43534163246
264769.95635524136
263902.3993756861
262973.50306803593
261988.83741637346
260954.32661899153
259876.3028588549
258761.49175756305
257617.0928035899
256450.66816886174
255270.19060609353
254083.99879634238
252900.83194092722
251729.79535840984
250580.3632185357
249462.36440335136
248385.98906669792
247361.77547068233
246400.6176349893
245513.73528799732
244712.70186384916
244009.42580170665
243416.15188486237
242945.46008253054
242610.26483044898
242423.81918857337
242399.69456964356
242551.82636555206
242894.4584753857
243442.18080902207
244209.91683440903
245212.91304875285
246466.74883625822
247987.32851400963
249790.86407719835
251893.87557672992
254313.17427238033
257065.84011400506
260169.2047215913
263640.8189595584
267498.4176929905
271759.8764634538
276443.16322437476
281566.2676316992
287147.1384382335
293203.59495905216
299753.23063128884
306813.0222645262
314400.62265549833
322531.3913002284
331221.07994687965
340484.2533235012
350334.40008657204
360783.75336576754
371843.1035593053
383521.61064996466
395826.6068680133
408763.43623991945
422335.2848980684
436543.01312432834
451385.05834302213
466857.3392103367
482953.20506509196
499663.41777341336
516976.20949990157
534877.3612247125
553350.3175552923
572376.406900028
591935.036065136
612003.9951336805
632559.685420135
653577.5127595463
675032.1673708011
696897.9614151495
719149.1642344067
741760.3069030679
764706.4525038621
787963.471545282
811508.2459345153
835318.8544291023
859374.7136949543
883656.6841528475
908147.1435558784
932830.0229132245
957690.7907118842
982716.4829315748
1.0078956019969704e6
1.0332180937911511e6
1.0586752630113729e6
1.0842596874470913e6
1.109965136403226e6
1.135786465593403e6
1.1617195316087191e6
1.1877610958852335e6
1.2139087230640254e6
1.240160716150334e6
1.2665160020618967e6
1.292974087163835e6
1.3195349455376458e6
1.3461990014705686e6
1.3729670132029941e6
1.3998400706598843e6
1.426819517275768e6
1.4539069014300779e6
1.4811039461017284e6
1.5084125151325068e6
1.5358345850088997e6
1.5633722036257526e6
1.5910274710000057e6
1.6188025507669535e6
1.6466996039263532e6
1.6747208031740296e6
1.702868310677329e6
1.731144272690983e6
1.7595508071971287e6
1.7880899983556583e6
1.8167638898775587e6
1.8455744830682245e6
1.8745237166364456e6
1.903613499582843e6
1.9328456708264719e6
1.9622220200906931e6
1.9917442795361283e6
2.021414127552236e6
2.051233182889507e6
2.0812030091505875e6
2.1113251178853167e6
2.1416009637443293e6
2.1720319460822176e6
2.2026194182787025e6
2.2333646740820967e6
2.264268971863687e6
2.295333507613358e6
2.326559439742604e6
2.3579478796868785e6
2.3894998958301856e6
2.4212165159547897e6
2.4530987269356856e6
2.4851474772436847e6
2.5173636801401414e6
2.5497482115760827e6
2.5823019148152117e6
2.6150255996735115e6
2.6479200461819004e6
2.6809860055776434e6
2.714224192873702e6
2.747635307450469e6
2.7812200154949627e6
2.8149789595791954e6
2.848912758284196e6
2.883022006875933e6
2.9173072810017294e6
2.9517691333627827e6
2.986408097465579e6
3.02122468760744e6
3.056219398347101e6
3.0913927140618325e6
3.1267450910672527e6
3.1622769774193326e6
3.1979888056597286e6
3.233880990789134e6
3.2699539360010265e6
3.30620803068461e6
3.3426436511971224e6
3.3792611622755383e6
3.416060916719536e6
3.453043255993931e6
3.490208520296966e6
3.5275570034532603e6
3.565089041998533e6
3.602804930962859e6
3.640704958601729e6
3.6787894122479786e6
3.7170585657968023e6
3.7555126864316626e6
3.794152035610383e6
3.8329768639688087e6
3.871987417205795e6
3.9111839332050425e6
3.9505666461776267e6
3.9901357806527163e6
4.0298915539002675e6
4.069834182734285e6
4.1099638744211053e6
4.1502808316568057e6
4.1907852520140004e6
4.23147732819161e6
4.272357247907113e6
4.313425194151502e6
4.354681345568629e6
4.396125876276521e6