19075.324540240603
19194.68579631584
19512.98922969929
20030.253161858112
20746.50708868228
21661.791291208254
22776.156307581536
24089.662275593015
25602.378160325912
27314.3808778191
29225.754334446887
31336.588401259927
33646.9778237713
36157.02112463649
38866.819457053454
41776.475510692995
44886.09238439848
48195.77247138084
51705.6167681767
55415.72327692306
59326.18677890554
63437.097719260084
67748.54157225377
72260.59823453103
76973.34151755949
81886.83874342636
87001.15041250049
92316.33003018297
97832.42394240417
103549.47131343215
109467.50417501011
115586.54752761252
121906.61955125337
128427.73182141347
135149.88961618685
142073.09224946343
149197.3334425146
156522.6017218686
164048.88083760702
171776.15019516478
179704.38529055417
187833.558154151
196163.63777903852
204694.5905535395
213426.38066665886
222358.97051003535
231492.32105347642
240826.3922032298
250361.143132013
260096.5325933171
270032.5192023484
280169.0616987566
290506.11918209336
301043.6513153529
311781.61851979647
322719.9821308789
333858.7045389008
345197.7493095872
356737.0812805431
368476.6666409841
380416.4729979567
392556.46941352147
404896.6264388815
417436.91614315164
430177.3121042694
443117.78941154433
456258.3246503471
469598.89588374074
483139.4826125435
496880.06575026916
510820.6275783362
524961.1517007479
539301.6229969533
553842.0275701137
568582.3526927019
583522.5867659803
598662.7192364304
614002.7405700997
629542.6421818084
645282.4163882581
661222.0563471043
677361.5560109203
693700.9100734278
710240.1139206509
726979.1635829819
743918.0556891968
761056.7874221154
778395.3564765762
795933.76102136
813671.9996544393
831610.0713767604
849747.9755497721
868085.7118668221
886623.2803225665
905360.6811839578
924297.914964063
943434.982397098
962771.8844161165
982308.6221314896
1.0020451968076915e6
1.0219816098496603e6
1.042117862784633e6
1.0624539572427776e6
1.0829898949474734e6
1.1037256776986532e6
1.1246613073642096e6
1.1457967858643858e6
1.1671321151656634e6
1.188667297269311e6
1.2104023342043255e6
1.2323372280191092e6
1.2544719807748445e6
1.2768065945391958e6
1.2993410713815703e6
1.3220754133673355e6
1.3450096225553926e6
1.3681437009902138e6
1.3914776507034737e6
1.4150114737076003e6
1.4387451719950591e6
1.4626787475346504e6
1.4868122022704133e6
1.5111455381199857e6
1.5356787569733832e6
1.5604118606909332e6
1.5853448511037617e6
1.6104777300120795e6
1.6358104991834539e6
1.6613431603589715e6
1.687075715240171e6
1.7130081655018358e6
1.7391405127853728e6
1.7654727586999796e6
1.7920049048231111e6
1.8187369527011404e6
1.8456689038482402e6
1.872800759748209e6
1.9001325218536523e6
1.927664191590107e6
1.9553957703451281e6
1.9833272594885165e6
2.0114586603538743e6
2.039789974248866e6
2.0683212024526154e6
2.0970523462189739e6
2.125983406774156e6
2.1551143853192953e6
2.1844452830296652e6
2.2139761010560575e6
2.243706840525416e6
2.273637502541851e6
2.3037680881849616e6
2.334098598513481e6
2.3646290345635386e6
2.3953593973502945e6
2.426289687868288e6
2.45741990709172e6
2.4887500559752528e6
2.520280135454556e6
2.552010146445983e6
2.5839400898479214e6
2.616069966542159e6
2.648399777391846e6
2.6809295232423404e6
2.713659204927311e6
2.746588823259944e6
2.779718379038799e6
2.81304787304859e6
2.8465773060573936e6
2.880306678820922e6
2.914235992079386e6
2.948365246560252e6
2.9826944429772585e6
3.0172235820313795e6
3.0519526644102233e6
3.086881690790208e6
3.122010661835231e6
3.1573395781972017e6
3.192868440292271e6
3.2285972494147224e6
3.264526005526688e6
3.300654709451599e6
3.336983361787946e6
3.3735119631229937e6
3.410240514033702e6
3.4471690150882546e6
3.4842974668450477e6
3.5216258698531045e6
3.559154224652471e6
3.596882531774517e6
3.634810791741783e6
3.67293900506863e6
3.7112671722610965e6
3.7497952938161353e6
3.788523370224891e6
3.8274514019682286e6
3.866579389523808e6
3.905907333356018e6
3.9454352339258967e6
3.985163091686627e6