19152.594484256217
19271.34665840055
19588.032239249515
20102.686827692363
20815.367743178736
21726.15327454463
22835.141663458315
24142.449838127417
25648.211924977644
27352.577559057347
29255.710029055685
31357.78429877748
33658.984898317634
36159.50379743094
38859.53819167921
41759.288372108
44858.95553805708
48158.739764151454
51658.837949587076
55359.442206309905
59260.73773381609
63362.901649789725
67666.10143165085
72170.49375873215
76876.22351502765
81783.42292824299
86892.21102585181
92202.69315022035
97714.96069643088
103429.0910352843
109345.14757119364
115463.17998929901
121783.2245667865
128305.30465399256
135029.4312353202
141955.6035766339
149083.80994857015
156414.0283969357
163946.22755913966
171680.3675062356
179616.40059860278
187754.2723449431
196093.9222554731
204635.2846772942
213378.2896047904
222322.86346049004
231468.92983990104
240816.41021089742
250365.22457627428
260115.29208198976
270066.5315782458
280218.862137074
290572.2035175014
301126.47656953894
311881.60361789167
322837.5087669594
333994.1181920716
345351.36036562023
356909.1662514721
368667.46946664026
380626.2064101328
392785.3163337528
405144.74142734695
417704.4268470229
430464.3207165714
443424.37413820357
456584.54114866885
469944.77868489904
483505.04651949427
497265.30719654117
511225.52594880166
525385.6706091621
539745.7115173442
554305.6214665007
569065.3753585764
584024.9505835453
599184.326424394
614543.4841906428
630102.4070636411
645861.0799949707
661819.4895877342
677977.6240056825
694335.4728675141
710893.0271503492
727650.2790962753
744607.2221210052
761763.8507272247
779120.1604216062
796676.1476401994
814431.8096602277
832387.1445488682
850542.1510794203
868896.8286755192
887451.1773510514
906205.1976521981
925158.8906074421
944312.2576777005
963665.3006429058
983218.0219061436
1.0029704237649355e6
1.0229225090518626e6
1.0430742807793119e6
1.063425742160318e6
1.0839768965876047e6
1.1047277476032386e6
1.125678298881899e6
1.1468285541997957e6
1.1681785174058226e6
1.189728192484085e6
1.211477583370512e6
1.2334266941059662e6
1.2555755287383918e6
1.2779240913287785e6
1.3004723859391515e6
1.3232204166243463e6
1.3461681874243314e6
1.3693157023521569e6
1.3926629653938294e6
1.4162099804973733e6
1.439956751571294e6
1.4639032824771714e6
1.4880495770274014e6
1.512395638982641e6
1.536941472048565e6
1.561687079872487e6
1.5866324660442285e6
1.6117776340924278e6
1.6371225874835518e6
1.6626673296233562e6
1.688411863853387e6
1.7143561934530137e6
1.7405003216385054e6
1.7668442515626776e6
1.793387986316011e6
1.820131528927772e6
1.8470748823640796e6
1.8742180495314342e6
1.9015610332748622e6
1.9291038363864066e6
1.9568464615834497e6
1.9847889115485058e6
2.0129311888930474e6
2.0412732961769495e6
2.0698152359067504e6
2.098557010535242e6
2.1274986224643383e6
2.156640074044983e6
2.185981367578169e6
2.2155225053166454e6
2.245263489466373e6
2.2752043221885725e6
2.305345005596356e6
2.335685541761953e6
2.3662259327132823e6
2.3969661804371425e6
2.427906286879772e6
2.4590462539478065e6
2.4903860835093954e6
2.521925777395493e6
2.5536653373992294e6
2.58560476527839e6
2.617744062758681e6
2.650083231484033e6
2.6826222732422412e6
2.715361189530511e6
2.748299981985061e6
2.7814386521675037e6
2.814777201613173e6
2.8483156318247435e6
2.882053944280508e6
2.91599214042855e6
2.950130221691822e6
2.9844681894665533e6
3.0190060451238714e6
3.053743790008812e6
3.0886814254443143e6
3.1238189527292354e6
3.1591563731380254e6
3.1946936876918226e6
3.230430898301703e6
3.26636800551397e6
3.30250501073224e6
3.3388419151269197e6
3.375378719846594e6
3.4121154260195205e6
3.4490520347568514e6
3.4861885471506184e6
3.5235249642744623e6
3.561061287184339e6
3.5987975169195505e6
3.6367336545017324e6
3.6748697009367254e6
3.713205657214051e6
3.751741524305395e6
3.7904773031711467e6
3.8294129947515177e6
3.868548599980523e6
3.907884119766102e6
3.947419555019752e6
3.9871549065974243e6