19030.33196747709
19150.048851692787
19469.296879418805
19988.084201186415
20706.423937767308
21624.334005845143
22741.83688159901
24058.9593064316
25575.73194139352
27292.188975268247
29208.36769516942
31324.308028381332
33640.05205581592
36155.64352040991
38871.127322613465
41786.54902276103
44901.95434834741
48217.38869513951
51732.89681933854
55448.522129635894
59364.30659118366
63480.290226127385
67796.51083709845
72313.00373935369
77029.80153832101
81946.9339519715
87064.42766663963
92382.30626308243
97900.59014479669
103619.296532788
109538.43948675343
115658.02995887725
121978.07587778584
128498.58225617552
135219.55132501625
142140.98268196025
149262.87345698138
156585.21848980218
164108.01051551252
171831.24035574647
179754.89711273287
187878.96836323492
196203.44035102564
204728.29817410102
213453.52596820687
222379.10708044027
231505.02423621656
240831.2596973518
250357.79540676042
260084.61312705866
270011.694564312
280139.0214834023
290466.57581136766
300994.3397271192
311722.2957467478
322650.42679212906
333778.71625310834
345107.14803899114
356635.7066223314
368364.3770731288
380293.1450880339
392421.9970055488
404750.9198249787
417279.9012113404
430008.9294987245
442937.99368773366
456067.0834397817
469396.1890658255
482925.30151543807
496654.41235876014
510583.513770356
524712.5985083674
539041.6598938208
553570.6917876868
568299.6885682247
583228.6451071282
598357.5567444313
613686.419264839
629215.2288757304
644943.982178337
660872.6761482725
677001.3081111159
693329.8757197886
709858.37693296
726586.8099937106
743515.173409676
760643.4659330165
777971.6865421896
795499.8344246364
813227.908958959
831155.9096996355
849283.8363620057
867611.6888075732
886139.4670313481
904867.1711485526
923794.801383366
942922.3580577159
962249.8415815565
981777.2524433163
1.0015045911996333e6
1.0214318584694671e6
1.0415590549254627e6
1.0618861812865925e6
1.0824132383126728e6
1.1031402267975775e6
1.1240671475653565e6
1.1451940014632833e6
1.1665207893592024e6
1.188047512136431e6
1.2097741706906375e6
1.2317007659261916e6
1.2538272987531922e6
1.2761537700847043e6
1.29868018083464e6
1.3214065319153457e6
1.3443328242359473e6
1.3674590586998854e6
1.3907852362046477e6
1.4143113576393733e6
1.4380374238845136e6
1.4619634358096712e6
1.4860893942743198e6
1.5104153001256078e6
1.5349411541994305e6
1.559666957317461e6
1.5845927102893135e6
1.60971841391065e6
1.635044068963303e6
1.6605696762155269e6
1.6862952364210968e6
1.712220750319931e6
1.7383462186377344e6
1.764671642086103e6
1.7911970213624693e6
1.8179223571506434e6
1.8448476501202157e6
1.87197290092735e6
1.8992981102144474e6
1.9268232786119923e6
1.954548406733446e6
1.9824734951852101e6
2.010598544556589e6
2.0389235554261664e6
2.0674485283596953e6
2.0961734639119273e6
2.1250983626251677e6
2.1542232250307905e6
2.183548051648711e6
2.2130728429880342e6
2.2427975995473154e6
2.2727223218150334e6
2.302847010268823e6
2.333171665377049e6
2.3636962875983096e6
2.3944208773815953e6
2.42534543516702e6
2.4564699613856305e6
2.487794456459851e6
2.5193189208037043e6
2.551043354822689e6
2.5829677589143477e6
2.6150921334688575e6
2.647416478868217e6
2.679940795486523e6
2.712665083692431e6
2.745589343846601e6
2.7787135763016813e6
2.8120377814051667e6
2.845561959497033e6
2.8792861109117186e6
2.913210235976836e6
2.947334335014352e6
2.98165840834017e6
3.0161824562645326e6
3.050906479091791e6
3.085830477121332e6
3.12095445064701e6
3.156278399957379e6
3.1918023251160285e6
3.2275262270577303e6
3.263450105403812e6
3.2995739606394195e6
3.335897793029466e6
3.372421602833916e6
3.409145390308128e6
3.4460691557037258e6
3.483192899267795e6
3.5205166212433917e6
3.558040321869616e6
3.5957640013816818e6
3.6336876600109083e6
3.6718112979850057e6
3.710134915527997e6
3.7486585128598823e6
3.7873820901980954e6
3.8263056477555283e6
3.865429185743636e6
3.90475270436802e6
3.9442762038328e6
3.9839996843385813e6