19662.93825282916
19777.72278894265
20083.867882197657
20581.517419580814
21270.903196867985
22152.342069041915
23226.232076022054
24493.047604233914
25953.333675594804
27607.699454102258
29456.811067387178
31501.38389028549
33742.174379437056
36179.97162830779
38815.588544510276
41649.8535367797
44683.60169400804
47917.66567409935
51352.869346936495
54990.01831219866
58829.89361914657
62873.24492421663
67120.78467659056
71573.18261258586
76231.0614590102
81094.9930400058
86165.49532299214
91443.03004086897
96928.00139325856
102620.75516564056
108521.57849139244
114630.70060727235
120948.29378695424
127474.47505796775
134209.30828029406
141152.80666096287
148304.9355941054
155665.61578452442
163234.72658521682
171012.10949107062
178997.57173030343
187190.8899107539
195591.8136509449
204200.0691908132
213015.36289667204
222037.38467314898
231265.81122206195
240700.30914075815
250340.53783674556
260186.15222504328
270236.80532330746
280492.1503923621
290951.8432055719
301615.5437746506
312482.9180983725
323553.6395922155
334827.3903325697
346303.86215811456
357982.757536232
369863.7902981839
381946.68625351484
394231.1835068093
406717.0328632806
419403.99795781693
432291.855322993
445380.3943680704
458669.4172750423
472158.738788313
485848.1859954975
499737.5980013604
513826.825600832
528115.7308653165
542604.1867472102
557292.0766433298
572179.2939127212
587265.7414366687
602551.3311473553
618035.9835129221
633719.6271087829
649602.198123963
665683.6399057454
681963.902504037
698442.9422342886
715120.7212544966
731997.207150555
749072.3725405949
766346.1947040947
783818.6552078378
801489.7395767823
819359.4369619305
837427.7398222507
855694.6436565574
874160.1467063724
892824.2497933727
911686.9556933993
930748.2696550481
950008.1984562356
969466.750571787
989123.935944485
1.0089797657641198e6
1.0290342523552205e6
1.0492874090363157e6
1.06973924996451e6
1.0903897900310764e6
1.1112390447413046e6
1.1322870301191208e6
1.1535337626423533e6
1.1749792591004714e6
1.196623536585698e6
1.2184666123260043e6
1.2405085037446162e6
1.2627492283294005e6
1.285188803599129e6
1.307827247064302e6
1.3306645761775146e6
1.3537008083071837e6
1.376935960703692e6
1.4003700504715147e6
1.424003094543718e6
1.447835109669017e6
1.4718661123838054e6
1.4960961190028354e6
1.5205251456049678e6
1.5451532080263041e6
1.5699803218422504e6
1.5950065023744446e6
1.620231764672272e6
1.645656123517594e6
1.6712795934176045e6
1.6971021886039982e6
1.7231239230340247e6
1.7493448103893844e6
1.775764864088253e6
1.8023840972549263e6
1.829202522762816e6
1.8562201532123403e6
1.883437000938479e6
1.9108530780178406e6
1.9384683963847836e6
1.9662829672854603e6
1.994296802368172e6
2.0225099126089467e6
2.0509223088495117e6
2.0795340017057285e6
2.1083450015615174e6
2.1373553185819015e6
2.16656496271566e6
2.1959739436930297e6
2.2255822710412717e6
2.2553899540882846e6
2.2853970019655847e6
2.315603423603491e6
2.346009227755208e6
2.3766144229858504e6
2.4074190176844094e6
2.438423020066509e6
2.4696264381796354e6
2.501029279906639e6
2.532631552972114e6
2.564433264897265e6
2.5964344231749107e6
2.6286350350404046e6
2.661035107615046e6
2.6936346479292065e6
2.726433662742647e6
2.7594321588115725e6
2.7926301427203147e6
2.8260276209290028e6
2.8596245997748477e6
2.8934210854734797e6
2.9274170841246424e6
2.961612601718875e6
2.99600764413029e6
3.0306022171280477e6
3.065396326375356e6
3.100389977214245e6
3.135583175526471e6
3.1709759264732227e6
3.206568235330987e6
3.242360107497315e6
3.2783515476248255e6
3.314542560917698e6
3.350933152286603e6
3.3875233265659297e6
3.424313088498273e6
3.461302442748732e6
3.4984913939057635e6
3.53587994647983e6
3.5734681049069334e6
3.611255873550457e6
3.649243256702359e6
3.687430258587053e6
3.7258168833540827e6
3.764403135093076e6
3.803189017825309e6
3.842174535504042e6
3.8813596920457166e6
3.9207444912621872e6
3.9603289369362267e6
4.0001130327856727e6