19534.677304403333
19650.449748455343
19959.2195877322
20461.104432760607
21156.29372313842
22045.04636261939
23127.687505354217
24404.60454418513
25876.242384623205
27543.098062652563
29405.714817292945
31464.675731590265
33720.59696923837
36174.12083080043
38825.908611570536
41676.633565759636
44726.97377213851
47977.605225837004
51429.19536319946
55082.39673101411
58937.84119683026
62996.134554963035
67257.8518715625
71723.53306273995
76393.67947387547
81268.75080272753
86349.16276478619
91635.28533838355
97127.44167540454
102825.90744402481
108730.91097389962
114842.6336276721
121161.21083407568
127686.7334634499
134419.2495829342
141358.76653555513
148505.25328040452
155858.6429471426
163418.83555782604
171185.70086534432
179159.08126503805
187338.794733
195724.6377718073
204316.38829672418
213113.8084651513
222116.64740682038
231324.6438416495
240737.5285451322
250355.02669317336
260176.86000492843
270202.74881667434
280432.4137811092
290865.5776807246
301501.9668079729
312341.31232822326
323383.35144268174
334627.82836658915
346074.4951956909
357723.1126010255
369573.4504113834
381625.288090436
393878.4149865685
406332.6306703637
418987.7450179611
431843.57825759763
444899.9609647223
458156.7339698628
471613.74818875873
485270.86444821255
499127.95322132745
513184.8943686613
527441.5768010326
541897.8981738186
556553.7645095104
571409.0898777607
586463.7959477454
601717.8116839377
617171.0729103456
632823.5219596876
648675.1073053693
664725.7831530262
680975.509115088
697424.2498417271
714071.9746862382
730918.6573714892
747964.2756728361
765208.8111246706
782652.2487110365
800294.5766110199
818135.7859269475
836175.8704314303
854414.8263481364
872852.6521202652
891489.3482121093
910324.9169047051
929359.3621261999
948592.6892765973
968024.905073894
987656.0174216259
1.0074860352379285e6
1.0275149683590063e6
1.0477428274310966e6
1.0681696237794175e6
1.0887953693305322e6
1.1096200765086974e6
1.1306437581766457e6
1.151866427514234e6
1.1732880980415053e6
1.1949087834738595e6
1.2167284976435064e6
1.2387472545598e6
1.2609650682798002e6
1.283381952893601e6
1.3059979224854158e6
1.3288129910995718e6
1.3518271727168208e6
1.375040481220813e6
1.3984529303869875e6
1.4220645338523765e6
1.4458753051088136e6
1.4698852574797962e6
1.494094404112693e6
1.518502757966389e6
1.5431103318069319e6
1.5679171381918925e6
1.5929231894760642e6
1.6181284977966705e6
1.6435330750762739e6
1.6691369330184844e6
1.694940083105241e6
1.7209425365987727e6
1.7471443045388942e6
1.773545397757189e6
1.800145826846818e6
1.8269456021997244e6
1.8539447339889247e6
1.8811432321741679e6
1.9085411065075642e6
1.9361383665404955e6
1.9639350216153546e6
1.991931080881824e6
2.0201265532920707e6
2.0485214476050348e6
2.0771157724536494e6
2.1059095360599547e6
2.1349027468053023e6
2.1640954126746776e6
2.193487541530367e6
2.223079141073743e6
2.2528702188418973e6
2.282860782218393e6
2.3130508384215897e6
2.3434403945280197e6
2.374029457461265e6
2.404818034004995e6
2.4358061308022104e6
2.466993754359409e6
2.498380911051327e6
2.5299676071250276e6
2.5617538486956973e6
2.593739641717807e6
2.62592499215583e6
2.6583099057297846e6
2.690894388135176e6
2.7236784448236907e6
2.7566620812690244e6
2.789845302796958e6
2.8232281146359835e6
2.8568105219094884e6
2.8905925296501336e6
2.924574142790446e6
2.9587553661806965e6
2.993136204571796e6
3.027716662633295e6
3.062496744947307e6
3.097476455807074e6
3.132655800029656e6
3.168034781764916e6
3.203613405278627e6
3.239391674998384e6
3.2753695945885433e6
3.3115471683096755e6
3.3479244001389192e6
3.3845012939839754e6
3.4212778536865646e6
3.4582540830219183e6
3.4954299857066544e6
3.532805565390487e6
3.570380825665362e6
3.608155770063455e6
3.6461304020604677e6
3.684304725074753e6
3.722678742467914e6
3.761252457550428e6
3.8000258735794276e6
3.838998993752526e6
3.878171821244305e6
3.9175443591404073e6
3.957116610503912e6
3.996888578345375e6