19029.46631926448
19149.190052647828
19468.456272428142
19987.272932656793
20705.65283779087
21623.6134725397
22741.176771111335
24058.368829991727
25575.219570652247
27291.762357032858
29208.033576441492
31324.07219239413
33639.91926975624
36155.61749496097
38871.2106836343
41786.74329494669
44902.259950765205
48217.80494881526
51733.42196221539
55449.153348770196
59365.04005716153
63481.12113964079
67797.43348223543
72314.01154340975
77030.88713704381
81948.0892591596
87065.64394728518
92383.57420837432
97901.89994891065
103620.63796986875
109539.80198744165
115659.40268558859
121979.44779800749
128499.94221320085
135220.88810546926
142142.2850797594
149264.13033331715
156586.4188288389
164109.14347560855
171832.2953160526
179755.86371509376
187879.83654939182
196204.20039515055
204728.94071078853
213454.04201600302
222379.48806116445
231505.2619902001
240831.3464948538
250357.7239558413
260084.37657808786
270011.28651145427
280138.43596329226
290465.8072992626
300993.3831308615
311721.14639864507
322649.08043915837
333777.16904559825
345105.3965180466
356633.7477061863
368362.2080426602
380290.7635715613
392419.4009632573
404748.1075328789
417276.8712451032
430005.68071746547
442934.5252176882
456063.3946584533
469392.27958606835
482921.17116997397
496650.0611850973
510578.9419961006
524707.8065370412
539036.6482911806
553565.4612686022
568294.2399841062
583222.9794339342
598351.6750712876
613680.3227832307
629208.9188692311
644937.4600130382
660865.9432636858
676994.3660116706
693322.7259668768
709851.02113751
726579.2498092769
743507.4105260128
760635.502070138
777963.5234448743
795491.4738573519
813219.3527012195
831147.1595417311
849274.894101098
867602.556244146
886130.1459659665
904857.6633789472
923785.1087017864
942912.4822485609
962239.7844192374
981767.0156903542
1.0014941766050039e6
1.0214212677670906e6
1.0415482898329016e6
1.0618752435039305e6
1.082402129521521e6
1.1031289486602547e6
1.1240557017241563e6
1.1451823895399114e6
1.166509012954279e6
1.1880355728291194e6
1.209762070038344e6
1.2316885054643569e6
1.2538148799951526e6
1.2761411945216234e6
1.2986674499354875e6
1.3213936471269382e6
1.3443197869830276e6
1.3674458703852629e6
1.3907718982093416e6
1.414297871322819e6
1.4380237905845935e6
1.4619496568436984e6
1.4860754709382067e6
1.5104012336948856e6
1.5349269459293422e6
1.559652608443309e6
1.5845782220267516e6
1.6097037874560244e6
1.635029305493987e6
1.6605547768902527e6
1.6862802023803066e6
1.7122055826861127e6
1.7383309185157693e6
1.7646562105636087e6
1.791181459510141e6
1.8179066660225876e6
1.8448318307542969e6
1.8719569543455124e6
1.8992820374230528e6
1.9268070806021094e6
1.9545320844812621e6
1.9824570496522016e6
2.010581976689944e6
2.038906866159034e6
2.0674317186115063e6
2.0961565345886569e6
2.125081314619636e6
2.1542060592229352e6
2.1835307689058594e6
2.213055444165164e6
2.2427800854873178e6
2.272704693348953e6
2.3028292682161205e6
2.3331538105458287e6
2.3636783207855583e6
2.3944027993734055e6
2.425327246738818e6
2.45645166330239e6
2.487776049476304e6
2.5193004056645413e6
2.5510247322627697e6
2.5829490296588955e6
2.6150732982336325e6
2.647397538359722e6
2.679921750402187e6
2.712645934720749e6
2.7455700916673187e6
2.778694221585999e6
2.8120183248158596e6
2.845542401688637e6
2.879266452530657e6
2.913190477661595e6
2.9473144773956095e6
2.9816384520409447e6
3.0161624019003287e6
3.0508863272707285e6
3.0858102284442764e6
3.120934105707703e6
3.156257959342569e6
3.1917817894056784e6
3.227505596824877e6
3.2634293812149335e6
3.299553143054487e6
3.3358768826020267e6
3.372400600111209e6
3.4091242958312137e6
3.4460479700075584e6
3.48317162288134e6
3.5204952546897316e6
3.55801886566603e6
3.595742456039748e6
3.6336660260366034e6
3.671789575878784e6
3.710113105784883e6
3.7486366159695704e6
3.7873601066450113e6
3.8262835780189335e6
3.8654070302976714e6
3.904730463681844e6
3.9442538783706203e6
3.9839772745597456e6