78014.32568710271
78017.04245406485
78024.64537115474
78038.11102093357
78059.02531446124
78089.58186334957
78132.57912390944
78191.41524655322
78270.1010595267
78373.22129386241
78505.9720584024
78674.12700994089
78884.02464345118
79142.65036023091
79457.45193506728
79836.51587233765
80288.45596572603
80822.47081593264
81448.24965564121
82176.05006582421
83016.61378484679
83981.32140232559
85081.86922901121
86330.57152528196
87740.18534172152
89323.93150228847
91095.47115319647
93068.88778902468
95258.66127465392
97679.64243448628
100347.01530551063
103276.26197865282
106483.1213455803
109983.53221537909
113793.58140788577
117929.43473479827
122407.26385769207
127243.16102124518
132453.04696818447
138052.56651354194
144056.97592118228
150481.01926908
157338.79717372786
164643.62732912722
172407.89953178755
180642.92584873116
189358.79193817973
198564.20811945677
208266.3672605453
218470.8164919816
229181.33659415168
240399.84886461945
252126.33766224468
264358.80766596645
277093.2677325015
290323.7506844775
304042.3674433413
318239.3962000661
332903.404702939
348021.4075008408
363579.04587098805
379560.7944833505
395950.1817304579
412730.0196682159
429882.6450615319
447390.1441752224
465234.579376674
483398.177163366
501863.62132343533
520614.01180820214
539633.2177477553
558905.8924239622
578417.581861133
598154.79788741
618105.0598475018
638256.9161074127
658599.9514174173
679124.7729599453
699822.9823576654
720687.1432209683
741710.7304233158
762888.080739521
784214.3355233775
805685.3867424428
827297.7962258394
849048.7749353101
870936.0871960612
892958.0121291765
915113.2868614346
937401.057957951
959820.8227739574
982372.4066318814
1.0050559020676517e6
1.0278716415274837e6
1.050820162404059e6
1.0739021727713116e6
1.0971185336783736e6
1.1204702211827862e6
1.1439583151308764e6
1.1675839748905625e6
1.1913484238264211e6
1.2152529328181986e6
1.2392988118484528e6
1.2634873887080306e6
1.2878200101131059e6
1.312298026894952e6
1.3369227880091472e6
1.3616956338426038e6
1.3866178941161982e6
1.4116908783240528e6
1.4369158751964683e6
1.4622941511984034e6
1.487826944964217e6
1.5135154668558664e6
1.5393608985611058e6
1.5653643898226004e6
1.5915270594544145e6
1.6178499943525773e6
1.6443342497007893e6
1.6709808480082618e6
1.6977907804988893e6
1.7247650067206707e6
1.7519044538268773e6
1.779210022211956e6
1.8066825781523485e6
1.8343229617082363e6
1.8621319829906882e6
1.890110424871664e6
1.9182590446228066e6
1.9465785691478332e6
1.9750697049189417e6
2.0037331325728905e6
2.0325695087439276e6
2.0615794680228846e6
2.0907636227617937e6
2.1201225638325633e6
2.1496568630494876e6
2.1793670719449106e6
2.2092537229475593e6
2.2393173313118927e6
2.26955839442792e6
2.2999773933057426e6
2.3305747927042795e6
2.3613510421404634e6
2.3923065767143304e6
2.4234418171898792e6
2.454757170925867e6
2.4862530320553714e6
2.5179297821364184e6
2.549787791363541e6
2.581827417478659e6
2.6140490081615103e6
2.646452900002029e6
2.679039419995073e6
2.711808883256098e6
2.7447615987778897e6
2.77789786454746e6
2.8112179699707665e6
2.844722196957677e6
2.878410818482767e6
2.912284100386958e6
2.946342300864599e6
2.9805856718451767e6
3.0150144585450343e6
3.049628897036724e6
3.0844292189623057e6
3.1194156506273793e6
3.1545884112367267e6
3.1899477148638703e6
3.225493771873959e6
3.261226781257062e6
3.297146944300265e6
3.333254453334902e6
3.3695494970632936e6
3.4060322560503413e6
3.4427029169190438e6
3.479561651833326e6
3.5166086353032137e6
3.5538440275334287e6
3.591267995862965e6
3.62888069955604e6
3.666682295068797e6
3.7046729349464406e6
3.7428527687834385e6
3.781221939849151e6
3.8197805970487553e6
3.858528876341455e6
3.8974669145991025e6
3.936594846995994e6
3.975912804837202e6
4.015420915604033e6
4.0551193056041426e6
4.0950080983214066e6
4.1350874145368463e6
4.1753573729883754e6
4.215818088083366e6
4.256469676802678e6
4.297312249157067e6
4.338345914921163e6
4.3795707813409865e6