19035.13471860686
19154.813607253207
19473.960714906003
19992.585281655614
20710.7021823745
21628.33172925294
22745.499403999245
24062.235524490796
25578.574853291822
27294.55615364884
29210.221702986208
31325.61677377546
33640.78908222074
36155.78823112094
38870.66513807018
41785.47147139786
44900.25909158813
48215.079485555965
51729.98341795259
55445.0201275352
59360.237218878974
63475.680095410426
67791.39164564078
72307.41193910541
77023.77797374083
81940.52347407037
87057.6787273338
92375.27049918543
97893.32195206985
103611.85263888875
109530.87852667828
115650.41205729713
121970.4622419895
128491.03478502602
135212.13223204785
142133.75414186082
149255.89727235422
156578.55578200315
164101.72144034615
171825.3838447986
179749.53064076343
187874.1477416342
196199.21954684146
204724.72915604906
213450.65857382087
222376.98891027746
231503.70056878196
240830.77342572017
250358.1869947716
260085.9205843929
270013.9534379754
280142.2648651519
290470.8343590316
300999.6416980468
311728.6670428434
322657.8910141915
333787.29476362636
345116.8600319122
356646.5691987918
368376.4053218342
380306.3521696081
392436.39423899434
404766.51677666657
417296.705784737
430026.948024605
442957.2310138782
456087.54302030895
469417.873048617
482948.2108282993
496678.54679311806
510608.87206277467
524739.1784192598
539069.4582833687
553599.7046886683
568329.9112544585
583260.072165334
598390.1821294292
613720.236364832
629250.2305679817
644980.1608822485
660910.0238759838
677039.8165145253
693369.5361347975
709899.1804206657
726628.747378747
743558.2353158722
760687.642816359
778016.9687213125
795546.2121089908
813275.3722745602
831204.4487127735
849333.4411008977
867662.3492820611
886191.1732508742
904919.913138348
923848.56919912
942977.1417987334
962305.6314026061
981834.0385651899
1.0015623639183231e6
1.0214906081645432e6
1.0416187720673006e6
1.0619468564425947e6
1.0824748621527595e6
1.1032027900987654e6
1.1241306412157891e6
1.145258416465382e6
1.1665861168323997e6
1.1881137433192483e6
1.20984129694234e6
1.2317687787279447e6
1.2538961897088254e6
1.2762235309210997e6
1.2987508034018346e6
1.3214780081863066e6
1.3444051463061487e6
1.3675322187865057e6
1.3908592266457772e6
1.4143861708928773e6
1.4381130525268551e6
1.4620398725344401e6
1.486166631890873e6
1.5104933315573859e6
1.535019972482448e6
1.5597465555983488e6
1.5846730818238244e6
1.6097995520615724e6
1.6351259671987288e6
1.6606523281069861e6
1.686378635641602e6
1.7123048906421084e6
1.738431093931906e6
1.7647572463183848e6
1.7912833485928576e6
1.8180094015311815e6
1.8449354058930774e6
1.8720613624230232e6
1.899387271849885e6
1.9269131348890027e6
1.9546389522363988e6
1.982564724580081e6
2.0106904525886688e6
2.0390161369201918e6
2.0675417782117603e6
2.096267377097549e6
2.125192934191247e6
2.154318450095728e6
2.183643925400864e6
2.213169360684257e6
2.2428947565115453e6
2.2728201134369243e6
2.302945432002291e6
2.3332707127390252e6
2.363795956167421e6
2.3945211627968666e6
2.425446333126691e6
2.456571467645924e6
2.4878965668338155e6
2.5194216311600814e6
2.551146661084768e6
2.583071657058894e6
2.6151966195251173e6
2.64752154891682e6
2.68004644565842e6
2.712771310168156e6
2.7456961428551986e6
2.778820944119625e6
2.8121457143556704e6
2.8456704539490375e6
2.8793951632791418e6
2.9133198427176564e6
2.9474444926298507e6
2.9817691133741112e6
3.0162937053024094e6
3.0510182687600213e6
3.085942804086598e6
3.1210673116155122e6
3.1563917916741227e6
3.1919162443636744e6
3.227640670657325e6
3.2635650702128005e6
3.2996894435513825e6
3.3360137909736014e6
3.372538112774382e6
3.409262409243422e6
3.4461866806661724e6
3.483310927322949e6
3.5206351494894954e6
3.5581593474370562e6
3.595883521432469e6
3.633807671738163e6
3.67193179861246e6
3.710255902309504e6
3.7487799830788854e6
3.7875040411672634e6
3.826428076816154e6
3.8655520902654496e6
3.90487608174839e6
3.9444000514965425e6
3.9841239997374793e6