20030.00122528917
20141.994332340153
20440.722057526997
20926.40012281642
21599.376179266605
22460.125718902018
23509.246498114786
24747.45158786745
26175.561117078178
27794.492877089942
29605.251916815643
31608.91929065337
33806.640108066764
36199.61110630489
38789.06786371955
41576.27190070227
44562.49789849994
47749.02097020344
51137.10444960181
54727.98813632592
58522.87729418259
62522.93239673234
66729.25975921427
71142.90325139249
75764.83696136707
80595.95905859198
85637.08673320714
90888.95229906129
96352.20048731231
102027.38655287909
107914.97603718386
114015.34481419329
120328.78054595494
126855.48486079896
133595.576223502
140549.09356123206
147716.00041984406
155096.18961086363
162689.4882322859
170495.6629892296
178514.42570494505
186745.4389423449
195188.32168010532
203842.65492866118
212707.98728585686
221783.84028009302
231069.71357367848
240565.0898867488
250269.4396464208
260182.22532792075
270302.9056337614
280630.938902023
291165.78679990914
301906.9171585896
312853.80674015183
324005.9436092004
335362.8291527831
346923.9798762945
358688.92882829485
370657.2268204562
382828.44336667797
395202.16736480105
407778.0076252748
420555.59315200517
433534.5732816758
446714.6176441795
460095.41599430685
473676.6779720016
487458.13261323806
501439.5279655665
515620.6305089516
530001.224481967
544581.1114243069
559360.1091208296
574338.0512245435
589514.7863354936
604890.1772985053
620464.1004106116
636236.4447036948
652207.1111812174
668376.0120580097
684743.0701795196
701308.2180482986
718071.3974332307
735032.5585708563
752191.6595698418
769548.6658180824
787103.5493998441
804856.2885699989
822806.8672280841
840955.2744318735
859301.5039462624
877845.5538045934
896587.4259197963
915527.125689929
934664.6616461442
954000.045144753
973533.2900262596
993264.4123961687
1.0131934302699257e6
1.0333203633993777e6
1.053645233070123e6
1.0741680618166586e6
1.09488887329236e6
1.115807692071149e6
1.1369245435663217e6
1.1582394537614968e6
1.1797524491734898e6
1.201463556733328e6
1.2233728035835575e6
1.2454802171235094e6
1.267785824829452e6
1.2902896542207652e6
1.3129917327492894e6
1.3358920877860896e6
1.3589907465412198e6
1.3822877360135247e6
1.4057830829682825e6
1.4294768138820862e6
1.4533689549295516e6
1.4774595319368637e6
1.5017485703841213e6
1.5262360953368393e6
1.5509221315170436e6
1.5758067031946646e6
1.600889834250433e6
1.626171548125314e6
1.6516518678340276e6
1.677330815959807e6
1.7032084146436225e6
1.7292846855956083e6
1.755559650086706e6
1.7820333289753203e6
1.8087057426552235e6
1.8355769111219598e6
1.8626468539455978e6
1.8899155902778015e6
1.9173831388588697e6
1.9450495180407958e6
1.9729147457732768e6
2.0009788396179792e6
2.0292418167619864e6
2.0577036939858766e6
2.0863644878204726e6
2.1152242142771212e6
2.1442828891293174e6
2.1735405277964408e6
2.202997145316699e6
2.2326527564720884e6
2.26250737568844e6
2.29256101709424e6
2.3228136945182243e6
2.3532654214985142e6
2.3839162112894664e6
2.4147660768479374e6
2.445815030898266e6
2.4770630859220168e6
2.5085102539291694e6
2.540156547064485e6
2.5720019769443693e6
2.6040465550193707e6
2.636290292531837e6
2.6687332004782297e6
2.7013752897030637e6
2.7342165706702573e6
2.767257053814522e6
2.800496749292265e6
2.833935667079839e6
2.867573816960626e6
2.9014112085246188e6
2.935447851195481e6
2.969683754202166e6
3.0041189264278593e6
3.038753377138677e6
3.0735871148958933e6
3.1086201482796064e6
3.1438524857156705e6
3.1792841354740905e6
3.214915105683145e6
3.250745404562288e6
3.28677503950255e6
3.323004018423249e6
3.359432348900675e6
3.3960600383749874e6
3.4328870941615906e6
3.46991352345113e6
3.507139333314739e6
3.5445645307030724e6
3.582189122450982e6
3.620013115284783e6
3.658036515815288e6
3.6962593305481784e6
3.7346815658793794e6
3.7733032281071534e6
3.812124323427543e6
3.8511448579237396e6
3.8903648376324726e6
3.929784268423737e6
3.969403156121186e6
4.009221506448958e6