19284.019019551517
19401.74016985744
19715.686980601226
20225.92390105693
20932.554713606543
21835.721198659463
22935.60132213065
24232.406975972044
25726.381320374625
27417.79576319072
29306.9466398684
31394.15166454445
33679.74615724145
36164.07919192815
38847.50964329006
41730.402333576276
44813.1240220546
48096.0397582687
51579.50938333168
55263.8838397185
59149.502367366134
63236.68948735138
67525.75253259088
72016.97934602157
76710.63649823114
81606.96771470875
86706.19270971825
92008.50626832285
97514.07786737882
103223.05132921983
109135.54497886375
115251.65196440172
121571.44086753803
128094.95651222894
134822.22096548535
141753.2347031575
148887.97790495853
156226.41185648937
163768.48043087847
171514.11162454975
179463.2191226309
187615.7038734017
195971.4556587638
204530.35462651832
213292.2727906662
222257.07547076716
231424.62266968196
240794.77037149476
250367.37176558713
260142.27837951703
270119.3411198574
280298.4112353296
290679.3411829501
301261.9853802199
312046.20091394277
323031.8481327355
334218.79115475004
345606.8983173922
357196.0425344499
368986.10159612936
380976.9584101596
393168.50113951217
405560.6233580246
418153.2241034593
430946.2078962279
443939.48473440995
457132.9700373593
470526.58457000833
484120.2543301313
497913.9104259299
511907.4889265329
526100.9306939059
540494.1812155875
555087.1904126693
569879.9124511452
584872.3055481414
600064.3317658349
615455.9568121779
631047.1498393465
646837.8832733559
662828.1325608208
679017.8760350738
695407.0947022486
711995.7720688737
728783.893967038
745771.4483865815
762958.4253156581
780344.8165875465
797930.6157355531
815715.8178549311
833700.4194670611
851884.4184046311
870267.8136871518
888850.6054168795
907632.7946711867
926614.3834097165
945795.3743843089
965175.7710568401
984755.5775195177
1.0045347984283449e6
1.0245134389197646e6
1.0446915045753919e6
1.0650690013465574e6
1.0856459355039336e6
1.1064223136008321e6
1.1273981424223771e6
1.1485734289400987e6
1.1699481802686434e6
1.191522403716178e6
1.2132961065779258e6
1.2352692962869587e6
1.2574419802999245e6
1.2798141660936372e6
1.302385861148531e6
1.3251570729262822e6
1.348127808859013e6
1.3712980763290029e6
1.394667882666773e6
1.4182372351312188e6
1.4420061409069651e6
1.4659746070911314e6
1.490142640689045e6
1.5145102486095647e6
1.5390774376596163e6
1.5638442145379176e6
1.5888105858362678e6
1.6139765580327602e6
1.6393421374914602e6
1.664907330463511e6
1.6906721430808464e6
1.7166365813614205e6
1.742800651206302e6
1.7691643583991814e6
1.7957277086093e6
1.8224907073927321e6
1.8494533601892735e6
1.8766156723282814e6
1.9039776490262984e6
1.9315392954020663e6
1.9593006164369797e6
1.9872616170491306e6
2.0154223020236753e6
2.0437826760526514e6
2.0723427437295653e6
2.1011025095487754e6
2.1300619779112525e6
2.15922115312423e6
2.188580039403097e6
2.2181386408745386e6
2.247896961579299e6
2.2778550054759406e6
2.3080127764345654e6
2.338370278250133e6
2.368927514636405e6
2.3996844891938176e6
2.4306412055989252e6
2.4617976672297553e6
2.49315387754418e6
2.5247098398943786e6
2.5564655575623764e6
2.5884210337668895e6
2.6205762716234084e6
2.65293127430302e6
2.6854860448472467e6
2.718240586142596e6
2.7511949011475435e6
2.7843489927213746e6
2.8177028636721494e6
2.851256516752773e6
2.8850099546650876e6
2.918963180058755e6
2.953116195539884e6
2.987469003660579e6
3.0220216069301344e6
3.0567740078092455e6
3.091726208718388e6
3.126878212032679e6
3.1622300198598714e6
3.1977816349188513e6
3.2335330594971175e6
3.269484295353143e6
3.3056353448779085e6
3.3419862102095424e6
3.378536893449642e6
3.415287396661255e6
3.4522377218769058e6
3.489387871093473e6
3.5267378462743065e6
3.5642876493504853e6
3.6020372822222714e6
3.6399867467581728e6
3.678136044797201e6
3.716485178147118e6
3.755034148588847e6
3.793782957874306e6
3.8327316077235783e6
3.8718800998446154e6
3.9112284358972753e6
3.950776617529622e6
3.9905246463615713e6