19480.6326053932
19596.823211335213
19906.70400318286
20410.38133315985
21108.026496714512
21999.873580233347
23086.216536835367
24367.40553717642
25843.84267185371
27515.977059276556
29384.29946037058
31449.33650451459
33711.64455178477
36171.80339507833
38830.409793958
41688.07107972392
44745.39875127343
48003.002174913476
51461.48277274634
55121.428306538844
58983.407654896124
63047.96597937764
67315.6205133402
71786.85664091942
76462.1248006837
81341.83777123052
86426.36856909278
91716.04892815984
97211.16831978735
102911.97343443046
108818.66830303657
114931.4146822001
121250.33300623145
127775.50364872033
134506.96853444361
141444.73300870767
148588.7679787648
155939.01221565754
163495.3748131941
171257.73774877758
179225.95850628635
187399.87271944786
195779.29682074932
204364.030634049
213153.859914752
222148.5587981342
231347.8921485591
240751.61776532826
250359.488486597
260171.2541042923
270186.66322070715
280405.46477442095
290827.4096515422
301452.2519243115
312279.75007345236
323309.66802126414
334541.7760068105
345975.8513595019
357611.67911959696
369449.0525708224
381487.7736029017
393727.653053512
406168.5108983924
418810.1763678959
431652.4879850128
444695.2935789394
457938.45015191997
471381.82378212904
485025.28943008516
498868.73071733786
512912.0396899535
527155.1165183934
541597.8692173408
556240.2133216603
571082.071559957
586123.3735283869
601364.0553354977
616804.0592675279
632443.3333830715
648281.8315140655
664319.5122547436
680556.3393134137
696992.2808591828
713627.3092861392
730461.400916286
747494.5357109124
764726.6970117516
782157.8712605346
799788.0477721822
817617.2184897606
835645.3777579488
853872.5221262088
872298.6501407365
890923.7621664607
909747.8602039502
928770.9477353788
947993.0295695903
967414.1117013752
987034.2011944597
1.006853306027226e6
1.0268714350043432e6
1.0470885976622219e6
1.0675048041496198e6
1.0881200651577567e6
1.1089343918291877e6
1.1299477957002944e6
1.151160288595101e6
1.172571882648133e6
1.194182590175127e6
1.2159924235772644e6
1.2380013954465622e6
1.260209518401748e6
1.2826168050981308e6
1.3052232681823566e6
1.3280289202741375e6
1.3510337739323927e6
1.3742378416312991e6
1.3976411357490565e6
1.4212436685405136e6
1.4450454521310735e6
1.4690464984959033e6
1.4932468194524376e6
1.517646426650048e6
1.5422453315652176e6
1.5670435454878013e6
1.5920410795261404e6
1.6172379445940917e6
1.642634151411229e6
1.6682297105032112e6
1.6940246321958099e6
1.7200189266182196e6
1.7462126037000522e6
1.7726056731813436e6
1.7991981445931909e6
1.8259900272826173e6
1.8529813304004767e6
1.8801720629084355e6
1.907562233578138e6
1.935151851003402e6
1.9629409235897833e6
1.9909294595696735e6
2.0191174669981278e6
2.0475049537561564e6
2.0760919275628706e6
2.1048783959669773e6
2.1338643663605945e6
2.163049845978787e6
2.19243484189865e6
2.2220193610504763e6
2.2518034102179823e6
2.281786996048239e6
2.311970125033366e6
2.3423528035474485e6
2.372935037820976e6
2.4037168339600256e6
2.4346981979432455e6
2.465879135630259e6
2.497259652757514e6
2.5288397549486156e6
2.560619447708913e6
2.592598736396151e6
2.624777626385082e6
2.6571561228225245e6
2.6897342308413796e6
2.7225119553421587e6
2.7554893012537207e6
2.7886662733735843e6
2.8220428764093015e6
2.855619114973479e6
2.8893949935976123e6
2.923370516722435e6
2.9575456887025554e6
2.9919205138553614e6
3.0264949963457617e6
3.0612691403059145e6
3.096242949810553e6
3.1314164285968733e6
3.1667895810032426e6
3.202362410667445e6
3.2381349216031837e6
3.2741071170622385e6
3.31027900090401e6
3.346650576710179e6
3.3832218479998256e6
3.4199928182328003e6
3.456963490808981e6
3.4941338690755474e6
3.5315039563194816e6
3.569073755775469e6
3.606843270625561e6
3.6448125039992393e6
3.6829814589755195e6
3.721350138582055e6
3.7599185458005504e6
3.798686683564408e6
3.8376545547538796e6
3.876822162228217e6
3.9161895087666796e6
3.9557565971281673e6
3.995523430024558e6