130918.18613589997
130900.30528209801
130852.95250768925
130777.02529609663
130673.97823599016
130545.83173382044
130395.15397138981
130225.0642993109
130039.22577167454
129841.87371646025
129637.76017157023
129432.17130070564
129230.93048268842
129040.3986380343
128867.44531324838
128719.44134459522
128604.28451485903
128530.36642582127
128506.58129365859
128542.30801529222
128647.40849480365
128832.24840000871
129107.62104627746
129484.83571290667
129975.62772452977
130592.20708906179
131347.23086664028
132253.79509153997
133325.42964904336
134576.08909060218
136020.1436088946
137672.36009205529
139547.89341404627
141662.26949941082
144031.34852852614
146671.32248811447
149598.66752005785
152830.10705675386
156382.57736346213
160273.16858268145
164519.0712555355
169137.50509452555
174145.6375132951
179560.49932697447
185398.8811559509
191677.2217891047
198411.4836227991
205617.01852934927
213308.42192002793
221499.373380151
230202.4834416443
239429.11720356208
249189.22993881573
259491.1989509783
270341.66765199986
281745.3916620198
293705.08212020557
306221.44628752203
319292.81330785726
332915.3711280072
347083.02328783704
361787.4393638187
377018.12871464784
392762.5520971893
409006.2747877053
425733.1585838003
442925.5778876845
460564.6791698591
478630.62749190454
497102.89672543143
515960.55433181
535182.5123991052
554747.7928686748
574635.7880904763
594826.4527886829
615300.4983680132
636039.5514947331
657026.2868000583
678244.5025543855
699679.2030088851
721316.6412675374
743144.2742250205
765150.8668066328
787326.3517699081
809661.8453865347
832149.5751342095
854782.829413831
877555.8754328983
900463.8936805022
923502.9160622759
946669.6780838406
969961.6939253694
993377.0390642408
1.0169143549916862e6
1.0405727731890947e6
1.0643518549889072e6
1.0882515374920235e6
1.1122720826102935e6
1.136414031332947e6
1.1606781643196607e6
1.1850654580674954e6
1.2095770615449278e6
1.2342142588942947e6
1.2589784437465644e6
1.2838710993420265e6
1.308893774230955e6
1.334048066635725e6
1.3593356071812431e6
1.3847580480955527e6
1.41031705034441e6
1.4360142723463597e6
1.4618513643232426e6
1.487829960454747e6
1.5139516706343354e6
1.5402180791669292e6
1.5666307389961558e6
1.593191168985551e6
1.6199008513544356e6
1.6467612313892874e6
1.6737737137065567e6
1.7009396600103653e6
1.72826039636049e6
1.7557372040767903e6
1.7833713237375184e6
1.8111639558084703e6
1.8391162606209517e6
1.867229359519897e6
1.8955043306034028e6
1.9239422196105125e6
1.9525440363583092e6
1.9813107470219918e6
2.0102432900222987e6
2.0393425637216829e6
2.0686094409448907e6
2.0980447575791995e6
2.1276493203745773e6
2.1574239087084765e6
2.1873692695227573e6
2.2174861258369614e6
2.24777517325849e6
2.278237081819124e6
2.308872499586672e6
2.3396820480689984e6
2.3706663289129683e6
2.4018259217108535e6
2.433161385748168e6
2.464673260586846e6
2.496362066935952e6
2.528228307735502e6
2.5602724687037542e6
2.5924950186032895e6
2.624896410750067e6
2.6574770836826013e6
2.6902374615252363e6
2.7231779518107604e6
2.7562989521644264e6
2.7896008472262807e6
2.82308400717747e6
2.856748792066289e6
2.890595550532082e6
2.924624619828292e6
2.9588363280311716e6
2.9932309920396055e6
3.0278089201774383e6
3.062570411030203e6
3.097515754564792e6
3.1326452339401455e6
3.167959120346897e6
3.2034576815332468e6
3.239141175056985e6
3.2750098533368367e6
3.3110639598401133e6
3.347303732477333e6
3.383729402611083e6
3.420341195888683e6
3.457139331596362e6
3.4941240332163186e6
3.5312954794823253e6
3.568653903009858e6
3.6061994917796394e6
3.643932438930433e6
3.6818529338030154e6
3.7199611550124343e6
3.758257287523549e6
3.7967415043497235e6
3.8354139763635388e6
3.8742748703669477e6
3.9133243496759897e6
3.952562573361925e6
3.99198969719447e6
4.031605873929821e6
4.071411251475109e6
4.1114059763200246e6
4.1515901906456575e6
4.191964033881899e6
4.232527642318779e6
4.273281149900214e6
4.314224687033113e6
4.355358381978877e6
4.3966823601192115e6