21095.486636206
21199.695028301456
21477.730494895903
21929.990858521975
22557.117888431087
23359.990662332755
24339.71647356415
25497.61945275448
26835.226952951372
28354.25397337514
30056.585710089057
31944.258594118488
34019.439788932905
36284.40581121897
38741.52008199998
41393.20998108982
44241.94394244247
47290.20787373992
50540.48250109605
53995.22073508411
57656.82674852224
61527.634845200046
65609.89064824427
69905.73383896177
74417.18138751684
79146.11426552628
84094.26497991466
89263.20742421958
94654.34941212187
100268.9258927578
106107.99605007832
112172.44117700777
118462.96498402991
124980.0957280437
131724.1900332159
138695.43832058145
145893.87164299743
153319.36976045847
160971.67026493044
168850.37857007093
176954.9785705881
185284.8437980121
193839.2488266322
202617.3809842456
211618.35180156946
220841.20851141104
230284.94516677063
239948.51337474745
249830.83255642612
259930.79963457992
270247.29804676044
280779.2062703127
291525.405267425
302484.7857348401
313656.2540651698
325038.73809228366
336631.1917507734
348432.59929822374
360441.9787797561
372658.38489911065
385080.9112009073
397708.6920706992
410540.90372963774
423576.76517656934
436815.5385706002
450256.5292513686
463899.0855080727
477742.59792593046
491786.49861246615
506030.2604684838
520473.39534392563
535115.4534128477
549956.021328496
564994.7209123077
580231.2074270644
595665.1680233215
611296.3200968639
627124.4096096947
643149.2094383258
659370.5178127026
675788.1566067111
692401.9698815194
709211.8222900524
726217.5976807815
743419.1976600788
760816.5402457314
778409.5585558908
796198.1996439134
814182.4232112566
832362.2007178528
850737.5141399379
869308.3550984308
888074.7239264449
907036.6288279338
926194.0849733332
945547.1141399032
965095.7433265884
984840.0048164126
1.0047799351825597e6
1.0249155750516885e6
1.045246968056561e6
1.0657741610469343e6
1.0864972032134216e6
1.1074161458637128e6
1.1285310420725774e6
1.149841946355837e6
1.1713489143501092e6
1.1930520025703998e6
1.214951268204546e6
1.2370467688155966e6
1.2593385622803012e6
1.2818267064955998e6
1.3045112593067845e6
1.327392278374522e6
1.3504698208818717e6
1.3737439438084515e6
1.3972147034322552e6
1.4208821554949544e6
1.444746355040126e6
1.468807356407229e6
1.4930652131392895e6
1.5175199779500754e6
1.542171702709074e6
1.5670204384067543e6
1.592066235118335e6
1.6173091420154322e6
1.642749207328821e6
1.6683864783613388e6
1.6942210014633364e6
1.7202528220547796e6
1.746481984613955e6
1.7729085327197113e6
1.7995325089217788e6
1.8263539550112048e6
1.8533729117355526e6
1.8805894190727316e6
1.9080035160390902e6
1.9356152407996329e6
1.9634246307087755e6
1.991431722285695e6
2.0196365512128808e6
2.0480391524022403e6
2.076639559970735e6
2.1054378072916153e6
2.13443392699171e6
2.1636279509648653e6
2.193019910420126e6
2.222609835858597e6
2.2523977570998236e6
2.282383703369244e6
2.312567703178597e6
2.342949784436698e6
2.3735299745296845e6
2.404308300164692e6
2.435284787513055e6
2.4664594621752263e6
2.4978323492334224e6
2.5294034732363923e6
2.5611728582042553e6
2.5931405276788864e6
2.6253065047020097e6
2.6576708118771776e6
2.6902334713111618e6
2.7229945047305063e6
2.755953933296007e6
2.7891117778722737e6
2.822468058689939e6
2.8560227960944064e6
2.889776009561607e6
2.9237277183260885e6
2.957877941267957e6
2.992226696914831e6
3.0267740034274543e6
3.061519878638781e6
3.09646434004385e6
3.1316074048245107e6
3.16694908984106e6
3.202489411651992e6
3.238228386509339e6
3.274166030616052e6
3.3103023592044828e6
3.346637387890138e6
3.3831711318133348e6
3.4199036058403845e6
3.456834824576681e6
3.493964802418484e6
3.531293553439788e6
3.5688210915448503e6
3.606547430368615e6
3.644472583330277e6
3.6825965636228486e6
3.7209193842259855e6
3.7594410578904296e6
3.798161597181259e6
3.8370810144463745e6
3.8761993218377293e6
3.915516531315111e6
3.9550326546423747e6
3.994747703403123e6
4.034661688994601e6