20153.47523246704
20264.54158775728
20560.806465377165
21042.508658966042
21710.033049030513
22563.906143689055
23604.789992788123
24833.474599520305
26250.86889770135
27857.990475898412
29655.95418602432
31645.95981068092
33829.27894453405
36207.241336258965
38781.22081906093
41552.62107045016
44522.86150973267
47693.36318403777
51065.53524606015
54640.761787247524
58420.389763224564
62405.71742331888
66597.98354854507
70998.35853222148
75607.93585050892
80427.72510590883
85458.64622940782
90701.52498467185
96157.08972402089
101825.96930236433
107708.69227364939
113805.68712257469
120117.2836246687
126643.71508700833
133385.12150152793
140341.5534621789
147512.97672621527
154899.2773360787
162500.26719568184
170315.68992458022
178345.2271095911
186588.50448368478
195045.0983381734
203714.5418051107
212596.33111520717
221689.93161809247
230994.78363708677
240510.3080406586
250235.91148797676
260170.99136755188
270314.9404928611
280667.1510065096
291227.0185332289
301993.9454465306
312967.3439749243
324146.6389264711
335531.2699529219
347120.6937004516
358914.38510298985
370911.8394029153
383112.57258348726
395516.12248755735
408122.0493530072
420929.9361322258
433939.3886611478
447150.0356221898
460561.52834668267
474173.54055694496
487985.7678434914
501997.92718686163
516209.75631009287
530621.0129959597
545231.4743428258
560040.9359680112
575049.2112010575
590256.1302268655
605661.5392719423
621265.2996900727
637067.2871581439
653067.390817737
669265.5124225983
685661.5656579996
702255.4750871658
719047.175666804
736036.6118679738
753223.7369870096
770608.5125464282
788190.9074937403
805970.8977642037
823948.465600313
842123.5990285953
860496.2913483055
879066.5406431858
897834.3493301944
916799.7237305441
935962.6736820344
955323.2121659121
974881.3549238238
994637.1202598545
1.0145905285888355e6
1.0347416022455012e6
1.055090365338209e6
1.0756368432693474e6
1.096381062733362e6
1.1173230514864838e6
1.138462838126942e6
1.1598004519416022e6
1.181335922787638e6
1.2030692809852303e6
1.2250005570689123e6
1.2471297818652098e6
1.269456986240482e6
1.2919822011854053e6
1.3147054575104003e6
1.33762678597611e6
1.360746217157926e6
1.3840637813692887e6
1.4075795086657412e6
1.4312934287713093e6
1.4552055710629947e6
1.4793159645290552e6
1.5036246377519204e6
1.5281316188575483e6
1.5528369355716093e6
1.5777406151175094e6
1.6028426842716436e6
1.6281431692967582e6
1.6536420960560779e6
1.6793394897985249e6
1.7052353753646922e6
1.731329777082776e6
1.7576227187873402e6
1.7841142238502526e6
1.8108043151155084e6
1.8376930149857146e6
1.8647803453780771e6
1.892066327744593e6
1.9195509830701516e6
1.9472343319061513e6
1.9751163943494486e6
2.0031971900581473e6
2.0314767382876633e6
2.0599550578365948e6
2.0886321671278556e6
2.1175080841667047e6
2.1465828265796374e6
2.1758564116113805e6
2.20532885612187e6
2.235000176617984e6
2.2648703892560024e6
2.294939509836973e6
2.3252075538356747e6
2.3556745363963856e6
2.3863404723389167e6
2.417205376188042e6
2.448269262119934e6
2.4795321440866766e6
2.5109940356665645e6
2.5426549502780507e6
2.574514900968653e6
2.6065739005424394e6
2.638831961569821e6
2.671289096347299e6
2.703945316984601e6
2.736800635217605e6
2.769855062681107e6
2.8031086107383478e6
2.8365612905439227e6
2.870213113031809e6
2.9040640889229877e6
2.9381142287475667e6
2.9723635426448886e6
3.0068120411050823e6
3.041459733906018e6
3.0763066308151283e6
3.11135274141587e6
3.146598075130353e6
3.1820426411989867e6
3.217686448704828e6
3.253529506804519e6
3.2895718238107343e6
3.3258134085473544e6
3.362254269478386e6
3.3988944149187175e6
3.435733853039767e6
3.472772591879862e6
3.5100106393348626e6
3.5474480031698854e6
3.5850846910263156e6
3.6229207104130867e6
3.6609560687170965e6
3.6991907732061134e6
3.737624831024447e6
3.7762582492088717e6
3.8150910346795996e6
3.854123194245213e6
3.8933547346086563e6
3.9327856623670687e6
3.9724159840110396e6
4.0122457059345418e6