294338.1957530902
294278.30627457367
294118.88048550487
293860.6990141743
293504.9986301187
293053.099932038
292508.4639842558
291872.5081611194
291148.7793867632
290340.9277633353
289452.8779491086
288489.2925083807
287455.00364725594
286355.4225859402
285196.3703620796
283984.0254546873
282725.02422928414
281426.3852931182
280095.4887794296
278740.22068454453
277368.63276360405
275989.38579166797
274611.2788327299
273243.595252063
271895.9253285448
270578.2005477685
269300.6978132605
268074.0227459329
266909.07829961355
265817.1482397374
264809.770660129
263898.85945404926
263096.61464866577
262415.563672891
261868.54912918786
261468.73166141953
261229.59550838606
261164.93627526998
261288.87996058146
261615.86633912657
262160.6625123101
262938.3547793112
263964.3588550106
265254.3943447507
266824.5032121636
268691.03507766675
270870.63195830805
273380.22182000685
276236.9946396643
279458.38519489835
283062.0390709416
287065.7788090005
291487.5604480937
296345.4182415375
301657.4058782738
307441.5186050567
313715.61117184465
320497.29935894825
327803.8448483428
335652.0363877205
344058.04612359207
353037.2826489351
362604.22226042545
372772.23422632786
383553.40538297605
394958.32320148253
406995.9345622173
419673.30500144616
432995.4479283381
446965.19585367653
461583.0061024376
476846.8577176017
492752.1643693919
509291.7269551039
526455.7059903347
544231.6990593221
562604.8053409174
581557.7582066222
601071.1697371453
621123.6867848235
641692.3205930158
662752.7191212642
684279.5369046165
706246.6503974784
728627.701742375
751396.2321336484
774526.0899727084
797991.7203980874
821768.3959955946
845832.4446274723
870161.4465070734
894734.3834836285
919531.7059582124
944535.4385934513
969729.2220723464
995098.277585887
1.0206294223387681e6
1.0463109821808138e6
1.0721327783874138e6
1.0980860148122408e6
1.124163209579437e6
1.1503580885464395e6
1.176665506973608e6
1.2030813190190792e6
1.229602313597775e6
1.2562261034574271e6
1.2829510429341772e6
1.3097761292639226e6
1.3367009442967717e6
1.3637255492334592e6
1.3908504528323633e6
1.4180765163734108e6
1.445404924489614e6
1.472837101942896e6
1.5003747056039085e6
1.528019566766047e6
1.555773621238942e6
1.5836389610404565e6
1.6116177249069684e6
1.6397121155591225e6
1.667924372307323e6
1.6962567464482873e6
1.7247114942323486e6
1.753290862544467e6
1.7819970749049545e6
1.810832325887019e6
1.8397987761430722e6
1.868898524294182e6
1.8981336508045217e6
1.9275061598674392e6
1.957018013581861e6
1.9866711118026194e6
2.016467301326244e6
2.0464083640299356e6
2.0764960293518298e6
2.1067314791585915e6
2.1371177780820504e6
2.167655022252436e6
2.1983451944040274e6
2.229189733866673e6
2.2601900321235387e6
2.2913474178224057e6
2.3226631766364714e6
2.354138542691833e6
2.3857747010658444e6
2.417572795150286e6
2.4495339179606214e6
2.48165912253028e6
2.513949420797481e6
2.5464057853265326e6
2.5790291502512423e6
2.6118204131044894e6
2.6447804364255904e6
2.677910052482968e6
2.711210050749474e6
2.7446812052458897e6
2.778324249087223e6
2.812139896247973e6
2.846128824565765e6
2.8802916916621556e6
2.914629129244723e6
2.9491417484651348e6
2.9838301303504976e6
3.018694845108045e6
3.05373643648602e6
3.0889554232453625e6
3.1243523185017765e6
3.159927608085478e6
3.195681763028404e6
3.231615238135938e6
3.267728472953909e6
3.30402189171993e6
3.340495904519334e6
3.377150907687148e6
3.4139872847624714e6
3.451005407021643e6
3.488205633066756e6
3.5255883104492947e6
3.563153778944419e6
3.600902355097377e6
3.638834364211888e6
3.6769501080000205e6
3.7152498886492103e6
3.753733989241098e6
3.792402691135454e6
3.831256265920098e6
3.8702949774220902e6
3.9095190818134677e6
3.9489288280764967e6
3.9885244579911036e6
4.028306207088506e6
4.0682743044329146e6
4.108428972119148e6
4.148770427411963e6
4.189298881227346e6
4.230014539316502e6
4.270917601503441e6
4.312008263182658e6
4.35328671425307e6
4.394753140082317e6