19315.3010075731
19432.777680111772
19746.075042628785
20255.264311349732
20960.46016943005
21861.81929717191
22959.538376382974
24253.851602204275
25745.02775573297
27433.36687620236
29319.196602225304
31402.86825952014
33684.75270040278
36165.23605460278
38844.71536572071
41723.59431677278
44802.278867378656
48081.17317503708
51560.675623568575
55241.17494287566
59123.04696761076
63206.651319723154
67492.3286783438
71980.39821216428
76671.15561001522
81564.87131117505
86661.78921881007
91962.12564522048
97466.0689118584
103173.77893392331
109085.38738584159
115200.99804663469
121520.68746589635
128044.50584542169
134772.47815090878
141704.6053856584
148840.86602556374
156181.21756714545
163725.59816576465
171473.92833708506
179426.1126891841
187582.04166902584
195941.59330059902
204504.63489114787
213271.02468897888
222240.6134866767
231413.2461484006
240788.76305308798
250367.0014542262
260147.79673918715
270130.98358650523
280316.3970367561
290703.8734551473
301293.25136803475
312084.3722660048
323077.08122566534
334271.22751687263
345666.66508093587
357263.25293266
369060.8554956706
381059.3428689486
393258.5909844632
405658.4817718241
418258.90323177574
431059.74944445794
444060.92057007446
457262.3227864356
470663.8682032785
484265.474739727
498067.0659832367
512068.5710325462
526269.9243027972
540671.0653414611
555271.9386196048
570072.4933168797
585072.6831092462
600272.4659390436
615671.8037943032
631270.6624882629
647069.0114511689
663066.8234871915
679264.0745876704
695660.7437125215
712256.8125950787
729052.2655481512
746047.0892771819
763241.2727039969
780634.8067956432
798227.6844049703
816019.9001158589
834011.4500931927
852202.3319553747
870592.5446361613
889182.0882692464
907970.964068074
926959.174224803
946146.7218082342
965533.6106738566
985119.8453754196
1.004905431089685e6
1.0248903735271305e6
1.0450746788896539e6
1.0654583537866827e6
1.0860414051882676e6
1.1068238403658378e6
1.1278056668543885e6
1.1489868923932435e6
1.1703675248808817e6
1.1919475724230218e6
1.2137270431206336e6
1.2357059452197717e6
1.2578842869939536e6
1.280262076738194e6
1.30283932275107e6
1.3256160333097e6
1.3485922166580297e6
1.3717678809840998e6
1.3951430344181436e6
1.4187176850108083e6
1.4424918407289933e6
1.4664655094435876e6
1.490638698922427e6
1.515011416826274e6
1.5395836707025543e6
1.5643554679784207e6
1.5893268159621425e6
1.6144977218359497e6
1.639868192654996e6
1.6654382353492342e6
1.691207856716271e6
1.7171770634271256e6
1.7433458620230136e6
1.7697142589148954e6
1.7962822603869638e6
1.823049872596992e6
1.8500171015740067e6
1.8771839532260662e6
1.9045504333336714e6
1.9321165475624336e6
1.9598823014562803e6
1.9878477004413835e6
2.0160127498305624e6
2.0443774548216322e6
2.0729418205059115e6
2.1017058518638215e6
2.130669553771697e6
2.1598329310026816e6
2.1891959882277925e6
2.218758730019676e6
2.248521160855698e6
2.278483285121942e6
2.308645107107035e6
2.3390066310152477e6
2.3695678609616235e6
2.4003288009769362e6
2.4312894550096462e6
2.4624498269274146e6
2.4938099205196286e6
2.5253697394996462e6
2.5571292875052863e6
2.589088568100841e6
2.621247584742344e6
2.653606340935528e6
2.686164840048459e6
2.718923085288285e6
2.7518810799280074e6
2.785038827135174e6
2.818396330020551e6
2.8519535916337683e6
2.8857106149678715e6
2.9196674029580676e6
2.953823958492038e6
2.988180284394559e6
3.02273638344761e6
3.0574922583761495e6
3.0924479118614085e6
3.12760334653435e6
3.162958564750633e6
3.1985135694821887e6
3.2342683632562086e6
3.2702229480692567e6
3.306377326546452e6
3.3427315010560835e6
3.3792854739260087e6
3.416039247441317e6
3.452992823853013e6
3.490146205373819e6
3.527499394177435e6
3.5650523924030773e6
3.602805202155479e6
3.6407578255041847e6
3.6789102644860875e6
3.717262521103424e6
3.755814597328712e6
3.7945664951023255e6
3.833518216329368e6
3.8726697629014943e6
3.9120211366571058e6
3.951572339421496e6
3.9913233729887875e6