19137.721289714944
19256.590536756892
19573.58709348581
20088.743253194683
20802.11100902116
21713.761373148212
22823.783453083888
24132.28330110645
25639.382562102255
27345.216938739526
29249.934506630074
31353.69391760278
33656.66248484691
36159.01425252977
38860.927986335024
41762.58524079427
44864.16837476255
48165.858708142114
51667.8346936396
55370.270298989955
59273.33339680242
63377.18438990884
67681.97495873804
72187.84698255717
76894.93162673057
81803.34861989753
86913.20565410827
92224.59805864912
97737.6085091733
103452.30697232622
109368.75076044213
115486.98475828473
121807.04170701074
128328.94264199214
135052.69740250843
141978.3052210376
149105.7553768694
156435.02789764066
163966.094298298
171698.91834420117
179633.45682668034
187769.66034092236
196107.47405859208
204646.83848410237
213387.69018816936
222329.96251447508
231473.58625357336
240818.49027574173
250364.6021301521
260111.84859534487
270060.1561860756
280209.4516219507
290559.6622476768
301110.71639841533
311862.54374668124
322815.0755779915
333968.2450540762
345321.98741738574
356876.2401666441
368630.94320296485
380586.03894610563
392741.47239922767
405097.19122405
417653.1457685603
430409.28906621644
443365.5768469947
456521.96749454783
469878.42202636483
483434.9040148402
497191.37954707426
511147.81714355206
525304.1876777348
539660.4642921567
554216.6223063495
568972.6391239493
583928.4941376378
599084.1686294377
614439.6456716717
629994.910031297
645749.9480778499
661704.747676
677859.2981033555
694213.5899547937
710767.6150551187
727521.3663744808
744474.837945722
761628.0247859238
778980.922821347
796533.5288198644
814285.8403111456
832237.8555402707
850389.573392003
868740.9933398433
887292.1153918679
906042.9400390828
924993.4682086968
944143.7012199189
963493.6407443661
983043.2887644073
1.0027926475483547e6
1.0227417195940488e6
1.0428905076268578e6
1.063239014553747e6
1.0837872434445843e6
1.104535197504646e6
1.1254828800595426e6
1.146630294526881e6
1.1679774443888627e6
1.1895243332561736e6
1.2112709646871563e6
1.233217342341244e6
1.2553634698829385e6
1.2777093509886898e6
1.3002549893360112e6
1.3230003885960274e6
1.3459455524265128e6
1.3690904844609585e6
1.392435188308494e6
1.4159796675439226e6
1.4397239257063572e6
1.4636679662925052e6
1.4878117927546445e6
1.51215540849811e6
1.5366988168787584e6
1.5614420211994913e6
1.5863850247112731e6
1.6115278306096683e6
1.6368704420340245e6
1.6624128620687453e6
1.6881550937401312e6
1.7140971400182096e6
1.7402390038160388e6
1.7665806879888338e6
1.7931221953357782e6
1.8198635286006448e6
1.8468046904699474e6
1.8739456835761284e6
1.901286510496124e6
1.928827173758852e6
1.956567675825651e6
1.9845080191262935e6
2.0126482060262237e6
2.0409882388441795e6
2.0695281198506108e6
2.098267851267294e6
2.1272074352699416e6
2.15634687398812e6
2.1856861695061587e6
2.2152253238647054e6
2.2449643390620435e6
2.2749032170559396e6
2.3050419597605984e6
2.3353805690531866e6
2.3659190467707957e6
2.396657394713178e6
2.4275956146435244e6
2.4587337082889555e6
2.490071677341875e6
2.5216095234609535e6
2.5533472482706574e6
2.5852848533633603e6
2.61742234030244e6
2.649759710573318e6
2.682296965807239e6
2.7150341073489636e6
2.7479711366846883e6
2.7811080552291614e6
2.8144448643733296e6
2.847981565478551e6
2.88171815988411e6
2.915654648901921e6
2.949791033821141e6
2.9841273159067216e6
3.0186634964008713e6
3.053399576522179e6
3.0883355574692003e6
3.1234714404185275e6
3.158807226525315e6
3.1943429166939035e6
3.230078512716837e6
3.2660140150280874e6
3.3021494249196853e6
3.3384847434520507e6
3.375019971665754e6
3.4117551105830753e6
3.4486901612107465e6
3.4858251245381413e6
3.5231600015379973e6
3.560694793167107e6
3.5984295003670426e6
3.6363641240634704e6
3.674498665167707e6
3.712833124576305e6
3.7513675031696614e6
3.790101801817919e6
3.829036021372962e6
3.868170162681044e6
3.907504226564821e6
3.9470382138410583e6
3.986772125312562e6