22623.743031317077
22717.66454827093
22968.342450090313
23376.376279029897
23942.734418660126
24668.745739893362
25556.088156896316
26606.77414607659
27823.133372118027
29207.792529816958
30763.65263086953
32493.86394652137
34401.79871349329
36491.02185868921
38765.2602832636
41228.37075169289
43884.306435897
46737.083302569874
49790.745612295505
53049.33189913425
56516.841122782134
60197.199337139384
64094.22799525189
68211.61333945747
72552.87829724693
77121.35479561986
81920.16102498658
86952.17947979807
92220.03881241252
97726.0983576346
103472.43629599415
109460.841098952
115692.80569882055
122169.52592876801
128891.9014258896
135860.53994563845
143075.76450928266
150537.62323557213
158245.90158806875
166200.13674862997
174399.63381902027
182843.48350524576
191530.58096672586
200459.64551035973
209629.2407776938
219037.7952006096
228683.62223009297
238564.94044073287
248679.8928867515
259026.56575258006
269603.00598538865
280407.23797425046
291437.2788272643
302691.1529138478
314166.9037342478
325862.6063602715
337776.37696572964
349906.3817493853
362250.84450502484
374808.05198440375
387576.3608362492
400554.19965475565
413740.0729347122
427132.5624967834
440730.32950493327
454532.1139643315
468536.73499040713
482743.08977546287
497150.1521791803
511756.9713224596
526562.6686970381
541566.4364364623
556767.5341701402
572165.286485049
587759.0796693778
603548.3587076077
619532.6242441718
635711.4293106113
652084.3762345021
668651.1135826993
685411.3330913645
702364.7667092169
719511.1837030635
736850.3879623368
754382.215346039
772106.5311161818
790023.2274773573
808132.2214191578
826433.4524458908
844926.8806050727
863612.4845263277
882490.2596754904
901560.2166357926
920822.3796075715
940276.7848673284
959923.479372664
979762.5202635076
999793.9720995812
1.0200179074246822e6
1.0404344050407726e6
1.0610435492115994e6
1.0818454288730323e6
1.1028401369580533e6
1.1240277695913306e6
1.1454084256309655e6
1.1669822059632598e6
1.1887492131232247e6
1.2107095511037502e6
1.232863324071799e6
1.2552106369918454e6
1.2777515948630273e6
1.3004863024496422e6
1.3234148640812626e6
1.34653738341404e6
1.3698539632431692e6
1.3933647053350243e6
1.4170697102463313e6
1.4409690773138625e6
1.465062904392901e6
1.4893512878829052e6
1.5138343226246063e6
1.5385121018134987e6
1.563384716965926e6
1.5884522579459692e6
1.613714812810022e6
1.6391724679172982e6
1.6648253078504438e6
1.690673415432663e6
1.7167168717274538e6
1.742955756056606e6
1.7693901459838517e6
1.7960201173955596e6
1.8228457444411505e6
1.8498670996055997e6
1.8770842537102776e6
1.9044972760059342e6
1.932106234122578e6
1.9599111941251608e6
1.9879122205640138e6
2.016109376495461e6
2.0445027235204503e6
2.0730923217942575e6
2.101878230091803e6
2.1308605058715795e6
2.160039205209074e6
2.1894143829338658e6
2.218986092607751e6
2.2487543865253553e6
2.278719315937635e6
2.308880930747241e6
2.339239279860826e6
2.369794411056801e6
2.4005463710408118e6
2.431495205530667e6
2.4626409591839584e6
2.493983675708567e6
2.525523397864893e6
2.5572601673684884e6
2.589194025404179e6
2.6213250119237616e6
2.6536531661525415e6
2.6861785265241796e6
2.718901130624455e6
2.751821015359207e6
2.784938216706111e6
2.818252770051942e6
2.851764710066383e6
2.8854740706460546e6
2.9193808850929304e6
2.95348518601072e6
2.9877870053806608e6
3.022286374565883e6
3.0569833242320763e6
3.0918778847994227e6
3.126970085610773e6
3.1622599557970786e6
3.1977475238535884e6
3.2334328177494e6
3.26931586493535e6
3.305396692616856e6
3.341675326794525e6
3.378151793685674e6
3.4148261188104437e6
3.4516983272458403e6
3.4887684436244513e6
3.5260364921511277e6
3.563502496606114e6
3.601166480362044e6
3.639028466395576e6
3.677088477286766e6
3.715346535239454e6
3.753802662075477e6
3.7924568792691207e6
3.831309207925541e6
3.8703596688023186e6
3.9096082823354523e6
3.9490550686049047e6
3.9887000473543624e6
4.0285432381209913e6
4.0685846599505623e6