244678.02825032623
244628.99205381016
244498.55251396744
244287.41730893182
243996.96984353266
243628.97647518793
243185.7170322056
242669.9745398785
242084.99383852008
241434.5120723989
240722.74876936479
239954.35449853196
239134.48835731496
238268.72666478006
237363.12404224154
236424.13877277588
235458.67397892877
234474.06106996635
233478.04000474274
232478.7678481058
231484.78609045962
230505.0545369835
229548.8963681347
228626.04070736113
227746.568197117
226920.94895957352
226160.01675416785
225474.96749712364
224877.99966415
224379.0931957896
223992.4548946785
223730.0692323732
223604.92625987442
223630.2684028232
223819.87472256698
224187.73845630838
224748.23260981747
225516.0793754105
226506.34298922587
227734.4257917303
229216.06205122714
230967.07270544482
233004.54981039942
235344.44455416093
238003.95060052286
241000.27651078044
244350.86145516683
248073.3374955689
252185.48661850364
256705.18989776558
261650.36684305035
267038.90652805316
272888.57369289757
279216.936096031
286041.2370139365
293378.2816947617
301244.30773109524
309654.8323964638
318624.4966875196
328166.8976193629
338294.4091016234
349017.99560439563
360347.03189761867
372286.5843314207
384849.89317330986
398032.88619308756
411839.36307594005
426268.2057782882
441315.8267183577
456976.11344546825
473240.42160331353
490097.61244543764
507534.1258919151
525534.123964092
544079.6695014816
563150.9151278258
582726.4072712855
602783.3333433873
623297.871592281
644245.4435610184
665601.1509097472
687339.940219198
709437.0362518651
731868.1532359929
754609.7667743944
777639.3088968669
800935.3731425653
824477.837341408
848247.9763006973
872228.5283005863
896403.7293005196
920759.3284577371
945282.5638462927
969962.125133503
994788.1001156088
1.0197518938988198e6
1.0448461628608075e6
1.0700647161184377e6
1.0954024310031272e6
1.1208551602571716e6
1.146419646233453e6
1.172093406312272e6
1.197874690746883e6
1.2237623735045851e6
1.2497558738970258e6
1.275855100454046e6
1.3020603762000578e6
1.3283723807518259e6
1.3547921048403033e6
1.3813207868840313e6
1.4079598815367785e6
1.434711018140559e6
1.4615759648434708e6
1.488556584660639e6
1.515654875231931e6
1.5428728129261925e6
1.5702124814179267e6
1.5976759320841576e6
1.6252652760335044e6
1.652982590677305e6
1.680829937383285e6
1.7088093706945293e6
1.736922895993274e6
1.765172481665973e6
1.793560072189185e6
1.8220875472082926e6
1.8507567472267845e6
1.8795694488415488e6
1.908527395928331e6
1.9376322645692653e6
1.9668856824199338e6
1.996289222673012e6
2.0258444036425177e6
2.055552693064144e6
2.0854155123759557e6
2.115434201006127e6
2.145610097207779e6
2.175944455809392e6
2.206438494352863e6
2.237093384392794e6
2.2679102521567936e6
2.298890183640148e6
2.330034212959752e6
2.3613433497886844e6
2.392818553967981e6
2.4244607523583965e6
2.456270835254684e6
2.4882496584026003e6
2.520398045540655e6
2.5527167881846265e6
2.585206648169078e6
2.617868358279174e6
2.6507026234396403e6
2.6837101241181553e6
2.716891508282518e6
2.7502474101132005e6
2.7837784338992513e6
2.8174851633928358e6
2.851368160531382e6
2.885427967509561e6
2.9196651078298837e6
2.9540800848814333e6
2.9886733876233627e6
3.023445482221592e6
3.0583968246550118e6
3.093527851836929e6
3.1288389872828014e6
3.1643306400839556e6
3.2000032057577306e6
3.235857066549221e6
3.2718925936613344e6
3.308110142449747e6
3.344510062261501e6
3.3810926884906814e6
3.4178583465911294e6
3.4548073517427593e6
3.491940010046843e6
3.529256618600291e6
3.5667574639388514e6
3.604442826863424e6
3.642312977703114e6
3.6803681805010396e6
3.718608690633273e6
3.757034757181307e6
3.795646637199814e6
3.8344445203494527e6
3.873428680814713e6
3.9125993261386785e6
3.951956673028991e6
3.991500932207232e6
4.031232310052332e6
4.071151010286001e6
4.1112572154037603e6
4.151551128483948e6
4.1920329306611842e6
4.232702803012403e6
4.273560921875674e6
4.314607459616741e6
4.355842584056327e6
4.397266459819766e6