109668.28961874536
109657.81733811702
109630.23059610339
109586.45420247529
109527.98939462521
109456.91418433216
109375.87838019963
109288.10409580087
109197.37281079279
109108.0402809628
109025.01333254579
108953.75414195555
108900.28599335442
108871.13975880973
108873.45349500774
108914.82421218013
109003.42372151805
109147.89470476043
109357.48346997015
109641.85883217471
110011.24246703167
110476.32798360244
111048.31062352171
111738.87081722249
112560.155525309
113524.7784524236
114645.8292226585
115936.8121112296
117411.68906563739
119084.83639560587
120971.03060574806
123085.44796594529
125443.5746966991
128061.29969826873
130954.76338721288
134140.38185447708
137634.78536721226
141454.7686770522
145617.2289938251
150139.09915005346
155037.26508295245
160328.4774450991
166029.25080547042
172155.75152827692
178723.67483689418
185748.1111152254
193243.40174813013
201222.98825406923
209699.25195152863
218683.352666008
228185.06412372878
238212.6163067565
248772.53882719137
259869.52161588529
271506.29448152153
283683.5246035063
296399.74119256495
309651.30236067076
323432.38018672017
337735.0040045483
352549.1287955839
367862.74900242774
383662.058255224
399931.6166582195
416654.583708155
433812.95281154313
451387.8030717019
469359.55897342984
487708.26667407725
506413.84424826293
525456.3331195408
544816.1111042914
564474.1147993933
584411.9979138866
604612.2884488502
625058.5024125723
645735.2313941558
666628.2057995598
687724.3788826055
709011.6668687207
730479.4914847729
752118.196849074
773919.2966714029
795875.3482013879
817979.9138475264
840227.4825653133
862613.4103638432
885133.8449218262
907785.6565861192
930566.3742224441
953474.1055685079
976507.4987364965
999665.6591033358
1.0229481047484813e6
1.0463547128561347e6
1.0698856731098501e6
1.0935414435145073e6
1.1173227109307984e6
1.1412303561415647e6
1.1652654249791047e6
1.189429092267988e6
1.2137226443831052e6
1.2381474538752423e6
1.2627049626819217e6
1.2873966566900893e6
1.3122240621782287e6
1.3371887254043552e6
1.3622922036603612e6
1.3875360562514025e6
1.4129218357936773e6
1.4384510815403564e6
1.4641253139311625e6
1.4899460297256326e6
1.5159146986782798e6
1.5420327578250645e6
1.5683016138371255e6
1.5947226376108485e6
1.6212971607680437e6
1.6480264841998806e6
1.6749118654701044e6
1.7019545230603926e6
1.7291556438605576e6
1.7565163703440032e6
1.7840378126704365e6
1.8117210381104413e6
1.8395670835685548e6
1.8675769470043571e6
1.89575159219999e6
1.9240919487178412e6
1.952598915300477e6
1.9812733562437848e6
2.0101161074944485e6
2.0391279723093868e6
2.0683097271696434e6
2.097662120010582e6
2.1271858714496917e6
2.1568816774109276e6
2.1867502110901214e6
2.2167921149103036e6
2.2470080149962856e6
2.2773985123389903e6
2.3079641893941425e6
2.338705572120518e6
2.3696232959186183e6
2.400717792435702e6
2.431989593584343e6
2.4634391878786157e6
2.495067045898689e6
2.526873621863042e6
2.5588593564051976e6
2.5910246743996097e6
2.623369987330746e6
2.6558956932750577e6
2.6886021791636697e6
2.7214898133735945e6
2.7545589620458665e6
2.787809973904867e6
2.8212431880633705e6
2.8548589336735373e6
2.888657529869558e6
2.922639285598404e6
2.9568045034035514e6
2.9911534729209756e6
3.02568647819014e6
3.0604037942302483e6
3.0953056880161217e6
3.130392421121097e6
3.165664244596599e6
3.201121404994372e6
3.2367641424111235e6
3.2725926867966657e6
3.308607267864774e6
3.3448081033825837e6
3.3811954134439323e6
3.417769402842376e6
3.4545302774121114e6
3.491478236318954e6
3.528613473279299e6
3.5659361783077433e6
3.603446536340861e6
3.6411447265700493e6
3.679030927365379e6
3.7171053090423136e6
3.755368039588288e6
3.793819283744465e6
3.8324592031826726e6
3.871287950328913e6
3.910305683202351e6
3.9495125491208904e6
3.9889086958763166e6
4.028494266618015e6
4.068269401579268e6
4.108234238217545e6
4.1483889110227353e6
4.1887335517713814e6
4.229268289290367e6
4.26999325011736e6
4.310908558278814e6
4.352014333590031e6
4.393310696540596e6