19255.91467913441
19373.85577950714
19688.3868724004
20199.566294984514
20907.487984402906
21812.28026525522
22914.104203652052
24213.15155571801
25709.642354844123
27403.822170252854
29295.959094485108
31386.34052632551
33675.269738378556
36163.06240983773
38850.043016187046
41736.54135818947
44822.88892296472
48109.415586083254
51596.44645356646
55284.29851274757
59173.27811442442
63263.67824351383
67555.77629420318
72049.83199640285
76746.08581279057
81644.75752608552
86746.04519442972
92050.12432540786
97557.14757205508
103267.24437087282
109180.52115102796
115297.06160221536
121616.92723991789
128140.15814217701
134866.77385932882
141796.7744715876
148930.14176220488
156266.84048779123
163806.81971574447
171550.0142147246
179496.3458673214
187645.72509155277
195998.05225812813
204553.21907214646
213311.10992618868
222271.60319734277
231434.5724892217
240799.88779900403
250367.41662367145
260137.024976525
270108.5783255155
280281.94246002735
290656.98427016864
301233.57242272864
312011.57800285745
322990.87503876165
334171.3409664435
345552.8570300306
357135.308602539
368918.5854595476
380902.5819908929
393087.1973239728
405472.3354688599
418057.9053618073
430843.8208821818
443830.0008484397
457016.36896676547
470402.85376303864
483989.3884805122
497775.91097012686
511762.3635552434
525948.6928812166
540334.8497626747
554920.789012464
569706.4692707623
584691.8528306813
599876.9054525542
615261.5961843105
630845.8971800078
646629.7835463268
662613.2331142415
678796.2263184668
695178.746004638
711760.7772741253
728542.3073260245
745523.3253063688
762703.8221643395
780083.7905133017
797663.2245019256
815442.1196877818
833420.472915691
851598.2822141818
869975.5466834728
888552.2664008058
907328.4423241799
926304.0762083802
945479.1705232561
964853.7283805751
984427.7534609005
1.0042012499554348e6
1.024174222487883e6
1.0443466760854096e6
1.0647186161076687e6
1.085290048209221e6
1.1060609782911423e6
1.1270314124704078e6
1.1482013570312578e6
1.1695708183861414e6
1.191139803128764e6
1.2129083178325405e6
1.2348763692018418e6
1.2570439639613542e6
1.2794111088553765e6
1.3019778106278682e6
1.324744076012349e6
1.347709911712029e6
1.370875324386461e6
1.394240320648943e6
1.417804907048369e6
1.44156909006695e6
1.4655328761104136e6
1.489696271493169e6
1.5140592824558553e6
1.5386219151390155e6
1.5633841755871372e6
1.588346069749279e6
1.6135076034715644e6
1.638868782497586e6
1.664429612469141e6
1.6901900989205795e6
1.716150247283562e6
1.7423100628843636e6
1.7686695509434077e6
1.7952287165781858e6
1.8219875648039842e6
1.8489461005306654e6
1.8761043285696397e6
1.9034622536296635e6
1.9310198803321305e6
1.9587772131740982e6
1.9867342565942132e6
2.0148910149143669e6
2.0432474923693165e6
2.0718036931065638e6
2.100559621183854e6
2.1295152805746053e6
2.1586706751676896e6
2.188025808769158e6
2.2175806851049857e6
2.2473353078236417e6
2.2772896804993916e6
2.3074438066267287e6
2.3377976896323045e6
2.368351332869523e6
2.399104739623456e6
2.4300579131120765e6
2.461210856487645e6
2.4925635728387153e6
2.524116065192242e6
2.555868336514833e6
2.587820389704994e6
2.619972227622633e6
2.652323853009474e6
2.6848752687395085e6
2.717626477369004e6
2.7505774815737354e6
2.7837282839358975e6
2.8170788869914263e6
2.850629293226562e6
2.8843795050813765e6
2.918329524949473e6
2.9524793551824647e6
2.986828998087369e6
3.0213784559295564e6
3.056127730931884e6
3.091076825279973e6
3.126225741119114e6
3.1615744803340924e6
3.19712304541639e6
3.2328714384379485e6
3.2688196609431966e6
3.304967715112601e6
3.341315602877334e6
3.3778633261355185e6
3.4146108867507433e6
3.451558286558607e6
3.4887055273628193e6
3.5260526109367353e6
3.5635995390242212e6
3.6013463133427617e6
3.6392929355790033e6
3.6774394073943854e6
3.7157857304217923e6
3.7543319062698693e6
3.7930779365210445e6
3.8320238227290385e6
3.871169566436606e6
3.9105151691430523e6
3.9500606323370547e6
3.9898059574818616e6