220770.68986790674
220727.3639406995
220612.12676118623
220425.79285607254
220169.6950462365
219845.62897010904
219455.94789574464
219003.4972883595
218491.58848882356
217924.00110717863
217305.0755425404
216639.57313057
215932.74927703803
215190.28156938794
214418.39246584318
213623.67603089334
212813.2046382468
211994.47513546876
211175.42064811027
210364.4061455769
209570.1959962261
208801.91187996912
208069.2892622974
207382.17933947418
206751.0080093114
206186.49380424386
205699.84238747804
205302.55965689395
205006.5566578284
204824.11306230904
204767.887512828
204850.9123334149
205086.60945531027
205488.63181127835
206071.22063391714
206848.82485536608
207836.28482587857
209048.79530267057
210501.89732157084
212211.4612347961
214193.69174725265
216465.09496391943
219042.4761391313
221942.8961139493
225183.66372427566
228782.2877414992
232756.43762803223
237123.89359716745
241902.48520555932
247110.02209469542
252764.21146484485
258882.5705932221
265482.3090427613
272580.2251241154
280192.56479393307
288334.88048883516
297021.87754584587
306267.2385271345
316083.46701840765
326481.6843439338
337471.4682840258
349060.65281671286
361255.16965062113
374058.87754719175
387473.42125722376
401498.11331718724
416129.8469370144
431363.0303923539
447189.60639976966
463599.04617117986
480578.4560176764
498112.6949948732
516184.54220047104
534774.913364797
553863.1237990175
573427.1335039651
593443.8781364777
613889.589987804
634740.0601442158
655971.0152320864
677558.3567328441
699478.4671438176
721708.4343308297
744226.2806426785
767011.1123965953
790043.2949018828
813304.5238223588
836777.9150037672
860448.0345786911
884300.9127762602
908324.0221130357
932506.2476461743
956837.8186564564
981310.259728985
1.0059163168494182e6
1.0306498476144206e6
1.055505757349853e6
1.0804798992053661e6
1.1055690024366004e6
1.130770556145415e6
1.1560827575650045e6
1.1815044167493023e6
1.2070348829984248e6
1.2326739906319575e6
1.2584219756567911e6
1.284279430965555e6
1.3102472516613093e6
1.336326577677296e6
1.3625187828792403e6
1.3888253850419996e6
1.4152480597070963e6
1.4417885888412248e6
1.4684488384011416e6
1.4952307331217057e6
1.522136243178316e6
1.5491673624111812e6
1.57632609849429e6
1.603614442768759e6
1.6310343850856968e6
1.6585879039602743e6
1.6862769329843023e6
1.7141033772803182e6
1.7420690976715689e6
1.7701759315569163e6
1.7984256409995568e6
1.8268199652932696e6
1.8553605747113025e6
1.8840490951694578e6
1.9128871172495652e6
1.9418761515030332e6
1.971017678902144e6
2.0003131231718846e6
2.0297638579190662e6
2.059371206533486e6
2.089136442400354e6
2.119060806132665e6
2.149145473167944e6
2.179391589525791e6
2.209800238571899e6
2.24037249235502e6
2.2711093610923328e6
2.3020118201696896e6
2.3330808040771447e6
2.364317221970059e6
2.395721940678305e6
2.4272957959574377e6
2.4590395919707557e6
2.490954101727112e6
2.523040069743329e6
2.5552982127934666e6
2.587729218424302e6
2.620333752004316e6
2.6531124526077243e6
2.6860659357627984e6
2.7191947916974314e6
2.7524995957441567e6
2.7859808974847156e6
2.819639228135743e6
2.8534751000396074e6
2.8874890090887416e6
2.9216814274475733e6
2.9560528195445975e6
2.990603634180624e6
3.025334295379369e6
3.060245220388714e6
3.0953368109731367e6
3.130609455434474e6
3.166063529952533e6
3.2016993981086453e6
3.2375174119286984e6
3.273517912602113e6
3.309701230534017e6
3.346067685915178e6
3.38261758954583e6
3.4193512418776834e6
3.4562689344652556e6
3.49337095230415e6
3.530657570450024e6
3.568129055018198e6
3.6057856668962105e6
3.64362765769003e6
3.681655272933165e6
3.7198687508829986e6
3.758268324026615e6
3.796854217692016e6
3.8356266518983697e6
3.874585837776602e6
3.9137319918516935e6
3.9530653090508147e6
3.99258598957572e6
4.0322942269133297e6
4.0721902084209896e6
4.1122741177090076e6
4.1525461335120327e6
4.193006430505023e6
4.233655178979596e6
4.274492545154948e6
4.315518692011585e6
4.356733777562048e6
4.398137956946107e6