33617.26939994164
33664.39788234254
33790.45818187177
33996.497455445584
34284.21402168783
34655.952560040925
35114.69740462152
35664.06966505392
36308.29012816935
37052.21884342343
37901.28897626845
38861.51566095464
39939.4716405722
41142.26541760302
42477.51822682853
43953.33696132184
45578.284028610506
47361.344183414505
49311.890902069455
51439.64653287729
53754.63976512528
56267.15808850246
58987.70028265403
61926.922188634446
65095.579716014676
68504.46514744608
72164.3479528903
76085.90310400211
80279.63989116176
84755.83076486361
89524.43469918394
94595.0207643702
99976.69201084957
105678.007566405
111706.91046932159
118070.65482240831
124775.73966156344
131827.84778681016
139231.79191822425
146991.4693910934
155109.82671694926
163588.83486797137
172429.47641697965
181631.7449283405
191194.65785562282
201116.28035022353
211393.7633654048
222023.39293443985
233000.6493266044
244320.27675050186
255976.3601008529
267962.4085837292
280271.44261380425
292896.0848939505
305828.6498370104
319061.2337335476
332585.79994236445
346394.26258645847
360478.5605726335
374830.7332002076
389442.9769467792
404307.7001370453
419417.57702298556
434765.5809004009
450345.0185297306
466149.55326895416
482173.2223034651
498410.44845181325
514856.0447354938
531505.2141812381
548353.5460867063
565397.0079929844
582631.9343177323
600055.0127200149
617663.2686345833
635454.0484004583
653425.0007895185
671574.059080685
689899.421526151
708399.5330394285
727073.0660438274
745918.9027259306
764936.1175068817
784123.9597659914
803481.837826605
823009.3048459769
842706.0427843028
862571.8504209146
882606.6300668048
902810.3767423902
923183.1666052225
943725.1481284262
964436.5320382133
985317.5841348165
1.0063686168541953e6
1.0275899831005404e6
1.048982072447686e6
1.0705452924293918e6
1.0922800901598225e6
1.114186920722704e6
1.1362662576535554e6
1.158518585474595e6
1.180944397257054e6
1.203544191522549e6
1.2263184699706594e6
1.2492677352342783e6
1.2723924888603822e6
1.2956932302882667e6
1.3191704541219678e6
1.3428246505707693e6
1.366656303144027e6
1.390665888594716e6
1.4148538755688514e6
1.4392207244263925e6
1.4637668866631428e6
1.488492804500644e6
1.513398910585198e6
1.5384856277137161e6
1.563753369011551e6
1.5892025374036683e6
1.6148335258303436e6
1.640646717561485e6
1.6666424853537793e6
1.692821192966994e6
1.7191831927415233e6
1.7457288297458205e6
1.77245843808588e6
1.7993723431109586e6
1.826470860924991e6
1.853754299053411e6
1.8812229561358886e6
1.9088771225425599e6
1.9367170804133243e6
1.9647431039761498e6
1.9929554596028365e6
2.021354406253309e6
2.0499401955857587e6
2.0787130721969598e6
2.107673273882866e6
2.136821031401024e6
2.1661565697363936e6
2.195680107289573e6
2.2253918564781025e6
2.2552920239644153e6
2.28538081079695e6
2.315658412520569e6
2.3461250195072806e6
2.376780817088696e6
2.4076259862335334e6
2.4386607006625906e6
2.4698851334437937e6
2.501299450522164e6
2.5329038143568775e6
2.5646983833484757e6
2.596683311378707e6
2.6288587492091134e6
2.661224843589503e6
2.693781737545084e6
2.7265295707547623e6
2.7594684793773806e6
2.792598596584222e6
2.825920052975966e6
2.85943297346051e6
2.893137483831588e6
2.9270337044467246e6
2.961121753747829e6
2.9954017472972255e6
3.029873798209607e6
3.0645380169966687e6
3.09939451184993e6
3.134443388500989e6
3.1696847505065366e6
3.2051186991864056e6
3.24074533358367e6
3.2765647506495863e6
3.3125770461505903e6
3.3487823122657966e6
3.385180640890174e6
3.421772121173184e6
3.458556840928919e6
3.495534885530976e6
3.5327063393638185e6
3.5700712849070956e6
3.6076298030844643e6
3.645381973227911e6
3.6833278731816295e6
3.721467579349361e6
3.7598011665935353e6
3.7983287083033225e6
3.83705027724251e6
3.875965943672919e6
3.91507577736906e6
3.9543798466177457e6
3.993878218570271e6
4.0335709590911684e6
4.073458132861648e6
4.113539803581999e6
4.153816033704205e6
4.194286884628695e6
4.234952416734848e6