19068.35963131016
19187.775892492704
19506.22542802643
20023.724990191986
20740.30154839369
21655.991932896068
22770.84235158183
24084.90778828968
25598.25129604776
27310.943195206302
29223.060194507736
31334.684452738395
33645.90258136742
36156.80464086511
38867.48309195538
41778.031795194125
44888.54498007998
48199.11622608792
51709.837830196324
55420.799348148605
59332.08738611374
63443.78458252696
67755.9690281779
72268.71371225295
76982.0860590875
81896.14755944199
87010.95346742166
92326.55264310006
97842.9874026138
103560.29349880433
109478.50016677796
115597.6302169648
121917.7002285234
128438.7207469873
135160.69656546868
142083.6270294631
149207.50637668784
156532.3241008667
164058.06533413765
171784.71124150953
179712.23941893436
187840.6242984149
196169.83753948976
204699.84842431746
213430.62422795623
222362.13058547906
231494.33183488995
240827.19134431775
250360.6718132569
260094.73555962788
270029.34477620316
280164.4617704638
290500.04917954555
301036.0701560122
311772.4885456995
322709.2690299044
333846.37725431856
345183.779937953
356721.44496226823
368459.341443378
380397.43979257136
392535.71175023343
404874.1304169387
417412.6702797685
430151.30720389856
443090.01843494707
456228.7825863637
469567.57961567136
483106.39080191456
496845.1987088347
510783.9871509338
524922.7411506858
539261.446895509
553800.0916904046
568538.6639085305
583477.1529539181
598615.549185313
613953.8438913481
629492.0292327108
645230.09818569
661168.0445001633
677305.8626507521
693643.5477890649
710181.095699182
726918.5027534751
743855.7658714069
760992.8824782383
778329.8504673247
795866.6681638963
813603.3342869042
831539.8479223541
849676.208485881
868012.4156963441
886548.4695478929
905284.3702834583
924220.1183708537
943355.7144799446
962691.1594622908
982226.4543314825
1.0019616002419285e6
1.0218965984764029e6
1.042031450429441e6
1.062366157589662e6
1.082900721530878e6
1.1036351438968687e6
1.1245694263935494e6
1.1457035707746889e6
1.167037578836358e6
1.188571452406413e6
1.2103051933380954e6
1.2322388035024041e6
1.2543722847820509e6
1.2767056390656906e6
1.299238868243612e6
1.3219719742024296e6
1.34490495882289e6
1.3680378239725716e6
1.3913705715073938e6
1.4149032032657126e6
1.438635721067667e6
1.462568126711824e6
1.4867004219740566e6
1.5110326086058898e6
1.5355646883350478e6
1.5602966628599188e6
1.5852285338536655e6
1.6103603029610962e6
1.6356919717979277e6
1.6612235419515688e6
1.6869550149798226e6
1.7128863924116541e6
1.7390176757466781e6
1.7653488664550663e6
1.791879965978011e6
1.8186109757282997e6
1.8455418970893314e6
1.8726727314167449e6
1.900003480037706e6
1.9275341442546323e6
1.9552647253352627e6
1.9831952245311178e6
2.0113256430606483e6
2.0396559821186145e6
2.0681862428736254e6
2.0969164264715319e6
2.1258465340324403e6
2.1549765666538836e6
2.1843065254096836e6
2.2138364113512975e6
2.2435662255084002e6
2.273495968889806e6
2.3036256424819347e6
2.3339552472521486e6
2.364484784147161e6
2.39521425409452e6
2.4261436580029465e6
2.457272996762576e6
2.4886022712456915e6
2.5201314823072185e6
2.5518606307844697e6
2.5837897174982987e6
2.615918743254413e6
2.6482477088414994e6
2.6807766150319884e6
2.7135054625876197e6
2.7464342522514267e6
2.7795629847530867e6
2.8128916608096124e6
2.8464202811228368e6
2.880148846383261e6
2.914077357267269e6
2.948205814439569e6
2.982534218552342e6
3.017062570246091e6
3.051790870149133e6
3.0867191188795343e6
3.1218473170439303e6
3.157175465238016e6
3.19270356382339e6
3.2284316140387002e6
3.2643596157933436e6
3.300487569858418e6
3.3368154767807918e6
3.373343337097097e6
3.4100711513345316e6
3.446998920012283e6
3.484126643640604e6
3.5214543227211656e6
3.5589819577474575e6
3.596709549205023e6
3.634637097571346e6
3.672764603316443e6
3.711092066902715e6
3.7496194887842676e6
3.7883468694098983e6
3.827274209219018e6
3.866401508648093e6
3.9057287681214884e6
3.9452559880604763e6
3.98498316887918e6