19230.65305548809
19348.792104612847
19663.849027430188
20175.87664087188
20884.959990735355
21791.215250590787
22894.78822723942
24195.85249818684
25694.607221481478
27391.274647716593
29286.09738661471
31379.33548886342
33671.263333152296
36162.16648333873
38852.33842487377
41742.077378552596
44831.683089955535
48121.45379606917
51611.68322830646
55302.657943775994
59194.65468133897
63287.93808215065
67582.75864551718
72079.35086087596
76777.93175921506
81678.69966435106
86781.83318440293
92087.49062958221
97595.8095422203
103306.90652712833
109220.87739028141
115337.79739419522
121657.72177517577
128180.68642126083
134906.70868449484
141835.78835478346
148967.9087159809
156303.0376963308
163841.12908058093
171582.12376415206
179525.95103281536
187672.5298444754
196021.7701074651
204573.57393209627
213327.83684654933
222284.448969095
231443.29612747178
240804.26091094915
250367.2236670046
260132.0634177957
270098.65870506864
280266.8883709972
290636.63226000493
301207.7718273344
311980.1907182009
322953.7752335825
334128.41476098297
345504.0021226541
357080.4338727058
368857.61053265905
380835.4367939861
393013.8216235928
405392.6783938976
417971.92491758167
430751.48347413284
443731.28079468146
456911.24802066665
470291.32064189756
483871.4384036758
497651.5452083947
511631.58899221726
525811.5215918679
540191.2986045019
554770.8792346986
569550.2261401415
584529.3052742914
599708.0857192129
615086.5395232486
630664.6415376854
646442.3692782406
662419.7027191592
678596.6241845796
694973.1181745878
711549.171225284
728324.7717662891
745299.909984761
762474.5776957143
779848.76821633
797422.4762505637
815195.6977740838
833168.4299253355
851340.670911342
869712.4199075599
888283.6769717846
907054.442957123
926024.7194369222
945194.5086305105
964563.8133372631
984132.636870377
1.003900983005756e6
1.0238688559085696e6
1.0440362601099609e6
1.064403200441502e6
1.084969682001534e6
1.1057357101114814e6
1.1267012902881866e6
1.147866428199971e6
1.1692311296299323e6
1.1907954005312007e6
1.21255924683002e6
1.23452267457732e6
1.2566856898412348e6
1.2790482987079874e6
1.3016105072643443e6
1.3243723215859928e6
1.3473337477245682e6
1.370494791690549e6
1.393855459453503e6
1.4174157569250679e6
1.4411756899569365e6
1.465135264329984e6
1.4892944857508112e6
1.513653359847662e6
1.5382118921666027e6
1.562970088165109e6
1.5879279532145609e6
1.6130854925940358e6
1.6384427114894066e6
1.663999614995263e6
1.6897562081094026e6
1.7157124957365708e6
1.7418684826866004e6
1.7682241736761394e6
1.7947795733215385e6
1.8215346861566901e6
1.8484895166148166e6
1.8756440690409702e6
1.9029983476886316e6
1.930552356731182e6
1.9583061002302947e6
1.9862595821954096e6
2.0144128065301501e6
2.0427657770595285e6
2.0713184975298373e6
2.100070971606366e6
2.1290232028782736e6
2.158175194858395e6
2.1875269509848403e6
2.2170784746233677e6
2.246829769069817e6
2.27678083755301e6
2.3069316832297677e6
2.3372823091956354e6
2.3678327184800548e6
2.3985829140507495e6
2.42953289881486e6
2.4606826756202066e6
2.4920322472570697e6
2.523581616460121e6
2.5553307859071153e6
2.5872797582239583e6
2.619428535987244e6
2.651777121672316e6
2.684325517888282e6
2.7170737269320246e6
2.7500217512254934e6
2.7831695931016244e6
2.8165172548516123e6
2.8500647387217456e6
2.8838120469171265e6
2.9177591815999965e6
2.951906144895258e6
2.986252938887455e6
3.02079956562359e6
3.0555460271117184e6
3.0904923253271077e6
3.125638462208052e6
3.1609844394387677e6
3.1965302593062697e6
3.2322759236886306e6
3.268221433937953e6
3.304366792044528e6
3.34071199975429e6
3.377257058781931e6
3.4140019708118616e6
3.450946737502332e6
3.4880913604833577e6
3.525435841357407e6
3.562980181700615e6
3.6007243830639822e6
3.6386684469726346e6
3.6768123749275887e6
3.7151561684044134e6
3.7536998288567653e6
3.792443357714629e6
3.8313867563820407e6
3.870530026253148e6
3.9098731686828295e6
3.9494161850163685e6
3.9891590765760783e6