256860.9193644795
256809.10234789638
256671.2126976481
256448.067731697
256140.87821854703
255751.49155372666
255282.14709601045
254735.64465147426
254115.04715410847
253424.21375344042
252667.27346691332
251849.0114329789
250973.9584016828
250048.22268066328
249077.5927237629
248068.46352098882
247027.66038695967
245962.4312935894
244880.42486010556
243789.71403405472
242698.73208337725
241616.33001601277
240551.7063540793
239514.4728263676
238514.57807287842
237562.34971776168
236668.46773655433
235843.97788678628
235100.2663473157
234449.06697870203
233902.47057705425
233472.9165056087
233173.15122686775
233016.32062754908
233015.88165134098
233185.6268667212
233539.715019423
234092.6228142308
234859.18082098477
235854.54709121835
237094.21731226955
238594.01145554887
240370.0740349801
242438.85032211355
244817.08587123983
247521.79581738793
250570.2630396544
253979.97592228034
257768.62254798342
261954.03429796844
266554.1354595448
271586.8871198479
277070.20349059795
283021.88494068105
289459.5100639133
296400.3328193494
303861.1579525834
311858.2126936115
320406.9894865543
329522.09432499914
339217.0706940044
349504.2213004187
360394.4328048405
371896.9672543424
384019.29567205464
396766.9127353162
410143.17036755604
424149.14337725285
438783.49273814954
454042.3745524192
469919.4090651269
486405.6656319006
503489.6965637784
521157.5970761844
539393.1916038583
558178.1509872224
577492.2792880483
597313.717039424
617619.2957441416
638384.7740999013
659585.2262643077
681195.3389714737
703189.7375286402
725543.2893719901
748231.3888436023
771230.1959781105
794516.8741063275
818069.7543127874
841868.4882332629
865894.1312075546
890129.2481049872
914557.9096639012
939165.748580134
963939.8664023364
988868.8808281937
1.0139427995681021e6
1.0391529782254952e6
1.0644920329312915e6
1.0899537496740965e6
1.1155329971596391e6
1.14122562753852e6
1.167028390472102e6
1.1929388280794069e6
1.218955219086917e6
1.2450764595334686e6
1.271302011541178e6
1.2976318226144928e6
1.324066255745519e6
1.3506060440789596e6
1.3772522197850272e6
1.4040060657241885e6
1.4308690959632145e6
1.4578429771548347e6
1.4849295282582012e6
1.5121306666949424e6
1.5394484123427374e6
1.5668848205135947e6
1.5944419881025236e6
1.6221220516441355e6
1.6499271337584872e6
1.677859359184688e6
1.705920833771674e6
1.7341136374685057e6
1.7624398185470786e6
1.790901385860367e6
1.8195003044987004e6
1.848238495567105e6
1.877117815978144e6
1.9061400914262799e6
1.9353070787364459e6
1.964620485554868e6
1.9940819629715555e6
2.0236931084406776e6
2.0534554632674379e6
2.0833705232394726e6
2.1134396982914144e6
2.14366439720892e6
2.174045941080209e6
2.2045856124458993e6
2.235284644248511e6
2.2661442268377263e6
2.2971654999837843e6
2.3283495541482475e6
2.359697454149531e6
2.3912102102499707e6
2.4228887975687846e6
2.4547341544474936e6
2.486747181590275e6
2.5189287460959614e6
2.5512796795160742e6
2.583800784646718e6
2.6164928307813075e6
2.64935655972502e6
2.6823926861434723e6
2.7156018903503222e6
2.748984838469768e6
2.7825421647171723e6
2.8162744812839325e6
2.8501823775222865e6
2.884266421376237e6
2.918527162449347e6
2.9529651269918177e6
2.98758082514582e6
3.022374748497817e6
3.0573473708074596e6
3.0924991499424386e6
3.1278305276259016e6
3.163341931843154e6
3.1990337740371153e6
3.234906456183127e6
3.270960362063989e6
3.307195864559272e6
3.3436133252281696e6
3.3802130943218013e6
3.4169955104984757e6
3.453960901771354e6
3.4911095864019236e6
3.528441872969249e6
3.565958059307769e6
3.6036584368222337e6
3.641543286318583e6
3.6796128815156007e6
3.717867487169468e6
3.75630736174227e6
3.7949327554696687e6
3.83374391212551e6
3.8727410682301214e6
3.911924455951412e6
3.9512942947337385e6
3.9908508353146184e6
4.0305942044677604e6
4.070524693184208e6
4.110642474962336e6
4.150947746021379e6
4.1914406978109768e6
4.23212151683206e6
4.272990385320251e6
4.314047480487686e6
4.355292975769421e6
4.39672703988738e6