197464.90734577517
197427.5097084407
197327.96075621573
197167.4921455098
196947.020427745
196668.5880795839
196334.5623527181
195947.84107553517
195511.82695301907
195030.37794562796
194507.9426937531
193949.37429829355
193360.05761004804
192745.83124658774
192113.02493332553
191468.42685975076
190819.27020280814
190173.25114611752
189538.51799642254
188923.64267920336
188337.5149980979
187789.92642884894
187290.28719012788
186849.26600979
186477.26291221048
186185.4650415377
185985.36471762718
185888.8466001395
185908.1900013049
186056.07711049623
186345.5739576532
186790.13542594673
187403.57788032206
188200.12927633326
189194.36095913866
190401.23221227928
191836.05075805308
193514.46673420543
195452.48491275858
197666.4220433964
200172.89725292003
202988.8087397106
206131.30273732392
209617.74655371104
213465.67388048116
217692.74113539743
222316.66726455593
227355.16422231868
232825.85671027697
238746.1907534533
245133.3288054249
252004.03751797584
259374.5506060911
267260.4334769715
275676.4313211569
284636.29622735194
294152.63736902864
304236.706474061
314898.2563134682
326145.339461926
337984.14570162736
350418.84134368587
363451.4256389731
377081.6229672127
391306.7744653629
406121.80417362927
421519.20217082533
437489.0496012408
454019.0974341747
471094.8918998552
488699.92941887025
506815.8793478777
525422.8139358212
544499.4796635387
564023.5965972705
583972.1709050575
604321.7660006706
625048.843588609
646130.0309888679
667542.3915214082
689263.6575783722
711272.4445115444
733548.4182123295
756072.4413144821
778826.6606092136
801794.5915089024
824961.1512859635
848312.6654737948
871836.8720299145
895522.8529468762
919361.0173829439
943343.0181066347
967461.6897746894
991710.960872637
1.0160857743833028e6
1.04058199775598e6
1.0651963476315574e6
1.0899262845423787e6
1.1147699708385172e6
1.1397261580503758e6
1.1647941329891027e6
1.1899736482347467e6
1.2152648619575093e6
1.2406682797607663e6
1.2661847041079302e6
1.2918151881250795e6
1.3175609980963878e6
1.3434235659025838e6
1.369404470134196e6
1.3955053971701572e6
1.4217281163748766e6
1.4480744674917841e6
1.4745463218671102e6
1.501145603075668e6
1.5278742140067706e6
1.5547340792878836e6
1.581727110522565e6
1.608855203017375e6
1.6361202134701544e6
1.6635239871181657e6
1.6910683184344608e6
1.7187549668379235e6
1.7465856522630434e6
1.7745620396351998e6
1.8026857546370297e6
1.830958372782615e6
1.85938142357905e6
1.8879563770734994e6
1.9166846688622693e6
1.9455676787952166e6
1.9746067391887796e6
2.0038031360352798e6
2.0331581090360808e6
2.0626728589745397e6
2.0923485194356686e6
2.122186216281908e6
2.1521870106633743e6
2.18235193027127e6
2.2126819626437332e6
2.243178066697958e6
2.2738411432988113e6
2.304672081385502e6
2.335671734088087e6
2.366840902265329e6
2.398180377791901e6
2.429690915850441e6
2.4613732422847804e6
2.4932280596373873e6
2.5252560386085594e6
2.557457829207952e6
2.5898340570404967e6
2.6223853125866577e6
2.6551121974162944e6
2.6880152622720343e6
2.7210950423180694e6
2.7543520621976326e6
2.787786822833879e6
2.8213997991317287e6
2.8551914780540247e6
2.889162303010766e6
2.923312707127896e6
2.957643115996752e6
2.9921539362428924e6
3.026845562297328e6
3.061718375516662e6
3.0967727453719513e6
3.13200902886861e6
3.1674275735096335e6
3.2030287135759094e6
3.2388127744201706e6
3.274780070840798e6
3.3109309088761597e6
3.3472655848223777e6
3.3837843859675317e6
3.4204875921522914e6
3.457375475193606e6
3.4944482959240433e6
3.531706313241615e6
3.5691497741375e6
3.606778921774397e6
3.6445939908664944e6
3.6825952099034092e6
3.7207828028637585e6
3.759156996718748e6
3.797717970671374e6
3.836465962763461e6
3.875401162802057e6
3.9145237663497417e6
3.95383396397593e6
3.9933319413999594e6
4.0330178804785297e6
4.07289195763618e6
4.112954345434046e6
4.1532052128967247e6
4.193644724505197e6
4.234273040939065e6
4.2750903193793e6
4.316096713549867e6
4.357292373190897e6
4.398677445241258e6