19047.41425507437
19166.996034520474
19485.885209152533
20004.093800616858
20721.641161949883
21638.55372116914
22754.864633510093
24070.61334850191
25585.84510149382
27300.610336882863
29214.964076045915
31328.965242746926
33642.67594680222
36156.160760153565
38869.4859692395
41782.71885118187
44895.92693657105
48209.17727844768
51722.53599720111
55436.06723827886
59349.83302022779
63463.892507315046
67778.30159469567
72293.112512468
77008.37349592712
81924.1285214961
87040.41709251144
92357.27412756905
97874.7298553603
103592.8098012247
109511.53482092587
115630.92117679692
121950.98066034226
128471.72075234869
135193.14481661964
142115.25232086066
149238.03908072936
156561.4975208737
164085.61694912644
171810.38383917566
179735.78211568246
187861.79344411189
196188.3975118111
204715.572308802
213443.29439438725
222371.53915882055
231500.2810681853
240829.49389888742
250359.15095214496
260089.22525939217
270019.68976534484
280150.5174991906
290481.68172806554
301013.1560896464
311744.91471888276
322676.9323498595
333809.18440733047
345141.64708462614
356674.29740716756
368407.1132838871
380340.07355058077
392473.1579924953
404806.3473724792
417339.6234382953
430072.9689281585
443006.36756499356
456139.80405197386
469473.2640519948
483006.73417343426
496740.2019431552
510673.6557824785
524807.0849765593
539140.47964354
553673.8307007372
568407.1298292184
583340.3694476527
598473.5426568487
613806.6432230347
629339.6655361347
645072.6045688714
661005.4558481505
677138.2154185335
693470.8798091091
710003.4460013431
726735.9113975301
743668.2737913914
760800.5313384442
778132.6825289684
795664.7261630177
813396.6613212158
831328.4873476083
849460.2038220417
867791.8105410498
886323.3074986883
905054.69486675
923985.9729781719
943117.1423104279
962448.2034711593
981979.1571840164
1.0017100042735008e6
1.0216407456562236e6
1.0417713823281587e6
1.0621019153537368e6
1.0826323458577408e6
1.1033626750152842e6
1.1242929040460088e6
1.1454230342039093e6
1.1667530667733008e6
1.1882830030613486e6
1.2100128443934259e6
1.231942592107719e6
1.2540722475508417e6
1.2764018120737344e6
1.2989312870285562e6
1.3216606737649771e6
1.344589973628301e6
1.3677191879547648e6
1.3910483180721223e6
1.4145773652956868e6
1.438306330927865e6
1.4622352162549875e6
1.4863640225483829e6
1.5106927510611427e6
1.535221403029525e6
1.55994997966898e6
1.5848784821768405e6
1.6100069117301705e6
1.6353352694850327e6
1.6608635565777384e6
1.686591774123076e6
1.7125199232153192e6
1.7386480049277479e6
1.7649760203125922e6
1.791503970401364e6
1.8182318562052646e6
1.8451596787144716e6
1.8722874388993098e6
1.8996151377097259e6
1.9271427760780433e6
1.954870354911396e6
1.9827978751064602e6
2.010925337534637e6
2.0392527430535275e6
2.0677800924934414e6
2.0965073866808824e6
2.125434626415626e6
2.15456181248336e6
2.183888945652821e6
2.2134160266767433e6
2.2431430562922717e6
2.2730700352216265e6
2.303196964171007e6
2.3335238438328872e6
2.364050674885301e6
2.3947774579920648e6
2.4257041938038743e6
2.4568308829580103e6
2.4881575260790014e6
2.5196841237789444e6
2.551410676657337e6
2.5833371853019088e6
2.61546365028949e6
2.647790072184824e6
2.6803164515409595e6
2.7130427889029086e6
2.7459690848038476e6
2.779095339765109e6
2.81242155430041e6
2.845947728912344e6
2.8796738640953093e6
2.913599960333623e6
2.9477260181032405e6
2.982052037871157e6
3.016578020096e6
3.05130396522769e6
3.0862298737087823e6
3.1213557459736797e6
3.1566815824489347e6
3.1922073833320444e6
3.2279331496943035e6
3.2638588812864735e6
3.2999845787222018e6
3.3363102423930806e6
3.372835872683382e6
3.409561469970619e6
3.446487034626642e6
3.483612567016777e6
3.5209380675002844e6
3.5584635364305866e6
3.5961889741548602e6
3.6341143810165613e6
3.6722397573507507e6
3.7105651034890763e6
3.749090419756736e6
3.7878157064751224e6
3.826740963958912e6
3.865866192520674e6
3.9051913924643085e6
3.9447165640915236e6
3.984441707698841e6