24744.360251528095
24853.754254314907
25145.568601435905
25620.06708222426
26277.67594609433
27118.980491377042
28144.720397829267
29355.783855594098
30753.200556570147
32338.133622053916
34111.87058114292
36075.81274292452
38231.4674721249
40580.432321728964
43124.3858372475
45865.075489819275
48804.305193628046
51943.91874041008
55285.79441274721
58831.82613290507
62583.912031439555
66543.94494674332
70713.79538058757
75095.30839755427
79690.28362397262
84500.47119758316
89527.56010351043
94773.17005163585
100238.84325092513
105926.03713194196
111836.11972338933
117970.36216213406
124329.93559976113
130915.90728226435
137729.23796375794
144770.77977230208
152041.27565035233
159541.3584670436
167271.55184862955
175232.27046253247
183423.825479708
191846.41957654408
200500.1571533612
209385.0439598417
218500.99184694994
227847.8226985827
237425.27299061336
247232.9984734493
257270.57917538338
267537.5244029018
278033.2779980339
288757.2235586253
299708.68972170795
310886.9554095165
322291.2550661888
333920.7836806599
345774.7019235039
357852.1409194947
370152.2069261466
382673.9859181766
395416.5477699593
408378.95191241556
421560.2451353947
434959.4762145833
448575.6893746015
462407.93158747663
476455.25567410013
490716.72204743547
505191.40196315316
519878.3793999958
534776.7533326375
549885.6394134525
565204.1718168599
580731.5043264914
596466.8126231867
612409.293534094
628558.167711945
644912.6795736513
661472.0980518262
678235.7170705306
695202.8558424378
712372.8590961263
729745.0973508274
747318.9666386398
765093.8886445534
783069.3105805796
801244.704306119
819619.5672942551
838193.4210370077
856965.8111058244
875936.306746954
895104.5002162228
914470.0063383618
934032.4617881622
953791.5246924614
973746.8738095978
993898.2079744602
1.0142452454601398e6
1.0347877234259818e6
1.0555253968399365e6
1.0764580384060978e6
1.0975854373027934e6
1.1189073995740637e6
1.1404237455902654e6
1.1621343113245915e6
1.184038946745568e6
1.206137515310528e6
1.2284298934993015e6
1.2509159701459904e6
1.2735956456503666e6
1.2964688318212298e6
1.3195354509148155e6
1.3427954354017377e6
1.3662487270738224e6
1.3898952770560603e6
1.4137350448291511e6
1.4377679979692553e6
1.4619941117476407e6
1.4864133684841653e6
1.511025757366607e6
1.5358312737961144e6
1.560829919220182e6
1.5860217006216985e6
1.6114066301050056e6
1.6369847247308411e6
1.662756006227807e6
1.68872050020234e6
1.714878236474709e6
1.7412292486491897e6
1.7677735724969297e6
1.7945112487723706e6
1.8214423198108694e6
1.8485668308718458e6
1.875884829642248e6
1.9033963659992197e6
1.9311014917529149e6
1.9590002605664826e6
1.9870927277037597e6
2.0153789500378792e6
2.043858985087097e6
2.0725328924747782e6
2.1014007321984507e6
2.1304625653126677e6
2.159718453559406e6
2.1891684593282165e6
2.2188126454469194e6
2.2486510754372035e6
2.278683812809576e6
2.3089109215513635e6
2.3393324654152542e6
2.369948508763178e6
2.40075911558922e6
2.4317643498432734e6
2.4629642753559886e6
2.494358956027402e6
2.525948455028849e6
2.5577328355776835e6
2.589712160423593e6
2.6218864919940396e6
2.654255892178548e6
2.686820422972534e6
2.7195801440330036e6
2.752535117220529e6
2.7856854020366697e6
2.8190310576977995e6
2.8525721430996954e6
2.8863087163607627e6
2.920240835002565e6
2.9543685559038967e6
2.9886919352929774e6
3.023211028717128e6
3.057925891083288e6
3.092836576496868e6
3.1279431384672457e6
3.1632456297917636e6
3.1987441026123883e6
3.234438608221355e6
3.270329197391686e6
3.306415920007079e6
3.342698825594118e6
3.37917796222217e6
3.415853378048511e6
3.4527251201233286e6
3.489793234916223e6
3.527057768181814e6
3.5645187649680693e6
3.602176269667358e6
3.64003032596655e6
3.6780809768596496e6
3.716328264747287e6
3.7547722312892107e6
3.793412917518732e6
3.832250363842141e6
3.8712846099984553e6
3.910515695113401e6
3.9499436577282604e6
3.9895685355728604e6
4.0293903660735693e6
4.069409185850555e6
4.1096250309842164e6