292265.1356400396
292235.43715185183
292156.53372074815
292029.24107064505
291854.8538055924
291634.77411756164
291372.54410526284
291069.7140732849
290729.95550633897
290357.06340748107
289955.11790718976
289528.9535986753
289083.5742312325
288624.5687075916
288157.9121897924
287689.95766966406
287227.48520997714
286777.65474048886
286347.946104883
285946.32132474706
285580.87011451926
285260.24088949175
284993.1542000475
284788.76333708176
284656.4440422574
284605.8262535508
284646.77632236737
284789.37567144854
285043.8825399246
285420.7498536197
285931.63510257925
286584.1875197169
287392.36586296384
288366.1131250266
289516.4664013444
290854.5591352779
292391.5204516087
294138.50490609894
296106.67707322235
298307.16057366156
300751.02136695944
303449.2653168995
306412.7787719283
309652.33386332495
313178.5468266035
317001.85757439723
321132.5052437093
325580.4829507908
330355.5796933202
335467.2246708963
340924.57171191846
346736.4497970699
352911.3022526639
359457.1868816592
366381.7413054126
373692.1605228697
381395.1706655427
389497.0074096866
398003.3924220947
406919.5154721758
416250.01136616734
425998.9519419699
436169.8254329328
446765.52400058217
457788.3415210628
469239.9625264077
481121.46760546765
493433.3121198615
506175.35783702496
519346.8587906286
532946.4831851878
546972.3250812326
561421.905398024
576292.2247905628
591579.7451355078
607280.4447457802
623389.8354357195
639902.9886057919
656814.5788170807
674118.901568345
691809.9205881534
709881.3005893489
728326.4570388931
747138.507693626
766310.4889146277
785835.2083674574
805705.3711813157
825913.6162046881
846452.5129799314
867314.6307807276
888492.5358414946
909978.8644266847
931766.2866646682
953847.5976596914
976215.706690335
998863.6561738485
1.02178465280689e6
1.0449720808466157e6
1.0684195084952035e6
1.092120705703893e6
1.1160696600383213e6
1.1402605879316868e6
1.1646879161141464e6
1.1893463286367168e6
1.2142307291304385e6
1.2393362599594723e6
1.2646583067485802e6
1.2901924935865083e6
1.3159346895490163e6
1.3418809610772682e6
1.3680276483777564e6
1.3943712921197936e6
1.4209086552683453e6
1.4476367158605387e6
1.4745526543218838e6
1.5016538657257236e6
1.5289379051922353e6
1.5564025358185233e6
1.5840457094513006e6
1.6118655267012166e6
1.6398602578173769e6
1.66802832962148e6
1.6963683062935944e6
1.7248789040723725e6
1.7535589616537415e6
1.7824074544339934e6
1.8114234607142047e6
1.840606177248773e6
1.8699549037440184e6
1.899469037082306e6
1.9291480674010364e6
1.9589915694057737e6
1.988999192306468e6
2.0191706695626131e6
2.0495057971063775e6
2.0800044330112657e6
2.110666502174617e6
2.1414919744409374e6
2.1724808800317654e6
2.2036332865062607e6
2.234949314285268e6
2.2664291124228537e6
2.2980728702191235e6
2.329880810308634e6
2.3618531857907064e6
2.393990272862653e6
2.4262923724774383e6
2.458759808821243e6
2.491392924315536e6
2.524192078447353e6
2.55715764644382e6
2.590290014928427e6
2.623589584547448e6
2.6570567637752825e6
2.6906919708682615e6
2.7244956295957733e6
2.758468162078016e6
2.792610028619358e6
2.8269216419181186e6
2.8614034511707127e6
2.896055897729922e6
2.930879427614833e6
2.9658744772812002e6
3.001041493585505e6
3.0363809139570068e6
3.071893182445475e6
3.1075787288673497e6
3.1434379876001985e6
3.179471388649316e6
3.215679356161483e6
3.2520623134476664e6
3.2886206754216626e6
3.325354854062213e6
3.362265256476115e6
3.3993522844057065e6
3.4366163337478386e6
3.4740577948177964e6
3.5116770527523444e6
3.5494744866534513e6
3.587450468814706e6
3.625605366927888e6
3.6639395397341466e6
3.702453347054135e6
3.741147133470744e6
3.7800212432393953e6
3.8190760121885827e6
3.858311773078828e6
3.89772884301206e6
3.93732754784395e6
3.9771081972493837e6
4.017071097114953e6
4.0572165482800202e6
4.09754484492602e6
4.1380562750113616e6
4.178751122263685e6
4.219629663550575e6
4.260692170640321e6
4.301938909637802e6
4.343370140598063e6
4.384986119576788e6