20407.69375254472
20525.394656257537
20839.289720798588
21349.449581805166
22055.988273542047
22959.062170664787
24058.868544371413
25355.643753105694
26849.66109283347
28541.2283362581
30430.684994093994
32518.399201260007
34804.76502080984
37290.19856117551
39975.13454374139
42860.02289927601
45945.32529880793
49231.51169669056
52719.05607520988
56408.433649418344
60300.11725743724
64394.574494866334
68692.26362546984
73193.6320075333
77899.11280345154
82809.12214845976
87924.05760555012
93244.29601872838
98770.19170385301
104502.07497098434
110440.25112795806
116584.9991553894
122936.57135655574
129495.19260035452
136261.06017176027
143234.3437003811
150415.18523271475
157803.69958709012
165399.9748117159
173204.07280945987
181216.03004448584
189435.85848661934
197863.54653252164
206499.06008450853
215342.34368679445
224393.3216346083
233651.89935475326
243117.9645265835
252791.38842871055
262672.0272162012
272759.7232144365
283054.30619523773
293555.5946397191
304263.3969658543
315177.5127749118
326297.7339461587
337623.8458304957
349155.6283132541
360892.85683915275
372835.3034058814
384982.7375050961
397334.92699702154
409891.6388913905
422652.64023215335
435617.69869043096
448786.5833082802
462159.0650565202
475734.9174623096
489513.9170244465
503495.8437876789
517680.4816720467
532067.6188500333
546657.048120304
561448.5671688293
576441.9787931986
591637.0911540654
607033.7179114723
622631.6783877148
638430.7977226586
654430.9068470199
670631.8426598741
687033.4480191662
703635.5717029569
720438.068495445
737440.7990942048
754643.6300819811
772046.433893386
789649.0886897644
807451.4783258456
825453.4922320049
843655.0253104877
862055.9778188481
880656.2552224629
899455.7682037413
918454.4322305813
937652.1678290126
957048.9001477087
976644.5587303443
996439.077841161
1.0164323957654376e6
1.0366244550256011e6
1.0570152020941246e6
1.0776045872601653e6
1.0983925645691184e6
1.1193790915073724e6
1.140564129033307e6
1.1619476413427605e6
1.1835295957426075e6
1.2053099625935915e6
1.2272887150046474e6
1.2494658288880945e6
1.271841282738169e6
1.2944150575265456e6
1.317187136557878e6
1.3401575054126307e6
1.3633261517761974e6
1.386693065344639e6
1.4102582377421658e6
1.434021662380978e6
1.4579833343923853e6
1.4821432505068423e6
1.5065014089923427e6
1.531057809525297e6
1.5558124531303204e6
1.5807653421467042e6
1.6059164800048068e6
1.6312658713020294e6
1.6568135216255174e6
1.682559437687822e6
1.7085036269081642e6
1.7346460974610879e6
1.7609868586437963e6
1.7875259202104139e6
1.81426329263928e6
1.8411989870272959e6
1.868333015032555e6
1.8956653888179113e6
1.9231961210265523e6
1.950925224765643e6
1.978852713357015e6
2.0069786007236252e6
2.035302900937554e6
2.0638256283937814e6
2.092546797701757e6
2.1214664237701315e6
2.150584521562603e6
2.179901106317076e6
2.2094161933600437e6
2.239129798055149e6
2.269041936030196e6
2.2991526228148625e6
2.329461874063108e6
2.3599697054104367e6
2.390676132559552e6
2.4215811711606327e6
2.4526848368232325e6
2.4839871452245642e6
2.515488111902749e6
2.547187752346555e6
2.579086081990661e6
2.6111831161842556e6
2.643478870187307e6
2.675973359152015e6
2.708666598178406e6
2.7415586021092366e6
2.774649385797348e6
2.807938963926121e6
2.84142735106825e6
2.875114561606855e6
2.9090006098249727e6
2.943085509673161e6
2.977369275424673e6
3.0118519207846574e6
3.0465334593968075e6
3.0814139048502464e6
3.1164932702332297e6
3.151771568974956e6
3.187248814016953e6
3.222925018201392e6
3.258800194474777e6
3.294874354888262e6
3.3311475120338164e6
3.367619678054468e6
3.404290865018282e6
3.4411610847688615e6
3.4782303489975138e6
3.5154986692318795e6
3.5529660568332663e6
3.590632523084687e6
3.6284980787812816e6
3.666562735042954e6
3.704826502506341e6
3.743289391729161e6
3.7819514131335784e6
3.820812576908065e6
3.8598728932170607e6
3.8991323719455926e6
3.9385910229209e6
3.9782488557717567e6
4.0181058799934452e6