20692.101534961992
20809.32012519581
21121.93395937357
21630.027100911648
22333.735273530052
23233.244618052668
24328.789995752908
25620.652861527575
27109.1587358088
28794.67430917127
30677.604217967673
32758.387376052786
35037.49379588142
37515.42000139407
40192.68499266229
43069.82610660887
46147.39535891422
49425.955108868366
52906.07076088996
56588.31320420213
60473.2489345909
64561.43707200934
68853.42941547504
73349.76264509991
78050.95742020404
82957.51480075388
88069.91368596851
93388.608587317
98914.02743269401
104646.56961650288
110586.6048961291
116734.47171601657
123090.47670714505
129654.89390268385
136427.9641948202
143409.89552600027
150600.86275010163
158001.00810860452
165610.4416634427
173429.24185526284
181457.45732361567
189695.1059570624
198142.1780375235
206798.63646616187
215664.41829390122
224739.43611674843
234023.57958708206
243516.71686472342
253218.69616906752
263129.3473191212
273248.48328441475
283575.9017174307
294111.38647257653
304854.7090941451
315805.6302759567
326963.9012666704
338329.26523677184
349901.45859550487
361680.2122414552
373665.2527458031
385856.30351311143
398253.0858209966
410855.31986287143
423662.7256387396
436675.0238589011
449891.93678256264
463313.18888561975
476938.5076218925
490767.62400047365
504800.2731988757
519036.1950227761
533475.1343534417
548116.8416003912
562961.0730281792
578007.591038648
593256.1644695565
608706.5687697213
624358.5862011135
640212.0060239276
656266.624483614
672522.2450410624
688978.678190094
705635.7418079551
722493.2608461581
739551.0674298898
756809.0007962096
774266.9072335209
791924.639956089
809782.0590310666
827839.0312716657
846095.4300597303
864551.1354076993
883206.0333702661
902060.0163852716
921112.9828437578
940364.8369685295
959815.4886780026
979464.853377403
999312.8518382363
1.0193594099037232e6
1.0396044584747857e6
1.0600479332053838e6
1.0806897744139605e6
1.101529926838091e6
1.1225683394680782e6
1.1438049654330113e6
1.1652397617733353e6
1.1868726892810618e6
1.208703712423111e6
1.2307327989880932e6
1.2529599201333807e6
1.2753850501260373e6
1.2980081662201749e6
1.320829248473673e6
1.3438482796871082e6
1.367065245192062e6
1.3904801327391765e6
1.4140929323977e6
1.437903636386423e6
1.461912238990486e6
1.4861187364167748e6
1.5105231267186732e6
1.5351254096411308e6
1.5599255865467147e6
1.584923660379878e6
1.6101196353818185e6
1.635513517201511e6
1.6611053127490468e6
1.6868950300238929e6
1.7128826782303527e6
1.7390682672437278e6
1.7654518083432158e6
1.792033313354196e6
1.8188127949668572e6
1.845790266613042e6
1.8729657423392083e6
1.9003392369959687e6
1.9279107657091254e6
1.9556803443578337e6
1.983647989024125e6
2.0118137165042795e6
2.0401775437733834e6
2.0687394881888572e6
2.097499567361269e6
2.126457799257548e6
2.155614201906024e6
2.1849687936602645e6
2.2145215929427547e6
2.244272618351302e6
2.2742218885956774e6
2.3043694223983577e6
2.334715238593861e6
2.3652593559922273e6
2.3960017934765317e6
2.4269425698317434e6
2.4580817039400605e6
2.4894192145318016e6
2.5209551203163425e6
2.552689439920718e6
2.5846221918781865e6
2.616753394633072e6
2.6490830665919813e6
2.6816112257283744e6
2.7143378903989615e6
2.747263078336282e6
2.7803868074190677e6
2.813709095249005e6
2.847229959282855e6
2.8809494166507716e6
2.914867484813415e6
2.9489841805824647e6
2.9832995207513487e6
3.0178135216474496e6
3.052526199941061e6
3.0874375718777296e6
3.122547653098116e6
3.157856459725481e6
3.193364007325648e6
3.229070311151042e6
3.2649753868185175e6
3.301079248811114e6
3.3373819121858156e6
3.3738833914930015e6
3.4105837011943157e6
3.4474828554919134e6
3.4845808683656496e6
3.521877753655013e6
3.55937352496116e6
3.5970681957835755e6
3.634961779102081e6
3.6730542881861287e6
3.711345735790134e6
3.7498361345586185e6
3.7885254969433746e6
3.827413835224328e6
3.8665011614938066e6
3.90578748760952e6
3.9452728253371003e6
3.9849571862029186e6
4.0248405815741005e6