151045.72761742264
151061.3828790232
151103.43977961683
151172.5990723293
151270.64779207757
151399.06953511597
151560.38887864992
151757.53691928007
151993.85085154674
152273.3273502072
152600.28883276117
152979.60107300984
153416.52251239814
153916.81630855554
154486.61742429883
155132.45172838448
155861.29069222196
156680.39884639008
157597.43984907266
158620.3666905035
159757.4114317434
161017.14354192175
162408.33628756495
163939.99417034158
165621.33189001586
167461.7226600459
169470.70350496745
171657.9198499014
174033.1103612936
176606.0596836866
179386.60739017953
182384.57305297564
185609.7710647899
189071.90758875827
192780.6668098006
196745.5459967623
200975.9301764639
205480.9996678324
210269.72587516997
215350.8294446573
220732.75745890365
226423.64991402254
232431.30690987455
238763.17263664585
245426.2882703967
252427.30148943065
259772.38285948808
267467.2852337491
275517.25193387124
283927.03362072184
292700.8655290301
301842.45483422274
311354.96996288444
321241.03315958957
331502.71599709534
342141.5377843336
353158.4659698353
364553.92521661747
376327.7969082388
388479.43705018336
401007.68715724064
413910.89159658464
427186.9152989287
440833.1665867514
454846.6194594795
469223.84261303867
483961.0226526527
499053.9988980788
514498.2877347784
530289.1161151263
546421.4591309689
562890.0607228046
579689.4766690999
596814.0986881666
614258.1923047584
632015.9221742852
650081.3829190728
668448.63081003
687111.7080471716
706064.6679691947
725301.6007366099
744816.6525269821
764604.0535741018
784658.1247257942
804973.3056276357
825544.1657520855
846365.408952007
867431.9054404167
888738.6818350764
910280.9347567366
932054.0459314061
954053.5697980943
976275.2568415031
998715.0452169053
1.0213690589697919e6
1.0442335980073995e6
1.0673052261143886e6
1.090580578906922e6
1.114056559240827e6
1.1377302264199518e6
1.1615988205423038e6
1.185659755910614e6
1.2099106143549017e6
1.2343491455124216e6
1.2589732504485524e6
1.2837809897817888e6
1.3087705671193348e6
1.3339403287775475e6
1.3592887541151433e6
1.3848144531619782e6
1.4105161582757998e6
1.4363927191775038e6
1.4624430958669705e6
1.4886663550035309e6
1.5150616596553675e6
1.5416282690871865e6
1.5683655304741256e6
1.5952728775803917e6
1.6223498129098823e6
1.649595921948803e6
1.67701085552698e6
1.704594330660479e6
1.7323461213059025e6
1.7602660571523327e6
1.7883540222224197e6
1.8166099465863556e6
1.8450338050737807e6
1.873625614787963e6
1.902385428197425e6
1.9313133388731908e6
1.9604094640362684e6
1.9896739572910988e6
2.0191069938834023e6
2.048708772541791e6
2.0784795237113996e6
2.108419489238686e6
2.1385289312586007e6
2.1688081272118003e6
2.1992573721616e6
2.2298769717414267e6
2.2606672418583287e6
2.291628510357696e6
2.322761112571531e6
2.3540653921470214e6
2.3855416990501396e6
2.417190387570694e6
2.4490118174154656e6
2.4810063505995013e6
2.513174352028707e6
2.5455161888612327e6
2.578032228256987e6
2.610722840895837e6
2.643588390891887e6
2.6766292489361847e6
2.7098457800894524e6
2.743238349148595e6
2.7768073185608345e6
2.8105530434811013e6
2.84447589617236e6
2.878576215891835e6
2.9128543585558436e6
2.947310671531751e6
2.9819454969900167e6
3.016759176806564e6
3.0517520468560546e6
3.0869244348981366e6
3.1222766693403604e6
3.1578090722415745e6
3.193521965260797e6
3.2294156478914046e6
3.2654904409468337e6
3.3017466439391933e6
3.338184554526457e6
3.374804466425977e6
3.411606667852181e6
3.4485914426895715e6
3.4857590695557618e6
3.5231098317235694e6
3.560643979866544e6
3.598361787199609e6
3.636263512900103e6
3.674349411246777e6
3.7126197385978396e6
3.751074722648123e6
3.789714633229488e6
3.8285396769794817e6
3.8675500962962066e6
3.9067461173085603e6
3.9461279680520142e6
3.9856958611579337e6
4.025450012719407e6
4.0653906323065204e6
4.1055179258978e6
4.1458320951033873e6
4.18633333762606e6
4.2270218472807165e6
4.267897813860131e6
4.308961423558455e6
4.350212858671609e6
4.391652298261745e6