366544.51159872406
366496.7065116599
366369.5979046897
366163.9754965637
365881.04779350455
365522.5854504504
365090.8164716412
364588.4694155188
364018.68563617475
363385.1449918455
362691.89240142587
361943.47186242545
361144.88980727794
360301.46607829235
359419.04162672267
358503.80265664123
357562.341365232
356601.62181236804
355628.9067262522
354651.95829525474
353678.8075875549
352717.63487757696
351777.1355994645
350866.22392531915
349994.0786766594
349170.1486025399
348404.0997986604
347705.9335182125
347085.67576666235
346553.70759421634
346120.55012373975
345796.88359626976
345593.513132378
345521.4467441533
345591.722943811
345815.43172578374
346204.260162662
346769.13275815954
347521.60182460747
348473.09614159365
349635.07763489627
351019.005608303
352636.30866073037
354498.38779999234
356616.577093423
359002.1321540172
361666.2111592699
364619.8276661503
367873.9143899733
371439.13664321357
375326.0288113769
379544.8968807104
384105.7925777611
389018.50718387717
394292.53176739055
399937.03602944885
405960.84281245817
412372.40006826934
419179.75364315894
426390.52408043237
434011.8796972942
442050.5129910433
450512.6140341298
459403.85422737803
468729.3590140698
478493.69408570696
488700.84180639987
499354.1913626911
510456.5268903244
522010.0104703044
534016.1800769452
546475.9483243593
559389.5932351971
572756.7745623519
586576.51490371
600847.227504564
615566.7271780772
630732.2403921122
646340.4293226602
662387.3982318914
678868.7434186445
695779.5629218273
713114.4906496699
730867.7273411081
749033.0775315356
767603.9868916566
786573.561305103
805934.6517526403
825679.8303714424
845801.4713002497
866291.7858794248
887142.8361041937
908346.5985932974
929894.9770771842
951779.8923075816
973993.2428094128
996526.9489426746
1.0193730380759877e6
1.0425236236408217e6
1.0659709383898252e6
1.089707372978665e6
1.1137254900306098e6
1.1380180136318274e6
1.1625778988063985e6
1.187398307009992e6
1.212472630170254e6
1.2377945065691667e6
1.2633578087932423e6
1.28915668288999e6
1.3151855084975148e6
1.3414389416150786e6
1.3679119000142731e6
1.3945995511524533e6
1.4214973309623306e6
1.44860092504607e6
1.4759062838040914e6
1.5034095609540492e6
1.5311072133936994e6
1.5589958899807255e6
1.5870724830471035e6
1.6153341003510896e6
1.6437780623718982e6
1.672401887233363e6
1.701203304994393e6
1.7301802208115684e6
1.7593307266737984e6
1.7886530772912006e6
1.8181456965026378e6
1.8478071594620352e6
1.8776361857618026e6
1.9076316381440626e6
1.9377925055786602e6
1.9681178931766015e6
1.9986070389895528e6
2.0292592699646833e6
2.0600740379847847e6
2.0910508390240343e6
2.1221893191604055e6
2.153489174684019e6
2.184950180781532e6
2.2165721835602187e6
2.2483550950484276e6
2.280298889751317e6
2.3124035887227394e6
2.344669287521321e6
2.377096100008142e6
2.409684197089499e6
2.442433787984425e6
2.475345118697126e6
2.50841846146183e6
2.54165412565417e6
2.575052440892446e6
2.608613762926583e6
2.642338468955593e6
2.67622695054156e6
2.710279621011897e6
2.7444969057577937e6
2.7788792416335237e6
2.8134270779840513e6
2.848140868012287e6
2.8830210854502614e6
2.918068196592034e6
2.9532826219220697e6
2.988664990343689e6
3.0242156395138386e6
3.0599351005955334e6
3.0958238563841153e6
3.1318823892599065e6
3.168111178506227e6
3.204510713997697e6
3.2410814628884727e6
3.2778239041377297e6
3.31473850771851e6
3.351825741659259e6
3.3890860675999206e6
3.4265199451489802e6
3.464127823906755e6
3.501910154558848e6
3.5398673769143075e6
3.577999927544122e6
3.616308235168865e6
3.654792723385527e6
3.693453808515398e6
3.7322919029942825e6
3.771307408714571e6
3.810500724295512e6
3.8498722379966676e6
3.889422334861528e6
3.929151391769178e6
3.969059779457383e6
4.0091472136738794e6
4.0494159896626603e6
4.089864518846346e6
4.1304937908632997e6
4.171304141733025e6
4.212295901429002e6
4.253469393104094e6
4.294824933571465e6
4.33636283298246e6
4.3780833952693865e6