268781.2655977621
268757.95698921743
268696.0976549854
268596.508450591
268460.49763078446
268289.90145218023
268087.032980475
267854.71816999716
267596.238751765
267315.4363399524
267016.46358810127
266704.08480894146
266383.45715458156
266060.16889905516
265740.2570545243
265430.1313240626
265136.6177759414
264866.93122740986
264628.6398186616
264429.68186303665
264278.30087224237
264183.0743257673
264152.8725852568
264196.86102971685
264324.4536164433
264545.31395117845
264869.3354334858
265306.6238115919
265867.4338223192
266562.23501929385
267401.6219015582
268396.3228122441
269557.1497621934
270895.0176104257
272420.8936124065
274145.8026971731
276080.75679418043
278236.78388756496
280624.81957610376
283255.84563518804
286140.6880747092
289290.0790983433
292714.62633990834
296424.77246005717
300430.7727353732
304742.6688703129
309370.2653553077
314323.0882984555
319610.37610001105
325241.0384034332
331223.63067986985
337566.33651139255
344276.927805375
351362.7479677445
358830.6844330591
366687.14550911734
374938.0377502636
383588.7460150667
392644.1145805188
402108.4281902918
411985.4013838131
422278.16506869585
432989.25802707154
444120.61588055285
455673.5727734992
467648.8619538354
480046.6121262258
492866.3586935353
506107.05319252476
519767.07001886
533844.2300788865
548335.8163375326
563238.5896998444
578548.8265670816
594262.3272140943
610374.4595282986
626880.1870951047
643774.0925771263
661050.4287980138
678703.1390390844
696725.896190971
715112.1433242427
733855.1252315438
752947.9259629138
772383.5104503022
792154.7278068892
812250.5611515482
832675.3639419111
853410.3437455089
874452.1918676604
895793.7956327528
917428.1300664747
939348.2791886015
961547.4575492337
984019.0404975129
1.0067565402730152e6
1.0297536862075678e6
1.0530043846838325e6
1.0765027310786396e6
1.1002430642663413e6
1.1242199223886046e6
1.148428074220226e6
1.172862517661427e6
1.1975184822873804e6
1.2223914261798323e6
1.247477044204854e6
1.2727712548951285e6
1.2982701957774817e6
1.323970247863159e6
1.3498679863209187e6
1.3759602274729782e6
1.4022439711492592e6
1.4287164398849988e6
1.4553750347232828e6
1.4822173471305622e6
1.5092411663720678e6
1.5364444252507137e6
1.563825242455533e6
1.5913819067933755e6
1.6191128411838626e6
1.6470166171294453e6
1.6750919444798636e6
1.70333766186141e6
1.7317527319357123e6
1.760336223631179e6
1.7890873510500737e6
1.8180053795350832e6
1.84708970233252e6
1.8763397969593194e6
1.905755222873158e6
1.9353356225634515e6
1.9650807099254383e6
1.994990262917e6
2.0250641318979366e6
2.05530223658528e6
2.0857044827389552e6
2.116270933912576e6
2.1470016246821024e6
2.177896655759216e6
2.2089561605625157e6
2.240180316754766e6
2.2715693244030927e6
2.3031234182458874e6
2.334842860479217e6
2.366727935577966e6
2.398778951696989e6
2.430996233217369e6
2.4633801245845957e6
2.4959309843583247e6
2.528649184857223e6
2.5615351098047476e6
2.594589153631543e6
2.627811719009854e6
2.661203215827935e6
2.694764060352702e6
2.728494672851077e6
2.7623954776956025e6
2.7964669045447786e6
2.8307093799459874e6
2.8651233346308596e6
2.8997091995129352e6
2.9344674052840574e6
2.9693983768190295e6
3.004502545196905e6
3.0397803312712307e6
3.0752321634035837e6
3.110858454110047e6
3.1466596206247304e6
3.1826360744270524e6
3.218788222152375e6
3.255116466496784e6
3.2916212048975704e6
3.3283028302063746e6
3.36516173014374e6
3.402198286857639e6
3.4394128771597915e6
3.4768058806301705e6
3.514377636564884e6
3.552128531094869e6
3.5900589094328484e6
3.6281691190675353e6
3.666459502491323e6
3.7049303952019378e6
3.743582126699353e6
3.782415026558352e6
3.821429407196946e6
3.8606255826135795e6
3.900003860455318e6
3.9395645412445622e6
3.9793079175606496e6
4.0192342868107394e6
4.0593439244530597e6
4.099637111865548e6
4.140114121599139e6
4.1807752207252462e6
4.22162067134501e6
4.262650729746092e6
4.303865647735663e6
4.345265671244934e6
4.386851041385476e6