20353.449920829415
20471.24131798795
20785.376754413803
21295.924299386177
22002.993842069038
22906.736068979495
24007.341068930706
25305.03658500163
26800.085937792996
28492.785648437537
30383.462793463375
32472.471997784924
34760.19283157974
37247.02606297822
39933.39034176835
42819.71892026184
45906.45630289309
49194.0549124403
52682.97098900103
56373.66189270017
60266.58262894047
64362.183084158816
68660.90409746321
73163.17598286156
77869.41509338832
82780.02169200745
87895.37784744508
93215.84569387237
98741.76562688596
104473.45488924847
110411.2066289493
116555.28857538587
122905.94282274145
129463.38499465393
136227.80417026585
143199.36279868498
150378.196791644
157764.4158597192
165358.1039667084
173159.3199342526
181168.0981279691
189384.44937140605
197808.3618369192
206439.80208623494
215278.71617452032
224325.0307044622
233578.65417680453
243039.4780524969
252707.37806270565
262582.21543034445
272663.8381187548
282952.08205780794
293446.77235845785
304147.724492799
315054.7454913886
326167.6349956214
337486.18640611693
349010.187891376
360739.42339483555
372673.6735657551
384812.71667338605
397156.32944469096
409704.28780885873
422456.3677537852
435412.3458867242
448572.0001527108
461935.1103652882
475501.45881000976
489270.8306416354
503243.0144345833
517417.80249779444
531794.9912362527
546374.3815083466
561155.77887609
576138.9938193797
591323.8419766701
606710.1442750705
622297.7270859629
638086.4223736282
654076.0676714412
670266.5062383353
686657.5870761637
703249.1648666542
720041.100062785
737033.2588014762
754225.5128723517
771617.739692417
789209.8221730575
807001.6487003246
824993.1130151628
843184.1141167051
861574.5561460704
880164.3482495375
898953.4045503299
917941.6439046647
937128.9898243743
956515.3703977435
976100.7179013452
995884.9691464942
1.0158680648080508e6
1.0360499496781989e6
1.0564305721555215e6
1.077009884588203e6
1.0977878427459048e6
1.1187644057055225e6
1.1399395360599766e6
1.1613131992429122e6
1.1828853638582528e6
1.2046560013992703e6
1.2266250859984506e6
1.2487925944844442e6
1.2711585061653114e6
1.2937228027325103e6
1.3164854681178054e6
1.3394464884409192e6
1.3626058518451124e6
1.3859635484060622e6
1.4095195700530354e6
1.4332739104343401e6
1.457226564850963e6
1.4813775301408425e6
1.505726804621119e6
1.5302743879625918e6
1.555020281132753e6
1.5799644863631106e6
1.6051070069350873e6
1.630447847251771e6
1.655987012702647e6
1.6817245096238123e6
1.7076603452351117e6
1.7337945273484446e6
1.760127064884422e6
1.7866579672113692e6
1.8133872443893477e6
1.8403149070749914e6
1.867440966465118e6
1.8947654342425358e6
1.9222883225524116e6
1.9500096439869197e6
1.9779294113444856e6
2.0060476380032094e6
2.0343643374845593e6
2.0628795236210201e6
2.0915932104522218e6
2.1205054123060065e6
2.149616143563549e6
2.178925418870416e6
2.2084332529578684e6
2.2381396605934845e6
2.2680446567995646e6
2.2981482565041976e6
2.3284504747557254e6
2.3589513265853412e6
2.3896508270891993e6
2.4205489913135106e6
2.451645834265416e6
2.4829413710188046e6
2.514435616513841e6
2.546128585641217e6
2.578020293244111e6
2.6101107540812274e6
2.6423999828264858e6
2.6748879940505843e6
2.707574802276162e6
2.7404604217736903e6
2.773544866828612e6
2.8068281515621096e6
2.8403102899892773e6
2.873991295943061e6
2.907871183160678e6
2.9419499650571775e6
2.9762276553655174e6
3.010704267265636e6
3.0453798138805926e6
3.080254308281482e6
3.1153277630580375e6
3.1506001911276067e6
3.1860716049391003e6
3.2217420168459695e6
3.2576114393113283e6
3.2936798839092255e6
3.329947362766185e6
3.3664138875590935e6
3.4030794698992996e6
3.439944121180878e6
3.4770078526515244e6
3.5142706754016224e6
3.551732600361741e6
3.5893936383875394e6
3.627253799864387e6
3.665313095491862e6
3.703571535503722e6
3.742029130057794e6
3.7806858891822984e6
3.819541822680345e6
3.858596940324584e6
3.8978512516489597e6
3.937304766086732e6
3.976957492910737e6
4.0168094412574945e6