20583.854649344445
20701.25833305657
21014.36387230992
21523.25022585183
22228.044871733182
23128.922634056507
24226.104081936253
25519.853522783545
27010.47661736599
28698.317648876735
30583.75648238622
32667.20510649487
34949.10463729554
37429.920998155634
40110.14111265874
42990.26909795794
46070.82241236345
49352.328588504155
52835.31753439872
56520.32430797261
60407.87967187394
64498.50732372376
68792.72397701055
73291.03202004978
77993.91867813605
82901.85267242166
88015.28181883942
93334.63097090612
98860.29989859415
104592.66161001206
110532.06120224265
116678.81436240705
123033.20689962554
129595.49405315939
136365.89994126224
143344.61781434232
150531.80991057685
157927.6079057542
165532.11337538442
173345.39827114984
181367.50669827982
189598.45398413585
198038.2296551429
206686.79767438743
215544.09784177787
224610.04716226555
233884.54119038855
243367.45546246844
253058.64691912112
262957.95535457303
273065.20487042563
283380.2053097615
293902.7536785287
304632.63553704234
315569.6263642194
326713.4928705267
338063.9942742717
349620.8835312674
361383.90856522333
373352.81305233564
385527.3381416014
397907.22278590366
410492.2050326642
423282.0227894385
436276.414665496
449475.1207496512
462877.883245797
476484.44715584314
490294.56083583727
504307.97656290245
518524.4509593396
532943.7454093075
547565.6264795873
562389.8662239207
577416.2424411885
592644.5389584987
608074.5457895091
623706.0593203584
639538.8824849618
655572.8247504483
671807.7023261747
688243.3380156343
704879.5614832733
721716.2090496032
738753.123723571
755990.1551572592
773427.1595953716
791063.9997571679
808900.5447616006
826936.6700435933
845172.2571033539
863607.1938398322
882241.3735378557
901074.6956000298
920107.0649664938
939338.3919773193
958768.5924636537
978397.5871349355
998225.3018827867
1.0182516672970192e6
1.0384766186949583e6
1.0589000958368292e6
1.0795220428374275e6
1.100342407967308e6
1.1213611434762368e6
1.1425782053449382e6
1.1639935534518296e6
1.1856071510185678e6
1.207418964746017e6
1.2294289644382272e6
1.2516371230536168e6
1.274043416458739e6
1.2966478233123305e6
1.3194503248999126e6
1.342450905070401e6
1.365649550042235e6
1.389046248297526e6
1.4126409904885266e6
1.4364337692795314e6
1.4604245792694606e6
1.4846134168558372e6
1.5090002801660192e6
1.5335851689107884e6
1.5583680843166523e6
1.583349029090912e6
1.6085280071571835e6
1.6339050237642673e6
1.6594800853130575e6
1.6852531992738307e6
1.7112243742041576e6
1.7373936193169577e6
1.7637609451277338e6
1.7903263626213355e6
1.8170898837870872e6
1.8440515210116126e6
1.8712112875179674e6
1.898569197027848e6
1.9261252638145091e6
1.9538795026678944e6
1.9818319286152835e6
2.0099825573561995e6
2.0383314047578254e6
2.0668784870469917e6
2.0956238206903827e6
2.1245674224875607e6
2.1537093092988064e6
2.183049498289981e6
2.2125880066927606e6
2.2423248519044486e6
2.2722600514285434e6
2.302393622781824e6
2.3327255835872716e6
2.3632559514462533e6
2.3939847440297804e6
2.424911978917245e6
2.456037673782395e6
2.4873618461562744e6
2.5188845135516934e6
2.5506056934054424e6
2.5825254030676126e6
2.614643659806412e6
2.646960480854476e6
2.6794758830412473e6
2.712189883550786e6
2.7451024990136023e6
2.7782137461229865e6
2.811523641386469e6
2.845032201185985e6
2.8787394416884826e6
2.9126453787620673e6
2.9467500286524566e6
2.9810534069266985e6
3.0155555288782013e6
3.0502564101224933e6
3.0851560658784946e6
3.120254510800071e6
3.1555517599921254e6
3.1910478279922856e6
3.226742729229519e6
3.2626364782161936e6
3.2987290885371575e6
3.3350205743164597e6
3.3715109491891563e6
3.408200226707343e6
3.4450884201718047e6
3.4821755427102027e6
3.519461607266818e6
3.5569466265977705e6
3.5946306133670835e6
3.6325135797060663e6
3.6705955380868223e6
3.708876500453092e6
3.7473564786573304e6
3.7860354843726596e6
3.8249135291090673e6
3.8639906242013928e6
3.9032667807685295e6
3.942742009839344e6
3.982416322219806e6
4.022289728567614e6