20371.41970358674
20489.18117679719
20803.23712880721
21313.656479240803
22020.550490703004
22924.071734405203
24024.41267892441
25321.80392185237
26816.512088846568
28508.83742884972
30399.11113791544
32487.692316783236
34774.9653369346
37261.336048374615
39947.22842482505
42833.0812433531
45919.34469460361
49206.477008199276
52694.940300564165
56385.19784518762
60277.71055317174
64372.93417539316
68671.31531763237
73173.28996920635
77879.27997267558
82789.69091532135
87904.90997278984
93225.30414898998
98751.2184459195
104482.97443205838
110420.86928262374
116565.1744383683
122916.13538270778
129473.97079310718
136238.87246398063
143211.00521712023
150390.50699326716
157777.48919017983
165372.03712079395
173174.21062354257
181184.04475543718
189401.55071619235
197826.7167491177
206459.5091938614
215299.87360371786
224347.73581237078
233603.003301705
243065.56627640995
252735.29899149318
262612.06098914077
272695.6983637185
282986.0450039726
293482.92382366804
304186.14795740286
315095.521974049
326210.84294336487
337531.9016000577
349058.4833662866
360790.36937260267
372727.3374017979
384869.1628157854
397215.61940418446
409766.480143482
422521.518058754
435480.50679681456
448643.2213550657
462009.43861835904
475578.9379717061
489351.5017032548
503326.9155626556
517504.9690807862
531885.4559362314
546468.1743182896
561252.9271806846
576239.5224591714
591427.7733157739
606817.4982709475
622408.5213615684
638200.6722918327
654193.7864093358
670387.7048638798
686782.2746251738
703377.3484192023
720172.7848209235
737168.4481658405
754364.2085196951
771759.9416471026
789355.5288881571
807150.8571272684
825145.8186777442
843340.3111809571
861734.2374920567
880327.5055378642
899120.0283243471
918111.7235170973
937302.5137068077
956692.3259851149
976281.091722944
996068.7468880652
1.0160552313631488e6
1.0362404892047275e6
1.0566244681239426e6
1.077207119835618e6
1.0979883995217476e6
1.1189682657166882e6
1.1401466805175343e6
1.1615236089014476e6
1.183099019057901e6
1.204872882104605e6
1.2268451718346232e6
1.2490158647729075e6
1.2713849399571395e6
1.2939523788405028e6
1.3167181651464854e6
1.339682284815836e6
1.3628447258398482e6
1.3862054781681453e6
1.4097645336286607e6
1.4335218857910822e6
1.4574775298999958e6
1.4816314627573479e6
1.505983682663814e6
1.5305341892917422e6
1.5552829836272823e6
1.5802300679373536e6
1.605375445552587e6
1.630719120897288e6
1.656261099566309e6
1.6820013878567542e6
1.707939993132248e6
1.7340769233132943e6
1.7604121874437686e6
1.7869457950209402e6
1.8136777562428198e6
1.8406080819117248e6
1.867736783377125e6
1.8950638724807047e6
1.922589361532487e6
1.950313263295264e6
1.9782355907402285e6
2.006356357426385e6
2.0346755770572792e6
2.0631932636517663e6
2.0919094314380498e6
2.1208240949362637e6
2.149937268720559e6
2.179248967632634e6
2.2087592066008686e6
2.23846800059033e6
2.268375364823634e6
2.2984813144283434e6
2.328785864653302e6
2.3592890307298643e6
2.389990827955109e6
2.4208912715753024e6
2.4519903767971355e6
2.4832881588943675e6
2.5147846330054156e6
2.546479814218477e6
2.578373717573344e6
2.6104663580241157e6
2.6427577504388653e6
2.6752479095809422e6
2.7079368501642803e6
2.7408245866489555e6
2.7739111335084024e6
2.807196505050068e6
2.8406807154738223e6
2.8743637787948437e6
2.9082457089312607e6
2.942326519475557e6
2.976606224339687e6
3.011084836877596e6
3.045762370384992e6
3.080638838104492e6
3.1157142527910657e6
3.150988627531685e6
3.1864619749384997e6
3.2221343075269097e6
3.2580056379202316e6
3.2940759778500414e6
3.3303453395988066e6
3.36681373499621e6
3.403481175805509e6
3.4403476735697733e6
3.4774132396837017e6
3.5146778853825917e6
3.5521416217397684e6
3.589804459752529e6
3.627666409942043e6
3.665727483147215e6
3.703987689735202e6
3.7424470399966743e6
3.781105544090138e6
3.8199632119465033e6
3.8590200534733264e6
3.898276078305778e6
3.9377312960229376e6
3.9773857160104215e6
4.0172393475236604e6