202156.28948829242
202153.37086234108
202145.8941129077
202134.71472870297
202121.12511257222
202107.0456967571
202094.84173883323
202087.40182714502
202088.10899083456
202100.78748186614
202129.83387220028
202180.025602546
202246.16548020043
202365.38958024082
202512.3957610093
202704.206922967
202947.75245860463
203250.24904279702
203619.6792150878
204063.75568958576
204590.91281566356
205209.79744165106
205929.3234477713
206758.66530233016
207707.29054876755
208784.75230052153
210000.93025628512
211365.80984937726
212889.52493208635
214582.3230356314
216454.56978517608
218516.6819795695
220779.1193079754
223252.35298616852
225946.8462047915
228873.03792451066
232041.27589010983
235461.81211609574
239144.78934865614
243100.18679208867
247337.79000297096
251867.19085739087
256697.72070953163
261838.45720323548
267298.142850782
273085.21621943824
279207.7728097266
285673.49242976424
292489.6559849076
299663.10916967166
307200.2338143059
315106.93190072523
323388.6021693241
332050.12200100103
341095.83152979496
350529.51975308417
360354.4135152072
370573.16947386286
381187.8662057328
392200.0051391743
403610.50882999005
415419.72550409345
427627.436105522
440232.8613607881
453234.6795176156
466631.0395822835
480419.57997995184
494597.45124679495
509161.33979808114
524107.4943763699
539431.7548052862
555129.5675131567
571196.0615233864
587626.0253018743
604413.9729491355
621554.1712448793
639040.6712041879
656867.3443404082
675027.9193818762
693516.0083557282
712325.1446983512
731448.8099669268
750880.4632758377
770613.5811509971
790641.6622523132
810958.2673025406
831557.0371672597
852431.7250498387
873576.1955241896
894984.4528390926
916650.654911478
938569.1248242168
960734.3636720963
983141.059513035
1.0057840920590655e6
1.0286585449690301e6
1.0517597043363745e6
1.0750830636158595e6
1.0986242524529747e6
1.1223793998397011e6
1.146344409980623e6
1.170515682571737e6
1.194889750493504e6
1.2194633470743664e6
1.2442334024265287e6
1.2691970400878561e6
1.2943515693897074e6
1.3196944825308893e6
1.345223443727845e6
1.3709362914011078e6
1.3968310247795386e6
1.4229058006589976e6
1.4491589251666886e6
1.4755888438644926e6
1.5021941460823645e6
1.528973543734192e6
1.5559258456102894e6
1.5830501012540972e6
1.6103452756857527e6
1.6378105726000941e6
1.6654452654025473e6
1.6932487107796166e6
1.7212203561080904e6
1.7493597296377865e6
1.777666436528974e6
1.8061401529560734e6
1.8347806195915516e6
1.863587641898089e6
1.892561081175908e6
1.921700851000627e6
1.9510069158070143e6
1.980479284031781e6
2.0101180079840606e6
2.039923182770929e6
2.069894915510678e6
2.1000333814274594e6
2.13033876752975e6
2.160811277473374e6
2.191451153004637e6
2.2222586626987574e6
2.2532340731516443e6
2.284377687346641e6
2.3156898208077685e6
2.347170801351361e6
2.378820969172213e6
2.410640675495728e6
2.4426302809358975e6
2.474790145603099e6
2.5071206624804847e6
2.5396222041054885e6
2.572295156482455e6
2.605139908737211e6
2.638156853113867e6
2.671346374999145e6
2.704708886815625e6
2.738244775773901e6
2.7719544367509657e6
2.805838264442152e6
2.839896651382786e6
2.8741299888792206e6
2.908538666033555e6
2.943123067501569e6
2.9778835787219065e6
3.0128205772738117e6
3.0479344392904383e6
3.083225536570016e6
3.1186942374032466e6
3.1543409039457166e6
3.190165894910016e6
3.2261695657145665e6
3.2623522633046247e6
3.2987143325665044e6
3.335256112287538e6
3.371977936056768e6
3.4088801323227915e6
3.4459630245652203e6
3.4832269300819663e6
3.5206721620588745e6
3.5582990274289064e6
3.5961078282620255e6
3.6340988574576485e6
3.6722724158448386e6
3.710628779878829e6
3.749168233447404e6
3.7878910519917537e6
3.826797505963282e6
3.86588785942814e6
3.9051623735733707e6
3.9446213031174787e6
3.9842648981535523e6
4.024093403725793e6
4.064107059781268e6
4.104306102383522e6
4.144690762377526e6
4.1852612659018575e6
4.226017834427955e6
4.266960686002618e6
4.308090032927688e6
4.349406083859755e6
4.390909043228932e6