20360.17560374181
20477.955807394006
20792.061511542925
21302.561103751614
22009.564987261707
22913.22455402741
24013.730783598978
25311.312487484014
26806.23422334087
28498.793907583728
30389.32015862537
32478.169276608663
34765.722628744275
37252.3828851881
39938.570688327214
42824.72135821009
45911.281527407344
49198.70579195179
52687.45259116768
56377.98149823295
60270.74972869902
64366.20936367056
68664.8033972852
73166.96427639565
77873.11039924272
82783.64402417833
87898.94913090867
93219.38967596495
98745.30777800914
104477.02229882311
110414.82789313301
116558.99367877404
122909.76301795848
129467.35267677631
136231.95275010978
143203.72657458956
150382.81082085043
157769.3158304462
165363.32607165026
173164.9007461918
181174.07447803504
189390.85823109926
197815.24020390768
206447.1868747064
215286.6441104904
224333.53822577238
233587.77733983885
243049.25244305521
252717.83871393258
262593.3967461428
272675.7738033573
282964.8050513735
293460.31477868714
304162.1175824455
315070.01957180153
326183.81942561595
337503.3095467094
349028.27707569976
360758.50490325247
372693.772605816
384833.8573645479
397178.534806496
409727.579757782
422480.7670951351
435437.87231901137
448598.6722711362
461962.9456690137
475530.4737126973
489301.04048414633
503274.433500652
517450.4440314654
531828.867461279
546409.5036495951
561192.1571823045
576176.6375871868
591362.7595759174
606750.343174938
622339.2138819608
638129.2028154463
654120.1466907535
670311.8879774822
686704.2749169578
703297.1614589785
720090.407353665
737083.8780637594
754277.444734375
771670.9841620629
789264.3786721834
807057.5160880921
825050.2896166332
843242.5977481214
861634.3441430206
880225.4374909785
899015.7914841783
918005.3245718266
937193.959882362
956581.6251439059
976168.2522941137
995953.777828369
1.0159381421252011e6
1.0361212897014612e6
1.056503168698131e6
1.0770837312265928e6
1.0978629328364322e6
1.1188407324014015e6
1.1400170923289666e6
1.1613919778817378e6
1.182965357508514e6
1.2047372025619885e6
1.226707487047547e6
1.248876187680191e6
1.271243283666691e6
1.2938087566093064e6
1.316572590361811e6
1.339534770976918e6
1.362695286540939e6
1.386054127082369e6
1.4096112844924787e6
1.433366752390172e6
1.4573205260552634e6
1.481472602312169e6
1.5058229794718476e6
1.5303716572056466e6
1.5551186364880116e6
1.5800639195636725e6
1.6052075097324422e6
1.6305494114213402e6
1.6560896300486343e6
1.681828171983855e6
1.7077650444846204e6
1.733900255403451e6
1.7602338137070735e6
1.786765728812051e6
1.8134960108300543e6
1.8404246704722268e6
1.8675517189925e6
1.894877168133129e6
1.922401030100961e6
1.9501233175519628e6
1.9780440433493892e6
2.0061632209388453e6
2.034480863910023e6
2.0629969861650777e6
2.0917116018142658e6
2.120624725257407e6
2.1497363709478513e6
2.1790465536045814e6
2.2085552880326253e6
2.2382625890735392e6
2.2681684718243894e6
2.2982729512881185e6
2.328576042588033e6
2.3590777608302617e6
2.3897781211861325e6
2.42067713877674e6
2.4517748286839076e6
2.483071206056323e6
2.5145662859083805e6
2.5462600832046596e6
2.578152612861942e6
2.6102438897120627e6
2.6425339285016097e6
2.675022743873387e6
2.707710350421633e6
2.7405967624877878e6
2.7736819944276568e6
2.8069660604321402e6
2.840448974585491e6
2.8741307507888684e6
2.908011402847203e6
2.9420909442419596e6
2.9763693887730883e6
3.010846749685625e6
3.0455230401673745e6
3.0803982733535087e6
3.115472461895653e6
3.150745618774645e6
3.186217756500502e6
3.2218888874872904e6
3.257759024258094e6
3.293828178445925e6
3.330096362235682e6
3.366563587361441e6
3.403229865491419e6
3.440095208075464e6
3.477159626416291e6
3.5144231316585355e6
3.5518857347861985e6
3.58954744670796e6
3.627408277860025e6
3.665468238994129e6
3.703727340393872e6
3.742185592267069e6
3.780843004690457e6
3.8196995875150636e6
3.8587553505687388e6
3.8980103034092644e6
3.9374644555384777e6
3.9771178162668385e6
4.016970394775333e6