20387.234476247533
20504.969569338107
20818.95544958034
21329.26178483045
22036.001046214144
22939.327463341047
24039.435598837867
25336.5585621336
26830.965887231723
28522.961103497313
30412.87903219468
32501.082712923206
34787.96074257312
37273.92344361554
39959.39947543512
42844.832477679
45930.67764587328
49217.39832091535
52705.46179189094
56395.33653780123
60287.48866876677
64382.379098639794
68680.45951461393
73182.17089032824
77887.9399148135
82798.1768597032
87913.27339811639
93233.60082262625
98759.50819330009
104491.32088820174
110429.33961922234
116573.83913186907
122925.06786102096
129483.24718853262
136248.57129806106
143221.20710731557
150401.29434494858
157788.9458970751
165384.2482673776
173187.26219237084
181198.02334067848
189416.54324599257
197842.81021681597
206476.79040143415
215318.42890921803
224367.65090501338
233624.36297079225
243088.45421099698
252759.79758179586
262638.2511475056
272723.65935874154
283015.8543088088
293514.65697848616
304219.87844572484
315131.3211132946
326248.7797879217
337572.0428581669
349100.8933291262
360835.1098556019
372774.46769737266
384918.7396572733
397267.6969401194
409821.10992135346
422578.74901899055
435540.3852742369
448705.79108923627
462074.74077063566
475647.0111499968
489422.38199186523
503400.6365591552
517581.5619369593
531964.9494037847
546550.5947991554
561338.2987805875
576327.867044111
591519.110571646
606911.8457649854
622505.894605875
638301.0848089159
654297.2497947109
670494.2288648912
686891.8671922992
703490.0157826771
720288.5315593284
737287.2772715925
754486.1214669247
771884.9384580276
789483.6081994586
807282.0162547557
825280.0536803872
843477.6169236361
861874.60770695
880470.9328842345
899266.5044483413
918261.2391066798
937455.0585497417
956847.8890220079
976439.6610976361
996230.310001723
1.0162197749203308e6
1.0364079992139121e6
1.0567949301347001e6
1.0773805186948506e6
1.0981647196074394e6
1.1191474909754368e6
1.140328794322879e6
1.161708594362357e6
1.183286858873229e6
1.205063558642908e6
1.2270386671660354e6
1.2492121607004574e6
1.271584018046384e6
1.2941542204471696e6
1.316922751443548e6
1.3398895968190655e6
1.3630547444314004e6
1.3864181841195067e6
1.409979907622345e6
1.4337399084407901e6
1.457698181769848e6
1.4818547243803286e6
1.506209534558335e6
1.5307626119779134e6
1.5555139576418546e6
1.580463573848449e6
1.6056114639718416e6
1.6309576325356672e6
1.656502085074323e6
1.682244828092244e6
1.708185868999059e6
1.7343252158112628e6
1.7606628776812954e6
1.7871988642200558e6
1.8139331857471063e6
1.8408658531931143e6
1.8679968780420243e6
1.8953262722754707e6
1.9228540483486576e6
1.9505802191743583e6
1.9785047978768663e6
2.0066277981735098e6
2.0349492339285559e6
2.063469119324791e6
2.0921874687565905e6
2.12110429691343e6
2.1502196185392607e6
2.1795334486484807e6
2.209045802343004e6
2.2387566947616567e6
2.268666141303668e6
2.2987741572718835e6
2.3290807580917943e6
2.359585959170899e6
2.3902897759831166e6
2.4211922239508056e6
2.4522933184562875e6
2.483593074949213e6
2.5150915087425592e6
2.5467886350982604e6
2.578684469229181e6
2.610779026261366e6
2.643072321233756e6
2.675564369079235e6
2.7082551846800824e6
2.741144782663216e6
2.7742331776675032e6
2.8075203841642956e6
2.841006416516054e6
2.8746912888983116e6
2.908575015388383e6
2.9426576097348644e6
2.9769390860072323e6
3.0114194577125926e6
3.0460987382983635e6
3.0809769411582747e6
3.1160540791926202e6
3.151330165637598e6
3.186805213248987e6
3.22247923468468e6
3.2583522427089266e6
3.294424249191907e6
3.3306952665532813e6
3.3671653067571516e6
3.4038343817004333e6
3.4407025030572577e6
3.477769682351664e6
3.5150359309464344e6
3.5525012600404774e6
3.5901656807556855e6
3.6280292037327136e6
3.6660918399329814e6
3.704353599841216e6
3.7428144938645023e6
3.7814745322763356e6
3.820333725119971e6
3.8593920824149377e6
3.8986496139054303e6
3.9381063292787257e6
3.9777622380264835e6
4.0176173495086557e6