104152.64831579378
104188.73447139614
104285.2714986619
104443.09621880873
104663.5649119502
104948.5497319767
105300.43341547466
105722.09333440487
106216.9009068096
106788.71174194332
107441.83925182547
108181.0512706808
109011.54403119942
109938.96941017522
110969.32227019046
112108.99927596987
113364.79538961797
114743.67714273854
116253.16888135875
117900.88081651693
119694.7909036568
121643.03486924828
123753.98254102771
126036.17306788289
128498.28746771783
131149.11088289542
133997.52617490798
137052.44126135192
140322.79927862348
143817.51623135607
147545.4668196459
151515.4340755607
155736.09499370743
160215.97308318096
164963.41490487143
169986.55550920556
175293.28171110357
180891.21020323125
186787.65587905882
192989.59850033463
199503.6600425984
206336.0793148264
213492.68481241207
220978.87746564002
228799.6081426668
236959.36145886296
245462.1404339837
254311.45499582146
263510.31192471413
273061.20883552905
282966.1301357011
293226.54655189894
303843.4177325251
314817.1960979672
326147.8379132443
337834.8115889814
349877.1129918742
362273.2809503933
375021.4172494743
388119.206364744
401563.9399554762
415352.53834319185
429481.59139384417
443947.3408494546
458745.78318916465
473872.63530839497
489323.3862068932
505093.32979983365
521177.5901645477
537571.1507899077
554268.8837956317
571265.5780784469
588555.9639539204
606134.7403198504
623996.5978038122
642136.2421511381
660548.414896755
679227.9141296335
698169.6183745859
717368.4599705028
736819.5334499169
756518.011343859
776459.2034661844
796638.5607473978
817051.6792280002
837694.3087621757
858562.3585176795
879651.9016393209
900959.1762014313
922480.5869886568
944212.7172914471
966152.3039507224
988296.2626911933
1.0106416721870216e6
1.0331857739716837e6
1.055925973814006e6
1.078859830861532e6
1.1019850600548768e6
1.12529952514628e6
1.1488012345253825e6
1.1724883355149159e6
1.1963591130580136e6
1.2204119797822426e6
1.2446454696185468e6
1.269058242200492e6
1.2936490674880648e6
1.3184168236923483e6
1.3433604933420336e6
1.3684791567875145e6
1.3937719875554354e6
1.4192382466879324e6
1.4448772795869175e6
1.4706885091775875e6
1.496671433580041e6
1.522825614723829e6
1.5491506958068248e6
1.5756463582920847e6
1.6023123560018428e6
1.62914849329159e6
1.656154621133659e6
1.6833306385359974e6
1.7106764922978384e6
1.7381921600688403e6
1.7658776620387034e6
1.7937330506651464e6
1.8217584109544966e6
1.849953850482e6
1.8783195117836497e6
1.906855576119792e6
1.9355622033263892e6
1.9644396082778743e6
1.9934880166609085e6
2.0227076654315074e6
2.0520988126660143e6
2.0816617257148991e6
2.111396684377854e6
2.141303977843038e6
2.1713839077934553e6
2.2016367806969574e6
2.232062910752196e6
2.2626626184011325e6
2.293436228463186e6
2.3243840704280725e6
2.3555064763977504e6
2.3868037810526313e6
2.4182763215001407e6
2.449924435446269e6
2.4817484610910276e6
2.5137487365997424e6
2.545925600211559e6
2.5782793887369037e6
2.61081043782115e6
2.643519081381752e6
2.676405650883776e6
2.7094704762653313e6
2.7427138841190515e6
2.776136198154747e6
2.8097377393158358e6
2.843518825017366e6
2.8774797689293846e6
2.9116208818235947e6
2.9459424690838503e6
2.9804448340129876e6
3.0151282748930454e6
3.049993085857101e6
3.0850395568656763e6
3.120267974216979e6
3.1556786192022213e6
3.1912717686880156e6
3.227047695799353e6
3.263006668774495e6
3.2991489517899174e6
3.335474804638663e6
3.371984481532435e6
3.4086782342700474e6
3.445556309034504e6
3.4826189477237603e6
3.519866388269809e6
3.5572988642653404e6
3.5949166051132446e6
3.6327198353927834e6
3.6707087763920636e6
3.7088836444953247e6
3.7472446533774785e6
3.785792010965836e6
3.824525922404121e6
3.8634465833239895e6
3.9025542063059383e6
3.941848968859508e6
3.9813310664063855e6
4.0210006845973716e6
4.060858005741335e6
4.100903208691862e6
4.141136468836661e6
4.1815579580061794e6
4.222167844644256e6
4.2629662947245445e6
4.303953469736321e6
4.34512952872565e6
4.386494627606353e6