20824.9572257936
20941.94617645399
21253.949938538193
21761.058829161302
22463.418674202912
23361.229480029513
24454.743620526875
25744.263564132583
27230.13917153552
28912.764600073737
30792.574855523082
32870.041868081884
35145.67109058682
37619.99658592415
40293.576713461465
43166.989681196545
46240.829636354465
49515.702007112326
52992.21568490868
56670.985615650236
60552.62166145094
64637.728152893775
68926.89840199851
73420.71184687664
78119.73061636387
83024.4946934727
88135.52220063715
93453.30393877486
98978.30252237213
104710.94997132584
110651.64649861676
116800.75868228468
123158.61891247201
129725.52446713862
136501.73718382907
143487.4830910544
150682.95279627986
158088.30169765017
165703.65049277723
173529.08598471803
181564.66191037488
189810.40013983418
198266.2918183894
206932.29871848618
215808.3546086282
224894.36687576846
234190.21800638686
243695.7672223996
253410.8521349585
263335.29040288745
273468.8814044536
283811.4078899594
294362.6376211229
305122.3249787361
316090.212537113
327266.0325866446
338649.50861587486
350240.35672338004
362038.2869851937
374043.0047393905
386254.21182210697
398671.6077175491
411294.8906774251
424123.7587017509
437157.9104894637
450397.0463773719
463840.86905761465
477489.08439844474
491341.40207749663
505397.53624768794
519657.20602796174
534120.1360120717
548786.0567356967
563654.7050479169
578725.8244138435
593999.1652404761
609474.4850678951
625151.5487986575
641030.1288553427
657110.0052560514
673390.9657765061
689872.8057980266
706555.3286784445
723438.3454186852
740521.6747713985
757805.1431730944
775288.5846801592
792971.8408391394
810854.7605934159
828937.2001832947
847219.022903886
865700.0993867248
884380.306537311
903259.5283303034
922337.6551306782
941614.5836151661
961090.2165768335
980764.4627941472
1.0006372367859163e6
1.0207084586410157e6
1.0409780537903013e6
1.0614459528817465e6
1.0821120915801146e6
1.1029764103151301e6
1.1240388541280613e6
1.1452993725164293e6
1.1667579192024218e6
1.1884144519618012e6
1.2102689325343585e6
1.2323213261916616e6
1.2545716020737211e6
1.2770197323231865e6
1.299665692543684e6
1.3225094613031198e6
1.345551020130124e6
1.3687903532831662e6
1.3922274476299142e6
1.4158622925110743e6
1.4396948796965915e6
1.4637252030172108e6
1.487953258486945e6
1.5123790440821024e6
1.5370025596025696e6
1.561823806591793e6
1.5868427882937544e6
1.61205950935513e6
1.6374739759333248e6
1.6630861955503556e6
1.688896176895659e6
1.71490392986534e6
1.741109465438947e6
1.7675127955686827e6
1.794113933153318e6
1.8209128919272753e6
1.8479096864258375e6
1.8751043318533548e6
1.9024968442514443e6
1.9300872399930824e6
1.9578755361812375e6
1.9858617503599785e6
2.0140459005157505e6
2.0424280050411066e6
2.071008082687039e6
2.099786152491117e6
2.1287622337975227e6
2.1579363461304028e6
2.1873085092846174e6
2.2168787431471143e6
2.2466470677909283e6
2.276613503410037e6
2.3067780702050985e6
2.3371407885022266e6
2.3677016785951327e6
2.3984607608194323e6
2.4294180555478814e6
2.460573583039087e6
2.4919273635311574e6
2.5234794172020904e6
2.5552297641395666e6
2.587178424328396e6
2.619325417645853e6
2.6516707638883516e6
2.6842144826442893e6
2.7169565934674884e6
2.7498971155608837e6
2.783036068193009e6
2.8163734703357904e6
2.8499093406333975e6
2.8836436980619114e6
2.917576560921659e6
2.9517079474762273e6
2.9860378758982425e6
3.0205663637042134e6
3.055293428900256e6
3.090219088829076e6
3.125343360705939e6
3.160666261571045e6
3.1961878082486633e6
3.231908017323468e6
3.267826905439825e6
3.3039444882861534e6
3.340260782064611e6
3.376775802441283e6
3.413489564995962e6
3.4504020850217883e6
3.4875133775735237e6
3.524823457610459e6
3.5623323396099173e6
3.600040038275688e6
3.6379465675290665e6
3.676051941655674e6
3.7143561743880725e6
3.752859279339689e6
3.791561269915946e6
3.830462159336864e6
3.86956196061989e6
3.9088606865298795e6
3.948358349731804e6
3.988054962632668e6
4.027950537468236e6