212861.4354802364
212854.98381241024
212838.08440116464
212811.59937426486
212776.79165377692
212735.59371834886
212690.36178990654
212643.82663598176
212599.65800233217
212561.66995828293
212533.943301935
212521.3957068357
212529.29043016935
212563.30789272432
212629.5904154899
212734.64460134975
212885.40528881756
213089.17448314893
213353.71015225063
213686.7612417422
214096.91630091783
214592.7411703945
215183.1523993661
215877.34865453656
216684.76965066532
217615.03935924536
218678.04351569226
219883.80704068867
221242.51407910537
222764.46230582768
224460.0867912073
226339.88069280624
228414.39048593302
230694.19597791714
233189.87022069763
235911.98754703658
238871.04311327005
242077.44721535317
245541.52778136593
249273.45815165006
253283.2479762707
257580.7131993524
262175.44315354887
267076.78207447275
272293.78043446783
277835.18909104366
283709.4145854537
289924.49383137387
296488.07432538527
303407.3846736208
310689.20596541825
318339.85349319095
326365.15214196
334770.416802312
343560.43467557814
352739.4491236897
362311.14633979753
372278.6439181565
382644.48680194956
393410.6318915306
404578.45759610063
416148.75895405456
428121.7521771025
440497.0819903057
453273.8334202077
466450.54279341386
480025.2153624925
493995.3455487406
508357.93914356525
523109.53359645593
538246.2382901777
553763.7270503035
569657.331248843
585922.0153016066
602552.4265310491
619542.9408626908
636887.6853481104
654580.5733582438
672615.3453402208
690985.6022980262
709684.8271786363
728706.4303152781
748043.7733310704
767690.2118464643
787639.1000563109
807883.8349906575
828417.8759056167
849234.7765638249
870328.1907557382
891691.8989905833
913319.8232154918
935206.0451387678
957344.8141719135
979730.5649874021
1.0023579219886978e6
1.0252217081982961e6
1.0483169515060082e6
1.0716388858456097e6
1.0951829591735052e6
1.118944831549805e6
1.1429203774711364e6
1.1671056757824093e6
1.191497029310103e6
1.2160909347104442e6
1.2408841107486428e6
1.26587345368841e6
1.2910560707526635e6
1.3164292466733805e6
1.3419904728895803e6
1.3677373029233369e6
1.393667821007878e6
1.419779759443646e6
1.446071366162646e6
1.4725409252065148e6
1.4991868822251656e6
1.52600782403012e6
1.553002458481878e6
1.5801696372098846e6
1.607508296083829e6
1.6350175043112445e6
1.6626964479198921e6
1.6905443875212884e6
1.718560688896857e6
1.746744803320976e6
1.775096264172761e6
1.8036146822037199e6
1.832299738202822e6
1.8611511803506278e6
1.8901688147350699e6
1.9193525301114938e6
1.9487022207252556e6
1.9782178678790608e6
2.0078994954315682e6
2.037747154990545e6
2.0677609304512728e6
2.097940974716717e6
2.12828744423909e6
2.1588005369822355e6
2.18948047136848e6
2.220327493945647e6
2.2513418644095096e6
2.28252388763994e6
2.3138738588347696e6
2.345392100868146e6
2.3770789396249903e6
2.4089347389092674e6
2.4409598501669792e6
2.4731546393779763e6
2.5055194820914627e6
2.5380547609351887e6
2.57076086343544e6
2.603638181250112e6
2.6366871101112505e6
2.669908048876827e6
2.7033013965812945e6
2.736867554374746e6
2.7706069233960267e6
2.804519904037961e6
2.838606896093092e6
2.872868299516607e6
2.90730450535646e6
2.941915910367862e6
2.976702908631802e6
3.011665884138304e6
3.046805218828366e6
3.0821212961962344e6
3.11761449167247e6
3.1532851760619516e6
3.1891337171914005e6
3.2251604771329635e6
3.261365813314785e6
3.2977500786813973e6
3.3343136205255017e6
3.371056780910216e6
3.4079798969111317e6
3.445083300267669e6
3.4823673169990177e6
3.519832268069178e6
3.5574784596848073e6
3.5953062302671513e6
3.6333158550006063e6
3.671507643166694e6
3.7098818880572114e6
3.7484388789580753e6
3.7871788980618566e6
3.8261022230750415e6
3.8652091236390686e6
3.904499875238491e6
3.9439747320223292e6
3.983633953534141e6
4.023477791777108e6
4.063506493666024e6
4.103720301271921e6
4.1441194520696774e6
4.184704178318944e6
4.225474708196312e6
4.266431264891777e6
4.3075740670899395e6
4.348903328987413e6
4.39041926075441e6