20498.015987624683
20615.565128437265
20929.057062412554
21438.56669494463
22144.214956855547
23046.16768700642
24144.63410760992
25439.864913413454
26932.150001028873
28621.815869254235
30509.22272518681
32594.761193318533
34878.849465302206
37361.929192427575
40044.461860631585
42926.92518005188
46009.8094189453
49293.61374213635
52778.84169886613
56465.99826506935
60355.58647583192
64448.10205056569
68744.03374425002
73243.85694760748
77948.03258482386
82857.00359901277
87971.19331720161
93291.00315473531
98816.81068614131
104548.96806547965
110487.80094953932
116633.60708771978
122986.65589803168
129547.18781014097
136315.4137695467
143291.5154815834
150475.6452880296
157867.92753527442
165468.4543681495
173277.29568382312
181294.4905875103
189520.0530304912
197953.971845932
206596.21190971383
215446.71530368517
224505.4025280964
233772.17394636042
243246.91097767674
252929.47752679343
262819.7213409326
272917.47538518324
283222.5591998109
293734.7802435718
304453.9352059803
315379.8113198067
326512.1875480517
337850.83584559814
349395.52229110745
361146.0082447865
373102.0511077804
385263.4059266177
397629.8257274844
410201.06265124737
422976.8688375664
435956.99705991766
449141.2015210931
462529.2384466334
476120.8667713922
489915.84855009714
503913.94961274957
518114.9398919363
532518.5938337051
547124.6907986107
561933.0153409467
576943.3574497837
592155.5128186079
607569.2829919603
623184.4755403886
639000.9042246633
655018.3889811755
671236.7560904076
687655.8381731268
704275.4741787063
721095.5096802873
738115.7955805371
755336.1905174281
772756.5583812005
790376.7694223812
808196.6999360161
826216.232183186
844435.2542411223
862853.6598973477
881471.3484894498
900288.2248742804
919304.1991689709
938519.1866399653
957933.1076403315
977545.8871666391
997357.4552441566
1.0173677461848699e6
1.0375766988142271e6
1.057984256166398e6
1.0785903653425346e6
1.099394977444423e6
1.1203980472408575e6
1.141599533198778e6
1.1629993972329327e6
1.1845976045735842e6
1.206394123701055e6
1.2283889260258113e6
1.250581985942438e6
1.2729732805935477e6
1.2955627897612727e6
1.3183504957113748e6
1.34133638313261e6
1.3645204389545731e6
1.3879026522472417e6
1.4114830141328601e6
1.4352615176367024e6
1.4592381576135447e6
1.4834129306198615e6
1.507785834848079e6
1.5323568699891784e6
1.5571260371682032e6
1.5820933389088574e6
1.6072587788948142e6
1.6326223620514842e6
1.6581840944030676e6
1.68394398298342e6
1.7099020358584807e6
1.7360582617087814e6
1.7624126704561962e6
1.7889652725077802e6
1.815716079041468e6
1.8426651018842664e6
1.8698123534719339e6
1.8971578467688782e6
1.924701595246023e6
1.952443612875293e6
1.9803839138507196e6
2.0085225130049624e6
2.0368594253291967e6
2.0653946661563753e6
2.094128251047234e6
2.123060195879136e6
2.1521905165871414e6
2.181519229396925e6
2.21104635059735e6
2.2407718966351873e6
2.270695884058521e6
2.3008183294288465e6
2.3311392494093752e6
2.361658660643557e6
2.3923765798418387e6
2.4232930236632056e6
2.4544080087197456e6
2.4857215516930157e6
2.5172336691150228e6
2.548944377478041e6
2.5808536931937863e6
2.6129616325967237e6
2.6452682119229916e6
2.6777734472925235e6
2.710477354766488e6
2.743379950140077e6
2.776481249210467e6
2.8097812675965815e6
2.8432800207991716e6
2.876977524116276e6
2.910873792560025e6
2.944968841510189e6
2.979262685600942e6
3.0137553395896233e6
3.048446817986658e6
3.083337135242748e6
3.1184263052751822e6
3.153714342364274e6
3.1892012602713984e6
3.2248870726508275e6
3.260771793254583e6
3.2968554349202598e6
3.3331380110259e6
3.3696195344803175e6
3.406300018113007e6
3.4431794745156653e6
3.4802579161166437e6
3.5175353551705964e6
3.5550118037548177e6
3.592687273859713e6
3.6305617769704293e6
3.6686353248967743e6
3.706907928947623e6
3.7453796003452707e6
3.784050350035987e6
3.82292018924118e6
3.8619891283713896e6
3.9012571780634057e6
3.9407243487610817e6
3.9803906506977705e6
4.0202560939663406e6