21076.717360134808
21193.26400854677
21504.092641987772
22009.305388861176
22709.067156205587
23603.6041425835
24693.201807914513
25978.202327524217
27459.00156429773
29136.045598780256
31009.826862252594
33080.8797340662
35349.77672232414
37817.12294123565
40483.55127630699
43349.717356987705
46416.29516989526
49683.971803998706
53153.43864452731
56825.3942928668
60700.531911017555
64779.53866239998
69063.09002773858
73551.8454651233
78246.44545373731
83147.50669254943
88255.61944539966
93571.34464884864
99095.21118405148
104827.71344562285
110769.30994853094
116920.42117808672
123281.42896425985
129852.675349978
136634.46220631758
143627.05075335165
150830.66198035784
158245.4768404561
165871.63678677197
173709.24460806375
181758.3654877043
190019.02817973145
198491.22634871968
207174.9200882234
216070.0374408821
225176.4762752844
234494.10586664494
244022.76883932005
253762.28299639904
263712.4432137919
273873.0233373245
284243.778068012
294824.44476218225
305614.74560030614
316614.38871354423
327823.07061304344
339240.47751206264
350866.2870504109
362700.16983731015
374741.7909367223
386990.81129033066
399446.88901426154
412109.68071402604
424978.84260030556
438054.0315821877
451334.9063508487
464821.1282048982
478512.3620041821
492408.27688242926
506508.54703438637
520812.85226952453
535320.8786187874
550032.3188413385
564946.872768393
580064.2482296495
595384.1602325845
610906.3324561164
626630.4967487912
642556.3936060275
658683.772172191
675012.3904040448
691542.0151009507
708272.4219303358
725203.3954486148
742334.7290212484
759666.2247946337
777197.6936176993
794928.9548958569
812859.8364834962
830990.1745739558
849319.8135361323
867848.6056388709
886576.4110472032
905503.0975075376
924628.5401912511
943952.6214795887
963475.2307353178
983196.264156117
1.0031156244970382e6
1.023233220863936e6
1.0435489684539167e6
1.0640627882606103e6
1.0847746077510712e6
1.1056843586382156e6
1.1267919787150228e6
1.1480974106445329e6
1.1696006019175784e6
1.1913015046145301e6
1.2132000753785297e6
1.235296274921222e6
1.257590068093772e6
1.2800814235781566e6
1.3027703137116088e6
1.325656714300089e6
1.3487406045027943e6
1.3720219665901966e6
1.3955007858016496e6
1.4191770501912995e6
1.4430507505732237e6
1.4671218801054067e6
1.4913904344319736e6
1.5158564114195341e6
1.5405198110122555e6
1.5653806351309347e6
1.5904388876282813e6
1.6156945739518926e6
1.641147701260962e6
1.666798278259782e6
1.6926463149777215e6
1.7186918228146997e6
1.7449348143978599e6
1.771375303455106e6
1.7980133047678247e6
1.824848834099625e6
1.8518819080999903e6
1.8791125441488193e6
1.906540760621065e6
1.934166576236095e6
1.9619900105967491e6
1.9900110837129198e6
2.0182298158720892e6
2.0466462284494166e6
2.07526034269573e6
2.104072180345028e6
2.1330817634435724e6
2.1622891142896865e6
2.191694255418681e6
2.2212972095228513e6
2.251097999466293e6
2.2810966482401136e6
2.3112931788928267e6
2.3416876145257642e6
2.3722799783113264e6
2.4030702934218408e6
2.434058582953445e6
2.4652448700211444e6
2.4966291776485182e6
2.5282115287979e6
2.5599919463221915e6
2.591970452982335e6
2.6241470713077825e6
2.656521823891313e6
2.6890947329824134e6
2.721865820803483e6
2.7548351092008785e6
2.7880026200743807e6
2.8213683748035124e6
2.854932395109276e6
2.8886947020282587e6
2.922655316528728e6
2.956814259360443e6
2.9911715511670006e6
3.0257272118465235e6
3.060481261849384e6
3.095433720861542e6
3.130584608460922e6
3.1659339439715855e6
3.2014817465020344e6
3.237228034889469e6
3.2731728279648367e6
3.3093161436327826e6
3.3456580002405886e6
3.3821984155686563e6
3.4189374072980927e6
3.4558749927710593e6
3.4930111891039684e6
3.5303460131719597e6
3.567879481601841e6
3.605611610882609e6
3.6435424168721857e6
3.6816719157719202e6
3.7200001231584027e6
3.7585270544711873e6
3.7972527249176716e6
3.8361771494752094e6
3.875300342918954e6
3.9146223197177583e6
3.954143094231355e6
3.993862680525328e6
4.033781092471731e6