353765.5153350978
353720.7778075489
353601.4088806211
353408.35507669044
353142.8568272892
352806.6922363434
352402.0992326689
351931.818012808
351398.9999557594
350807.34315051115
350160.9067464195
349464.28889501933
348722.4707938811
347940.84965378174
347125.2762558982
346281.9625489728
345417.5352661081
344539.0066116436
343653.6611848362
342769.29716911784
341893.93333802687
341035.93392152025
340203.8957645773
339406.81252355257
338653.9036153023
337954.65189753124
337318.79312738834
336756.2739049153
336277.2565153646
335892.0925893227
335611.34213800146
335445.7141008383
335406.0347628775
335503.30950433854
335748.6210333265
336153.1890242974
336728.276666314
337485.22117680125
338435.41193234816
339590.2625438685
340961.18478777725
342559.60109766445
344396.87520950567
346484.33756101853
348833.2369448643
351454.73074537923
354359.86214072607
357559.52678720176
361064.4660839696
364885.2233135259
369032.1338857559
373515.3014341714
378344.54977631324
383529.42947697616
389079.16567115113
395002.64268385654
401308.37610668386
408004.4862522
415098.67043392675
422598.1805092618
430509.79653494095
438839.8037797251
447593.9683816831
456777.519579854
466395.12859408103
476450.8918016879
486948.3124585331
497890.291877702
509279.1189535087
521116.4573082265
533403.3492278826
546140.2064122942
559326.8158658695
572962.3536999432
587045.3654312191
601573.809040756
616545.0544108904
631955.905804852
647802.6214962152
664080.9388794977
680786.098589896
697912.8844460173
715455.637639561
733408.3085148477
751764.4828541642
770517.4192104344
789660.0750044826
809185.1862990211
829085.2490951593
849352.5942143156
869979.4243704287
890957.8283597366
912279.8406156115
933937.4636151185
955922.7159292664
978227.6393386471
1.0008443486813832e6
1.0237650488655884e6
1.0469820765566035e6
1.0704878930595634e6
1.0942751317872077e6
1.118336623806002e6
1.1426653742516474e6
1.1672546131106794e6
1.192097798843121e6
1.2171886194677975e6
1.2425210121601573e6
1.2680891556292006e6
1.2938874969499703e6
1.3199107144275177e6
1.3461537712346164e6
1.37261187040991e6
1.39928047427594e6
1.426155297228036e6
1.453232303031096e6
1.4805077092845577e6
1.5079779317056614e6
1.5356396739214896e6
1.5634898294762739e6
1.5915255183293931e6
1.619744074452913e6
1.6481430269720645e6
1.6767200975754997e6
1.7054732083940494e6
1.7344004419268323e6
1.7635000673694187e6
1.7927704990537832e6
1.822210312237077e6
1.851818227902758e6
1.8815930999993929e6
1.9115339137539223e6
1.9416397803426853e6
1.9719099101985788e6
2.0023436436131247e6
2.0329404044180196e6
2.0636997275150593e6
2.0946211902542654e6
2.1257045123036504e6
2.1569494590737093e6
2.1883558636960145e6
2.2199236344086e6
2.2516527283095876e6
2.283543171091729e6
2.315595026337803e6
2.3478084156631627e6
2.3801834984248336e6
2.412720471424467e6
2.445419569867146e6
2.4782810603387496e6
2.511305240960298e6
2.544492432129816e6
2.5778429747541836e6
2.6113572511829175e6
2.6450356317575607e6
2.6788785230526538e6
2.7128863428953746e6
2.747059520146772e6
2.7813984942166465e6
2.8159037152542677e6
2.8505756374670565e6
2.8854147256680415e6
2.92042145012981e6
2.955596271993864e6
2.9909396770077813e6
3.0264521332024564e6
3.062134120541301e6
3.0979861147322506e6
3.1340085889377114e6
3.1702020184974293e6
3.2065668745577303e6
3.2431036244866615e6
3.279812734301774e6
3.3166946641680254e6
3.353749872086113e6
3.3909788090759446e6
3.4283819234458655e6
3.465959656085852e6
3.5037124455221677e6
3.5416407202036106e6
3.579744906715525e6
3.618025422382807e6
3.656482679753144e6
3.6951170844695275e6
3.733929038027355e6
3.7729189310745695e6
3.8120871517358e6
3.851434077784858e6
3.8909600836068667e6
3.930665535572071e6
3.9705507930993387e6
4.0106162092946754e6
4.0508621308891117e6
4.0912888960143314e6
4.131896840883519e6
4.172686289033405e6
4.213657563029563e6
4.254810976043604e6
4.296146835948518e6
4.337665443360589e6
4.379367094378531e6