35707.332710701565
35795.90421746616
36032.30642379113
36417.11493544074
36951.261147992715
37636.026615106035
38473.03530960661
39464.24383345328
40611.92964705173
41918.677402187546
43387.36347094257
45021.13881304886
46823.41022396952
48797.820187886944
50948.225904447085
53278.67530551588
55793.38404861954
58496.71415931385
61393.144186757476
64487.244140107854
67783.6594616907
71287.06734015181
75002.16452475198
78933.63902178741
83086.14063852321
87464.26700091525
92072.51947861249
96915.30595525968
101996.89556396767
107321.41097771327
112892.80895471756
118714.85626652552
124791.11639584196
131124.9347239776
137719.42486601052
144577.4573528477
151701.64968971364
159094.35915941952
166757.67605731057
174693.42071368205
182903.13893733194
191388.10456785114
200149.31828443814
209187.51081490258
218503.14848862492
228096.4379718774
237967.33351500292
248115.54660293637
258540.5545515245
269241.6115175884
280217.76024194004
291467.84426954965
302990.5209221777
314784.2746624087
326847.4314027215
339178.1716231317
351774.5453470963
364634.485959847
377755.824221153
391136.3023059847
404773.5873598922
418665.28391012835
432808.9476673789
447202.0963382022
461842.2247978593
476726.8095385572
491853.32515553257
507219.2513989311
522822.0826114233
538659.3359659878
554728.5586519398
571027.3361928251
587553.2959581125
604304.1168734286
621277.5302034952
638471.3262321963
655883.3574931979
673511.5405576683
691353.8615434819
709408.3751472036
727673.2080521313
746146.5589514708
764826.7004840685
783711.9785193293
802800.8127213945
822091.696120619
841583.1945510758
861273.9460685914
881162.658464368
901248.1110554062
921529.1495381265
942004.6875014997
962673.7026161397
983535.2361639236
1.0045883905782646e6
1.0258323275286858e6
1.0472662655593407e6
1.0688894789978268e6
1.09070129497982e6
1.112701091660548e6
1.1348882961932905e6
1.1572623825564545e6
1.1798228701562244e6
1.2025693192151913e6
1.2255013335104187e6
1.2486185532364263e6
1.2719206575545075e6
1.2954073587549992e6
1.3190784029474352e6
1.3429335681577278e6
1.3669726599825625e6
1.391195518547262e6
1.4156020006276548e6
1.4401919944080808e6
1.4649654097557955e6
1.489922179315426e6
1.5150622527210591e6
1.5403856043048392e6
1.5658922225218709e6
1.5915821135948878e6
1.6174552992872463e6
1.6435118159987454e6
1.6697517134567061e6
1.696175053504637e6
1.722781910229061e6
1.7495723675302817e6
1.7765465200606056e6
1.8037044702556937e6
1.831046329466296e6
1.8585722162031254e6
1.886282256239342e6
1.914176580840379e6
1.9422553282771015e6
1.9705186375145246e6
1.9989666582328102e6
2.0275995398693215e6
2.0564174363282013e6
2.0854205046504934e6
2.114608904377052e6
2.143982797256817e6
2.1735423470122605e6
2.2032877187742963e6
2.233219078989245e6
2.263336595015553e6
2.293640434735093e6
2.3241307664963137e6
2.354807759163415e6
2.38567158035718e6
2.4167223988695065e6
2.4479603824264216e6
2.479385697945503e6
2.510998512233542e6
2.5427989902097527e6
2.5747872965284768e6
2.606963594396855e6
2.6393280457169167e6
2.671880811143776e6
2.7046220498161213e6
2.7375519193023513e6
2.770670575540885e6
2.803978173873257e6
2.8374748632996064e6
2.8711607989397487e6
2.905036127744209e6
2.939100996922148e6
2.973355551790026e6
3.007799935552171e6
3.042434289565935e6
3.0772587532208436e6
3.112273463845796e6
3.1474785568632926e6
3.182874165948262e6
3.218460421815999e6
3.2542374545777403e6
3.290205391414164e6
3.32636435778042e6
3.362714477150868e6
3.399255870960569e6
3.43598865886032e6
3.472912958643724e6
3.5100288855592767e6
3.5473365535057196e6
3.5848360745711215e6
3.622527558554194e6
3.6604111136752972e6
3.698486846220958e6
3.736754860831593e6
3.7752152599968826e6
3.813868144900944e6
3.852713614710016e6
3.8917517781973053e6
3.9309826975006424e6
3.970406500208957e6
4.0100232679049056e6
4.049833091624138e6
4.0898360605697306e6
4.130032262396897e6
4.1704217830833225e6
4.211004707897334e6
4.251781119824368e6