21531.432016481795
21647.157892550018
21955.805587684037
22457.498406930743
23152.435472601515
24040.889958476033
25123.20667837759
26399.79906076698
27871.145548712655
29537.78547155818
31400.314440700706
33459.379103213025
35715.672585014654
38169.92789065646
40822.91202906952
43675.42054042409
46728.271237318586
49982.29796575364
53438.34280659829
57097.254040863016
60959.876917007816
65027.048325225565
69299.59229748606
73778.31459031806
78463.99840016612
83357.39831761969
88459.23825338676
93770.20661957722
99290.95359537241
105022.08795777184
110964.17534023034
117117.73545089217
123483.2412994141
130061.11788710448
136851.7413635493
143855.43850487433
151072.48722808243
158503.11659245918
166147.50726089
174005.79354021963
182078.06238519266
190364.3569505984
198864.67715106194
207578.98154528314
216507.1894333671
225649.18271186453
235004.80811952037
244573.87941866327
254356.17965179184
264351.4634470906
274559.45932664943
284979.87200741045
295612.3846876514
306456.6612948346
317512.3486433427
328779.07884026895
340256.4708135635
351944.132923851
363841.66452785453
375948.6579215381
388264.7000710122
400789.3742732974
413522.2617028046
426462.942870007
439610.9989467198
452966.01310957153
466527.5716173332
480295.2649011611
494268.6885572602
508447.4442450948
522831.1404606758
537419.3932213598
552211.8267381417
567208.0739749669
582407.777101956
597810.5879278482
613416.1682105662
629224.1899787819
645234.3357697693
661446.2986876392
677859.7828225575
694474.5028308316
711290.1844613629
728306.5642777596
745523.3896963444
762940.4188731066
780557.4206673498
798374.174431213
816390.4699045487
834606.1070356729
853020.8958275635
871634.6559704166
890447.2168425623
909458.4171275051
928668.1046107165
948076.1359261846
967682.3762677885
987486.6992048125
1.0074889863343508e6
1.0276891270135954e6
1.0480870182719358e6
1.0686825641160253e6
1.0894756757332059e6
1.1104662709601861e6
1.131654274051759e6
1.153039615486662e6
1.1746222316356627e6
1.196402064483536e6
1.2183790617116466e6
1.2405531754904594e6
1.262924363768761e6
1.2854925886745267e6
1.3082578169386762e6
1.3312200195073953e6
1.3543791714188077e6
1.3777352515016068e6
1.4012882421209181e6
1.4250381293865042e6
1.4489849022920262e6
1.4731285529930827e6
1.4974690765993882e6
1.5220064709111864e6
1.546740736254284e6
1.5716718753520139e6
1.5967998932826098e6
1.6221247970361463e6
1.647646595694847e6
1.6733653002005327e6
1.6992809231034257e6
1.725393478613724e6
1.7517029824141397e6
1.778209451528029e6
1.8049129042408066e6
1.8318133600246042e6
1.8589108394126794e6
1.8862053638992428e6
1.91369695588478e6
1.9413856385952672e6
1.9692714360446976e6
1.9973543724045632e6
2.0256344737721602e6
2.0541117651502057e6
2.0827862729799538e6
2.111658023882766e6
2.1407270448473343e6
2.169993363159009e6
2.199457006381171e6
2.229118002253568e6
2.2589763787245513e6
2.2890321638382114e6
2.3192853858095375e6
2.349736072854013e6
2.380384253171951e6
2.41122995506885e6
2.4422732067104112e6
2.4735140362259946e6
2.504952471876379e6
2.536588541436636e6
2.568422272822695e6
2.600453693722845e6
2.632682831668722e6
2.6651097140705623e6
2.697734368041866e6
2.7305568204565253e6
2.763577098210639e6
2.796795227795759e6
2.8302112354092887e6
2.863825147083811e6
2.897636988567787e6
2.9316467853523446e6
2.965854562652111e6
3.0002603453887175e6
3.034864158216599e6
3.06966602549255e6
3.1046659712815303e6
3.139864019362824e6
3.175260193187112e6
3.210854515950163e6
3.2466470105141597e6
3.282637699682478e6
3.3188266052683117e6
3.3552137494925465e6
3.3917991539137485e6
3.4285828399768965e6
3.465564828711763e6
3.5027451408707853e6
3.540123796913678e6
3.5777008169924123e6
3.615476220957568e6
3.6534500284322277e6
3.691622258641651e6
3.7299929305942664e6
3.768562063006833e6
3.80732967426065e6
3.846295782535406e6
3.8854604057117915e6
3.924823561306821e6
3.9643852667149436e6
4.0041455389585067e6
4.044104394827093e6