26916.526793831945
27021.438971590112
27301.332192222086
27756.5529937995
28387.661533372622
29195.427375175357
30180.82375011617
31345.0202648537
32689.37424246921
34215.42070182236
35924.86047575102
37819.550202917424
39901.486118754525
42172.79049174362
44635.69752399564
47292.5371226125
50145.719611821245
53197.71876299467
56451.05540704653
59908.28154978823
63571.96307479724
67444.66267840716
71528.92922079455
75827.27640007855
80342.1713419247
85076.02035627121
90031.15626606166
95209.82544857654
100614.17790810876
106246.25463104539
112107.98315560997
118201.16511985204
124527.47180374363
131088.43784010736
137885.45674463996
144919.77770561143
152192.50291157738
159704.5864347452
167456.8339693567
175449.90354140504
183684.30711078818
192160.41304690286
200878.4493524372
209838.50765962142
219040.54790251193
228484.40365503967
238169.78676158265
248096.29563262942
258263.41954087288
268670.5465147293
279316.97000415367
290201.89613324334
301324.45077628305
312683.68690118595
324278.59178257093
336108.0941054103
348171.07101742167
360466.35503736977
372992.74067732436
385748.9908575011
398733.8433739152
411946.01623716997
425384.2140578858
439047.13240612124
452933.4646486305
467041.90373466443
481371.14942123037
495919.9104281289
510686.9091876091
525670.8844541464
540870.5949731319
556284.8217766515
571912.3710031424
587752.0757659205
603802.7982578294
620063.4312647505
636532.8994700199
653210.1607787844
670094.2072286836
687184.0664719099
704478.7980106766
721977.5014839692
739679.3124441224
757583.3939286916
775688.9571488479
793995.2407991112
812501.5208046808
831207.1077943174
850111.3467553348
869213.6161570972
888513.3273494731
908009.9241270423
927702.8816578352
947591.7053390872
967675.9307889802
987955.122251578
1.0084288717647771e6
1.0290967987124505e6
1.04995854777588e6
1.0710137897285204e6
1.0922622187488703e6
1.1137035526129794e6
1.1353375310263643e6
1.157163915601864e6
1.1791824875140334e6
1.2013930481789256e6
1.2237954170447856e6
1.2463894318725262e6
1.2691749470277838e6
1.292151832711231e6
1.3153199748553815e6
1.3386792734743026e6
1.3622296425302492e6
1.3859710086191446e6
1.40990331100503e6
1.4340265002165441e6
1.4583405377731903e6
1.4828453955191479e6
1.5075410547773235e6
1.5324275060117145e6
1.557504748325675e6
1.582772788423929e6
1.6082316406789385e6
1.6338813262020007e6
1.6597218727919776e6
1.685753314208402e6
1.7119756894161273e6
1.7383890430728989e6
1.7649934241074114e6
1.7917888861103132e6
1.8187754866599739e6
1.8459532869953602e6
1.8733223517611937e6
1.9008827486864168e6
1.9286345482020408e6
1.956577823502819e6
1.984712649822954e6
2.013039104554114e6
2.0415572670545205e6
2.070267217416346e6
2.099169038446653e6
2.1282628132936954e6
2.1575486263542273e6
2.1870265629342324e6
2.216696708937209e6
2.246559150948365e6
2.276613975917699e6
2.306861271105323e6
2.3373011240568054e6
2.3679336222047927e6
2.3987588531519696e6
2.429776904203572e6
2.460987862688626e6
2.4923918153166072e6
2.5239888488077107e6
2.5557790491861124e6
2.587762502113356e6
2.6199392926136856e6
2.6523095051633925e6
2.684873223570267e6
2.7176305315039903e6
2.7505815095568467e6
2.783726241130209e6
2.8170648064678535e6
2.8505972853008546e6
2.88432375692898e6
2.918244299461478e6
2.952358990128471e6
2.9866679055344625e6
3.021171120889102e6
3.0558687107639792e6
3.0907607486925796e6
3.1258473072678926e6
3.161128458436512e6
3.1966042714250893e6
3.2322748173571224e6
3.2681401642361586e6
3.304200380038899e6
3.340455531129575e6
3.376905683532519e6
3.413550901490048e6
3.450391249043858e6
3.487426788929705e6
3.5246575829103435e6
3.562083691887409e6
3.5997051757459766e6
3.6375220934541537e6
3.675534503124801e6
3.7137424621673482e6
3.7521460256506647e6
3.790745250095405e6
3.829540189471734e6
3.868530897337641e6
3.9077174263471426e6
3.9470998283180953e6
3.986678154400836e6
4.026452454151602e6
4.0664227772861165e6
4.106589172588783e6
4.1469516872724765e6