20432.893596915055
20550.552293821747
20864.335245219467
21374.314278461847
22080.60535266409
22983.367483924863
24082.801278872823
25379.14709698334
26872.682867038428
28563.721587510714
30452.60854446177
32539.718148232547
34825.45119428607
37310.23091764357
39994.49950663177
42878.71464155427
45963.3459705244
49248.871595384575
52735.7737446418
56424.535932896
60315.63928844415
64409.5596406716
68706.76336246743
73207.70574884747
77912.82771137968
82822.55285201967
87937.28591293612
93257.41058398534
98783.28766013293
104515.25353505241
110453.6191842434
116598.66881294707
122950.65946490719
129509.82040815844
136276.3526593735
143250.4292275713
150432.19502420217
157821.76725273297
165419.23587184292
173224.66422801075
181238.08977195105
189459.52501699328
197888.95847430688
206526.3557487522
215371.66069351468
224424.79653732188
233685.66728832258
243154.15887399224
252830.14051092128
262713.4660043565
272803.97506473295
283101.4946064425
293605.84003329766
304316.81648822915
315234.22012239
326357.8392098895
337687.4553633939
349222.84461669845
360963.7785270397
372910.0248958086
385061.349310364
397417.5154520865
409978.28618392587
422743.4243933476
435712.69359708426
448885.8586990871
462262.68655917444
475842.9466328707
489626.4113948476
503612.85692443786
517802.0632416086
532193.8146916138
546787.9003259421
561584.1141691068
576582.2554471632
591782.1288443921
607183.5446424924
622786.3188867976
638590.2735447558
654595.2364790787
670801.0416324815
687207.5289993619
703814.54462444
720621.940652662
737629.575253755
754837.3125908615
772245.0227824079
789852.581783039
807659.8713417334
825666.7788855266
843873.1974139415
862279.0253794346
880884.1665377539
899688.5299186824
918692.0295785916
937894.5844943679
957296.118503548
976896.5598806763
996695.8417071444
1.0166939011589023e6
1.036890679726458e6
1.057286122922413e6
1.077880180145776e6
1.0986728046199873e6
1.1196639530726827e6
1.1408535857191095e6
1.1622416662593884e6
1.183828161278789e6
1.2056130406598025e6
1.227596277036843e6
1.2497778458976296e6
1.2721577253588063e6
1.2947358960592658e6
1.317512341013014e6
1.3404870455509338e6
1.3636599971467664e6
1.3870311853211129e6
1.4106006015573943e6
1.4343682391590807e6
1.4583340931796061e6
1.4824981603001694e6
1.506860438766973e6
1.531420928259815e6
1.5561796298306596e6
1.5811365458696054e6
1.6062916798771182e6
1.6316450365414473e6
1.6571966216025846e6
1.6829464417677054e6
1.708894504842061e6
1.7350408187746753e6
1.7613853933711431e6
1.7879282384556811e6
1.814669364702986e6
1.84160878340872e6
1.8687465064520426e6
1.8960825462185238e6
1.9236169155789933e6
1.9513496278846858e6
1.9792806966992083e6
2.0074101361992059e6
2.0357379607129165e6
2.0642641848965466e6
2.0929888236250049e6
2.1219118920769063e6
2.1510334054867527e6
2.1803533793679224e6
2.209871829323437e6
2.2395887709941743e6
2.2695042202894758e6
2.2996181930184565e6
2.329930705116591e6
2.360441772500286e6
2.3911514111540164e6
2.4220596370087243e6
2.453166465953915e6
2.484471913946615e6
2.5159759968037247e6
2.547678730290647e6
2.5795801301178006e6
2.611680211908361e6
2.6439789911945267e6
2.6764764833985926e6
2.709172703888788e6
2.7420676677736323e6
2.775161390169522e6
2.8084538860209156e6
2.841945170159491e6
2.875635257223779e6
2.9095241617503567e6
2.943611897938384e6
2.977898480312062e6
3.012383922820407e6
3.0470682393487548e6
3.0819514437268325e6
3.1170335492743277e6
3.15231456965806e6
3.187794518048242e6
3.2234734075139477e6
3.2593512512261677e6
3.2954280614566184e6
3.331703851015731e6
3.3681786322605605e6
3.404852417471917e6
3.441725218702176e6
3.478797047848433e6
3.516067916641329e6
3.5535378366420805e6
3.5912068193292157e6
3.6290748756965534e6
3.6671420170507287e6
3.7054082542177946e6
3.7438735979413153e6
3.782538058826312e6
3.821401647240015e6
3.8604643735252456e6
3.899726247740487e6
3.939187279884944e6
3.978847479756463e6
4.018706857016578e6