22572.2701298901
22686.028093682373
22989.445483668736
23482.693090521912
24166.046777013962
25039.885128155453
26104.68620524005
27361.02350464606
28809.561126184843
30451.04822838024
32286.312834830398
34316.25476534922
36541.839270948025
38964.08936735315
41584.074644985936
44402.90840413241
47421.73537702118
50641.72277544308
54064.05704102495
57689.929088018594
61520.53032136537
65557.04262570204
69800.63223036798
74252.44187901929
78913.58386501828
83785.13420811864
88868.12651070066
94163.5470581665
99672.32992959397
105395.35280430049
111333.43364615367
117487.32769032069
123857.72508474754
130445.2490676665
137250.4547974208
144273.8284572987
151515.78723606138
158976.67929664114
166656.78547784887
174556.31827987454
182675.42555218973
191014.1910873118
199572.63706509979
208350.7264450347
217348.36538510054
226565.40626392988
236001.65042643942
245656.85137533234
255530.71787458358
265622.91719091975
275933.0783538943
286460.79541612446
297205.6307061006
308167.11808134697
319344.76588444144
330738.06046330725
342346.46871839126
354169.44124750566
366206.41507651086
378456.8163294684
390920.0627784529
403595.56627578917
416482.73500130157
429580.9755041617
442889.69495164265
456408.3027089116
470136.2122451268
484072.84255688876
498217.6197148564
512569.9781692372
527129.3618789293
541895.2254209998
556867.0348243723
572044.2685743757
587426.4181271432
603012.9886988917
618803.4996325729
634797.4849431729
650994.4936331974
667394.0898620829
683995.8532371791
700799.3788838525
717804.2775284798
735010.1754538446
752416.714483199
770023.5522101293
787830.3600500706
805836.8266797415
824042.6541923159
842447.5596328778
861051.2744583049
879853.5439770836
898854.12668115
918052.79718413
937449.3388226089
957043.5504704824
976835.2424829723
996824.2371751934
1.0170103683321864e6
1.0373934807902311e6
1.0579734301966801e6
1.078750082381741e6
1.0997233131915072e6
1.1208930079933342e6
1.1422590612911081e6
1.163821376372301e6
1.1855798649128266e6
1.2075344465482305e6
1.2296850489640892e6
1.252031606195008e6
1.2745740604969729e6
1.297312359955461e6
1.3202464591878434e6
1.3433763187452487e6
1.3667019049460096e6
1.3902231898253073e6
1.4139401489504292e6
1.437852765084678e6
1.4619610239147104e6
1.4862649158743287e6
1.5107644353571737e6
1.535459580618371e6
1.560350353427733e6
1.5854367589260584e6
1.6107188053957263e6
1.6361965039927275e6
1.6618698686203347e6
1.6877389158212652e6
1.7138036643264499e6
1.7400641352033177e6
1.76652035151494e6
1.7931723381845837e6
1.82002012187499e6
1.8470637308455727e6
1.8743031948489218e6
1.9017385449210687e6
1.9293698133343323e6
1.9571970334829846e6
1.9852202398287212e6
2.013439467337144e6
2.0418547523665847e6
2.0704661315878602e6
2.099273642422298e6
2.1282773227640763e6
2.1574772110760086e6
2.1868733461345043e6
2.216465767080192e6
2.246254513299934e6
2.276239624396318e6
2.3064211401476534e6
2.336799100412503e6
2.367373545134767e6
2.398144514181509e6
2.4291120475005913e6
2.4602761848544334e6
2.49163696604435e6
2.5231944305906445e6
2.5549486177832372e6
2.586899567086538e6
2.6190473173414026e6
2.651391907287376e6
2.6839333753869385e6
2.71667175980108e6
2.749607098445616e6
2.782739428714353e6
2.816068787883308e6
2.8495952127612764e6
2.883318739730216e6
2.9172394051098763e6
2.951357244358621e6
2.9856722928547426e6
3.0201845854778104e6
3.0548941566984896e6
3.0898010405898904e6
3.1249052707939968e6
3.1602068805236984e6
3.1957059026354803e6
3.2314023692327216e6
3.2672963125133496e6
3.303387764071027e6
3.3396767546219826e6
3.3761633149556564e6
3.412847475169868e6
3.4497292651667856e6
3.4868087141852845e6
3.5240858511920255e6
3.5615607046560775e6
3.599233302636319e6
3.6371036727625094e6
3.6751718422845127e6
3.7134378380178623e6
3.751901686352563e6
3.790563412538302e6
3.829423044486203e6
3.8684806050868602e6
3.9077361199783906e6
3.9471896134850765e6
3.9868411097608237e6
4.026690632442042e6
4.066738204830653e6