181226.7961990058
181231.11833544372
181242.9520671271
181263.13777769054
181293.03294277133
181334.51467026217
181389.97579334647
181462.3568604056
181554.94560708292
181671.72088059597
181817.02791978332
181995.6820159898
182212.9788658677
182474.6345785628
182786.80777870625
183156.09881732916
183589.30076104106
184093.9349384372
184677.56835511362
185348.24285694642
186114.26476418722
186984.291799177
187967.18868336914
189072.09535439685
190308.38594213844
191685.59958896379
193213.4639403955
194901.97222931247
196761.03206150013
198800.7804345141
201031.41165104858
203462.72635576024
206106.23692189332
208970.89936127473
212067.32043317362
215405.62677447166
218995.82629577303
222847.7997423329
226971.27303454478
231375.7759983656
236070.61842821335
241064.85952959512
246367.27447366173
251986.33095614734
257930.15878966532
264206.5177358417
270822.77809008694
277785.8865828549
285102.3607293522
292778.2041180938
300819.002302245
309229.78832244634
318015.08297927276
327178.86936881824
336724.58060025296
346655.090940705
356972.70917289803
367679.17568196973
378775.6620569837
390262.7719571586
402140.5512891052
414408.4938635479
427065.55494657566
440110.16324997705
453540.2461897406
467353.2418345014
481546.12756551546
496115.44417827233
511057.32143028104
526367.5102633141
542041.4140744471
558074.1124977085
574460.4058111925
591194.8363839997
608271.7343529295
625685.2401201909
643429.3424240665
661497.909622367
679884.7235032485
698583.5066635017
717587.9535419366
736891.7545303972
756488.630722434
776372.3469005183
796536.7431268285
816975.7543180349
837682.5339347669
858653.9098868519
879881.5487039799
901360.8046178666
923086.3190658627
945052.9089900412
967255.5775399078
989689.5176075082
1.0123501258250269e6
1.035232986492337e6
1.058333893009296e6
1.0816488402189573e6
1.1051740210969257e6
1.128905832227543e6
1.1528408667621491e6
1.1769759131834137e6
1.2013079498410982e6
1.2258341443849828e6
1.2505518449030062e6
1.2754586040432942e6
1.3005520350747257e6
1.3258300832527871e6
1.3512907396134937e6
1.376932173396226e6
1.4027527104968866e6
1.4287508082863418e6
1.4549250612613088e6
1.4812741878594495e6
1.5077970298376605e6
1.5344925425570605e6
1.5613597932005022e6
1.588397940397724e6
1.6156062489753552e6
1.6429840797290527e6
1.6705308683170541e6
1.6982461241203074e6
1.726129474165768e6
1.7541805513386868e6
1.782399097247572e6
1.810784903939589e6
1.8393378194758948e6
1.8680577313493143e6
1.8969446316043292e6
1.9259984735230997e6
1.9552193081912412e6
1.9846072100795882e6
2.0141622950419574e6
2.0438846970535242e6
2.0737745867574797e6
2.1038321738849627e6
2.134057675939816e6
2.1644513417522227e6
2.1950134336220967e6
2.2257442366640368e6
2.256644050550935e6
2.287713188407669e6
2.3189519770863173e6
2.350360754916036e6
2.3819398684794977e6
2.4136896734033744e6
2.4456105325168055e6
2.4777028149980395e6
2.509966891763823e6
2.542403143169693e6
2.575011955760352e6
2.6077936969560413e6
2.6407487581254225e6
2.6738775237867944e6
2.7071803781176023e6
2.740657714538437e6
2.7743098977613617e6
2.80813731775116e6
2.842140353600461e6
2.876319382019662e6
2.910674776867543e6
2.945206908804414e6
2.9799161482532737e6
3.014802849142899e6
3.0498673804275435e6
3.0851100942419586e6
3.120531330656761e6
3.1561314660350685e6
3.191910807336445e6
3.227869716708658e6
3.264008516275562e6
3.3003275347582265e6
3.336827093592622e6
3.373507498661183e6
3.4103690852701585e6
3.447412148522111e6
3.48463698994182e6
3.5220439062865977e6
3.559633189056672e6
3.597405124531537e6
3.6353599288791283e6
3.6734980721326e6
3.7118196312177326e6
3.7503249367764383e6
3.7890142499824916e6
3.827887826989464e6
3.8669459177786387e6
3.9061887698101127e6
3.945616624186613e6
3.9852297177726184e6
4.0250282827220964e6
4.0650125467803436e6
4.1051827328108703e6
4.145539059720984e6
4.186081741835401e6
4.226810989000436e6
4.2677270072146915e6
4.3088299981853645e6
4.3501201593445875e6
4.391597684574826e6