63244.17102301514
63303.80336633031
63463.11155424829
63722.881467665575
64084.38632463108
64549.38120794957
65120.09540711201
65799.22420088245
66589.9145887446
67495.75467318002
68520.75744903111
69669.33595316656
70946.31461501718
72356.84607838694
73906.46936496199
75601.02337120916
77446.66483224687
79449.75611755616
81616.99923747208
83955.24787225248
86471.55397855424
89173.12390045682
92067.28708420278
95161.46461459761
98463.13533789018
101979.80070836813
105718.96202830979
109688.07499191893
113894.52217186702
118345.5835041113
123048.40260814672
128009.95230774727
133237.00862109356
138736.1177614055
144513.5701680189
150575.37417430952
156927.2288797062
163574.49912421338
170522.2018014852
177774.97682824868
185337.0757388608
193212.34616939767
201404.21292735747
209915.68218681146
218749.3172195206
227907.25496780925
237391.1749527776
247202.32796542183
257341.52568738567
267809.1494211587
278605.1588065361
289729.1029393114
301180.13322092255
312957.0193892609
325058.1662682179
337481.6328968541
350225.1529110613
363286.1573588875
376661.7952481831
390348.95939947
404344.31012269226
418644.29914651695
433245.19455809775
448143.1066407872
463334.01048296894
478813.77089435596
494578.16509884875
510622.905678741
526943.6628710909
543536.0823766029
560395.8079490328
577518.4955678502
594899.8376359862
612535.5677890959
630421.4839473984
648553.457821587
666927.4456510856
685539.5007846396
704385.7805092693
723462.5540367838
742766.2102711014
762293.2614942645
782040.34843575
802004.2442210544
822181.8552399549
842570.2236431766
863166.5246242541
883968.0810543421
904972.334088288
926176.8701615714
947579.4047665673
969177.7842717061
990969.9810933606
1.012954093328289e6
1.0351283389680821e6
1.0574910529390094e6
1.0800406852868062e6
1.1027757946990284e6
1.1256950455948361e6
1.148797204867649e6
1.1720811347589472e6
1.1955457938797264e6
1.2191902274042103e6
1.2430135670446737e6
1.267015024295653e6
1.2911938885685732e6
1.3155495216363906e6
1.3400813540255986e6
1.364788882120812e6
1.3896716637010858e6
1.4147293140153592e6
1.4399614992563378e6
1.4653679555211158e6
1.4909484382435442e6
1.5167027683093818e6
1.5426307985590715e6
1.568732431215824e6
1.5950075930727907e6
1.6214562559153147e6
1.6480784171084084e6
1.6748741035254016e6
1.7018433708275608e6
1.7289862997574238e6
1.7563029925480692e6
1.7837935739342659e6
1.811458187549586e6
1.83929699485501e6
1.8673101730358084e6
1.8954979145494283e6
1.923860425349486e6
1.952397921913213e6
1.9811106300922506e6
2.009998796156623e6
2.0390626580916108e6
2.0683024726484308e6
2.0977185001725387e6
2.1273110069086566e6
2.157080264150137e6
2.187026546202119e6
2.2171501323383446e6
2.247451303974784e6
2.2779303442745274e6
2.308587538872147e6
2.339423173605794e6
2.3704375347863683e6
2.4016309098404367e6
2.43300358521684e6
2.4645558469729205e6
2.4962879800653695e6
2.5282002682583854e6
2.560292993850689e6
2.5925664367087297e6
2.625020875908935e6
2.657656586088849e6
2.690473842105768e6
2.7234729137279824e6
2.756654069588844e6
2.7900175746386275e6
2.8235636908274353e6
2.857292677094682e6
2.8912047913023126e6
2.9253002784816185e6
2.959579394880046e6
2.994042383709364e6
3.028689485571885e6
3.06352093989421e6
3.098536981294906e6
3.1337378406677004e6
3.169123741923842e6
3.204694919903532e6
3.2404515839435565e6
3.276393954584747e6
3.3125222442220566e6
3.3488366629396337e6
3.3853374164142744e6
3.4220247070549848e6
3.4588987335973084e6
3.495959691677472e6
3.533207772335604e6
3.5706431651990055e6
3.608266054518333e6
3.6460766222399347e6
3.684075046939366e6
3.722261503146457e6
3.760636164576492e6
3.799199198266694e6
3.837950770207587e6
3.8768910434192144e6
3.916020177296031e6
3.9553383285435685e6
3.994845650770822e6
4.0345422947238204e6
4.074428408480462e6
4.1145041390630663e6
4.154769623285132e6
4.195225006862575e6
4.235870424460372e6
4.276706011606405e6
4.317731898990508e6
4.358948217387881e6