31999.07504327841
32094.02133306663
32347.39437385426
32759.691883366264
33331.718921649255
34064.58262872434
34959.684931455035
36018.71337697972
37243.6301856206
38636.65972056247
40200.27267100428
41937.17264203643
43850.27702880067
45942.69894399484
48217.72765509228
50678.80748280679
53329.517166258534
56173.54785401482
59214.67920756189
62456.75855350835
65903.67693612918
69559.34637252329
73427.67399635099
77512.55893371723
81817.8321045989
86347.2977703947
91104.57146743388
96093.31264301906
101316.96312204168
106778.83149305129
112482.09701800835
118429.75213667883
124624.61216477393
131069.29854504304
137766.23042101794
144717.6154718597
151925.44487133963
159391.48761200428
167117.28757093765
175104.16185581364
183353.20034642017
191865.26708736143
200641.00321994902
209680.83035438485
218984.9557840926
228553.3789876624
238385.8986138212
248482.12061687544
258841.46735215173
269463.1868900636
280346.36350409023
291489.9281793089
302892.66965864727
314553.24572216184
326470.1947945568
338641.94666464336
351066.8354386178
363743.1094603051
376668.9431970724
389842.4478429939
403261.6825484693
416924.66345408635
430829.3748507054
444973.77702227345
459355.8184912681
473973.43828407745
488824.57965126896
503907.1946749596
519219.25124041317
534758.7393676215
550523.6769197937
566512.114608933
582722.1411032464
599151.8847246515
615799.5217621555
632663.2746791106
649741.417621627
667032.2768908043
684534.2349840311
702245.7297016582
720165.2566162312
738291.3694971569
756622.6806059033
775157.8610905099
793895.6406505748
812834.8074964195
831974.2075957586
851312.7442820205
870849.3769234435
890583.121867694
910513.0435758743
930638.2682181154
950957.967785167
971471.3656327267
992177.7339862406
1.0130763921768272e6
1.0341667048850674e6
1.0554480809876549e6
1.0769199722337886e6
1.0985818684212286e6
1.120433302545068e6
1.142473842133813e6
1.1647030916949557e6
1.187120689653147e6
1.209726306988825e6
1.2325196468189603e6
1.2555004406773e6
1.2786684490906605e6
1.302023459100034e6
1.3255652832313234e6
1.349293758068712e6
1.373208742755136e6
1.3973101180379565e6
1.421597784738485e6
1.446071662790287e6
1.4707316900969488e6
1.4955778212590003e6
1.5206100268504045e6
1.5458282919451853e6
1.5712326155378318e6
1.5968230093979456e6
1.6225994977537543e6
1.6485621153029532e6
1.6747109073843393e6
1.7010459292471267e6
1.7275672446265595e6
1.7542749255506156e6
1.781169052713309e6
1.8082497100475098e6
1.835516992728976e6
1.8629709989904556e6
1.8906118324521407e6
1.9184396019982558e6
1.9464544205949137e6
1.974656405172283e6
2.0030456759951368e6
2.0316223567496252e6
2.0603865732826346e6
2.089338454199325e6
2.118478129961312e6
2.1478057328507183e6
2.1773213965760143e6
2.2070252559416825e6
2.236917447231873e6
2.266998106569332e6
2.2972673711954737e6
2.327725378418158e6
2.3583722659308054e6
2.3892081710372693e6
2.4202332309922525e6
2.4514475828228393e6
2.4828513629127946e6
2.5144447070333967e6
2.546227750342798e6
2.578200627101921e6
2.6103634706185013e6
2.6427164132763115e6
2.675259586318572e6
2.707993119868936e6
2.7409171427507508e6
2.7740317835550536e6
2.807337165387551e6
2.8408334166929596e6
2.874520659490283e6
2.9083990157656544e6
2.942468606130308e6
2.9767295495958515e6
3.0111819636538946e6
3.0458259641542407e6
3.080661665594759e6
3.115689180693658e6
3.1509086206387873e6
3.18632009523798e6
3.2219237120269784e6
3.2577195777823543e6
3.293707797237098e6
3.3298884735763096e6
3.366261708400954e6
3.402827601845152e6
3.4395862525672135e6
3.4765377570459708e6
3.5136822108556577e6
3.551019707847118e6
3.588550340298164e6
3.6262741990423934e6
3.6641913733279766e6
3.7023019506084626e6
3.7406060179560906e6
3.779103660038846e6
3.81779496030747e6
3.8566800008735615e6
3.895758862350661e6
3.935031624166152e6
3.9744983642987595e6
4.014159159396838e6
4.054014084892077e6
4.094063214574371e6
4.1343066216443875e6
4.174744377461759e6
4.2153765522451345e6