245934.97022106097
245918.2483251742
245873.9643775376
245802.9206379379
245706.4675081956
245586.44161958568
245445.1799683586
245285.5332576671
245110.82617888448
244924.86418351874
244731.95898793958
244536.81787919323
244344.66742391727
244161.1326159691
243992.300632031
243844.6311983278
243724.9901879853
243640.6453917541
243599.2041441502
243608.65452175104
243677.27916810475
243813.69610732945
244026.81138169882
244325.81685333245
244720.14758034598
245219.45181127294
245833.7227472065
246572.95808087726
247447.4563224102
248467.62191263272
249644.02704736416
250987.3367756263
252508.27002752264
254217.6599613499
256126.34796954034
258245.2130492826
260585.0985256689
263156.8277695714
265971.14914886083
269038.76549616305
272370.2072662636
275975.65568849316
279866.0873163362
284050.83057322184
288539.9548144448
293343.03470086487
298469.36835280486
303927.93921809184
309727.3986245364
315876.0330611957
322381.7353637878
329251.98750462796
336493.8206804062
344113.80667788873
352118.025742189
360512.0484186838
369300.9160104461
378489.1236256841
388080.6044038235
398078.71878325293
408486.24063613004
419305.35660429526
430537.6562767951
442184.1340846567
454245.19050956704
466720.63570229424
479609.7013494505
492911.04763443413
506622.78614461713
520742.48679232615
535267.2113147343
550193.5147357284
565517.5064618229
581234.8439658463
597340.7840185658
613830.1984337149
630697.6255352492
647937.2880883801
665543.1424005488
683508.9013353304
701828.0765620093
720494.0131729007
739499.9292606674
758838.9193828264
778504.0544929456
798488.3388018413
818784.780775795
839386.4267473933
860286.363927485
881477.7595450904
902953.8789866914
924708.1099923148
946733.9814727148
969025.1771783243
991575.5583456261
1.0143791636818361e6
1.0374302310662421e6
1.0607232017532897e6
1.0842527280675378e6
1.108013681284722e6
1.1320011575208278e6
1.1562104472467112e6
1.1806371082318714e6
1.2052768988494962e6
1.2301258012693392e6
1.2551800197792733e6
1.2804359769227924e6
1.3058903023270667e6
1.331539844188667e6
1.3573816419662195e6
1.3834129387103976e6
1.4096311696822327e6
1.4360339515998457e6
1.4626190818620655e6
1.489384515281757e6
1.5163283931911811e6
1.5434489922813019e6
1.5707447394770202e6
1.5982142109361445e6
1.6258561278447362e6
1.653669316099789e6
1.6816527462653727e6
1.7098054771154355e6
1.7381267019468583e6
1.766615696742658e6
1.7952718372567722e6
1.8240945912214238e6
1.8530835057610897e6
1.882238209641381e6
1.9115584015847845e6
1.9410438506164362e6
1.9706943863585056e6
2.00050990003035e6
2.0304903327046041e6
2.0606356863952922e6
2.0909459766385956e6
2.121421308113578e6
2.152061795644312e6
2.182867591995787e6
2.2138388861572607e6
2.2449758993467772e6
2.276278871337067e6
2.3077480740845054e6
2.339383798197017e6
2.3711863529404723e6
2.4031560681005353e6
2.435293285506188e6
2.4675983626304613e6
2.5000716684451783e6
2.5327135827154024e6
2.565524493304478e6
2.5985047964077527e6
2.6316548940925784e6
2.6649751938691847e6
2.69846610694791e6
2.7321280474345936e6
2.76596143236629e6
2.799966678981951e6
2.83414420588088e6
2.8684944318955103e6
2.9030177723539434e6
2.9377146447051796e6
2.9725854627209823e6
3.0076306371306553e6
3.0428505768557284e6
3.078245687068709e6
3.113816369274551e6
3.149563021016605e6
3.185486055794187e6
3.2215858026415845e6
3.257862705124353e6
3.2943171231107498e6
3.330949430249466e6
3.367759995711115e6
3.40474918303604e6
3.4419173503694767e6
3.4792648500142847e6
3.516792029246438e6
3.55449922941645e6
3.592386785990987e6
3.630455028696665e6
3.6687042819511597e6
3.707134863742365e6
3.7457470878197034e6
3.7845412755434797e6
3.823517683302605e6
3.8626766514863227e6
3.9020184561102525e6
3.9415433813584275e6
3.9812517065021233e6
4.0211437052241233e6
4.0612196455612876e6
4.10147979108295e6
4.141924399338231e6
4.1825537229239005e6
4.22336800940856e6
4.264367501476599e6
4.305552436991911e6
4.346923048308676e6
4.38847956369134e6