25703.87120594529
25811.286159018695
26097.836969073753
26563.82532725069
27209.738805430206
28036.24706411355
29044.19666102682
30234.604516680512
31608.65010724162
33167.66646346947
34913.130099250724
36846.649148470504
38969.954412493025
41284.88286441429
43793.3647875824
46497.41305629854
49399.10567101587
52500.57462684429
55803.984045263445
59311.529430394825
63025.408461201674
66947.81634732011
71080.92851498802
75426.88994081836
79987.79917703746
84765.69993904365
89762.56838453191
94980.30360547335
100420.71729933648
106085.52580963893
111976.34450065605
118094.6783527268
124441.91831612228
131019.33641718798
137828.08231451816
144869.18073610065
152143.5301444367
159651.901658535
167394.9395195196
175373.16198677573
183586.9631928936
192036.61547635566
200722.27257289295
209643.9731497215
218801.64532135386
228195.11099552579
237824.09108989406
247688.21082005414
257787.00541256194
268119.9259379926
278686.34530655644
289485.5643734755
300516.818091392
311779.2816416553
323272.0765552316
334994.2767194791
346944.91425039637
359122.9853548907
371527.4557144316
384157.2659800197
397011.3368720284
410088.5742208704
423387.87332797225
436908.1233825423
450648.21232665976
464607.02926077443
478783.4696045679
493176.4371034267
507784.847561475
522607.6314318118
537643.7363012675
552892.1290469632
568351.7980466763
584021.7546344895
599901.035161443
615988.7009562537
632283.8417853471
648785.5745414253
665493.045142523
682405.4287639073
699521.9303873443
716841.7848851499
734364.2574703721
752088.643483787
770014.2679981306
788140.4867125711
806466.6839407382
824992.274188184
843716.7002187433
862639.4331340023
881759.9717027114
901077.8419947539
920592.5964792282
940303.8130779866
960211.0952437266
980314.0704291892
1.0006123896701803e6
1.0211057268049902e6
1.0417937778223018e6
1.0626762594709122e6
1.0837529094044887e6
1.1050234844373907e6
1.126487761165225e6
1.1481455328926833e6
1.169996611152872e6
1.1920408237871942e6
1.214278014432095e6
1.236708041824141e6
1.2593307790844361e6
1.282146112893764e6
1.3051539630545666e6
1.3283541817787066e6
1.3517467527435077e6
1.3753315907118137e6
1.399108641197394e6
1.4230778593908588e6
1.4472392098459983e6
1.4715926660188762e6
1.496138209501962e6
1.5208758298186793e6
1.5458055236449083e6
1.5709272946306665e6
1.5962411527831692e6
1.6217471139993242e6
1.6474451998762314e6
1.673335437344977e6
1.6994178577740267e6
1.7256924973461549e6
1.7521593966140256e6
1.7788185985329268e6
1.8056701517771513e6
1.832714106791565e6
1.8599505173659306e6
1.88737944000756e6
1.9150009336609966e6
1.942815059560711e6
1.9708218809117933e6
1.9990214627901937e6
2.0274138720227715e6
2.0559991761546796e6
2.084777445018003e6
2.1137487490358017e6
2.1429131596034486e6
2.17227074894375e6
2.201821589906683e6
2.231565755991104e6
2.26150332103861e6
2.29163435925607e6
2.3219589450603314e6
2.352477152971134e6
2.383189057582846e6
2.414094733358663e6
2.4451942546920525e6
2.47648769605429e6
2.5079751305926247e6
2.5396566326583573e6
2.571532275223615e6
2.6036021310408134e6
2.635866272436417e6
2.668324771168104e6
2.700977698926536e6
2.7338251248139055e6
2.766867120730724e6
2.8001037544734734e6
2.8335350955138193e6
2.867161211576812e6
2.900982169815589e6
2.934998036655512e6
2.9692088777643153e6
3.0036147580377217e6
3.038215741564155e6
3.073011891685235e6
3.108003270758948e6
3.14318994049971e6
3.1785719617395666e6
3.214149394555721e6
3.2499222980358205e6
3.2858907306015887e6
3.32205474973329e6
3.3584144123665276e6
3.3949697738912464e6
3.4317208896523914e6
3.4686678137835595e6
3.505810599699468e6
3.5431493000081587e6
3.5806839664762453e6
3.6184146501136567e6
3.6563414011091148e6
3.6944642691785092e6
3.7327833020064016e6
3.771298548427681e6
3.8100100552065833e6
3.8489178687161426e6
3.888022034555388e6
3.9273225976055167e6
3.966819602086227e6
4.0065130912492643e6
4.0464031080196123e6
4.0864896943775876e6
4.126772891681599e6