23332.277643995112
23444.538232650593
23743.974968948853
24230.79222642712
24905.320162986634
25768.011961691176
26819.440058385208
28060.29139811259
29491.361798069152
31113.54943148116
32927.84757877683
34935.336326574994
37137.175072893355
39534.59333240508
42128.87848305541
44921.3704492091
47913.44895760807
51106.522691709746
54502.02432939451
58101.39370882662
61906.07297342553
65917.49540205066
70137.07691619766
74566.20482928722
79206.23514254123
84058.47937514528
89124.20021715699
94404.6044115106
99900.83761355653
105613.97838829692
111545.03431229097
117694.93812007572
124064.5447605298
130654.62888455833
137465.88320270972
144498.9174055329
151754.25771018327
159232.34678347383
166933.54558499085
174858.13193959717
183006.3048435694
191378.18516094662
199973.8183543685
208793.177181852
217836.16477124582
227102.61796289432
236592.31076565367
246304.9580316125
256240.21929395682
266397.70260579576
276776.96852866304
287377.5340759062
298198.87668580055
309240.4381376419
320501.62843601307
331981.82960139134
343680.3993584878
355596.6746976116
367729.9753348067
380079.6070114167
392644.8646416903
405425.0353666547
418419.4012352006
431627.24183927715
445047.83731403656
458680.4697338511
472524.42607120704
486578.99970387376
500843.4923743914
515317.2158890406
529999.4934276541
544889.6610242887
559987.0686002718
575291.0811726984
590801.0795433046
606516.4612881907
622436.64121061
638561.0520381718
654889.1447460564
671420.3890045101
688154.2731784618
705090.304762398
722228.0103082843
739566.9354029782
757106.6446775221
774846.7216231781
792786.7684314661
810926.4057617469
829265.272536143
847803.0254055208
866539.3387514206
885473.903947599
904606.4292520612
923936.6391973301
943464.274329543
963189.0903429193
983110.8582920374
1.0032293636671592e6
1.0235444055058596e6
1.0440557971267487e6
1.0647633644196e6
1.0856669461555309e6
1.1067663927818984e6
1.128061566697116e6
1.1495523413211335e6
1.171238600757948e6
1.1931202393304699e6
1.215197161026923e6
1.2374692792870784e6
1.2599365163119854e6
1.2825988028340372e6
1.3054560775622514e6
1.328508286868701e6
1.3517553845397355e6
1.3751973305311722e6
1.3988340928821738e6
1.4226656431066513e6
1.446691961624169e6
1.4709130322983745e6
1.4953288449403723e6
1.5199393937933315e6
1.5447446779642708e6
1.5697447007618768e6
1.5949394694431901e6
1.6203289951173116e6
1.6459132923534862e6
1.671692378967932e6
1.6976662758794585e6
1.7238350067380732e6
1.750198597884734e6
1.7767570780807592e6
1.8035104782840433e6
1.830458831519051e6
1.8576021727208032e6
1.884940538561657e6
1.9124739672438174e6
1.940202498449886e6
1.9681261731335048e6
1.99624503354965e6
2.0245591224718783e6
2.0530684844030412e6
2.0817731641279985e6
2.110673207322334e6
2.1397686602273094e6
2.169059569660514e6
2.1985459828632744e6
2.228227947467211e6
2.258105511361749e6
2.2881787226817952e6
2.318447629736602e6
2.3489122809242406e6
2.3795727246886306e6
2.410429009378429e6
2.4414811832799152e6
2.4727292948284005e6
2.504173392080286e6
2.535813522883683e6
2.5676497349201147e6
2.599682075622936e6
2.6319105920935892e6
2.6643353314596876e6
2.696956339234994e6
2.72977366245259e6
2.7627873465576344e6
2.7959974366901745e6
2.829403977805805e6
2.863007014315396e6
2.8968065901550837e6
2.9308027488184413e6
2.964995533353796e6
2.9993849861864173e6
3.0339711494028387e6
3.068754064478787e6
3.1037337724221665e6
3.1389103137111478e6
3.1742837283064118e6
3.209854055601717e6
3.2456213345473483e6
3.281585603501479e6
3.317746900521118e6
3.354105262546798e6
3.390660726532027e6
3.4274133287513154e6
3.4643631049460843e6
3.5015100903113345e6
3.538854319605207e6
3.576395826961873e6
3.6141346460654708e6
3.6520708100587046e6
3.69020435163806e6
3.728535302930657e6
3.767063695602957e6
3.805789560837988e6
3.844712929321076e6
3.883833831253808e6
3.9231522964237155e6
3.9626683539782967e6
4.002382032846408e6
4.0422933613341423e6
4.0824023673698055e6