30625.62666364289
30723.142923713604
30983.35626416924
31406.728479675847
31994.008509878127
32746.224382215296
33664.67749216118
34750.93404519954
36006.81426133479
37434.3803213073
39035.92264195156
40813.94305835749
42771.14143107542
44910.39566358121
47234.7435723153
49747.36339793347
52451.55337765862
55350.7108350316
58448.3116955233
61747.889735677556
65253.011470325815
68967.26300948384
72894.2096388681
77037.40799096854
81400.35624906508
85986.48761501879
90799.1512971101
95841.59332969536
101116.94308044508
106628.19289282002
112378.19127664168
118369.62443228299
124605.00904420557
131086.6799483279
137816.78422795166
144797.27271480497
152029.89587821037
159516.19994087706
167257.5242759367
175255.00060812352
183509.55361328035
192021.9025972066
200792.5642579641
209821.85727703728
219109.90689359946
228656.6514337718
238461.8491378752
248525.08596186293
258845.78399137274
269423.2104621789
280256.4872394279
291344.60064518405
302686.4115666897
314280.6657688555
326126.00429398497
338220.97387950413
350564.03707699466
363153.5833742179
375987.93743255857
389065.3705434167
402384.1094120377
415942.3452756412
429738.24179145566
443769.9446781255
458035.5903732158
472533.3088695227
487261.2357730982
502217.51621020504
517400.3108907801
532807.8017624633
548438.1969039787
564289.7348921797
580360.6889089409
596649.3700865997
613154.1308786278
629873.3673837112
646805.5219703036
663949.0845101045
681302.5952518496
698864.6446824097
716633.8750839516
734608.9812209539
752788.7119084843
771171.8629952079
789757.2916954898
808543.9020964899
827530.6509850821
846716.5493017085
866100.6505394086
885682.0689073212
905459.9595740428
925433.5279487381
945602.024755704
965964.7463913901
986521.0313729784
1.007270263411267e6
1.028211864874518e6
1.0493452984629641e6
1.0706700648457347e6
1.0921857016106946e6
1.1138917808595067e6
1.1357879081659154e6
1.1578737235603523e6
1.1801488959421e6
1.202613124295985e6
1.2252661358379554e6
1.2481076846604953e6
1.271137550284047e6
1.2943555363930766e6
1.3177614697821017e6
1.3413551989720757e6
1.3651365930415567e6
1.3891055405888492e6
1.4132619485919657e6
1.4376057411116012e6
1.4621368589173362e6
1.4868552576964577e6
1.511760907883403e6
1.5368537930437592e6
1.5621339094823624e6
1.5876012651887133e6
1.6132558795370646e6
1.6390977815641845e6
1.6651270099017795e6
1.6913436124580672e6
1.7177476457080806e6
1.7443391704918663e6
1.7711182597912769e6
1.7980849888517954e6
1.8252394413146507e6
1.8525817042670546e6
1.8801118700769795e6
1.9078300377171298e6
1.9357363068627557e6
1.9638307829517876e6
1.9921135740874023e6
2.0205847912907572e6
2.049244548201311e6
2.078092960600242e6
2.1071301462553404e6
2.136356224576345e6
2.165771316430431e6
2.1953755437520673e6
2.2251690298897484e6
2.2551518981221793e6
2.2853242751009976e6
2.3156862786417506e6
2.346238040328458e6
2.376979682742266e6
2.4079113306223955e6
2.4390331091502914e6
2.4703451394280205e6
2.501847548365025e6
2.5335404575860547e6
2.565423989576841e6
2.59749826571642e6
2.6297634070286467e6
2.6622195320742717e6
2.694866760634323e6
2.7277052099450356e6
2.760734997299892e6
2.7939562353912927e6
2.8273690409554746e6
2.8609735260566575e6
2.894769802014421e6
2.928757979127437e6
2.9629381662499434e6
2.9973104708645656e6
3.031874999132873e6
3.066631855716273e6
3.101581143917959e6
3.136722965605754e6
3.1720574213176337e6
3.2075846097148093e6
3.243304628686241e6
3.279217574240725e6
3.315323540935357e6
3.351622622235652e6
3.3881149098830037e6
3.42480049449166e6
3.461679464612481e6
3.498751908031311e6
3.536017910964234e6
3.573477558204379e6
3.611130933222008e6
3.648978118056126e6
3.687019193515501e6
3.7252542389118914e6
3.763683332468109e6
3.80230655095122e6
3.841123969959341e6
3.880135663643159e6
3.9193417051243996e6
3.958742166183452e6
3.998337116917571e6
4.0381266277792193e6
4.0781107661824906e6
4.1182895996563574e6
4.158663193881577e6
4.199231613707732e6