24336.877878801963
24447.106995759186
24741.14216964541
25219.230472369818
25881.77111195783
26729.312198151238
27762.546317779234
28982.30497086019
30389.551927017892
31985.375601973865
33770.98047865563
35747.67734004422
37916.87472386155
40280.06639047891
42838.82018257241
45594.76789114805
48549.593223975986
51705.01629281067
55062.78841032204
58624.67452602237
62392.44245900036
66367.85399735323
70552.64896542595
74948.54230428304
79557.20556610374
84380.26297946092
89419.28079015645
94675.75944587227
100151.1262437489
105846.72955934364
111763.83205675305
117903.60650702953
124267.13173686773
130855.38930277913
137669.2612038775
144709.52811132878
151976.86862205676
159471.85916601704
167194.9738068408
175146.58810573746
183326.97575603824
191736.31599101156
200374.69368358506
209242.10320201347
218338.45190172864
227663.56424298554
237217.18565126462
246998.9872403514
257008.5703383047
267245.471187247
277709.16584097425
288399.07502266567
299314.5690275255
310454.972591582
321819.5697189869
333407.60842898546
345218.3053035236
357250.850090861
369504.40992152836
381978.1335459772
394671.15527505137
407582.5988595438
420711.5808904143
434057.2141535437
447618.6113416819
461394.88701366587
475385.16136231215
489588.56180932745
504004.2259387304
518631.30339279823
533468.9577029203
548516.3680322485
563772.7307114054
579237.26056205
594909.1919794193
610787.7800671379
626872.3013087576
643162.0543886593
659656.3607181006
676354.564825102
693256.024587553
710360.161923043
727666.3619607878
745174.0738789502
762882.7605229971
780791.9083436301
798901.0265194915
817209.6480756394
835717.3282210606
854423.644144893
873328.1960308012
892430.6038019432
911730.5093097968
931227.5744233965
950921.4808104234
970811.9293012997
990898.639328217
1.0111813483251978e6
1.0316598113327343e6
1.0523337994362873e6
1.073203101105668e6
1.0942675193185941e6
1.1155268725299262e6
1.1369809933653884e6
1.1586297282795378e6
1.1804729368993598e6
1.2025104913986754e6
1.224742276011895e6
1.2471681864106634e6
1.2697881291954005e6
1.2926020214272197e6
1.3156097895047688e6
1.3388113710132886e6
1.3622067097470614e6
1.385795759780714e6
1.4095784826205894e6
1.4335548473025851e6
1.4577248300365508e6
1.4820884135418492e6
1.5066455872192073e6
1.5313963458609518e6
1.5563406889948433e6
1.58147862599682e6
1.6068101639150614e6
1.6323353192322182e6
1.658054111400328e6
1.6839665638216962e6
1.7100727036337997e6
1.7363725612849595e6
1.7628661704241678e6
1.7895535676230001e6
1.8164347921105565e6
1.8435098855986113e6
1.870778891996949e6
1.8982418573615842e6
1.925898829583067e6
1.953749858223769e6
1.9817949944281804e6
2.0100342908236722e6
2.038467800613508e6
2.067095579226187e6
2.0959176820806195e6
2.124934165866121e6
2.1541450878569856e6
2.1835505059535974e6
2.2131504785739304e6
2.242945064531447e6
2.2729343226772253e6
2.3031183130009877e6
2.3334970944963614e6
2.3640707268921854e6
2.394839269783793e6
2.4258027826624545e6
2.4569613250111314e6
2.488314956027341e6
2.5198637347929464e6
2.551607720061387e6
2.583546970283611e6
2.61568154360333e6
2.648011497676776e6
2.6805368902687496e6
2.7132577770115114e6
2.7461742154791905e6
2.779286261438022e6
2.8125939694463965e6
2.8460973950442933e6
2.879796592254873e6
2.9136916147209057e6
2.947782515513618e6
2.98206934734327e6
3.016552161328796e6
3.0512310094688465e6
3.0861059418984586e6
3.121177008795277e6
3.156444259297883e6
3.1919077421454126e6
3.227567505250912e6
3.263423596011783e6
3.2994760610574e6
3.335724946666388e6
3.372170297749251e6
3.4088121592509737e6
3.4456505752144847e6
3.482685589052979e6
3.5199172435350353e6
3.5573455807754584e6
3.5949706422784636e6
3.6327924688961124e6
3.670811100832101e6
3.709026577738744e6
3.747438938581424e6
3.7860482217440438e6
3.8248544650231553e6
3.863857705756735e6
3.9030579800720485e6
3.942455324509753e6
3.982049774219961e6
4.021841364223905e6
4.061830128796025e6
4.1020161017068857e6