41484.52424956646
41564.75910851426
41778.96074436931
42127.78788133347
42612.30686552639
43233.98586327373
43994.68688096554
44896.655655992596
45942.50947916476
47135.22301836044
48478.112222779484
49974.8166217586
51629.27889522709
53445.72445914583
55428.636590690236
57582.739720066194
59912.97140541606
62424.43781184833
65122.417347445706
68012.31330918625
71099.62922941742
74389.94376831566
77888.87674372178
81602.06448496372
85535.12657526613
89693.6415929455
94083.1168073756
98708.9615608516
103576.46154802735
108690.74784443047
114056.78465622169
119679.33418605805
125562.9402501347
131711.90873954532
138130.29006345719
144821.8594097645
151790.10595688137
159038.2188166891
166569.0778927618
174385.24417117707
182488.95431424043
190882.1182092822
199566.31452734725
208542.79159166364
217812.4748767283
227375.96140581692
237233.53449971843
247385.16796234128
257830.53631909477
268569.02572318865
279599.74661637715
290921.5470579333
302533.02764013375
314432.55701658013
326618.2879864718
339088.17465287715
351839.98952059716
364871.34080032713
378179.6902700525
391762.37079104036
405616.60353145405
419739.5144817997
434128.1521424068
448779.502429602
463690.5055825013
478858.0687332989
494279.082100525
509950.4308273189
525869.0077517058
542031.7259162571
558435.5269149657
575077.3917253151
591954.3505342522
609063.4893449091
626401.9573379348
643966.9730551206
661755.8302543932
679765.9017425154
697994.6431801011
716439.5985159151
735098.3987069826
753968.7665418314
773048.5160868539
792335.5572600608
811827.8883322313
831523.6043473283
851420.8916214514
871518.0281503592
891813.382528116
912305.4116312505
932992.6599834255
953873.7570616871
974947.4154412665
996212.4279013711
1.0176676660743013e6
1.0393120768091345e6
1.061144680631555e6
1.0831645673920414e6
1.105370896076457e6
1.1277628917979698e6
1.150339834843481e6
1.173101076141013e6
1.1960460161012567e6
1.2191741113944752e6
1.2424848706325283e6
1.265977850482253e6
1.2896526554256217e6
1.3135089345377418e6
1.3375463768393346e6
1.3617647123167722e6
1.3861637054251004e6
1.4107431651980542e6
1.435502919360166e6
1.4604428365491265e6
1.4855628117169682e6
1.5108627671360169e6
1.5363426507835486e6
1.5620024343598462e6
1.5878421116259561e6
1.6138616970868837e6
1.6400612241902857e6
1.6664407445188945e6
1.6930003258683085e6
1.7197400511495853e6
1.7466600174689994e6
1.7737603344131252e6
1.8010411241658856e6
1.8285025186492866e6
1.8561446603889691e6
1.8839677005004853e6
1.9119717978755694e6
1.9401571187187713e6
1.9685238367876124e6
1.9970721305314945e6
2.0258021839043456e6
2.054714185374697e6
2.0838083273228179e6
2.113084805748132e6
2.142543819294844e6
2.1721855688856775e6
2.2020102580277994e6
2.232018091239599e6
2.262209274785546e6
2.292584014752242e6
2.3231425191863645e6
2.353884995262828e6
2.3848116503950236e6
2.4159226918514133e6
2.447218323436206e6
2.4786987589184972e6
2.510364195123057e6
2.5422148383550625e6
2.5742508909231294e6
2.606472553780416e6
2.6388800257505453e6
2.6714735051633054e6
2.704253186021559e6
2.737219263418028e6
2.7703719285482364e6
2.8037113707531616e6
2.837237778932556e6
2.8709513332223175e6
2.904852221336801e6
2.9389406218563276e6
2.9732167126218877e6
3.0076806692122053e6
3.0423326647875616e6
3.07717286972348e6
3.11220145222733e6
3.147418577850782e6
3.1828244102155184e6
3.2184191079434003e6
3.254202831177074e6
3.2901757346348586e6
3.326337971439231e6
3.362689692124583e6
3.399231044850617e6
3.435962175094125e6
3.472883226268395e6
3.509994339192796e6
3.5472956520729954e6
3.584787301135576e6
3.6224694199239514e6
3.6603421399951777e6
3.698405590377972e6
3.7366598978554797e6
3.7751051873632544e6
3.8137415808324222e6
3.85256919895694e6
3.8915881597389434e6
3.930798579275831e6
3.970200571525126e6
4.0097942483189595e6
4.0495797196738287e6
4.0895570937385247e6
4.1297264763115556e6
4.170087971591322e6
4.210641682023445e6
4.251387707857503e6
4.2923261479349695e6