223726.384012572
223716.45512929396
223690.28183007654
223648.6937057997
223593.0305426831
223525.15049769107
223447.40640674962
223362.68756189302
223274.32361510512
223186.16255121626
223102.52662033704
223028.1949145014
222968.41251855926
222928.81800650049
222915.56473409076
222935.14176377526
222994.46141628444
223100.81321424816
223261.85551025323
223485.592982509
223780.33941135538
224154.74641877296
224617.72865058965
225178.490274127
225846.4765956945
226631.32240803144
227542.94992173102
228591.39871043584
229786.88835974247
231139.76852513355
232660.52566492854
234359.72174292465
236247.9743967015
238335.95561348187
240634.3459918197
243153.8312956646
245905.0408911482
248898.52727490105
252144.7884394843
255654.18048892537
259436.90120103792
263502.99509633344
267862.28543139965
272524.36761025933
277498.5700380794
282793.93771172606
288419.18934680894
294382.6948430897
300692.45450137585
307356.0593059514
314380.68134107604
321773.0356655244
329539.36278866447
337685.4066337561
346216.39472267893
355137.0198732051
364451.4250817265
374163.19066336425
384275.3235515097
394790.24648336426
405709.8031808428
417035.2409821474
428767.2271274212
440905.8425057926
453450.5970285317
466400.43406050705
479753.74874448084
493508.40302412986
507661.7465515275
522210.63627790974
537151.4658527905
552480.1922058518
568192.3585411567
584283.137911944
600747.3477401916
617579.5000420418
634773.8220308048
652324.3160046774
670224.7495369511
688468.734345262
707049.7387503033
725961.1234792169
745196.1753787631
764748.1479175701
784610.2685329858
804775.7946892977
825238.0105157879
845990.2881485161
867026.0794324992
888338.9473275384
909922.5879530631
931770.8434854806
953877.7188662281
976237.3931732685
998844.237235798
1.0216928112803369e6
1.0447778803244838e6
1.0680944150470488e6
1.0916376113260156e6
1.1154028608206573e6
1.139385785140102e6
1.1635822212161692e6
1.1879882122709039e6
1.212600031113267e6
1.2374141496966053e6
1.2624272504177163e6
1.2876362191815183e6
1.3130381310571362e6
1.3386302777116974e6
1.3644100990646787e6
1.3903752537074727e6
1.4165235450648828e6
1.4428529584341515e6
1.469361632925652e6
1.4960478631625902e6
1.5229100898332247e6
1.5499468968372669e6
1.5771569849440092e6
1.6045391964600356e6
1.63209248379208e6
1.6598159243738241e6
1.6877086866260222e6
1.7157700457335506e6
1.743999368549492e6
1.7723961168424233e6
1.8009598188082448e6
1.82969010131895e6
1.8585866391599458e6
1.8876491923045397e6
1.9168775841834082e6
1.9462716756141954e6
1.9758314071063416e6
2.0055567468530473e6
2.0354477378995894e6
2.0655044214267887e6
2.0957269186141153e6
2.126115357744748e6
2.156669928774503e6
2.1873908230230967e6
2.218278269040426e6
2.249332525135205e6
2.280553860962088e6
2.311942574267921e6
2.343498977587164e6
2.375223399288277e6
2.4071161818626174e6
2.4391776789694326e6
2.471408256992341e6
2.503808289338015e6
2.5363781589250136e6
2.5691182548204456e6
2.6020289686179385e6
2.635110700797979e6
2.6683638535750303e6
2.7017888301701853e6
2.735386036463472e6
2.7691558795049055e6
2.8030987656542463e6
2.83721510067172e6
2.871505281865971e6
2.9059697371756663e6
2.940608841335044e6
2.9754230058488906e6
3.0104126216518693e6
3.0455780823186003e6
3.0809197762235748e6
3.116438099408968e6
3.152133398172527e6
3.188006082099559e6
3.2240565109667345e6
3.2602850508142e6
3.2966920636518565e6
3.333277905039969e6
3.3700429260981064e6
3.406987472679387e6
3.4441118847452737e6
3.4814164970967025e6
3.51890163946936e6
3.5565676353141363e6
3.5944148032819545e6
3.6324434556299364e6
3.670653900175507e6
3.7090464371156367e6
3.747621364952497e6
3.7863789731088784e6
3.8253195470941756e6
3.864443364150664e6
3.9037507073775325e6
3.943241837655466e6
3.982917021932413e6
4.022776519292243e6
4.062820583265811e6
4.1030494631638015e6
4.143463402534525e6
4.184062640838896e6
4.224847411705892e6
4.265817945420317e6
4.306974465707274e6
4.348317193642465e6
4.389846344885706e6