20901.46321891735
21018.31873044779
21329.967977061802
21836.504870872566
22538.081045302184
23434.904478203265
24527.23761243855
25815.39499940539
27299.740497165316
28980.68406038529
30858.67816411896
32934.213733499135
35207.81661439633
37680.04247449208
40351.472330488876
43222.70792316075
46294.367664171994
49567.08179226245
53041.48425752541
56718.215399695095
60597.91045961928
64681.198719183245
68968.69864606665
73461.01373829662
78158.73014831664
83062.41075483922
88172.5958520539
93489.79738345841
99014.49803006498
104747.14868836888
110688.16721177626
116837.9364761748
123196.80381390249
129765.08001688303
136543.0390035131
143530.91740780463
150728.914991088
158137.19482219836
165755.88382518047
173585.07359517334
181624.8212552201
189875.1506975122
198336.05376510372
207007.4916547524
215889.39633681066
224981.672241703
234284.1977979474
243796.82713510384
253519.39180363313
263451.7025023749
273593.5508194863
283944.71095464553
294504.94142781483
305273.98675593996
316251.5790949662
327437.4398287204
338831.28114294604
350432.80736313644
362241.71665479906
374257.70209298655
386480.4530896402
398909.65656819666
411544.99813343486
424386.16309693636
437432.83747116616
450684.7089509615
464141.46766275
477802.80703140213
491668.4244259081
505738.0218731172
520011.3065639094
534487.9913836616
549167.7954085879
564050.4442878179
579135.6705637111
594423.2140127099
609912.8218457808
625604.2489493972
641497.2580495323
657591.6197927222
673887.1129149667
690383.5240841154
707080.6482872942
723978.2884835142
741076.2557168703
758374.3690468577
775872.4554817446
793570.3498425088
811467.8946664274
829564.9401022408
847861.3437686554
866356.9704970972
885051.6923228861
903945.3882161285
923037.9439224063
942329.2517708961
961819.2104704285
981507.7249719567
1.0013947062170592e6
1.0214800709504368e6
1.0417637414809368e6
1.0622456456045301e6
1.0829257162751812e6
1.1038038914669435e6
1.1248801139475023e6
1.1461543311323775e6
1.1676264948481645e6
1.1892965611196063e6
1.211164490145184e6
1.2332302458407043e6
1.2554937958522383e6
1.277955111568829e6
1.3006141673748638e6
1.323470941049973e6
1.346525413397504e6
1.3697775680655262e6
1.3932273914205497e6
1.416874872406446e6
1.4407200024966742e6
1.4647627753121282e6
1.489003186747649e6
1.5134412347418447e6
1.538076919132688e6
1.5629102415732217e6
1.5879412054880264e6
1.6131698157595287e6
1.63859607884993e6
1.6642200026328221e6
1.6900415962003365e6
1.7160608699023526e6
1.7422778352149273e6
1.7686925046271184e6
1.7953048916063001e6
1.822115010499089e6
1.8491228764783007e6
1.8763285054138817e6
1.9037319140469725e6
1.9313331194616847e6
1.9591321395576189e6
1.9871289924685403e6
2.0153236970677117e6
2.0437162726488856e6
2.0723067385971954e6
2.1010951148274303e6
2.1300814215010614e6
2.1592656789800003e6
2.1886479078974733e6
2.218228128986009e6
2.2480063631689735e6
2.277982631497005e6
2.3081569550226913e6
2.338529354930739e6
2.3690998523367485e6
2.399868468533307e6
2.4308352246489082e6
2.4620001418267055e6
2.4933632411537888e6
2.5249245436536926e6
2.556684070255035e6
2.588641841778342e6
2.62079787893131e6
2.6531522023364385e6
2.6857048323990135e6
2.7184557894855067e6
2.751405093601563e6
2.784552764815438e6
2.8178988228871985e6
2.8514432872359445e6
2.8851861776232948e6
2.919127513108847e6
2.9532673127127243e6
2.9876055953595485e6
3.022142379289643e6
3.0568776832541013e6
3.091811525311468e6
3.1269439233874353e6
3.1622748952249773e6
3.1978044583417103e6
3.233532630005464e6
3.2694594275355916e6
3.305584867284775e6
3.3419089661122346e6
3.378431740327619e6
3.4151532061505513e6
3.4520733795016566e6
3.4891922760532517e6
3.526509911319307e6
3.5640263005456617e6
3.6017414588625003e6
3.6396554008202665e6
3.6777681412879145e6
3.716079694559887e6
3.7545900748058716e6
3.7932992959788563e6
3.8322073718384895e6
3.871314315933491e6
3.9106201415493097e6
3.9501248618676187e6
3.9898284898001086e6
4.0297310380816283e6