95356.39054313069
95396.86870358302
95505.11596015346
95681.96418932505
95928.76220073644
96247.37070565339
96640.15585297236
97109.98549142916
97660.1920012862
98294.61636370362
99017.53677876119
99833.68953680061
100748.23069404013
101766.73608379398
102895.31063557544
104139.85817459901
105507.48729137698
107005.06081824063
108639.88328171638
110419.52346343652
112351.81410817202
114444.78741175943
116706.68213947071
119145.86870597897
121770.8669339235
124590.29021804553
127612.80857160845
130847.12213339069
134301.95405775227
137985.96017952822
141907.75349007716
146075.84262040793
150498.58288354264
155184.19427675428
160140.68804305696
165375.84010553366
170897.1726796615
176711.91156642558
182826.97308504133
189248.92216077674
195983.95428431945
203037.86991333874
210416.05142983605
218123.44581306935
226164.54451151678
234543.37143783958
243263.46627301018
252327.87977208177
261739.16221399233
271499.36284576735
281610.0272087874
292072.19942679774
302886.4273340359
314052.7691171259
325570.806061788
337439.6534943782
349657.97827867774
362224.01536612806
375135.59028795676
388390.1400768128
401984.7372550018
415916.1169284239
430180.7041616996
444774.62442110456
459693.77530353185
474933.8069720509
490490.1774366509
506358.1750125389
522532.9470517464
539009.5282334937
555782.8664527473
572847.8510479373
590199.3352864203
607832.1600926165
625741.1794101318
643921.277558552
662367.3898823699
681074.521245071
700037.7591532387
719252.3004286133
738713.4177811982
758416.5621745514
778357.2793460016
798531.26701886
818934.3699178828
839562.586112461
860412.0721321034
881479.1447151368
902760.2843665057
924252.133419722
945951.5010551356
967855.3552507273
989960.8300172738
1.0122652156922059e6
1.0347659604501928e6
1.0574606649695106e6
1.0803470802206683e6
1.1034231023641932e6
1.1266867689123994e6
1.150136253643699e6
1.1737698621069114e6
1.1975860271326976e6
1.2215833036003462e6
1.245760360283833e6
1.2701159815518372e6
1.294649055808448e6
1.319358572742201e6
1.3442436192347833e6
1.369303372837679e6
1.3945370978041207e6
1.419944141750058e6
1.4455239235275402e6
1.4712759433757681e6
1.4971997652398958e6
1.5232950148637132e6
1.5495613839219876e6
1.575998615830201e6
1.6026065087776042e6
1.62938490930798e6
1.6563337100034324e6
1.6834528455121326e6
1.7107422897769313e6
1.738202055991162e6
1.7658321854525744e6
1.7936327571501518e6
1.8216038722737497e6
1.849745664988216e6
1.878058273879937e6
1.9065419077928532e6
1.9351967349225823e6
1.9640229808510889e6
1.993020874877302e6
2.0221906619811603e6
2.0515326030383802e6
2.0810469668129038e6
2.110734035673226e6
2.1405941001494126e6
2.1706274600257645e6
2.200834418696111e6
2.2312152888286887e6
2.261770387100661e6
2.292500034373945e6
2.3234045551010733e6
2.354484275808594e6
2.3857395251634177e6
2.4171706336763715e6
2.44877793086011e6
2.480561749980629e6
2.5125224205554887e6
2.5446602726987274e6
2.5769756349497647e6
2.6094688345484454e6
2.6421401960498416e6
2.674990044248875e6
2.7080186987498556e6
2.741226477651014e6
2.7746136955974107e6
2.808180664619875e6
2.8419276923454655e6
2.8758550842171162e6
2.909963141211942e6
2.944252160741562e6
2.9787224362843875e6
3.013374257087187e6
3.0482079089013445e6
3.0832236725419057e6
3.1184218257092964e6
3.1538026409587217e6
3.189366386948528e6
3.2251133280945155e6
3.2610437233252022e6
3.2971578318256736e6
3.333455901870203e6
3.369938181499832e6
3.4066049140182673e6
3.443456338068436e6
3.4804926880365033e6
3.5177141944797444e6
3.555121083476271e6
3.5927135774959964e6
3.630491893103495e6
3.668456247455256e6
3.7066068474744437e6
3.7449439009545892e6
3.783467609484978e6
3.8221781718093073e6
3.8610757823340436e6
3.9001606323355203e6
3.939432909167558e6
3.9788927965693576e6
4.0185404747841824e6
4.0583761205145465e6
4.098399907206632e6
4.138612005118722e6
4.179012580197769e6
4.2196017967157485e6
4.260379814874758e6
4.301346791675495e6
4.342502881364968e6
4.383848235312396e6