50538.69703756989
50608.859232070885
50796.227902105515
51101.536711862165
51525.97382922677
52071.176187837555
52739.22160262347
53532.61869162682
54454.2954844069
55507.58493031748
56696.20704418473
58024.254564858566
59496.17047125861
61116.72822892689
62891.011339094664
64824.37570716039
66922.44412415271
69191.06890673112
71636.30284134895
74264.363280514
77081.62457499828
80094.56796584884
83309.75439808241
86733.79709592991
90373.32731913042
94234.95545731508
98325.28628860641
102650.79587442137
107217.88973519352
112032.82657511858
117101.7065483853
122430.43627592878
128024.70300013348
133889.95491874905
140031.3615265186
146453.8178785786
153161.90482583453
160159.87376096932
167451.63210505925
175040.73348739572
182930.36278298017
191123.32672519013
199622.04840856188
208428.56309960733
217544.51574863304
226971.1622080204
236709.37221233014
246759.63452860192
257122.06479430906
267796.414984997
278782.0851089129
290078.13658995496
301683.30745196866
313596.02882427874
325814.44274224143
338336.421086218
351159.585897046
364281.32835642074
377698.8327404722
391409.0934864179
405408.94052309444
419695.0585839278
434264.0079682175
449112.2473532462
464236.1509940069
479632.0301820146
495296.1510499617
511224.7529368607
527414.0645182899
543860.3202197325
560559.773999745
577508.7141867678
594703.4754209705
612140.4496739605
629816.096683683
647726.9532661224
665869.6413920424
684240.8746724138
702837.464611235
721656.3270052087
740694.4816980865
759949.0620811423
779417.3126350803
799096.5921561118
818984.3751434751
839078.2518873594
859375.9276734022
879875.2230294221
900574.0713424697
921470.5192342037
942562.7215509326
963848.9406546272
985327.5490714455
1.0069970131997138e6
1.0288559044929061e6
1.0509028840547404e6
1.0731367256948762e6
1.0955562633885902e6
1.1181604338653227e6
1.1409482624005e6
1.163918838001845e6
1.1870713352537688e6
1.2104049993173196e6
1.2339191432350408e6
1.2576131478967664e6
1.2814864518705122e6
1.3055385582334632e6
1.329769021707768e6
1.3541774525860557e6
1.3787635094519958e6
1.4035268986525876e6
1.4284673698093244e6
1.4535847164595036e6
1.478878767564171e6
1.5043493912131456e6
1.5299964885254356e6
1.555819992945053e6
1.5818198673365968e6
1.6079961023321485e6
1.6343487142676308e6
1.660877742776986e6
1.687583250260284e6
1.7144653190412086e6
1.7415240485727745e6
1.7687595609246204e6
1.7961719864348462e6
1.8237614765598015e6
1.8515281878760993e6
1.879472298787223e6
1.9075939918286726e6
1.9358934615651376e6
1.9643709106759555e6
1.9930265493294436e6
2.021860595716389e6
2.0508732733852298e6
2.080064809716562e6
2.1094354435921554e6
2.138985407713648e6
2.168714944719095e6
2.1986242975052358e6
2.228713713397934e6
2.258983439369824e6
2.2894337250000266e6
2.3200648196373787e6
2.350876973975387e6
2.3818704374623243e6
2.4130454609730076e6
2.444402293603928e6
2.475941184099531e6
2.5076623796914155e6
2.5395661268462716e6
2.5716526697415286e6
2.603922251261918e6
2.6363751121106287e6
2.669011491003579e6
2.701831624306196e6
2.7348357460960695e6
2.7680240876716203e6
2.8013968778150654e6
2.8349543430642085e6
2.868696708539693e6
2.90262418871392e6
2.9367370074555725e6
2.9710353774811616e6
3.0055195095996605e6
3.040189613659459e6
3.075045894492736e6
3.110088554697881e6
3.145317793472579e6
3.1807338080102014e6
3.2163367902632053e6
3.2521269312332924e6
3.2881044176055086e6
3.324269433756998e6
3.360622159483082e6
3.3971627736999835e6
3.433891450903179e6
3.4708083543479783e6
3.50791367845259e6
3.5452075639326386e6
3.5826901817329414e6
3.6203616921962015e6
3.6582222528195567e6
3.6962720179644506e6
3.734511139281963e6
3.7729397658701e6
3.8115580437614284e6
3.850366116912715e6
3.889364126256003e6
3.928552210229153e6
3.967930504820333e6
4.0074991434405306e6
4.047258256989455e6
4.087207974192366e6
4.127348421516834e6
4.1676797220780645e6
4.208201998187621e6
4.248915369226065e6
4.289819952179813e6
4.330915862110101e6