191611.2551232445
191611.92715372247
191613.88512804508
191618.40230968074
191626.37455825796
191639.84856826297
191661.1598716679
191693.33393944314
191739.6286317629
191803.826025672
191890.6560126552
192004.57441513732
192150.98448250847
192335.46245455733
192564.55471047768
192844.41540332555
193182.1177746796
193584.98849582594
194060.7005981698
194617.27929620116
195263.05254296146
196006.66027996855
196857.00580143652
197823.25851627075
198914.8215840565
200141.26428738536
201512.40825423072
203038.18945413645
204728.69583928442
206594.1018213042
208644.69398047993
210890.80618786244
213342.7842100437
216010.99336853574
218905.76194037727
222037.30306819742
225416.03733198644
229051.80435065643
232954.6259521504
237134.2631097083
241600.27826714292
246361.9983398367
251428.49231051412
256808.53165217207
262510.5750818299
268542.7250217822
274912.7202929661
281627.8742967341
288695.0982575965
296120.83616349066
303911.0603678799
312071.24870425696
320606.36448045855
329520.8404881101
338818.564889431
348502.86635781487
358576.52165876527
369041.7172300103
379900.0782080159
391152.652232251
402799.9176988284
414841.78857568547
427277.62272734416
440106.2379914592
453325.9238929682
466934.4645680337
480929.153542127
495306.82351610495
510063.8676027311
525196.2736876574
540699.6429634865
556569.2341851292
572799.9869255219
589386.5532229075
606323.3423254641
623604.5414457475
641224.1568560463
659176.0455873047
677453.9492351124
696051.5236085049
714962.3658437249
734180.0664814452
753698.1902387581
773510.3573380262
793610.2277131649
813991.5403992744
834648.1317849094
855573.9627816008
876763.1193492268
898209.8368817759
919908.5129281832
941853.7166882396
964040.2000026533
986462.9047577725
1.009116971973109e6
1.0319977328122437e6
1.055100733226842e6
1.0784217180817914e6
1.101956640035924e6
1.1257016560616537e6
1.1496531274275682e6
1.1738076168637876e6
1.1981618823180299e6
1.222712881182422e6
1.2474577564647445e6
1.272393825844129e6
1.2975186310087135e6
1.3228298175893254e6
1.3483252492482273e6
1.3740029307785418e6
1.3998610282552913e6
1.4258978554470302e6
1.4521118655768284e6
1.4785016451863346e6
1.5050659153885974e6
1.5318035130280117e6
1.5587133974759826e6
1.585794624965875e6
1.613046367190846e6
1.6404678875774115e6
1.668058549163722e6
1.6958177917969765e6
1.723745139764847e6
1.751840192226473e6
1.7801026202063865e6
1.8085321599573821e6
1.8371286173674278e6
1.865891806716803e6
1.8948217064056834e6
1.9239182204102732e6
1.95318136536843e6
1.982611184661749e6
2.0122077661674516e6
2.0419712193517445e6
2.0719016911688873e6
2.1019993728944776e6
2.1322644649003623e6
2.162697200867896e6
2.193297831064785e6
2.224066628807458e6
2.2550038858069144e6
2.2861099075769912e6
2.3173850224204706e6
2.348829550842124e6
2.380443843274759e6
2.4122282536448124e6
2.4441831522824923e6
2.476308892700388e6
2.508605857089635e6
2.5410744252349837e6
2.573714980523634e6
2.606527908741465e6
2.639513599367477e6
2.672672440163106e6
2.7060048221405293e6
2.739511134979151e6
2.7731917578162127e6
2.8070470981745627e6
2.841077532849743e6
2.875283445345796e6
2.9096652170393793e6
2.9442232265231665e6
2.9789578383756774e6
3.013869445050043e6
3.0489584033689275e6
3.084225077152529e6
3.1196698260823367e6
3.155293012213882e6
3.1910949609839534e6
3.2270760445071757e6
3.263236592578848e6
3.299576942104464e6
3.3360974228646588e6
3.3727983603288084e6
3.4096800751260426e6
3.4467428817976485e6
3.483987089810736e6
3.5214130041520605e6
3.5590209238843936e6
3.5968111428906894e6
3.6347839496928956e6
3.67293962793394e6
3.7112784557563914e6
3.7498007169632353e6
3.788506648627214e6
3.827396544797711e6
3.8664706522935703e6
3.9057292253285283e6
3.945172511615934e6
3.984800754366653e6
4.0246141926958105e6
4.064613059693914e6
4.104797585074216e6
4.145167993502996e6
4.185724505159404e6
4.226467335714454e6
4.267396696820088e6
4.308512795516723e6
4.349815834795438e6
4.391306013727792e6