21285.03428979229
21401.208268857255
21711.046695294495
22214.661426214632
22912.23308670921
23804.00945373571
24890.3032494931
26171.489373608892
27648.001610588286
29320.328855400607
31189.010905684176
33254.63366915159
35517.82500369287
37979.24869701649
40639.599206398874
43499.59615513676
46559.9796837281
49821.50408475378
53284.929416768246
56951.023198591065
60820.54838714743
64894.260260208466
69172.9025529166
73657.20142038462
78347.86268927384
83245.56594846521
88350.9625817259
93664.67167595169
99187.27743342044
104919.32639042895
110861.32584434768
117013.74146550796
123376.99657342746
129951.47086125451
136737.4999281847
143735.3747280877
150945.3419903984
158367.60440649983
166002.32118594472
173849.6089472424
181909.54285587597
190182.15789302444
198667.45032429442
207365.37925642263
216275.86854408978
225398.80847758503
234734.05782112546
244281.44579126843
254040.77410080115
264011.81903818704
274194.3335560052
284588.04934341426
295192.6788878517
306007.9174898646
317033.445260283
328268.9290505612
339714.02429138403
351368.37682555174
363231.6246131022
375303.39938106
387583.3281954739
400071.0349015689
412766.14158419677
425668.2698019723
438777.04180406994
452092.0817275384
465613.01653936086
479339.47704817983
493271.0987507
507407.5226549035
521748.3959573571
536293.3726644353
551042.1141777155
565994.2898106134
581149.5771662784
596507.6625472584
612068.2412972525
627831.0176755677
643795.7059090191
659962.0293943931
676329.7214941074
692898.5251050664
709668.1930583667
726638.4879429913
743809.1820991177
761180.0575270688
778750.9058526589
796521.5281376749
814491.7347858946
832661.3453830736
851030.1885511867
869598.1016853141
888364.9306881247
907330.5301341367
926494.7625864482
945857.4986193412
965418.6165091959
985178.002068429
1.0051355483506492e6
1.02529115534744e6
1.0456447300183219e6
1.066196185571159e6
1.086945441685973e6
1.1078924240313189e6
1.1290370640653088e6
1.1503792988417922e6
1.1719190707344408e6
1.1936563271725918e6
1.2155910206158482e6
1.2377231080016347e6
1.2600525508299016e6
1.2825793148085023e6
1.305303369683416e6
1.3282246890093267e6
1.3513432500337851e6
1.3746590334263348e6
1.398172023122605e6
1.4218822061552044e6
1.4457895725906005e6
1.46989411507035e6
1.4941958289717531e6
1.5186947121105182e6
1.5433907645847804e6
1.5682839886689868e6
1.5933743887550067e6
1.6186619709803204e6
1.6441467433677646e6
1.6698287156324717e6
1.6957078989437115e6
1.7217843059718548e6
1.748057950729663e6
1.7745288484440343e6
1.8011970154884995e6
1.8280624691109404e6
1.8551252283362905e6
1.8823853118452656e6
1.9098427399533386e6
1.9374975335307908e6
1.9653497141634775e6
1.9933993035756014e6
2.0216463252537288e6
2.050090801797201e6
2.07873275667607e6
2.1075722141920496e6
2.136609198540291e6
2.1658437342989333e6
2.1952758463026173e6
2.224905559555573e6
2.2547328992472207e6
2.2847578906934136e6
2.3149805592514295e6
2.345400930459544e6
2.3760190297186854e6
2.4068348825784903e6
2.437848514457815e6
2.469059950792949e6
2.500469216919574e6
2.5320763380991803e6
2.56388133947307e6
2.5958842460475178e6
2.6280850826880354e6
2.6604838741542455e6
2.6930806449407036e6
2.725875419474999e6
2.758868221784135e6
2.7920590757686244e6
2.825448005119177e6
2.859035034151514e6
2.8928201852031946e6
2.926803481633765e6
2.9609849462416167e6
2.9953646015635827e6
3.0299424698959948e6
3.0647185732680755e6
3.0996929332811953e6
3.134865571942698e6
3.1702365099753393e6
3.205805768525199e6
3.24157336828408e6
3.277539329904762e6
3.3137036730874535e6
3.350066417962988e6
3.3866275840436863e6
3.423387190741863e6
3.4603452570942882e6
3.497501801888694e6
3.53485684364996e6
3.5724104006173117e6
3.610162490774311e6
3.64811313188445e6
3.686262341361994e6
3.724610136420043e6
3.7631565339992456e6
3.801901550785061e6
3.840845203208739e6
3.879987507477764e6
3.9193284794680197e6
3.9588681349319853e6
3.9986064892937336e6
4.0385435577716893e6