280443.4976906051
280416.9700754264
280346.5246551201
280232.97879675636
280077.6430467247
279882.32275829534
279649.3420083956
279381.50612115616
279082.08942211163
278754.89807000745
278404.04293353215
278034.36846468446
277650.90936915716
277259.25620625867
276865.44718264637
276475.83859382407
276097.24211161444
275736.8419831444
275402.18293563044
275101.1763675456
274842.0401505686
274633.32694784785
274483.8871294722
274402.8629110734
274399.65223931475
274483.9041041803
274665.4976205219
274954.5534626412
275361.2703819119
275896.16760870244
276569.8451807281
277393.04392522224
278376.5991453255
279531.4659021415
280868.6455354034
282399.2207317855
284134.28698053944
286084.9119347994
288262.1841419628
290677.13663213723
293340.73077859764
296263.8477893651
299457.23585384304
302931.5130197202
306697.1256107874
310764.3146059343
315143.12003985373
319843.29738666257
324874.3922680302
330245.5600478578
335965.6755270945
342043.24941031216
348486.3949102999
355302.8307056688
362499.8172805117
370084.1664918753
378062.20102795155
386439.7368659151
395222.0615268749
404413.91704740014
414019.4802659481
424042.3550335715
434485.55445147504
445351.4932163721
456641.9828892591
468358.22699831554
480500.83305568935
493069.7833741626
506064.4801170309
519483.7289536728
533325.7240791464
547588.2653979197
562268.3560192971
577362.6758725832
592867.3268966018
608777.9745129942
625089.8344837233
641797.7369706815
658896.1111928537
676379.0655387004
694240.4043120309
712473.6641268418
731072.1513143748
750028.9794377445
769337.1053259902
788989.3608329189
808978.4904811325
829297.1947228108
849938.1440923725
870894.0331911023
892157.5814142071
913721.5678024993
935578.8751024181
957722.503042426
980145.5817457098
1.0028413937887906e6
1.0258033963086864e6
1.0490252315489908e6
1.0725007383877812e6
1.0962239663971637e6
1.1201891804550556e6
1.144390876343134e6
1.1688237682020897e6
1.1934828059357712e6
1.2183631745213722e6
1.243460304097577e6
1.2687698453680063e6
1.2942876918089264e6
1.3200099647591095e6
1.3459330012734819e6
1.3720533702553785e6
1.3983678575546201e6
1.4248734542616815e6
1.45156735761821e6
1.4784469602608639e6
1.5055098584541017e6
1.5327538020181814e6
1.560176737037757e6
1.5877767889316783e6
1.6155522247172007e6
1.6435014703464508e6
1.6716230971054207e6
1.6999158138266162e6
1.7283784621339375e6
1.7570100072669159e6
1.7858095295578155e6
1.8147762227106942e6
1.8439093812113486e6
1.8732083913613013e6
1.9026727413017813e6
1.9323019975060069e6
1.962095807985149e6
1.992053888551926e6
2.0221760342791553e6
2.0524620959947566e6
2.0829119855777845e6
2.1135256710613733e6
2.144303167451079e6
2.1752445411932846e6
2.206349894475118e6
2.2376193731188187e6
2.2690531681459346e6
2.300651478171784e6
2.3324145519512743e6
2.36434265822753e6
2.396436091763649e6
2.428695165977543e6
2.461120215400446e6
2.493711592078142e6
2.5264696624136204e6
2.559394805939189e6
2.592487414918231e6
2.6257478908089157e6
2.659176643517856e6
2.6927740906216903e6
2.726540654679984e6
2.7604767624574867e6
2.7945828492751014e6
2.828859345073873e6
2.8633066865367824e6
2.897925310471862e6
2.932715654436443e6
2.967678150601185e6
3.0028132369696386e6
3.038121342188915e6
3.0736029045912325e6
3.1092583434108444e6
3.1450880854995763e6
3.181092551113925e6
3.217272156151438e6
3.2536273126822105e6
3.2901584273471e6
3.326865902831562e6
3.363750136008437e6
3.4008115188040915e6
3.438050437834619e6
3.4754672731825793e6
3.513062400301851e6
3.5508361882877494e6
3.5887890005938592e6
3.6269212042169482e6
3.665233121011151e6
3.7037251255731527e6
3.742397548813089e6
3.7812507224250026e6
3.820284975044518e6
3.859500626546991e6
3.898897993572972e6
3.938477385098054e6
3.978239101903268e6
4.0181834501619674e6
4.0583107131292075e6
4.0986211798614794e6
4.1391151310248487e6
4.1797928414692366e6
4.220654580591299e6
4.261700612545283e6
4.302931195521369e6
4.344346583110892e6
4.385947023539501e6