160942.74734727212
160954.55810741807
160986.36266791017
161039.00320178556
161113.83319838386
161212.77588890115
161338.19668339175
161493.74155131466
161680.62154418853
161904.93573335023
162170.3235833519
162481.62717146252
162844.12260499888
163263.55093949707
163746.08416207705
164298.30117573187
164927.08066852193
165639.76437013055
166444.0106580609
167347.80552304944
168359.4347441973
169487.46979674383
170740.75110975676
172128.32927713334
173659.4788865063
175343.64938088018
177190.4566282248
179209.61035147263
181411.05826536316
183804.59940415906
186400.2402102371
189207.95562049677
192237.73642782052
195499.4157611879
199002.9256697388
202757.97162743297
206774.16770135675
211060.9398982246
215627.53340591694
220482.95675333345
225635.95458415156
231095.01502369967
236868.25857195148
242963.49535157374
249388.14492329437
256149.23548821855
263253.3665457021
270706.68636935257
278514.8745639966
286683.11978589563
295216.10273323825
304117.98070672207
313392.3752547543
323042.36198500264
333070.46360406786
343478.64570420055
354268.3146520671
365440.32372232986
376994.97045512515
388932.0113728154
401250.6723589272
413949.6573226315
427027.17497973685
440480.94922713767
454308.2443524051
468505.89249801525
483070.31420102116
497997.5537756499
513283.3006916347
528922.9274610903
544911.5202619134
561243.9052991484
577914.6896936961
594918.2863783096
612248.9555892993
629900.8227323305
647867.9266587705
666144.2353416728
684723.6819027523
703600.1899656688
722767.6983015763
742220.1853411548
761951.6984201686
781956.3585338597
802228.4028838815
822762.1597852858
843552.124858703
864592.9269342549
885879.3518610613
907406.3515068996
929169.0614630575
951162.7939193989
973383.051124417
995825.5257359692
1.0184861022894902e6
1.0413608665609111e6
1.0644460893954716e6
1.0877382398652902e6
1.1112339744580842e6
1.1349301453093262e6
1.158823783631221e6
1.1829121056093e6
1.2071924962864981e6
1.2316625236461128e6
1.2563199144601864e6
1.2811625584925434e6
1.306188498125694e6
1.3313959317370255e6
1.3567831913678134e6
1.382348749046496e6
1.4080912099290574e6
1.434009300783692e6
1.4601018686244194e6
1.4863678725950574e6
1.5128063747275327e6
1.5394165470847022e6
1.5661976305768532e6
1.5931489970411863e6
1.6202700656188158e6
1.6475603524097386e6
1.6750194437871538e6
1.7026469968851707e6
1.7304427305312376e6
1.7584064251606038e6
1.7865379171880337e6
1.8148370954561904e6
1.8433038961262933e6
1.8719383029885904e6
1.9007403373660233e6
1.9297100610597522e6
1.958847570757863e6
1.988152990324897e6
2.0176264919876868e6
2.04726824024979e6
2.0770784576437776e6
2.1070573714321093e6
2.1372052340980656e6
2.167522313002816e6
2.198008896399038e6
2.2286652839704445e6
2.2594917869053967e6
2.2904887298549265e6
2.3216564463017057e6
2.3529952794518177e6
2.3845055788516747e6
2.4161877005708152e6
2.448042004832163e6
2.4800688587776497e6
2.512268628974896e6
2.5446416870330153e6
2.577188405512058e6
2.609909157511336e6
2.642804317261571e6
2.675874257860459e6
2.7091193521733955e6
2.742539971145919e6
2.776136484701643e6
2.8099092597470405e6
2.8438586612312556e6
2.877985050879083e6
2.91228878730173e6
2.9467702257504314e6
2.98142971571777e6
3.016267608554254e6
3.0512842472259114e6
3.0864799671186125e6
3.1218551054171654e6
3.1574100006798864e6
3.193144961131885e6
3.2290603157575424e6
3.2651563808374135e6
3.3014334671729407e6
3.3378918809945974e6
3.3745319342658375e6
3.4113539018359617e6
3.4483580854063686e6
3.485544771138784e6
3.522914240406128e6
3.5604667697361032e6
3.598202630307905e6
3.6361220882867705e6
3.6742254055883056e6
3.71251284513765e6
3.750984640019303e6
3.7896410562514216e6
3.8284823304322604e6
3.8675086994622797e6
3.906720397701417e6
3.9461176366467867e6
3.9857006766443998e6
4.025469716361651e6
4.0654249732932635e6
4.105566659374835e6
4.145894981509323e6
4.1864101429494554e6
4.227112342601097e6
4.268001775556041e6
4.3090786330587445e6
4.350343087773188e6
4.391795352630319e6