316386.73899465206
316350.85260587884
316255.40624676424
316101.2122565836
315889.5930170679
315622.302370809
315301.6178442064
314930.32723760616
314511.6584591863
314049.3299635269
313547.46020632726
313010.77352736145
312444.2411249911
311853.39427798137
311244.17056887073
310622.8558852568
309996.2207162427
309371.2288895369
308755.42725392664
308156.6510953341
307583.0163188523
307043.02063511626
306545.3432845231
306099.1007032371
305713.56858329906
305398.4210800753
305163.3930019705
305018.5533990123
304974.1391004975
305040.5673853494
305228.46106427093
305548.5840453289
306011.7605472036
306629.0343796364
307411.4738585048
308370.2682867275
309516.63204786426
310861.82260270417
312417.11923017376
314193.80003098864
316203.1047127249
318456.2388963656
320964.32426035893
323738.3977856458
326789.3718507063
330128.01937720703
333764.95016990416
337710.5575620056
341975.0853344712
346568.43732716574
351500.30475167406
356780.07308499515
362416.79523099016
368419.17564788845
374795.54112765705
381553.8109070142
388701.4765909803
396245.5725838409
404192.6544965849
412548.77577607345
421319.4640588133
430509.70662536996
440123.9272700271
450165.97253571544
460639.09714642237
471545.96278343326
482888.59873773495
494668.4459342115
506886.3121522708
519542.39161347295
532636.265868312
546166.9126368217
560132.7111478781
574531.4732978933
589360.4298213588
604616.2779840047
620295.195169081
636392.8638891763
652904.5003768785
669824.8893933714
687148.411813789
704869.072134099
722980.556637785
741476.2489705341
760349.2744527719
779592.5319214831
799198.7370064771
819160.481062167
839470.2118684843
860120.3187582856
881103.1596203728
902411.0648082183
924036.383541606
945971.5492915111
968209.0577812046
990741.5038618799
1.0135616190822526e6
1.036662285096882e6
1.0600365439136734e6
1.083677635717624e6
1.1075789899161572e6
1.1317342544323802e6
1.1561372859107996e6
1.1807821918802136e6
1.2056633087827542e6
1.2307752057181308e6
1.2561126988310344e6
1.2816708631741311e6
1.30744501267338e6
1.3334306937535973e6
1.3596237142069074e6
1.3860201112113e6
1.4126161585563878e6
1.4394083581807693e6
1.4663934386367344e6
1.4935683567107092e6
1.5209302430567807e6
1.5484764777672812e6
1.57620461408091e6
1.6041123960302675e6
1.632197755014723e6
1.6604587877127272e6
1.6888937547761707e6
1.7175010840233346e6
1.7462793453118429e6
1.7752272520757501e6
1.8043436508582574e6
1.8336275150341685e6
1.8630779371511396e6
1.8926941274082004e6
1.9224753967834103e6
1.9524211356393099e6
1.9825308632672047e6
2.0128041675796665e6
2.0432407133236236e6
2.073840243696055e6
2.1046025737845325e6
2.1355275769268926e6
2.1666151935078716e6
2.197865412481932e6
2.229278283686511e6
2.2608538888094435e6
2.2925923630270325e6
2.3244938772858754e6
2.356558639303553e6
2.3887868886872707e6
2.4211788925749613e6
2.453734946425623e6
2.486455370011703e6
2.5193405026640925e6
2.5523907052458194e6
2.5856063528045304e6
2.618987836377986e6
2.652535556801468e6
2.686249940526904e6
2.720131399921783e6
2.7541803719386044e6
2.788397298649738e6
2.822782623000686e6
2.857336793306309e6
2.892060262227731e6
2.926953486735902e6
2.9620169154165625e6
2.997251010611146e6
3.0326562261232575e6
3.068233015574201e6
3.1039818319825013e6
3.139903124843789e6
3.175997342011838e6
3.212264925000679e6
3.248706319617147e6
3.285321956616123e6
3.322112268648479e6
3.359077682474898e6
3.3962186198010524e6
3.433535496674129e6
3.4710287236240814e6
3.5086987056782823e6
3.5465458358149044e6
3.5845705255075023e6
3.6227731432282375e6
3.6611540734695783e6
3.6997136971521173e6
3.7384523777355636e6
3.7773704776724437e6
3.8164683535105083e6
3.8557463568426203e6
3.895204820909268e6
3.93484409308597e6
3.9746644999785563e6
4.0146663657397144e6
4.054850008130569e6
4.09521573848568e6
4.135763863187236e6
4.176494678963177e6
4.217408486628907e6
4.258505566805386e6
4.299786203523828e6
4.341250672956265e6
4.382899245824665e6