122366.70887389261
122394.35167694895
122468.37517537322
122589.62194269383
122759.4551130663
122979.76417355792
123252.9432134949
123581.8962101317
123970.02285424789
124421.19536105107
124939.79012744938
125530.61442838778
126198.91695221124
126950.40609091404
127791.16134391783
128727.67847784882
129766.79807408451
130915.73603438592
132182.02088017215
133573.47337075003
135098.19709139096
136764.554869378
138581.12534769764
140556.67801319307
142700.1579864761
145020.64739599638
147527.34050749545
150229.50063264463
153136.44835254416
156257.52239054663
159602.00215577433
163179.25011349673
166998.37565931404
171068.47184456664
175398.49205419509
179997.1834800428
184873.10316539666
190034.56084251503
195489.5922957922
201245.9406255451
207311.01756666333
213691.87884682865
220395.19361723855
227427.22581070918
234793.8095810265
242500.3146923894
250551.65912953985
258952.25812628263
267706.02946722385
276816.3768054323
286286.18134631484
296117.79605345445
306313.04275938816
316873.21247020416
327799.0681195537
339090.85182897537
350748.2929878575
362770.6206879794
375156.5789477931
387904.4437095143
401012.04508641275
414476.78433328174
428295.6644770959
442465.310379844
456982.0024854091
471841.6996320422
487040.0722555493
502572.5321134366
518434.2619871163
534620.2453519875
551125.3047628975
567944.1122356523
585071.260411833
602501.226830377
620228.4617956079
638247.3827564919
656552.4084462048
675137.9802865615
693998.5846710971
713128.7717980111
732523.1765547142
752176.531900462
772083.6859823291
792239.6155217111
812639.4357100173
833278.4108409234
854151.9625337477
875255.6753043213
896585.3064105656
918136.781844584
939906.2083735422
961889.8645895462
984084.2170685477
1.0064858946445086e6
1.0290917190472018e6
1.0518986771095109e6
1.0749039291846328e6
1.0981048053503677e6
1.1214987934550557e6
1.145083564533499e6
1.168856911302958e6
1.1928168003638368e6
1.216961339065168e6
1.2412887695916751e6
1.265797476222449e6
1.29048597000049e6
1.3153528819780983e6
1.3403969644695127e6
1.3656170816271645e6
1.3910122027791995e6
1.4165814009295874e6
1.442323844487533e6
1.4682387909264364e6
1.4943255862981193e6
1.520583654322439e6
1.547012495847303e6
1.5736116815342403e6
1.6003808538569305e6
1.6273197120986802e6
1.6544280138358064e6
1.681705575249925e6
1.70915226264475e6
1.7367679859070717e6
1.7645527025729918e6
1.7925064073641212e6
1.8206291833940314e6
1.8489209512565113e6
1.8773819585705488e6
1.9060122835306576e6
1.9348120848439385e6
1.9637815391845854e6
1.992920851353265e6
2.0222302376460682e6
2.0517099441432524e6
2.0813602253281577e6
2.111181352557045e6
2.14117361029807e6
2.171337294268548e6
2.2016727105699554e6
2.2321801746937167e6
2.262860009303194e6
2.2937125440174625e6
2.3247381143498565e6
2.355937059193126e6
2.3873097224502144e6
2.418856451040037e6
2.45057759290266e6
2.4824735008477615e6
2.5145445219348995e6
2.5467910102454545e6
2.5792133159233313e6
2.6118117893032366e6
2.6445867794566657e6
2.6775386335162735e6
2.7106676969754393e6
2.7439743130760565e6
2.777458821643703e6
2.811121560256436e6
2.844962863174996e6
2.8789830609139176e6
2.913182480992902e6
2.947561445982764e6
2.982120275737715e6
3.0168592856652704e6
3.051778786802052e6
3.0868790854405505e6
3.122160484812624e6
3.157623282421651e6
3.193267771915598e6
3.2290942418299066e6
3.2651029769303063e6
3.301294256910503e6
3.3376683569520395e6
3.3742255473807245e6
3.4109660943456534e6
3.4478902590999547e6
3.4849982982495227e6
3.5222904643618152e6
3.5597670046517807e6
3.597428162839868e6
3.6352741770646935e6
3.673305283849487e6
3.711521707540408e6
3.749923679713726e6
3.788511419180087e6
3.8272851440224694e6
3.866245066303757e6
3.905391395768798e6
3.9447243371230103e6
3.9842440912725246e6
4.023950855577782e6
4.0638448229276333e6
4.1039261831423063e6
4.1441951217633914e6
4.1846518210369833e6
4.225296459508739e6
4.266129212054065e6
4.307150250508959e6
4.348359743019593e6
4.3897578545015445e6