21403.111250719103
21519.07144996368
21828.34181750561
22331.03970489704
23027.354614772103
23917.546512606088
25001.943521412668
26280.939029829136
27754.98825144937
29424.60427994937
31290.353690394506
33352.85152816461
35612.75695803508
38070.76696471275
40727.61085376239
43584.04448017798
46640.845390343005
49898.80575571472
53358.72553744718
57021.41035854611
60887.66280339485
64958.277281378076
69234.03584572894
73715.70290118261
78404.02127417397
83299.70641242486
88403.44443119894
93715.8875701974
99237.6515745298
104969.31271644827
110911.40623216776
117064.42349267524
123428.81166282008
130004.97198194556
136793.25940561743
143793.9819724895
151007.40126228068
158433.732503891
166073.14499217822
173925.76405496665
181991.67011042312
190270.9020696756
198763.45787134368
207469.2962858522
216388.33891566857
225520.47196343908
234865.54837073566
244423.38989356154
254193.78924754524
264176.5122973563
274371.30024881783
284777.87183164124
295395.9254946549
306225.1414008293
317265.18378256727
328515.70273844845
339976.33626690577
351646.71220719616
363526.4500204634
375615.16253817757
387912.4576058091
400417.939653891
413131.2111585934
426051.8740194597
439179.5308104637
452513.78604961565
466054.24721460906
479800.5257716932
493752.2381128891
507909.0064028518
522270.4593076025
536836.2326434801
551605.9700040836
566579.3232943835
581755.9531545234
597135.5293676701
612717.7311517671
628502.2474639686
644488.777222895
660677.0293622625
677066.7232298993
693657.5881851505
710449.3640991867
727441.8010907997
744634.6595617952
762027.7100895898
779620.7333928146
797413.5201317364
815405.8708089048
833597.5956006597
851988.5142032793
870578.4555030502
889367.2575585122
908354.7672490284
927540.8400785438
946925.33746356
966508.1388273919
986289.116690741
1.0062681610777355e6
1.026445166895611e6
1.0468200363242633e6
1.0673926781597082e6
1.0881630080060104e6
1.1091309477709131e6
1.1302964254563495e6
1.151659374955707e6
1.1732197357589346e6
1.1949774526796718e6
1.2169324758223896e6
1.239084760006083e6
1.2614342648477552e6
1.283980954391829e6
1.3067247969305739e6
1.3296657647621061e6
1.3528038340679104e6
1.3761389845531639e6
1.3996711996583694e6
1.423400465627251e6
1.4473267721948528e6
1.4714501117266058e6
1.4957704794631214e6
1.5202878732061952e6
1.5450022931625082e6
1.5699137418127703e6
1.5950222238701412e6
1.6203277458791612e6
1.6458303163631556e6
1.6715299456247028e6
1.6974266454839848e6
1.7235204293496676e6
1.749811312029162e6
1.7762993096067526e6
1.802984439368423e6
1.8298667195162477e6
1.8569461701202795e6
1.884222810881012e6
1.911696663217649e6
1.939367749129013e6
1.9672360913627895e6
1.9953017128107187e6
2.0235646382095714e6
2.0520248912519983e6
2.080682497002817e6
2.10953748070033e6
2.1385898679351048e6
2.1678396845816774e6
2.1972869567802227e6
2.226931710847246e6
2.2567739732919936e6
2.2868137707529077e6
2.3170511299102907e6
2.3474860776326545e6
2.3781186405747146e6
2.4089488458132297e6
2.4399767198832007e6
2.471202289604168e6
2.5026255816213335e6
2.5342466224984983e6
2.5660654386746665e6
2.598082056440833e6
2.6302965019416637e6
2.662708801206172e6
2.6953189799862565e6
2.7281270639574844e6
2.7611330782159516e6
2.7943370483731814e6
2.8277389988372773e6
2.8613389553294634e6
2.895136941322458e6
2.9291329813651815e6
2.9633270994153647e6
2.997719319153632e6
3.0323096640078155e6
3.0670981571990736e6
3.102084821195013e6
3.1372696793490173e6
3.1726527533492465e6
3.2082340654122224e6
3.2440136372738453e6
3.2799914906181227e6
3.316167646159102e6
3.352542125030902e6
3.3891149477284187e6
3.4258861346391803e6
3.462855705756707e6
3.500023680687341e6
3.5373900792571474e6
3.574954920254091e6
3.612718222677719e6
3.6506800051873177e6
3.6888402860651044e6
3.727199083386871e6
3.765756414939301e6
3.8045122982415343e6
3.843466750545102e6
3.8826197888681088e6
3.921971429872199e6
3.9615216901007667e6
4.001270585744217e6
4.041218132773434e6