23635.444482249746
23747.097178351054
24044.917683195454
24529.12346933709
25200.065875328393
26058.22719714906
27104.216710897552
28338.765670345543
29762.721360533746
31377.040221629875
33182.78019646753
35181.09196418985
37373.211014489476
39760.447939035774
42344.1754484487
45125.82258830428
48106.86210071175
51288.79716334862
54673.15785001661
58261.482477433696
62055.31248452503
66056.18060095925
70265.60098488216
74685.06125524228
79316.01148284621
84159.85822151061
89217.9557730385
94491.59952759914
99982.01955481604
105690.37582554437
111617.7523537692
117765.15373870672
124133.50188183572
130723.63307048373
137536.29638152302
144572.1522176048
151831.7718473405
159315.63723944515
167024.1429392443
174957.59447467542
183116.21292094397
191500.13553599885
200109.4186661414
208944.0405727254
218003.90467211863
227288.84307867414
236798.6202755443
246532.93701985522
256491.43443830317
266673.69811946485
277079.2623790603
287707.6144822823
298558.19889517094
309630.421491744
320923.6537777794
332437.23668018176
344170.4850745723
356122.691075519
368293.12801482563
380681.0539611982
393285.7151090968
406106.34907481447
419142.1877916239
432392.4603495813
445856.39625436754
459533.2268759478
473422.18885718833
487522.52535835584
501833.4885541653
516354.3412832805
531084.3585217572
546022.8289529695
561169.0561213774
576522.3597274707
592082.0763673019
607847.5605750246
623818.1855538074
639993.3434200259
656372.446080131
672954.9254460626
689740.2335113517
706727.842762877
723917.2462080813
741307.9572541707
758899.5097610771
776691.4578475761
794683.3757085465
812874.8573687919
831265.5164622904
849854.9856547241
868642.9166449686
887628.9793906964
906812.8619391362
926194.269825154
945772.9256840535
965548.5687117837
985520.9541217611
1.0056898527610846e6
1.026055050537983e6
1.046616347821367e6
1.067373558965757e6
1.0883265118396506e6
1.1094750472688787e6
1.1308190185190716e6
1.1523582907435298e6
1.1740927405768796e6
1.1960222555486988e6
1.2181467335640434e6
1.2404660826313137e6
1.262980220140987e6
1.2856890725931865e6
1.3085925750125563e6
1.3316906706804142e6
1.3549833107065426e6
1.3784704528488612e6
1.4021520634917875e6
1.4260281127194301e6
1.4500985801381003e6
1.4743634490172109e6
1.4988227082902458e6
1.5234763543609867e6
1.5483243846998732e6
1.5733668040022766e6
1.5986036204824985e6
1.6240348464573484e6
1.64966049792739e6
1.6754805943473724e6
1.7014951584687901e6
1.7277042159592838e6
1.7541077953279007e6
1.7807059276661328e6
1.80749864639446e6
1.8344859871224e6
1.8616679874885883e6
1.8890446869712684e6
1.9166161266749653e6
1.9443823492385217e6
1.972343398692267e6
2.0004993202560935e6
2.0288501603059038e6
2.057395966142951e6
2.086136785955743e6
2.1150726687249267e6
2.144203664018364e6
2.1735298220093665e6
2.2030511933028745e6
2.2327678289199383e6
2.2626797801404404e6
2.292787098490253e6
2.3230898356757904e6
2.3535880434839223e6
2.3842817735948567e6
2.4151710780330696e6
2.446256008373217e6
2.477536616197948e6
2.509012952954991e6
2.5406850698315417e6
2.5725530177688333e6
2.604616847461962e6
2.636876609193036e6
2.669332353350957e6
2.7019841285050563e6
2.7348319849087354e6
2.767875971074698e6
2.801116135199638e6
2.8345525252702064e6
2.868185188682772e6
2.9020141723394026e6
2.9360395226479396e6
2.9702612854923545e6
3.004679506237144e6
3.039294229690631e6
3.0741055001199776e6
3.1091133612820627e6
3.14431785627386e6
3.179719027775883e6
3.2153169177665687e6
3.251111567771019e6
3.287103018679526e6
3.323291311042149e6
3.35967648426038e6
3.3962585777030312e6
3.4330376300252858e6
3.4700136793096955e6
3.507186763064031e6
3.54455691831052e6
3.582124181414521e6
3.6198885882602283e6
3.657850174147178e6
3.696008973898253e6
3.7343650217352933e6
3.772918351374581e6
3.8116689960250785e6
3.850616988358334e6
3.8897623605307746e6
3.9291051442574826e6
3.9686453705673167e6
4.0083830702527803e6
4.0483182734518456e6
4.0884510098867337e6