45538.791914592235
45614.14552270272
45815.34501628985
46143.08873900212
46598.50742841078
47183.15839655182
47899.01759198535
48748.4694815331
49734.294861722505
50859.65670563976
52128.091092409595
53543.454094793036
55109.970655629615
56832.14608338417
58714.7767270536
60762.91848890748
62981.84383274839
65377.09696568741
67954.30678345365
70719.31580604505
73678.07308477434
76836.6185062207
80201.05387525735
83777.51661629006
87572.13287544335
91591.01635747746
95840.20830084255
100325.67011085083
105053.24263435852
110028.62201195065
115257.33329143564
120744.70580474628
126495.84731572767
132515.6242680473
138808.63523015115
145379.19420902914
152231.3181224162
159368.7105115566
166794.73796339176
174512.43533045214
182524.48269600765
190833.21106257453
199440.59039097934
208348.23073957494
217557.3825494732
227068.93911603812
236883.44190536035
247001.0872595064
257421.73503752405
268144.91959314677
279169.86178984307
290495.4829455205
302120.4199729624
314043.0413208213
326261.4648666021
338773.5757248676
351577.0445851484
364669.3472285699
378047.7839168224
391709.49960949336
405651.49867490283
419870.6737784426
434363.81509099447
449127.63284500915
464158.7757618258
479453.90165592125
495009.4147670361
510822.0434191488
526888.2900282183
543204.7283051338
559767.9581232717
576574.6176718804
593621.3926962108
610905.0285662189
628422.3362161141
646170.200613007
664145.5880179193
682345.5506648821
700767.2315910687
719407.870149459
738264.8023929312
757335.4665470922
776617.40438948
796108.2557491921
815805.7729923908
835707.8073857446
855812.3159393513
876117.3557810714
896621.091320868
917321.7816711296
938217.7874138395
959307.5641703217
980589.661107565
1.0020627187484568e6
1.0237254659309802e6
1.045576717319807e6
1.067615370493163e6
1.0898404007099103e6
1.1122508628343565e6
1.134845883335556e6
1.15762465945132e6
1.1805864559601655e6
1.203730601893631e6
1.2270564874119607e6
1.2505635617020698e6
1.2742513274886552e6
1.2981193424476855e6
1.322167212573244e6
1.346394591161012e6
1.3708011762222345e6
1.3953867073042362e6
1.4201509635636662e6
1.4450937613676172e6
1.4702149513351242e6
1.4955144175030822e6
1.520992073578082e6
1.5466478624615478e6
1.5724817532692633e6
1.5984937399628232e6
1.6246838395431188e6
1.6510520901559575e6
1.677598550122716e6
1.7043232956800316e6
1.7312264198586133e6
1.7583080315127596e6
1.7855682534165075e6
1.8130072230303222e6
1.8406250837701606e6
1.8684219985393302e6
1.8963981349307979e6
1.924553668612655e6
1.952888786434045e6
1.9814036798587209e6
2.0100985478601584e6
2.0389735946453721e6
2.068029029321908e6
2.0972650654358286e6
2.1266819198103324e6
2.156279812685117e6
2.1860589667531773e6
2.216019606905573e6
2.24616195935095e6
2.276486252209439e6
2.3069927135190214e6
2.3376815725423777e6
2.3685530577467913e6
2.399607398282827e6
2.4308448227589405e6
2.4622655586687424e6
2.4938698326782477e6
2.525657870277982e6
2.5576298957664445e6
2.5897861314787474e6
2.6221267983732885e6
2.654652115598809e6
2.6873622999395616e6
2.720257566211816e6
2.753338127031705e6
2.7866041927011586e6
2.820055970990676e6
2.8536936691454225e6
2.8875174844551412e6
2.921527622665229e6
2.95572427948053e6
2.9901076493288744e6
3.0246779246876556e6
3.0594352948484523e6
3.094379946249123e6
3.1295120624753204e6
3.164831825174926e6
3.2003394116602163e6
3.2360349978345763e6
3.2719187560629435e6
3.307990856438544e6
3.344251465034679e6
3.3807007470370964e6
3.417338863623677e6
3.4541659734735e6
3.491182232924052e6
3.528387795139816e6
3.5657828108265097e6
3.6033674282156783e6
3.6411417928165174e6
3.679106047729747e6
3.717260333191115e6
3.755604787302689e6
3.7941395456082546e6
3.8328647409114405e6
3.8717805034808437e6
3.9108869638890647e6
3.950184245796844e6
3.9896724738287604e6
4.0293517693571146e6
4.0692222518032654e6
4.1092840383162e6
4.149537243881077e6
4.1899819814223484e6
4.230618362112369e6
4.271446494327385e6
4.312466485307831e6