23968.918598448043
24079.89711787141
24375.925037468063
24857.234028261286
25524.198389783647
26377.331983174532
27417.28403655618
28644.833871811592
30060.88461023353
31666.455952732686
33462.67605908561
35450.77230582645
37632.06289551561
40007.946599505
42579.88900753347
45349.41639153
48318.10232331155
51487.55375143797
54859.40609883559
58435.30657010191
62216.90414449798
66205.84072737391
70403.73889428856
74812.19375981593
79432.76115152374
84266.95121781823
89316.21907276535
94581.95755875639
100065.49041997359
105768.06703044217
111690.85611056014
117834.94190151253
124201.32061346708
130790.89715475473
137604.48337014712
144642.7963601817
151906.45791639714
159395.9944844339
167111.83721515813
175054.3254543606
183223.7038893748
191620.1293943401
200243.67125268566
209094.31481822152
218171.9647917081
227476.44913268185
237007.52268966497
246764.8716254027
256748.1176548098
266956.822443062
277390.4921710163
288048.5820617384
298930.50094146945
310035.61576240935
321363.25608299056
332912.7184647246
344683.270689307
356674.1560149076
368884.59706975636
381313.79977214936
393960.95695897914
406825.2519784006
419905.86180851393
433201.96013255813
446712.7208655683
460437.319747869
474374.93800125696
488524.76373514655
502885.9945679581
517457.83952418814
532239.5205521983
547230.2742712155
562429.3532208259
577836.0272126182
593449.5842701562
609269.3316448687
625294.5964859915
641524.7265442192
657959.0906528942
674597.0791964955
691438.1041847543
708481.5996245998
725727.0217236241
743173.8482524347
760821.5795450313
778669.7373784926
796717.8651491962
814965.5276964373
833412.312116371
852057.820833124
870901.6850577672
889943.5493348244
909183.0798091788
928619.9612029038
948253.8966166541
968084.6013816226
988111.8303497045
1.0083353217124158e6
1.0287548521416187e6
1.049370208281409e6
1.0701811917823842e6
1.091187618795776e6
1.1123893194486704e6
1.13378613709042e6
1.1553779279463952e6
1.1771645605031447e6
1.1991459149472055e6
1.221321882583234e6
1.243692365531907e6
1.2662572759865038e6
1.2890165359158758e6
1.3119700759897544e6
1.3351178373157152e6
1.3584597667818372e6
1.3819958208742924e6
1.4057259635604385e6
1.4296501636534643e6
1.4537683999419552e6
1.4780806551151432e6
1.502586917911181e6
1.5272871850674865e6
1.552181454426789e6
1.5772697315646587e6
1.6025520257994956e6
1.6280283508434754e6
1.6536987243057964e6
1.6795631674945203e6
1.7056217052234663e6
1.7318743654170195e6
1.7583211789909813e6
1.7849621796535708e6
1.8117974035555078e6
1.8388268891877595e6
1.8660506638451584e6
1.8934688100874522e6
1.921081332265843e6
1.9488882896073547e6
1.9768897295541412e6
2.0050857009099734e6
2.033476253034768e6
2.062061437389267e6
2.0908413054483265e6
2.1198159097488187e6
2.1489853039342472e6
2.1783495414351085e6
2.2079086767246444e6
2.2376627645233115e6
2.2676118598291697e6
2.2977560179231097e6
2.328095294098815e6
2.3586297440716946e6
2.389359423263892e6
2.4202843871295783e6
2.451404691070458e6
2.48272039030583e6
2.5142315399264535e6
2.545938206399749e6
2.5778404092214503e6
2.609938237667495e6
2.642231733864646e6
2.674720951720699e6
2.7074059431757866e6
2.7402867619804423e6
2.7733634600133165e6
2.806636088799785e6
2.8401046996420408e6
2.8737693431917806e6
2.9076300695864465e6
2.9416869284042018e6
2.9759399686814244e6
3.0103892388780885e6
3.0450347869227054e6
3.07987665991251e6
3.114914904761354e6
3.150149567430732e6
3.1855806934924386e6
3.2212083277644413e6
3.2570325145848664e6
3.293053297576613e6
3.3292707200542446e6
3.3656848240131773e6
3.402295651527797e6
3.439103243817917e6
3.4761076415186506e6
3.513308884664867e6
3.5507070126829594e6
3.588302064431615e6
3.6260940781610534e6
3.664083091521168e6
3.70226914164315e6
3.740652265022137e6
3.7792324976099553e6
3.8180098748109583e6
3.8569844314566785e6
3.89615620183264e6
3.935525219735424e6
3.9750915182465836e6
4.0148551301836465e6
4.05481608766664e6
4.094974422369336e6