20462.95319622026
20580.56140980569
20894.210261715707
21403.9730003848
22109.96788026922
23012.35706737588
24111.34514589591
25407.17724672368
26900.136823651912
28590.543107516656
30478.74827244193
32565.13421357413
34850.1097566045
37334.106637383535
40017.57595156411
42900.984624414516
45984.81182108675
49269.545364427584
52755.67732245683
56443.70111368655
60334.10776035894
64427.382918182004
68724.00263382238
73224.43169310395
77929.12024305663
82838.50080586885
87952.986696498
93272.96978055093
98798.81859178757
104530.87679267347
110469.46212634111
116614.86504559791
122967.34829591996
129527.14629231981
136294.46462653525
143269.48031831373
150452.34169042023
157843.16881955988
165442.05394807184
173249.0621545487
181264.23207614737
189487.57688363135
197919.0852333156
206558.7223831985
215406.43136950242
224462.1341554883
233725.73306311283
243197.11193544802
252876.1375342065
262762.6608657145
272856.51852464216
283157.5340197532
293665.51908575115
304380.274964465
315301.5936862824
326429.2592283894
337763.0487463493
349302.73367820145
361048.0808743571
372998.85333716334
385154.8117881802
397515.7149917469
410081.32124318706
422851.38732847857
435825.6729483615
449003.93768799625
462385.94349862623
475971.4549842909
489760.23980952037
503752.0693237218
517946.7188923614
532343.9682929504
546943.6021052564
561745.4099837551
576749.1868922007
591954.7333660848
607361.8558381137
622970.3658946212
638780.0822654755
654790.8289693873
671002.436416718
687414.7411981325
704027.5860833796
720840.8200725247
737854.2983192804
755067.8820984828
772481.4387681873
790094.8416511336
807907.9699732574
825920.7087835625
844132.9488075287
862544.5863444014
881155.5231105529
899965.666209588
918974.9278793887
938183.2253840397
957590.4809524707
977196.6213457566
997001.5782347788
1.0170052874727459e6
1.0372076893197991e6
1.0576087281441381e6
1.0782083522837036e6
1.099006513982213e6
1.1200031690625357e6
1.141198276957825e6
1.1625918004678856e6
1.184183705627742e6
1.2059739616468786e6
1.2279625405944062e6
1.2501494174525517e6
1.2725345698882432e6
1.2951179781442566e6
1.3178996248887053e6
1.3408794951555668e6
1.3640575761669073e6
1.3874338572348205e6
1.4110083296755436e6
1.4347809866636342e6
1.4587518231603657e6
1.4829208357889007e6
1.5072880227701694e6
1.5318533837886995e6
1.556616919929793e6
1.5815786336446677e6
1.6067385285181848e6
1.6320966093475192e6
1.657652882003429e6
1.683407353343657e6
1.7093600312335833e6
1.7355109241392913e6
1.761860041739723e6
1.788407394188109e6
1.8151529923908592e6
1.842096847888806e6
1.8692389728177004e6
1.896579379830167e6
1.9241180820735395e6
1.9518550931855193e6
1.9797904270207076e6
2.0079240980580873e6
2.0362561209318265e6
2.0647865106103462e6
2.093515282284983e6
2.122442451456757e6
2.1515680336833904e6
2.180892044806966e6
2.210414500758325e6
2.2401354175162003e6
2.2700548113187137e6
2.3001726983108763e6
2.3304890947640142e6
2.3610040169296637e6
2.3917174811285916e6
2.422629503626528e6
2.4537401006469075e6
2.4850492884811615e6
2.51655708327802e6
2.5482635011331714e6
2.580168558086043e6
2.6122722700861576e6
2.6445746529909316e6
2.6770757225445933e6
2.7097754944352745e6
2.7426739840884544e6
2.7757712069348926e6
2.8090671782303327e6
2.8425619131153133e6
2.8762554265329987e6
2.9101477333222586e6
2.944238847978681e6
2.9785287853257805e6
3.013017559603326e6
3.047705184984798e6
3.082591675586766e6
3.117677045004887e6
3.152961307189327e6
3.1884444755829326e6
3.2241265635253745e6
3.2600075844562887e6
3.296087550906842e6
3.332366475951565e6
3.3688443722014907e6
3.405521252191042e6
3.442397128221408e6
3.47947201243504e6
3.5167459168045963e6
3.5542188531295867e6
3.591890833124921e6
3.6297618680113065e6
3.6678319693277315e6
3.706101148123218e6
3.744569415362463e6
3.783236781867812e6
3.8221032582214572e6
3.8611688549770876e6
3.9004335824003755e6
3.9398974506958895e6
3.979560469862551e6
4.019422649760118e6