341146.42591774295
341104.50433480117
340992.9954437657
340812.71100106515
340564.9064480445
340251.366186978
339874.3399540077
339436.5792912421
338941.25970306975
338392.09163568047
337793.1491863741
337149.06480089045
336464.83682820277
335745.90062854235
334998.1295659991
334227.76879141753
333441.4786083118
332646.3022909421
331849.54170725046
331059.0560625472
330282.880967231
329529.4241321713
328807.3411743976
328125.6266921238
327493.5589328301
326920.6499317576
326416.6663016939
325991.59037477727
325655.61656497145
325419.11022286443
325292.66782477516
325287.0166982974
325413.0111560921
325681.63743034855
326103.9904410897
326691.3024728099
327454.8194234967
328405.8637316393
329555.7951492719
330915.9929187975
332497.8296983092
334312.6541575442
336371.7677663617
338686.41541639256
341267.74954450695
344126.80954485905
347274.5203701116
350721.62017744273
354478.6920130682
358556.09079763404
362963.95705220825
367712.1675807159
372810.3122164689
378267.6732043384
384093.19486985804
390295.4577145582
396882.6531567067
403862.55532552075
411242.4973713677
419029.3451958516
427229.47706854925
435848.75717066583
444892.5232194856
454365.52287668904
464271.9926585357
474615.54313698254
485399.1931571064
496625.35267623287
508295.8158899814
520411.7504801105
532973.7042271572
545981.5996967212
559434.7414275203
573331.8339888828
587670.9658008169
602449.653233231
617664.8452450437
633312.9459180997
649389.8365622151
665890.9128774183
682811.09118061
700144.8698844251
717886.3351625159
736029.2161508028
754566.9187629048
773492.5288177447
792798.9109139991
812478.7121236626
832524.3831774963
852928.2444780995
873682.5208748451
894779.3565469418
916210.8702874107
937969.1794207436
960046.4435199859
982434.870902725
1.0051267712262357e6
1.0281145432678015e6
1.0513907682582848e6
1.0749481531811925e6
1.098779578892681e6
1.1228781497314307e6
1.1472371575030293e6
1.171850118458859e6
1.196710783388986e6
1.2218131383953316e6
1.247151419687442e6
1.2727201044305246e6
1.2985139389921713e6
1.3245278932099883e6
1.350757225639572e6
1.377197424084896e6
1.4038442303779556e6
1.430693633290935e6
1.4577418608303964e6
1.484985388868628e6
1.5124208808475411e6
1.5400452800999347e6
1.567855710351117e6
1.5958495105924467e6
1.624024224278368e6
1.6523775835721921e6
1.680907499008098e6
1.709612069268693e6
1.7384895569757356e6
1.767538381544021e6
1.796757116120079e6
1.8261444774479365e6
1.855699318674768e6
1.8854206197441255e6
1.9153074836740172e6
1.9453591263752845e6
1.975574864828929e6
2.0059541294444911e6
2.0364964272115345e6
2.0672013862512063e6
2.0980686441898784e6
2.1290979933045497e6
2.1602892583557502e6
2.1916423307015505e6
2.2231571704062214e6
2.2548337793472875e6
2.286672222782757e6
2.3186726068164026e6
2.350835083511335e6
2.383159842640233e6
2.4156471072551636e6
2.448297135375383e6
2.481110214215011e6
2.514086657157901e6
2.5472268005714766e6
2.5805310022166437e6
2.613999640114549e6
2.647633105991609e6
2.6814318076017485e6
2.7153961668486954e6
2.7495266150980885e6
2.783823592448627e6
2.8182875486329123e6
2.852918938219732e6
2.8877182189377947e6
2.9226858602679363e6
2.9578223187218406e6
2.993128072235117e6
3.028603586685356e6
3.064249347951856e6
3.1000657745042057e6
3.1360533831253154e6
3.172212622772397e6
3.208543952817998e6
3.245047838784942e6
3.2817247301138956e6
3.318575079404063e6
3.35559933380693e6
3.392797935163787e6
3.4301713203953e6
3.4677199205957623e6
3.5054441618516743e6
3.543344464040128e6
3.581421241264418e6
3.619674901342811e6
3.6581058456112472e6
3.696714468888525e6
3.735501162114935e6
3.7744663052692823e6
3.813610276064406e6
3.852933446062155e6
3.892436167326458e6
3.932118806450989e6
3.9719817111203987e6
4.012025223473576e6
4.052249679852213e6
4.092655410321079e6
4.1332427392353043e6
4.1740119839710724e6
4.2149634552088715e6
4.25609745794322e6
4.29741429102031e6
4.338914246881199e6
4.38059761250674e6