23055.920935658447
23168.730791432245
23469.62779451951
23958.804226117827
24636.57069323035
25503.353510142806
26559.69111562963
27806.229589644172
29243.717273799193
30872.998626923792
32695.007338488358
34710.758467597756
36921.341350862276
39327.910893221444
41931.675981321045
44733.89446496949
47735.86111116256
50938.89739046376
54344.346588707376
57953.55881769936
61767.88477162263
65788.66688927062
70017.2304836559
74454.87362283972
79102.86409982442
83962.42757971211
89034.74334584399
94320.93768449427
99822.07905146526
105539.17264574258
111473.15666053252
117624.89879937125
123995.19357079854
130584.76000224058
137394.2401569777
144424.19819645252
151675.12001996805
159147.4132468187
166841.40902614876
174757.36072082043
182895.44802688286
191255.77765630375
199838.38594372448
208643.24141986127
217670.2476693223
226919.2466051467
236390.02158941553
246082.30099475296
255995.76174212812
266130.0329487544
276484.69963799143
287059.3064405993
297853.36130253784
308866.3391466603
320097.6854948498
331546.820002366
343213.139894693
355096.0232815163
367194.8323758157
379508.91656363744
392037.61533006333
404780.261077352
417736.1816538578
430904.7028274884
444285.1507697924
457876.853953287
471679.1453010187
485691.36388029845
499912.8566730418
514342.98009601387
528981.1012745724
543826.5993817952
558878.8665963428
574137.3092325551
589601.348364083
605270.4208765464
621143.9791935656
637221.4933311483
653502.4497710019
669986.3526021781
686672.7233450257
703561.1013747889
720651.0438798036
737942.1257661824
755433.9397335723
773126.0960763653
791018.2225418375
809109.964114772
827400.9827533151
845890.9570766964
864579.5821547105
883466.5689993368
902551.6442772686
921834.5499353781
941315.042766612
960992.8939815015
980867.888740024
1.0009398259463263e6
1.0212085170936185e6
1.0416737870243419e6
1.062335472312297e6
1.0831934215903436e6
1.1042474943953515e6
1.12549756144368e6
1.1469435037475722e6
1.1685852123242836e6
1.19042258774374e6
1.2124555395989972e6
1.2346839864476742e6
1.2571078548583367e6
1.2797270795188071e6
1.3025416025467727e6
1.3255513732675065e6
1.3487563477354036e6
1.3721564885384997e6
1.3957517647342172e6
1.4195421493917687e6
1.4435276237255002e6
1.4677081722533416e6
1.492083784857634e6
1.5166544558961575e6
1.5414201840876807e6
1.5663809721496948e6
1.591536826510985e6
1.6168877572215574e6
1.642433777259121e6
1.6681749039403133e6
1.6941111556304276e6
1.7202425544424257e6
1.7465691247841674e6
1.7730908933231065e6
1.799807888798566e6
1.8267201418988071e6
1.853827685117371e6
1.881130551835393e6
1.908628779887281e6
1.93632240399888e6
1.964211463109671e6
1.9922959966244255e6
2.0205760444933674e6
2.0490516482144007e6
2.0777228496059114e6
2.1065896913840366e6
2.135652216737039e6
2.1649104694258645e6
2.194364493619744e6
2.2240143338633864e6
2.253860034953625e6
2.2839016419259603e6
2.314139199990508e6
2.3445727544443132e6
2.375202350649017e6
2.4060280338689596e6
2.437049849444132e6
2.4682678424045523e6
2.4996820583482385e6
2.5312925412469893e6
2.563099336552434e6
2.5951024884562637e6
2.6273020411143545e6
2.659698038709875e6
2.692290523922008e6
2.7250795408530966e6
2.7580651321286927e6
2.7912473400850324e6
2.8246262068974823e6
2.858201774232806e6
2.8919740834632404e6
2.9259431749644745e6
2.9601090895718187e6
2.9944718669787403e6
3.02903154666712e6
3.0637881675863685e6
3.09874176823926e6
3.1338923866295004e6
3.16924006028385e6
3.2047848263080223e6
3.2405267209547954e6
3.27646578058381e6
3.3126020408490896e6
3.348935536426829e6
3.3854663020489207e6
3.4221943717982545e6
3.4591197792567145e6
3.496242557508097e6
3.533562739207657e6
3.5710803564411206e6
3.6087954408680312e6
3.6467080236439193e6
3.684818135502951e6
3.7231258066450693e6
3.7616310668581063e6
3.8003339454454044e6
3.8392344712636536e6
3.878332672715364e6
3.9176285778113287e6
3.957122213964319e6
3.9968136083816336e6
4.0367027876870967e6
4.076789778129804e6