257278.42270598095
257258.3822868716
257205.2400353045
257119.83994179004
257003.43569120718
256857.93112716853
256685.63461253513
256489.3766277592
256272.471241521
256038.71477415244
255792.3979502046
255538.39567791944
255281.33441007626
255027.40906080528
254782.48403302568
254552.99807382247
254345.79735989886
254168.12342821434
254027.56338077522
253932.0847601312
253889.94759576902
253909.76444677234
254000.407420957
254171.06656001823
254431.1702006157
254790.38879901794
255258.62159458105
255845.9770268778
256562.72037851927
257419.27200820023
258426.2392618151
259594.32466150087
260934.283850974
262457.0064275027
264173.3997118265
266094.42151335283
268231.0083806354
270594.07908408856
273194.5021436719
276043.12354190653
279150.61435041064
282527.5765281803
286184.4343808541
290131.45712886314
294378.6847169867
298935.93670088775
303812.7747122356
309018.4614511746
314561.95006723277
320451.84750894987
326696.38606881676
333303.4068308906
340280.3179668324
347634.0854249371
355371.19881804293
363497.6533774537
372018.9280027567
380939.966612746
390265.1616380344
399998.33633513376
410142.73715832725
420699.17138062906
431675.2543444134
443066.8840198075
454876.8060336105
467105.2566102864
479751.91635631706
492815.8825594609
506295.669885412
520189.2424389436
534494.0282006403
549206.9398087647
564324.3937374847
579842.3420917741
595756.3024065266
612061.3748320723
628752.2993531958
645823.4604360457
663268.9487604802
681082.573396007
699257.9142144229
717788.3493500901
736667.0938354452
755887.230821167
775441.7565116708
795323.5794460834
815525.6450752672
836040.8172535822
856862.0382626976
877982.3004916485
899394.6710633201
921092.3213469492
943068.5650070889
965316.8349673788
987830.7476731102
1.0106040844104761e6
1.0336308195122738e6
1.0569051272300484e6
1.0804213878956106e6
1.1041742043251267e6
1.128158384893615e6
1.152368984793156e6
1.1768012643171758e6
1.2014507285230714e6
1.226313101830266e6
1.251384334592611e6
1.276660604716709e6
1.3021383023862224e6
1.3278140452928552e6
1.353684652597521e6
1.379747149679772e6
1.4059987600183804e6
1.4324369072275064e6
1.459059196331963e6
1.4858634006170197e6
1.5128475137730346e6
1.540009615184005e6
1.567348008763046e6
1.5948611144044069e6
1.622547517396172e6
1.650405921683921e6
1.6784351643938622e6
1.7066342058523397e6
1.735002121481861e6
1.763538094861514e6
1.792241411247482e6
1.8211114581762645e6
1.8501476917089277e6
1.8793496813865774e6
1.9087170548889705e6
1.9382495202197137e6
1.9679468515085338e6
1.9978088884325994e6
2.0278355261102945e6
2.0580267232305855e6
2.088382456927323e6
2.1189027977316873e6
2.1495878307643267e6
2.180437681338696e6
2.211452512238222e6
2.2426325246266853e6
2.2739779399769446e6
2.3054890123937093e6
2.3371660195464767e6
2.3690092592112115e6
2.4010190516598737e6
2.4331957305104993e6
2.4655396473375126e6
2.4980511668363633e6
2.5307306655189767e6
2.5635785302487826e6
2.5965951553601758e6
2.629780945402157e6
2.6631363087072023e6
2.6966616592489397e6
2.730357414645341e6
2.764223996280394e6
2.7982618268981143e6
2.832471329817242e6
2.8668529298747075e6
2.901407051178148e6
2.936134116695788e6
2.971034545706606e6
3.0061087606558604e6
3.0413571734382133e6
3.0767802060014796e6
3.11237826066125e6
3.148151746691615e6
3.1841010645670285e6
3.2202266169287995e6
3.2565287924184888e6
3.293007980776767e6
3.3296645656564645e6
3.36649892459701e6
3.403511431345699e6
3.440702452492404e6
3.4780723496833327e6
3.5156214797259774e6
3.5533501925592576e6
3.5912588330451692e6
3.6293477394455895e6
3.667617245408163e6
3.706067677295335e6
3.7446993577726386e6
3.7835126015137644e6
3.8225077185586425e6
3.8616850121830762e6
3.9010447817261624e6
3.9405873193979063e6
3.9803129123567673e6
4.0202218420009497e6
4.0603143839805373e6
4.1005908093275405e6
4.14105138272854e6
4.1816963641973785e6
4.2225260084289e6
4.2635405646075625e6
4.304740277377019e6
4.346125385936907e6
4.387696125081761e6