70651.22430895787
70705.7923878748
70851.60218499869
71089.45687102189
71420.65787682973
71846.99955820123
72370.76156715938
72994.70098895836
73722.0396882093
74556.44628794224
75502.04634214903
76563.3582335792
77745.32473612676
79053.24853704276
80492.82352693996
82070.0527129178
83791.26804385392
85663.08250617108
87692.37412531851
89886.23979450954
92251.99638723404
94797.12303508326
97529.24121124516
100456.08133718857
103585.45693877945
106925.21939205634
110483.21990234632
114267.16840303031
118285.358241212
122544.95244517992
127053.72115465594
131819.09345646235
136848.31430277714
142148.41628580936
147726.18267419655
153588.1264377028
159740.46024073506
166189.06974241178
172939.486305153
179996.88352316202
187366.03116993982
195051.28950621714
203056.59552768918
211385.4553289132
220040.9229535095
229025.5988835601
238341.62492802762
247990.68222249256
257973.9922824973
268292.32069916534
278945.9834441115
289934.856846448
301258.38768506603
312915.6085264076
324905.1527502545
337225.27330303163
349873.86450996937
362848.4812799577
376146.35891367745
389764.444975961
403699.4188147111
417947.71816274937
432505.56440824235
447368.9916263785
462533.86876529607
477995.9268137242
493750.7845806843
509793.9719970393
526120.9564651262
542727.1618976423
559607.9901086958
576758.8445666325
594175.150713175
611852.3644482625
629785.9991280399
647971.6338136956
666404.9301575255
685081.6400221069
703997.6227894184
723148.8481365317
742531.4057694155
762141.5197424763
781975.5355131992
802029.9449352266
822301.3769378935
842786.6034838415
863482.541052038
884386.2500155672
905494.9361055576
926805.9471139901
948316.7739717979
970025.0466799521
991928.5325458653
1.014025133319217e6
1.0363128819489479e6
1.0587899370199477e6
1.0814545827404337e6
1.1043052212269134e6
1.1273403744324218e6
1.1505586584472363e6
1.1739588201874562e6
1.1975396919995004e6
1.221300208633734e6
1.2452393967875266e6
1.2693563723801468e6
1.2936503361685146e6
1.3181205674129557e6
1.3427664221336986e6
1.367587328172923e6
1.392582779885928e6
1.4177523368572714e6
1.4430956180151226e6
1.4686122989525893e6
1.4943021080067852e6
1.5201648232284756e6
1.5462002689268172e6
1.5724083147451533e6
1.5987888632578747e6
1.6253418656909855e6
1.6520673006894966e6
1.6789651806520438e6
1.7060355491358489e6
1.733278476566462e6
1.760694057919861e6
1.7882824150300408e6
1.8160436838393833e6
1.8439780287442121e6
1.8720856275598686e6
1.9003666745700983e6
1.928821376427285e6
1.9574499592630044e6
1.9862526553302798e6
2.0152297104434685e6
2.044381379392941e6
2.0737079253649593e6
2.10320961875647e6
2.13288673646672e6
2.162739561539623e6
2.1927683795226878e6
2.2229734828458983e6
2.2533551653781575e6
2.2839137233687867e6
2.3146494564849962e6
2.345562663605878e6
2.376653645602243e6
2.4079227038966212e6
2.4393701393564995e6
2.470996252228844e6
2.5028013419568143e6
2.5347857068235157e6
2.56694964343511e6
2.5992934464884056e6
2.63181740889933e6
2.664521820322374e6
2.6974069689271296e6
2.7304731397420326e6
2.7637206145506282e6
2.7971496725683855e6
2.8307605893569873e6
2.8645536374672973e6
2.898529085682456e6
2.9326871997176977e6
2.9670282415605816e6
3.001552469802714e6
3.03626013728501e6
3.0711514964753618e6
3.10622679396944e6
3.141486271067711e6
3.176930172590148e6
3.2125587286468633e6
3.2483721728233886e6
3.284370733038293e6
3.32055463132798e6
3.35692409156232e6
3.393479331571098e6
3.430220558870932e6
3.4671479847093103e6
3.504261812170739e6
3.541562250323896e6
3.5790494912817823e6
3.6167237290380425e6
3.654585155843315e6
3.692633959360017e6
3.730870323602568e6
3.7692944290612782e6
3.807906452891434e6
3.846706568816461e6
3.885694948701495e6
3.924871759468431e6
3.964237163995479e6
4.0037913246098612e6
4.04353439992289e6
4.0834665437238575e6
4.1235879097403376e6
4.163898646724491e6
4.204398901443886e6
4.245088817472123e6
4.285968535905156e6
4.327038195090057e6
4.368297930755528e6