328686.8104209724
328647.87752162095
328544.36215081834
328377.0145900573
328147.162377054
327856.5802774258
327507.52066139283
327102.7601380213
326645.4729431184
326139.3944334766
325588.650088941
324997.8921351833
324372.0784642678
323716.71969585365
323037.7301313098
322341.36288550496
321634.36647783953
320923.65173405583
320216.7494997638
319521.4501145545
318845.8463039276
318198.38948508666
317587.74601838784
317022.98573742167
316513.37413011154
316068.48657741817
315698.10877634166
315412.25641295395
315221.1461387526
315135.17058889836
315164.94349028904
315321.2154860288
315614.8081906901
316056.77186882135
316658.180809997
317430.24253221345
318384.1965263265
319531.3344157572
320882.9828944672
322450.475276468
324244.7713812825
326278.20816155605
328560.94942031766
331104.5039446241
333919.8987356103
337018.0535507222
340409.73806989763
344105.5384580757
348115.852632349
352450.8431005727
357120.4230125119
362134.2364216255
367501.61058910564
373231.54832572467
379332.695281166
385813.308575241
392681.2385624382
399943.8974455355
407608.2372031474
415680.72444281646
424167.31873646984
433073.4505587432
442404.00071765785
452163.2856940996
462355.03883109626
472982.39962858846
484047.8996614998
495553.45699488977
507500.3728859143
519889.3225378111
532720.3703291735
545992.9568382376
559705.918955873
573857.4978447247
588445.3525703485
603466.5744828958
618917.7146354117
634794.8032565471
651093.3739894987
667808.5017455274
684934.8196022965
702466.565163154
720397.6074012433
738721.4826966325
757431.4385137527
776520.4636170852
795981.3195586833
815806.6181228064
835988.7780625473
856520.1571797358
877393.024673509
898599.6077519569
920132.1353258858
941982.861796488
964144.1095798076
986608.2717515042
1.009367859855541e6
1.032415512343606e6
1.0557440346469611e6
1.0793463900378107e6
1.103215742863398e6
1.1273454545336082e6
1.151729109356652e6
1.176360508961822e6
1.2012337080360102e6
1.226342978071087e6
1.2516828538162815e6
1.277248107240181e6
1.3030337747055094e6
1.3290351208335496e6
1.3552476803835477e6
1.3816672216537881e6
1.408289756874763e6
1.4351115369018454e6
1.4621290455133813e6
1.4893390041961903e6
1.5167383148370532e6
1.5443241478117662e6
1.5720938446167873e6
1.6000449542508516e6
1.6281776720117473e6
1.656482554502551e6
1.6849650546165032e6
1.7136209952027313e6
1.7424487880307354e6
1.77144700758143e6
1.8006143684810868e6
1.8299497203990822e6
1.859452041659673e6
1.889120427066653e6
1.9189540885117194e6
1.9489523440383356e6
1.9791146022611803e6
2.0094403802289236e6
2.0399292689602426e6
2.070580945457577e6
2.101395163178985e6
2.132371736660881e6
2.16351055813366e6
2.1948115689001223e6
2.226274777130764e6
2.2579002254000306e6
2.2896880189109333e6
2.321638294871307e6
2.3537512357270513e6
2.386027057981815e6
2.418466007913276e6
2.4510683594285045e6
2.4838344299452617e6
2.5167645342569333e6
2.5498590257313456e6
2.5831182722012177e6
2.61654265856218e6
2.6501325853613736e6
2.6838884620833746e6
2.717810714084019e6
2.751899772175838e6
2.786156082072015e6
2.820580085735491e6
2.855172237125816e6
2.889932992470102e6
2.9248628141877498e6
2.959962155360716e6
2.9952314862290984e6
3.0306712669116743e6
3.0662819755232236e6
3.102064023486841e6
3.1380179172513755e6
3.174144100414718e6
3.210443020143845e6
3.2469151336316387e6
3.2835608804278765e6
3.3203807033551834e6
3.357375039321342e6
3.3945443201084454e6
3.4318889721197006e6
3.4694094157878975e6
3.507106067046253e6
3.5449793350048875e6
3.583029623490618e6
3.621257345397004e6
3.659662843221781e6
3.6982465500728665e6
3.7370088302388396e6
3.7759500533756344e6
3.815070586665082e6
3.85437079136871e6
3.8938510109365974e6
3.9335116004052926e6
3.973352898303231e6
4.013375237149506e6
4.053578943831752e6
4.093964338953009e6
4.1345317375810277e6
4.175281445236644e6
4.216213771911436e6
4.257329006057663e6
4.29862744029162e6
4.34010935858166e6
4.381775040163991e6