20985.227569213603
21101.936002841583
21413.194487278393
21919.10086508363
22619.813119306127
23515.547943726655
24606.57879112837
25893.233425941573
27375.89101399643
29054.978787859633
30930.968331228556
33004.37134928621
35275.736000374
37745.641593991604
40414.69394450622
43283.520554249175
46352.76639668866
49623.08888398262
53095.14941173246
56769.61613944922
60647.152036650106
64728.41397765935
69014.04767928872
73504.68336322725
78200.93328294627
83103.38551994084
88212.60470893954
93529.12600889115
99053.45414215558
104786.06075315156
110727.38308562862
116877.8219428224
123237.74109973182
129807.46623575705
136587.28458014978
143577.44446926515
150778.15576078763
158189.5900253899
165811.88107463118
173645.12583271018
181689.38520833472
189944.68538047612
198411.01902637858
207088.34677668373
215976.59871423192
225075.6760281308
234385.452815739
243905.77765651786
253636.4755066831
263577.349480885
273728.1826694539
284088.7399367959
294658.76970644743
305438.00571324234
316426.1687199146
327622.9681786094
339028.1038488722
350641.2673398176
362462.1436050334
374490.4123469177
386725.7493688156
399167.8278338994
411816.31948990445
424670.8957462017
437731.22871120134
450996.99222502706
464467.8626434576
478143.51974681916
492023.64741734066
506107.9343881309
520396.0747754679
534887.7686260701
549582.7224581928
564480.6496418524
579581.2707461859
594884.3138769219
610389.5149763527
626096.6178985807
642005.3747598524
658115.5459352577
674426.9002539287
690939.2148346642
707652.2754917387
724565.8763739648
741679.8200779695
758993.9175829848
776507.9881749991
794221.8593093714
812135.3665066538
830248.3532451774
848560.6708122707
867072.1780332003
885782.741272314
904692.2341309643
923800.5373012427
943107.538355246
962613.1315328634
982317.2175994738
1.0022197035811266e6
1.0223205025689728e6
1.042619533469786e6
1.0631167209241583e6
1.083811994963268e6
1.1047052908633286e6
1.1257965489101994e6
1.1470857142454265e6
1.1685727366193063e6
1.1902575701678263e6
1.212140173386437e6
1.2342205086557297e6
1.2564985423139355e6
1.2789742443605773e6
1.3016475882833414e6
1.324518550892825e6
1.3475871121996348e6
1.3708532551900453e6
1.3943169656883203e6
1.4179782322086268e6
1.4418370459071444e6
1.4658934001792073e6
1.4901472907982203e6
1.5145987156637525e6
1.5392476746618394e6
1.564094169570771e6
1.589138204017672e6
1.614379783149785e6
1.639818913762453e6
1.665455604122984e6
1.6912898637691978e6
1.7173217035501215e6
1.743551135489301e6
1.7699781726711625e6
1.7966028291783356e6
1.8234251200418249e6
1.8504450611296021e6
1.877662669050267e6
1.9050779613047114e6
1.9326909561449438e6
1.9605016711446294e6
1.9885101264000484e6
2.0167163413186837e6
2.0451203358921828e6
2.0737221304952754e6
2.1025217460548943e6
2.1315192034641467e6
2.1607145240548085e6
2.1901077293832214e6
2.2196988411071277e6
2.2494878810824943e6
2.2794748712956803e6
2.3096598337378604e6
2.3400427905303813e6
2.370623763725527e6
2.401402775557779e6
2.4323798480895907e6
2.4635550033977707e6
2.494928263497036e6
2.5264996503386735e6
2.558269185770852e6
2.5902368915290204e6
2.622402789229671e6
2.654766900399477e6
2.6873292463386813e6
2.72008984829935e6
2.7530487271690704e6
2.786205903889692e6
2.81956139891749e6
2.853115233017029e6
2.8868674263116024e6
2.920817998856921e6
2.954966970500364e6
2.989314360989295e6
3.0238601893552775e6
3.0586044751639264e6
3.09354723724687e6
3.1286884943354856e6
3.164028264912056e6
3.199566567263511e6
3.235303419399241e6
3.271238839381838e6
3.307372844287876e6
3.3437054516950594e6
3.3802366786162294e6
3.41696654197017e6
3.45389505836335e6
3.4910222441428984e6
3.5283481154900985e6
3.5658726883065607e6
3.6035959783722935e6
3.641518000863949e6
3.679638771287678e6
3.717958304551674e6
3.7564766154333428e6
3.7951937184882658e6
3.8341096280522e6
3.8732243582675178e6
3.9125379229838764e6
3.9520503359468067e6
3.9917616106202835e6
4.0316717602834366e6