56481.460076368996
56546.322949156805
56719.57082207655
57001.9666486324
57394.74628933921
57899.61289715694
58518.72918103935
59254.709179338504
60110.601880208706
61089.88191135804
62196.43157578801
63434.528536014
64808.81490686929
66324.29315676526
67986.27381829915
69800.39711667309
71772.55374408187
73908.92271272687
76215.88743521742
78699.99881624084
81368.00774567403
84226.78760389084
87283.3161275436
90544.63984338543
94017.84488548813
97710.02249523465
101628.23933870881
105779.49879847743
110170.73222492603
114808.72452131391
119700.11932490254
124851.38525676745
130268.77419404915
135958.2987955512
141925.71065200516
148176.47091091354
154715.7300389394
161548.30025705858
168678.65894521796
176110.89488138506
183848.72700406672
191895.47624747633
200254.06017494292
208926.9857559017
217916.34330858747
227223.80801147103
236850.63741358422
246797.6762949878
257065.36210275828
267653.73310463066
278562.43870792177
289790.7519458635
301337.5840160148
313201.5005702036
325380.73931288166
337873.22959504114
350676.61279438925
363788.26336986385
377205.3118219112
390924.6664468817
404943.0370817303
419256.9580985181
433862.8115692077
448756.8496695097
463935.2176203423
479393.97517309577
495129.1174057648
511136.5952285067
527412.3350072692
543952.2557554536
560752.2867792501
577808.3822028595
595116.5407306207
612672.810483343
630473.3068561587
648514.2247628882
666791.8434421583
685302.5385028135
704042.7879920586
723009.1795669325
742198.4128684447
761607.3077213338
781232.804759607
801071.9699633047
821121.9930641624
841380.1907845195
861844.0062238332
882511.0081804789
903378.8909242752
924445.4725402934
945708.691190233
967166.6048955496
988817.3888114642
1.010659330730632e6
1.0326908289870057e6
1.0549103885920513e6
1.077316618258894e6
1.099908226473007e6
1.1226840175244822e6
1.1456428875131635e6
1.1687838218016692e6
1.1921058888439643e6
1.2156082394888133e6
1.2392901004641694e6
1.2631507716254937e6
1.2871896227906109e6
1.3114060900403205e6
1.3357996696169162e6
1.3603699199791346e6
1.385116452032267e6
1.4100389332709783e6
1.4351370753514287e6
1.4604106399914415e6
1.4858594308223147e6
1.5114832926959721e6
1.5372821083364869e6
1.5632557952271653e6
1.589404305381433e6
1.615727620333022e6
1.6422257508034494e6
1.6688987332093036e6
1.6957466295489916e6
1.722769523604359e6
1.7499675196262703e6
1.7773407420603728e6
1.8048893319831814e6
1.8326134466448366e6
1.8605132582504104e6
1.8885889516000405e6
1.9168407237685705e6
1.9452687832725067e6
1.9738733472802637e6
2.002654640389246e6
2.0316129004474124e6
2.0607483647498135e6
2.0900612810241615e6
2.1195519009880964e6
2.1492204802493467e6
2.1790672785663414e6
2.2090925592007847e6
2.239296587025027e6
2.26967962904418e6
2.300241954051216e6
2.330983831452273e6
2.3619055310215615e6
2.3930073218808323e6
2.4242894747080537e6
2.4557522580359336e6
2.4873959399534375e6
2.5192207870927732e6
2.5512270648009563e6
2.5834150365640474e6
2.6157849639689764e6
2.648337162164016e6
2.681071721181633e6
2.713989061992066e6
2.7470893816673434e6
2.780372929214783e6
2.8138399509939905e6
2.8474906903416314e6
2.881325389750014e6
2.915344279807393e6
2.949547601355223e6
2.9839355831807638e6
3.0185084517869237e6
3.0532664324352182e6
3.0882097456228747e6
3.123338609076854e6
3.158653236694841e6
3.1941538397760424e6
3.229840624484164e6
3.2657137964004427e6
3.301773555064464e6
3.3380200985960243e6
3.3744536203113133e6
3.4110743113795402e6
3.447882359083618e6
3.4848779475078965e6
3.5220612575890045e6
3.5594324674063292e6
3.596991751001557e6
3.634739280005476e6
3.67267522300035e6
3.7107997451788313e6
3.749113008858656e6
3.7876151735160756e6
3.8263063952681026e6
3.865186828117116e6
3.9042566179478043e6
3.9435159270546087e6
3.9829648860953148e6
4.02260364270118e6
4.062432336763226e6
4.102451105553284e6
4.14266008361013e6
4.183059403510355e6
4.223649194890227e6
4.264429585087661e6
4.305400699183101e6
4.346562659822112e6