20538.251027858423
20655.73213608087
20969.043348844738
21478.261472032675
22183.510506228988
23084.96050310303
24182.826004875213
25477.364088478716
26968.872041245224
28657.68469961344
30544.1714864003
32628.733041305102
34911.79830224684
37393.82029803135
40075.27243790714
42956.644809101956
46038.44042329927
49321.17177724186
52805.354660752215
56491.508257913505
60380.14855864808
64471.78442246103
68766.91760562322
73266.03621223959
77969.61355674332
82878.10454865641
87991.94402075773
93311.54436417224
98837.29354611594
104569.55348424686
110508.65893525575
116654.91604412788
123008.60190129175
129569.96386367723
136339.21903942098
143316.5545329905
150502.12731270693
157896.06465411364
165498.46459423233
173309.39659096987
181328.9023005848
189556.99658562208
197993.66850268317
206638.88249067235
215492.57954595488
224554.67854794447
233825.07757367127
243303.6552874338
252990.27232441347
262884.77269942506
272986.98521901725
283296.7248748652
293813.7942232842
304537.9847331543
315469.0781342817
326606.8476373712
337951.05922943156
349501.4728396544
361257.8435270536
373219.92226380605
385387.4575823253
397760.1959051525
410337.88279394107
423120.2636968276
436107.08475269907
449298.0935559117
462693.0397666003
476291.67577309173
490093.7572290157
504099.0436105634
518307.2986104679
532718.2905579323
547331.7928180383
562147.5840870481
577165.4486430523
592385.1766195423
607806.5641582613
623429.4135891884
639253.5336000366
655278.7392216008
671504.8520301699
687931.6999997494
704559.1177788358
721386.9464550405
738415.033622337
755643.2333187321
773071.4059812054
790699.4183307636
808527.1432991773
826554.4599482383
844781.2532260619
863207.4143068099
881832.8395294519
900657.4312631259
919681.0971897877
938903.7502468575
958325.3087034097
977945.6955604424
997764.8388497239
1.0177826711633053e6
1.0379991296815694e6
1.058414155909165e6
1.0790276955290409e6
1.0998396983340122e6
1.1208501178844846e6
1.1420589115398666e6
1.1634660401512259e6
1.1850714681766918e6
1.2068751631107654e6
1.2288770956603256e6
1.251077239545909e6
1.273475571311069e6
1.2960720702104655e6
1.3188667180496273e6
1.3418594991226296e6
1.3650504000249011e6
1.3884394095499965e6
1.4120265185990552e6
1.4358117200272374e6
1.459795008568624e6
1.483976380704335e6
1.5083558345956737e6
1.5329333699419831e6
1.5577089879152637e6
1.5826826911253661e6
1.6078544833648917e6
1.6332243697131777e6
1.6587923563692174e6
1.684558450570991e6
1.7105226606137014e6
1.7366849954287098e6
1.7630454653306545e6
1.7896040806688606e6
1.8163608532849017e6
1.84331579521795e6
1.8704689192514566e6
1.8978202386998215e6
1.9253697674143016e6
1.9531175197482496e6
1.9810635102859838e6
2.0092077542661205e6
2.0375502670902135e6
2.0660910645099208e6
2.0948301625102907e6
2.123767577400949e6
2.1529033255501967e6
2.1822374236243074e6
2.2117698883538586e6
2.241500736631085e6
2.271429985451759e6
2.3015576518249903e6
2.3318837528637643e6
2.3624083056604606e6
2.39313132737569e6
2.424052835081503e6
2.455172845943236e6
2.4864913769838964e6
2.5180084452149896e6
2.549724067571152e6
2.5816382609038795e6
2.6137510419855397e6
2.6460624275543005e6
2.678572433957347e6
2.711281077887566e6
2.744188375496966e6
2.7772943430024707e6
2.810598996439741e6
2.844102351722715e6
2.877804424556275e6
2.9117052303549857e6
2.945804784903698e6
2.980103103227348e6
3.0146002004753286e6
3.049296091543401e6
3.084190791265843e6
3.119284313928831e6
3.1545766741915173e6
3.1900678861800046e6
3.225757963909581e6
3.261646921491803e6
3.297734772111871e6
3.33402152949966e6
3.3705072069039117e6
3.4071918174930145e6
3.444075374191155e6
3.4811578897547084e6
3.5184393767616223e6
3.5559198476076727e6
3.593599314599115e6
3.631477789524215e6
3.6695552845033635e6
3.7078318111431072e6
3.74630738096125e6
3.7849820053026746e6
3.823855695352022e6
3.862928462125012e6
3.90220031642749e6
3.9416712689775876e6
3.981341330277326e6
4.021210510684484e6