141314.8302245742
141334.40200176637
141386.9030055094
141473.17723123927
141594.58914335957
141753.0365518275
141950.91401365306
142191.14389146282
142477.0985055443
142812.71924578462
143202.36152036575
143650.8575453692
144163.4954124943
144746.01343182876
145404.53283320792
146145.58016135648
146976.0940545947
147903.32123689703
148934.89741501334
150078.73521704413
151343.06058361795
152736.33079485112
154267.35011598602
155944.97304958187
157778.38428002817
159776.8686880091
161949.86027712643
164306.896642151
166857.59130276425
169611.6104124523
172578.61997984257
175768.28511811135
179190.23093285644
182853.97912301304
186768.98083634843
190944.50577748718
195389.68580991228
200113.43163429562
205124.42383323313
210431.07388136926
216041.51061255147
221963.5231088872
228204.55561004468
234771.6725039768
241671.53124975308
248910.35961996892
256493.9350339888
264427.5599584626
272716.0471504896
281363.7026170351
290374.3120864206
299751.1303850739
309496.87348940683
319613.7133944223
330103.2765885176
340966.6364737155
352204.35724307614
363816.4231968983
375802.3255182204
388161.0383940162
400891.04101929395
413990.33845621464
427456.4796217466
441286.5833001736
455477.36087777297
470025.1482686121
484925.9276889562
500175.3637901481
515768.8302343196
531701.4418075248
547968.0909361143
564563.4707728351
581482.1142327201
598718.4200085141
616266.6872777917
634121.141710586
652275.9610015012
670725.3115769993
689463.364251818
708484.3196801823
727782.4380507506
747352.0442952195
767187.5686662223
787283.5378616465
807634.6110628305
828235.5846886544
849081.3970262795
870167.1561129969
891488.1305192045
913039.7610903142
934817.6730762186
956817.6666390214
979035.7345508278
1.0014680493644092e6
1.0241109741729433e6
1.0469610579891177e6
1.070015032088146e6
1.0932698105615084e6
1.1167224848511843e6
1.1403703241468724e6
1.1642107655968273e6
1.1882414145457014e6
1.2124600371803949e6
1.236864554657578e6
1.2614530406634947e6
1.2862237115125267e6
1.311174923305919e6
1.3363051659953492e6
1.3616130548176141e6
1.387097328272508e6
1.4127568412072072e6
1.4385905521340836e6
1.4645975323558878e6
1.4907769470297657e6
1.5171280525982538e6
1.5436501953785666e6
1.570342803571207e6
1.5972053856279447e6
1.624237514611471e6
1.6514388399504195e6
1.6788090724350095e6
1.7063479737766818e6
1.734055394680734e6
1.7619311872469627e6
1.7899752819956092e6
1.8181876486088915e6
1.8465682969854826e6
1.8751172776621268e6
1.903834662030611e6
1.932720577563787e6
1.9617751608516262e6
1.9909985851624862e6
2.020391042948833e6
2.0499527481082762e6
2.079683943447185e6
2.1095848818691736e6
2.139655834516715e6
2.1698970869483333e6
2.200308938851692e6
2.230891701173047e6
2.2616456927314824e6
2.2925712433777414e6
2.323668689290695e6
2.354938374313402e6
2.386380646655652e6
2.4179958591755247e6
2.4497843681178084e6
2.481746533059433e6
2.5138827141181035e6
2.546193274225088e6
2.5786785756919095e6
2.611338981352999e6
2.644174853752909e6
2.6771865537477117e6
2.7103744407998254e6
2.7437388724956056e6
2.777280204388488e6
2.8109987891547508e6
2.844894976157379e6
2.8789691132827615e6
2.9132215422556344e6
2.9476526030000476e6
2.9822626311441297e6
3.0170519579235455e6
3.052020910752941e6
3.0871698131885175e6
3.1224989817087543e6
3.158008733445435e6
3.1936993798400857e6
3.2295712140177246e6
3.2656245480744103e6
3.3018596733988267e6
3.338276880417745e6
3.374876454941298e6
3.411658677487285e6
3.4486238250865117e6
3.485772168271446e6
3.523103973781408e6
3.560619503647466e6
3.5983190128250867e6
3.636202759632064e6
3.674270985924391e6
3.7125239367005397e6
3.750961850866831e6
3.7895849622126566e6
3.828393500798176e6
3.8673876910648188e6
3.906567754861625e6
3.9459339084449476e6
3.9854863747932212e6
4.025225341794164e6
4.0651510235991944e6
4.1052636205569413e6
4.1455633289061366e6
4.1860503410683544e6
4.226724845607959e6
4.267587027368838e6
4.308637081636609e6
4.349875158362094e6
4.391301445273177e6