22803.422183427472
22916.729268206294
23218.948108952653
23710.25981765414
24390.95694462015
25261.44098907761
26322.219013821486
27573.899358128045
29017.18656496595
30652.87553641731
32481.845006500327
34505.050089266006
36723.51556272607
39138.32778543448
41750.62287809851
44561.58369617319
47572.42671330788
50784.39325546425
54198.74468627192
57816.74807618882
61639.671425066255
65668.77306327401
69905.29519721147
74350.45554156143
79005.43996786854
83871.3962025682
88949.42734544865
94240.58665791636
99745.87208370148
105466.22219034971
111402.51219235116
117555.55084065716
123926.07793566886
130514.76221922424
137322.20014072195
144348.9148319651
151595.3560352878
159061.90002653335
166748.85136384057
174656.44180124233
182784.8340720728
191134.12263343466
199704.33614939242
208495.43993341536
217507.33864707215
226739.87940315763
236192.85470732363
245866.00581241547
255759.02604827867
265871.5642455188
276203.22821519343
286753.5882209654
297522.18044818164
308508.5104282979
319712.0564058059
331132.272748329
342768.59291592
354620.4328134271
366687.193648439
378968.2648165838
391463.02663395926
404170.85294892173
417091.1135301217
430223.1763047767
443566.4097207059
457120.1844887542
470883.8755815579
484856.863806766
499038.5374483749
513428.29368410073
528025.5397476547
542829.6942271619
557840.1878564598
573056.4646504156
588477.9824496121
604104.2137601414
619934.6461648641
635968.7829023222
652206.143185366
668646.2624418875
685288.6925702477
702133.0020306231
719178.7759834862
736425.6161467468
753873.1408706107
771520.98494443
789368.7994928975
807416.2517166302
825663.0247144236
844108.8171588293
862753.3430925854
881596.3314282404
900637.525801463
919876.6840517245
939313.5779622807
958947.9927697602
978779.7267751216
998808.5911227054
1.0190344087579991e6
1.0394570151046792e6
1.0600762566500898e6
1.0808919908560081e6
1.1019040858680075e6
1.1231124199853437e6
1.14451688122248e6
1.1661173669938883e6
1.1879137836299543e6
1.2099060459322715e6
1.232094077108385e6
1.2544778078792552e6
1.2770571765739266e6
1.2998321284925062e6
1.3228026156979878e6
1.345968596564082e6
1.3693300356073652e6
1.3928869034110047e6
1.416639174323593e6
1.4405868303468935e6
1.46472985658918e6
1.4890682431982649e6
1.513601984530349e6
1.5383310790423208e6
1.563255528928085e6
1.5883753399702306e6
1.6136905212163231e6
1.6392010848719203e6
1.6649070459820363e6
1.6908084224095764e6
1.7169052343340665e6
1.743197504412604e6
1.7696852574138967e6
1.7963685200758183e6
1.8232473209775852e6
1.8503216903858474e6
1.8775916601459784e6
1.9050572634521239e6
1.9327185348301178e6
1.9605755099491423e6
1.988628225631646e6
2.016876719219874e6
2.0453210295270586e6
2.0739611956909385e6
2.1027972576125227e6
2.1318292557872683e6
2.161057231158952e6
2.1904812250937168e6
2.2201012793135573e6
2.24991743579336e6
2.2799297367296717e6
2.310138224501235e6
2.340542941561814e6
2.371143930450282e6
2.4019412336174296e6
2.4329348935817024e6
2.4641249529391434e6
2.4955114533075565e6
2.52709443733101e6
2.558873946977775e6
2.5908500238414304e6
2.62302270936998e6
2.6553920450438727e6
2.6879580709449532e6
2.720720828479185e6
2.7536803576852507e6
2.786836698325229e6
2.8201898900253107e6
2.8537399719126616e6
2.8874869826570284e6
2.921430960859144e6
2.955571944219154e6
2.9899099702737527e6
3.0244450761389406e6
3.0591772984195435e6
3.094106673312067e6
3.1292332365520876e6
3.1645570234185e6
3.2000780688079186e6
3.235796406813442e6
3.271712071628142e6
3.307825096786132e6
3.344135514934497e6
3.380643358687059e6
3.4173486601466266e6
3.454251450921396e6
3.4913517621072307e6
3.5286496244016504e6
3.566145068070558e6
3.6038381228769217e6
3.6417288181430567e6
3.679817182793867e6
3.718103245261764e6
3.7565870335717928e6
3.7952685753229167e6
3.8341478976762183e6
3.873225027373094e6
3.9124999907848183e6
3.9519728137232913e6
3.991643521806935e6
4.0315121401074333e6
4.0715786933418643e6