38262.36226501173
38347.02180900212
38573.00734773418
38940.93600707836
39451.80657476606
40106.9937556434
40908.24027319305
41857.64687015538
42957.66027421344
44211.05920717874
45620.93852846281
47190.69161232072
48923.99110711628
50824.76754404663
52897.189968528575
55145.636974996625
57574.678980978206
60189.044541980664
62993.61013365103
65993.34748434945
69193.32026058887
72598.64750848108
76214.47390954653
80045.94631452384
84098.18467963769
88376.25597367118
92885.14888169925
97629.74674980665
102614.80696573269
107844.93182177638
113324.55446870162
119057.91230028565
125049.0307200111
131301.7048645047
137819.4852289476
144605.66313615598
151663.25922567543
158995.01312632507
166603.37667501048
174490.50630535587
182658.26050752573
191108.19725359674
199841.57364667862
208859.34865710925
218162.18565184827
227750.4583399238
237624.25750796736
247783.39940308183
258227.43555508606
268955.663803683
279967.1404145218
291260.6932260019
302834.9354186066
314688.28024356865
326818.9557405108
339225.0213276851
351904.3792547981
364854.8033517946
378073.93174191343
391559.3045014427
405308.36881460494
419318.4947537264
433586.99092144996
448111.1177346487
462888.10220263933
477915.1480320827
493189.45034207794
508708.20537772955
524468.6217777915
540467.9300935387
556703.3911900467
573172.3053694688
589872.019286397
606799.9324739288
623953.5032222418
641330.2540560055
658927.7757549124
676743.7310258815
694775.8584602922
713021.9740606088
731479.9737307819
750147.8348634917
769023.6168273117
788105.4619343098
807391.5952533765
826880.3248050772
846570.0402908784
866459.2125325429
886546.3925891332
906830.2102712435
927309.371893048
947982.6590865423
968848.9275512658
989907.1033453525
1.0111561822402689e6
1.0325952265912482e6
1.0542233637459618e6
1.0760397825594535e6
1.0980437327586436e6
1.1202345210195845e6
1.1426115092471163e6
1.1651741122102134e6
1.187921796074974e6
1.2108540718951202e6
1.2339705009671338e6
1.2572706849789135e6
1.2807542685245508e6
1.304420934911773e6
1.328270404512674e6
1.3523024333156277e6
1.3765168082755846e6
1.4009133554650703e6
1.425491918537048e6
1.450252377131933e6
1.4751946344876797e6
1.5003186184026566e6
1.5256242796881162e6
1.5511115903640366e6
1.5767805422789496e6
1.6026311458989084e6
1.6286634289255901e6
1.6548774352294018e6
1.681273223234799e6
1.7078508651417347e6
1.7346104461994283e6
1.7615520625564596e6
1.788675822246715e6
1.8159818431170715e6
1.8434702475182898e6
1.871141173335464e6
1.8989947612297612e6
1.9270311591148195e6
1.9552505214666736e6
1.9836530077699749e6
2.0122387824881617e6
2.041008014211671e6
2.0699608751789837e6
2.0990975410802457e6
2.128418190033746e6
2.157923002584667e6
2.1876121613337332e6
2.217485850179776e6
2.2475442544989977e6
2.277787560467907e6
2.3082159546189336e6
2.3388296241834033e6
2.3696287562366407e6
2.4006135375070414e6
2.4317841546079023e6
2.463140793527914e6
2.4946836391543974e6
2.5264128757985975e6
2.558328686471246e6
2.5904312529760785e6
2.622720755764733e6
2.655197373626205e6
2.68786128398642e6
2.7207126624736553e6
2.7537516829341063e6
2.7869785173107134e6
2.820393337021585e6
2.8539963060088125e6
2.887787594575139e6
2.921767365244788e6
2.9559357798309023e6
2.990292998007877e6
3.0248391773910895e6
3.059574473231381e6
3.0944990387241943e6
3.129613024671537e6
3.164916579765714e6
3.2004098504939675e6
3.236092982258725e6
3.271966113183186e6
3.3080293868256886e6
3.3442829393775305e6
3.3807269061908396e6
3.417361420231095e6
3.4541866124740634e6
3.4912026119639585e6
3.5284095448347656e6
3.565807535739771e6
3.6033967070828183e6
3.64117717903239e6
3.679149070076363e6
3.717312496126375e6
3.7556675715954956e6
3.7942144084234545e6
3.832953117140431e6
3.8718838058726126e6
3.911006581422164e6
3.9503215479539884e6
3.989828808337124e6
4.0295284634333374e6
4.069420612609121e6
4.109505353137525e6
4.149782780250296e6
4.1902529885910433e6
4.2309160699997945e6
4.271772115424353e6