21176.456772613612
21292.825722914626
21603.182209783576
22107.63302497889
22806.350609677407
23699.571505320488
24787.594238587684
26070.776668761042
27549.532832606143
29224.32932807869
31095.68128355353
33164.14776776028
35430.32780683768
37894.854622561805
40558.39059318474
43421.62199754287
46485.254443244434
49750.00737455165
53216.60487807424
56885.77858093649
60758.255112395724
64834.75416812269
69115.9838972674
73602.63568763177
78295.38128645583
83194.86734954202
88301.71348291726
93616.50837439063
99139.80733738419
104872.12967700776
110813.95720155533
116965.73196813551
123327.85560666013
129900.68811842035
136684.54745652247
143679.70900996125
150886.40602326882
158304.82979103798
165935.13020233522
173777.4166035838
181831.75889573147
190098.18875553986
198576.70102920488
207267.25529731897
216169.7775560462
225284.1619731881
234610.27276444522
244147.9460944275
253896.992028075
263857.1965107559
274028.32335858943
284410.1162315735
295002.3005936609
305804.585637719
316816.666168275
328038.2244523287
339468.93195793865
351108.4510974665
362956.43684630503
375012.538307914
387276.4002058008
399747.6642573332
412425.9705409883
425310.958685779
438402.26901416434
451699.543685467
465202.4275640447
478910.5692238995
492823.62170534104
506941.2433171553
521263.0982734033
535788.8572818527
550518.1980947609
565450.8060113045
580586.3742093132
595924.6041400852
611465.2059319529
627207.8980843534
643152.4086517988
659298.4744080422
675645.8415838168
692194.2654952202
708943.5108943508
725893.3518285316
743043.5715969043
760393.9627061799
777944.326803195
795694.4745144785
813644.2253349879
831793.4075124111
850141.8578757887
868689.4215457885
887435.9519309717
906381.3103968435
925525.3661015035
944867.9957696544
964409.083452796
984148.5203747618
1.0040862046403344e6
1.0242220410064152e6
1.0445559406671445e6
1.0650878210465764e6
1.0858176055371864e6
1.10674522327657e6
1.1278706089120114e6
1.1491937024156465e6
1.1707144488233933e6
1.1924327979841467e6
1.2143487045308307e6
1.236462127364861e6
1.2587730297273775e6
1.2812813788692048e6
1.3039871458838745e6
1.3268903054935632e6
1.3499908359372683e6
1.3732887187136535e6
1.3967839384327799e6
1.4204764826554332e6
1.4443663418326671e6
1.4684535088709749e6
1.4927379792815177e6
1.5172197509029307e6
1.5418988237496812e6
1.5667751999037382e6
1.5918488834781956e6
1.6171198802431554e6
1.6425881977685415e6
1.6682538452394844e6
1.69411683322605e6
1.7201771737394454e6
1.746434880058629e6
1.77288996663185e6
1.799542448998381e6
1.8263923435342282e6
1.85343966831375e6
1.88068444101484e6
1.90812668112946e6
1.9357664083137398e6
1.963603643148511e6
1.9916384064835918e6
2.0198707200715768e6
2.0483006059906746e6
2.0769280863735594e6
2.1057531843398013e6
2.134775922911271e6
2.1639963254764634e6
2.1934144156712913e6
2.223030217231861e6
2.2528437543201474e6
2.2828550508573796e6
2.3130641310697864e6
2.3434710191811477e6
2.3740757394797653e6
2.4048783162553916e6
2.435878773718932e6
2.467077136096169e6
2.4984734275184786e6
2.530067672048963e6
2.5618598936359384e6
2.5938501161301727e6
2.6260383631378864e6
2.658424658331151e6
2.691009025021881e6
2.7237914864882887e6
2.7567720656213956e6
2.7899507851997856e6
2.823327668098255e6
2.856902736595304e6
2.890676012877476e6
2.9246475189096453e6
2.95881727642307e6
2.9931853069000575e6
3.027751631594812e6
3.062516271507454e6
3.0974792472315766e6
3.1326405797471423e6
3.168000288812346e6
3.203558394588271e6
3.239314916803197e6
3.2752698751629796e6
3.3114232884291885e6
3.3477751758087995e6
3.3843255559088886e6
3.421074447241538e6
3.4580218679614533e6
3.4951678359863777e6
3.5325123689838545e6
3.57005548434953e6
3.6077971992388964e6
3.645737530585602e6
3.6838764950091243e6
3.7222141089252857e6
3.7607503884935062e6
3.799485349630179e6
3.8384190080096647e6
3.8775513790949965e6
3.9168824780261656e6
3.956412319836596e6
3.9961409192393394e6
4.0360682907536393e6