22360.313725188484
22474.481147706858
22778.986919514966
23273.99228722209
23959.75770015783
24836.640547728224
25905.092102830225
27165.653666904676
28618.951982054517
30265.69396415822
32106.660821388723
34142.70134366612
36374.72586519369
38803.698759778934
41430.62897809211
44256.565048504344
47282.585735083594
50509.790409866284
53939.296278113616
57572.22414828315
61409.695502354996
65452.821617359965
69702.69915891899
74160.40211675764
78826.97540700466
83703.42938638685
88790.73409493784
94089.81467230126
99601.54678526113
105326.75255195714
111266.19810552339
117420.58964986511
123790.57233553704
130376.72813273368
137179.57475968174
144199.5650268167
151437.08678134583
158892.4631114381
166565.9529604157
174457.75235214326
182567.99572799396
190896.75762308665
199444.05477466696
208209.84838449527
217194.04648665423
226396.50666221342
235817.03878134105
245455.4079423694
255311.33741256685
265384.5116799374
275674.5795222495
286181.1570690468
296903.83085382613
307842.16083968186
318995.6833732987
330363.9140987649
341946.3507364975
353742.4758272051
365751.7593314665
377973.66112433415
390407.6333690641
403053.122814222
415909.57286800584
428976.4255154736
442253.1234000032
455739.1113948434
469433.8381600671
483336.75772682286
497447.33077591436
511765.02591015416
526289.3206965271
541019.7027007225
555955.670266368
571096.7334489371
586442.4144863347
601992.2485462821
617745.7840771053
633702.5832768485
649862.2224143738
666224.2919834473
682788.3969799157
699554.1570263295
716521.2060974665
733689.1931650405
751057.7815163464
768626.6489543181
786395.4876040689
804364.0037442751
822531.9175969285
840898.9630685241
859464.8875855299
878229.4515799165
897192.4284876188
916353.6042275093
935712.7769208048
955269.7565744477
975024.3646485534
994976.4338288469
1.0151258077381866e6
1.0354723397023058e6
1.056015894206689e6
1.0767563446298596e6
1.097693573923912e6
1.1188274739874308e6
1.1401579453024957e6
1.1616848966021978e6
1.1834082445163452e6
1.2053279131357821e6
1.2274438341439678e6
1.2497559451832492e6
1.2722641916046122e6
1.294968524284382e6
1.3178689002301786e6
1.3409652820213542e6
1.3642576376776493e6
1.387745940593262e6
1.4114301674989483e6
1.435310301887799e6
1.4593863300262662e6
1.4836582426335232e6
1.5081260341746064e6
1.532789702749658e6
1.557649249774076e6
1.5827046798110586e6
1.6079560004159498e6
1.6334032220633975e6
1.6590463573492307e6
1.6848854217302545e6
1.7109204326301175e6
1.737151409687204e6
1.7635783744005875e6
1.7902013500661843e6
1.817020361601059e6
1.8440354354388248e6
1.8712465994276109e6
1.898653882631599e6
1.92625731528631e6
1.9540569286934638e6
1.9820527551651658e6
2.010244827495481e6
2.038633179799512e6
2.0672178464925438e6
2.095998862703539e6
2.1249762640391653e6
2.1541500865514716e6
2.1835203667370137e6
2.2130871413548235e6
2.2428504473980046e6
2.2728103221137347e6
2.3029668028883683e6
2.333319927192389e6
2.3638697325948384e6
2.394616256589481e6
2.425559536752989e6
2.456699610485603e6
2.488036515257227e6
2.519570288235689e6
2.5513009665327943e6
2.583228586916561e6
2.615353186321996e6
2.6476748010950717e6
2.6801934674544274e6
2.7129092213301957e6
2.74582209843267e6
2.7789321339750574e6
2.812239363070214e6
2.845743820391831e6
2.879445540215506e6
2.91334455675756e6
2.9474409034303916e6
2.981734613571156e6
3.016225720045795e6
3.0509142553509227e6
3.0858002515931954e6
3.1208837404859434e6
3.156164753251173e6
3.191643321124002e6
3.2273194741120874e6
3.263193242658583e6
3.2992646565870144e6
3.3355337447812078e6
3.3720005363442698e6
3.4086650596418413e6
3.4455273428608705e6
3.4825874136335184e6
3.519845299226873e6
3.557301026515339e6
3.594954621969246e6
3.6328061116547384e6
3.67085552128154e6
3.7091028761446546e6
3.747548201161809e6
3.786191520869411e6
3.8250328594306833e6
3.8640722406290215e6
3.903309687930723e6
3.942745224296327e6
3.9823788725216524e6
4.022210654916098e6
4.062240593476716e6