86803.82012109034
86848.82761534618
86969.15060624614
87165.61433403747
87439.55633253767
87792.82155538391
88227.75557162293
88747.1958949811
89354.46113360696
90053.33685561089
90848.07036472263
91743.34156249312
92744.26787689322
93856.31729688664
95085.42204928974
96437.818729099
97920.0982381907
99539.16252971569
101302.1981496095
103216.655351541
105290.24232536607
107530.81857938948
109946.45923020656
112545.3646987396
115335.8536744822
118326.32833535457
121525.23360030784
124941.02295781253
128582.15004210908
132456.9961414226
136573.8732767705
140940.97303649876
145566.32226015785
150457.7840323288
155622.9990435376
161069.36073421247
166803.99298448593
172833.69971217407
179164.97509327802
185803.9435975892
192756.34960243435
200027.53635357175
207622.4207634645
215545.48249315537
223800.74230728362
232391.75492022856
241321.59376710345
250592.84758879262
260207.61530436107
270167.50441095704
280473.632512259
291126.63184785756
302126.65688751824
313473.3933789636
325166.0727652307
337203.48612810625
349584.0014981667
362305.5848425835
375365.820943002
388761.9364389768
402490.8256918702
416549.0743259911
430932.99444895436
445638.6273307242
460661.8132812629
475998.1831158571
491643.2004437517
507592.18819129874
523840.3582806549
540382.8308954734
557214.6654974911
574330.8856023042
591726.4992276393
609396.5208111047
627335.9922662211
645540.0019163869
664003.7018955213
682722.3311888434
701691.1918352928
720905.7373511101
740361.5084585806
760054.1801825308
779979.5618585749
800133.6061685
820512.4121536006
841112.2312176307
861929.468471791
882960.6854361915
904202.6057992366
925652.1085704108
947306.2271033701
969162.1561515579
991217.2424632042
1.0134689848279017e6
1.035915031067404e6
1.0585531736680088e6
1.081381346662885e6
1.1043976212250444e6
1.1276002020013372e6
1.1509874206629673e6
1.1745577329886118e6
1.198309713709654e6
1.2222420513895992e6
1.2463535417261457e6
1.270643086697068e6
1.295109686225322e6
1.3197524339642553e6
1.344570513205336e6
1.3695631922322372e6
1.3947298194653408e6
1.4200698199072643e6
1.4455826843052e6
1.4712679794526894e6
1.4971253273854628e6
1.5231544977726447e6
1.5493549863844314e6
1.5757268248607446e6
1.6022697742358902e6
1.62898371942474e6
1.6558685876284048e6
1.6829243442535251e6
1.71015099146512e6
1.7375485651986813e6
1.765117132079136e6
1.7928567849841246e6
1.8207676453665365e6
1.8488498598379295e6
1.877103589061349e6
1.905529021395832e6
1.9341263641602998e6
1.9628958367436046e6
1.9918376732838752e6
2.020952122261247e6
2.0502394450752225e6
2.0796999125458645e6
2.109333805137919e6
2.139141411923168e6
2.1691230288820434e6
2.199278955789666e6
2.2296095021887086e6
2.2601149783823392e6
2.290795699628344e6
2.321651983581489e6
2.352684149746781e6
2.3838925196449477e6
2.41527741556626e6
2.4468391613192284e6
2.4785780770808863e6
2.5104944855571855e6
2.5425887080600136e6
2.5748610638094353e6
2.6073118719666833e6
2.6399414459041893e6
2.672750099983105e6
2.7057381455466705e6
2.738905890457054e6
2.772253639796195e6
2.8057816956038284e6
2.839490356189062e6
2.8733799166001095e6
2.9074506689279918e6
2.9417029004030554e6
2.9761368942019404e6
3.0107529306991342e6
3.0455512894356675e6
3.0805322345687933e6
3.115696040908586e6
3.1510429700014424e6
3.1865732814272256e6
3.222287230745079e6
3.258185069131729e6
3.2942670428900355e6
3.3305333974650064e6
3.366984370222741e6
3.4036201963069076e6
3.4404411063326583e6
3.477447326717342e6
3.514639080345701e6
3.552016585491513e6
3.589580057674499e6
3.6273297065482168e6
3.66526573937343e6
3.7033883591499464e6
3.7416977654106054e6
3.7801941532573043e6
3.8188777148587913e6
3.85774863806524e6
3.896807107962062e6
3.9360533055875874e6
3.975487408659709e6
4.015109591485568e6
4.0549200250572623e6
4.0949188769977572e6
4.1351063120888523e6
4.1754824910514434e6
4.216047572787564e6
4.256801712161746e6
4.297745061371079e6
4.338877769692028e6
4.380199983551484e6