171003.61473521168
171011.6488900392
171033.38198089672
171069.65532730313
171121.8221005576
171191.7102432983
171281.94067335906
171395.16605532498
171534.88633533995
171704.98111365354
171909.8329184008
172154.26863559757
172443.5871393998
172783.50214496345
173180.18506421
173640.19184313834
174170.4682286673
174778.3368283529
175471.48332489902
176257.86602504904
177145.8262347241
178143.93294598287
179261.18007603733
180506.5190963423
181889.33189139594
183419.1181717123
185105.571326801
186958.5110450828
188987.87635815833
191203.67592618792
193615.97419643807
196234.95820438516
199070.6586918267
202133.17855762513
205432.54559587952
208978.69210196284
212781.44821176984
216850.47054237392
221195.26050143622
225825.0803717215
230748.98591418032
235975.74433624922
241513.8196756144
247371.36203678828
253556.1479650554
260075.5836951223
266936.6599919591
274145.9307751958
281709.4944127562
289632.9692097629
297921.47532570234
306579.6160928437
315611.4646804703
325020.5510170837
334809.8524117931
344981.7868233032
355538.20910676837
366480.41064457584
377809.12085171405
389524.5125958688
401626.21316765295
414113.3132047036
426984.3825334938
440237.4863916512
453870.20858498523
467879.6701518998
482262.5561650961
497015.14525841665
512133.3317000449
527612.6621447667
543448.365914809
559635.3811598067
576168.3966227288
593041.8740279537
610250.0950134492
627787.1809116171
645647.1282784754
663823.845770856
682311.1784311463
701102.9395289212
720192.9351690479
739574.9898094865
759242.9839744722
779190.8501435722
799412.618728899
819902.4269245599
840654.5264800258
861663.32383968
882923.3625546251
904429.3585043513
926176.1970451609
948158.9440018984
970372.852127216
992813.3655514595
1.0154761284409554e6
1.0383569792436119e6
1.0614519504423281e6
1.0847572777666838e6
1.1082693921104039e6
1.1319849203535216e6
1.1559006783465724e6
1.1800136719478746e6
1.2043211032865006e6
1.2288203052513513e6
1.2535088579690142e6
1.278384458391909e6
1.3034449851023434e6
1.3286884663656945e6
1.3541130818158775e6
1.3797171767817696e6
1.4054991915767123e6
1.4314577470259357e6
1.4575915526670443e6
1.483899455080585e6
1.5103804113763417e6
1.5370334864962606e6
1.5638578430724107e6
1.5908527486719545e6
1.6180175456564433e6
1.6453516747915056e6
1.6728546583449738e6
1.700526069347544e6
1.728365585980608e6
1.7563729263432075e6
1.7845478774790736e6
1.8128902820504892e6
1.8414000327090074e6
1.870077062280626e6
1.8989213976747515e6
1.927933029301917e6
1.9571120389721254e6
1.9864585293054492e6
2.0159726403760444e6
2.0456545299609287e6
2.0755043874556175e6
2.105522440047182e6
2.135708920552629e6
2.166064086259016e6
2.1965882168316534e6
2.227281604929516e6
2.2581445543511193e6
2.289177386595388e6
2.3203804321630225e6
2.3517540309752887e6
2.383298533292569e6
2.415014294857162e6
2.44690167759303e6
2.4789610484087253e6
2.5111927807691256e6
2.5435972465039687e6
2.5761748234716654e6
2.608925889455393e6
2.641850823740146e6
2.67495000536802e6
2.708223812827138e6
2.74167262416747e6
2.775296815422206e6
2.8090967610433586e6
2.8430728410618645e6
2.877225408842601e6
2.9115548385259365e6
2.9460614930226803e6
2.9807456430739868e6
3.0156079195253463e6
3.0506483888878566e6
3.0858674963922095e6
3.121265585121565e6
3.1568429929193542e6
3.192600053119101e6
3.2285370964283147e6
3.264654444194065e6
3.300952417065021e6
3.337431328727374e6
3.374091488080057e6
3.4109331998983272e6
3.447956758507798e6
3.485162456823816e6
3.5225505978144775e6
3.5601214560443643e6
3.597875310739567e6
3.6358124351799777e6
3.6739330978859966e6
3.712237562952287e6
3.7507260890430068e6
3.7893989303910783e6
3.8282563238651375e6
3.867298537943253e6
3.9065258009118843e6
3.9459383472718378e6
3.9855364078131127e6
4.0253202083336595e6
4.0652899702158677e6
4.1054459109068974e6
4.1457882431370323e6
4.1863171756025045e6
4.227032912622705e6
4.267935654653171e6
4.30902559896167e6
4.350302935367893e6
4.391767855196087e6