22165.698925606113
22280.238673501517
22585.73406912511
23082.337539817534
23770.29527023485
24649.94506617947
25721.71343613551
26986.111927650614
28443.732764806944
30095.243841274954
31941.38313071317
33982.952311091256
36220.81103269534
38655.869790135956
41289.080946949296
44121.43382433066
47153.94667084603
50387.6560396554
53823.615142353396
57462.88085398581
61306.50982168969
65355.54885018852
69611.03058771128
74073.96640211852
78745.33803060878
83626.09705303948
88717.15485086331
94019.38062108448
99533.5966337452
105260.57441120171
111201.03246913616
117355.63263992645
123724.97904092429
130309.61611266666
137110.02751529095
144126.63621047704
151359.80312100047
158809.828668426
166476.95281609672
174361.35619978164
182463.16159683315
190782.43549220444
199319.1899984067
208073.3851175369
217044.93094147672
226233.69020691837
235639.4809453942
245262.0792063743
255101.22185943866
265156.6094678432
275427.9091791739
285914.75760697864
296616.7637058965
307533.5116093689
318664.5634072356
330009.46188349114
341567.73312112485
353338.88907609653
365322.4300139589
377517.846848771
389924.62382378784
402542.2383551479
415370.16756964434
428407.8856153459
441654.8676275165
455110.5908189734
468774.53681973164
482646.19116779754
496725.0464903934
511010.60270869615
525502.3682134233
540199.8608179574
555102.6084900069
570210.1502130039
585522.0364884853
601037.8299340219
616757.1056721981
632679.4517533635
648804.4694583144
665131.7734359406
681660.991965216
698391.7670696063
715323.7542582891
732456.6231310661
749790.0570688467
767323.7517667642
785057.4183622028
802990.779961847
821123.5731116824
839455.5472100764
857986.4643604747
876716.0988879376
895644.2373375535
914770.6779860656
934095.2305873241
953617.7160374761
973337.9660436531
993255.822837916
1.0133711389446193e6
1.0336837760092343e6
1.0541936061769484e6
1.0749005099558951e6
1.0958043768612593e6
1.1169051048235034e6
1.1382025998541783e6
1.159696775726632e6
1.1813875536479843e6
1.203274861851796e6
1.225358635713506e6
1.2476388162368916e6
1.2701153516626076e6
1.2927881954570045e6
1.3156573068453101e6
1.3387226503167115e6
1.3619841954888555e6
1.3854419170370197e6
1.4090957927927924e6
1.4329458069524488e6
1.4569919463360156e6
1.4812342019692594e6
1.5056725684076587e6
1.530307043631883e6
1.5551376286663206e6
1.5801643278848692e6
1.6053871480146442e6
1.6308060985376718e6
1.656421191418078e6
1.682232440943717e6
1.7082398633586585e6
1.7344434769993694e6
1.7608433019660455e6
1.7874393601051446e6
1.8142316746093805e6
1.8412202703928228e6
1.8684051735198745e6
1.8957864112562765e6
1.9233640119784705e6
1.951138005075144e6
1.9791084208918544e6
2.0072752902428992e6
2.0356386451883502e6
2.0641985180755667e6
2.0929549419342228e6
2.121907950252503e6
2.151057576967012e6
2.1804038563689017e6
2.2099468230397794e6
2.2396865118536227e6
2.269622957845341e6
2.2997561962129255e6
2.330086262442342e6
2.3606131913059494e6
2.3913370187123786e6
2.422257779888297e6
2.4533755100555657e6
2.48469024450558e6
2.516202018272325e6
2.5479108663890394e6
2.5798168234676016e6
2.611919924115353e6
2.6442202028992223e6
2.676717693896498e6
2.709412430932306e6
2.7423044477027263e6
2.7753937774119694e6
2.808680453179283e6
2.842164507710291e6
2.8758459733406333e6
2.9097248823469314e6
2.9438012662545396e6
2.9780751566232187e6
3.0125465841458347e6
3.047215579816918e6
3.082082173823797e6
3.11714639609614e6
3.152408276186865e6
3.1878678433351973e6
3.223525126113737e6
3.2593801531817466e6
3.295432952721675e6
3.33168355193804e6
3.3681319783647414e6
3.404778258773119e6
3.441622419780693e6
3.4786644874828076e6
3.5159044876314225e6
3.553342445608384e6
3.5909783864170583e6
3.628812334677549e6
3.666844314676794e6
3.705074350309426e6
3.743502465115729e6
3.782128682276898e6
3.8209530246222857e6
3.8599755146231707e6
3.8991961744524827e6
3.93861502580632e6
3.9782320902254153e6
4.0180473887928473e6
4.058060942296219e6