20755.293452326252
20872.403149986232
21184.7276986101
21692.354137795905
22395.422998895992
23294.127021243396
24388.709400030042
25679.461589792532
27166.72069325592
28850.86647048514
30732.318007804803
32811.52992761641
35088.98910326833
37565.209916837346
40240.73009117119
43116.106403682956
46191.910908464546
49468.726447305045
52947.139103987116
56627.74071603547
60511.11812672048
64597.85276162262
68888.51533683501
73383.66312731663
78083.83664888715
82989.55500684149
88101.31618254758
93419.59177770739
98944.82619197058
104677.43431246965
110617.80035557844
116766.27611896477
123123.18045759773
129688.798404834
136463.38086697075
143447.14427919989
150640.2709871161
158042.90946159992
165655.1747960425
173477.14927757034
181508.88425877638
189750.39918399468
198201.68482623925
206862.70352537913
215733.3907692023
224813.65663714777
234103.38736406004
243602.44684364664
253310.67823632757
263227.9055656828
273353.93532669207
283688.5580753556
294231.5500048183
304982.6744901169
315941.6836031314
327108.3195712776
338482.3162039607
350063.4002475118
361851.29269577423
373845.7100265411
386046.3653832945
398452.9696828532
411065.2326865501
423882.86392988055
436905.5736624968
450133.0737207454
463565.07822322997
477201.3043624617
491041.4730067926
505085.30933991313
519332.5433305011
533782.9102193085
548436.1509664007
563292.0126070103
578350.2485408369
593610.6188439219
609072.8904514775
624736.8373685973
640602.2408633245
656668.8894537608
672936.5791478027
689405.1132541462
706074.3027466643
722943.9659437606
740013.9286124688
757284.0239020211
774754.0922860862
792423.9814278324
810293.5461063432
828362.6481058823
846631.1559897506
865098.9453718233
883765.8978915691
902631.901981897
921696.8522158252
940960.6492214858
960423.1995410621
980084.4154123729
999944.2146463639
1.020002520318519e6
1.0402592607553925e6
1.060714369219183e6
1.0813677838130798e6
1.1022194472198735e6
1.1232693065548604e6
1.1445173132156786e6
1.1659634226622698e6
1.1876075942501845e6
1.2094497911471468e6
1.2314899799703865e6
1.253728130831277e6
1.2761642170686994e6
1.2987982151210967e6
1.321630104335873e6
1.3446598669064562e6
1.367887487651922e6
1.3913129539008045e6
1.414936255360408e6
1.4387573840744784e6
1.4627763340696532e6
1.4869931014726767e6
1.5114076842983887e6
1.5360200823163239e6
1.5608302969724536e6
1.5858383313539275e6
1.611044189891501e6
1.6364478784757596e6
1.6620494043029165e6
1.6878487757046872e6
1.713846002169798e6
1.740041094216966e6
1.7664340633256019e6
1.7930249218692917e6
1.8198136830370273e6
1.846800360779517e6
1.8739849696990997e6
1.9013675252022857e6
1.928948043016707e6
1.956726539624685e6
1.9847030317262025e6
2.012877536759877e6
2.0412500723485644e6
2.0698206565124271e6
2.098589307549169e6
2.127556044052119e6
2.1567208847890333e6
2.1860838487890298e6
2.2156449551709327e6
2.245404223233837e6
2.2753616723927855e6
2.305517322074477e6
2.335871191821318e6
2.3664233011493348e6
2.397173669614388e6
2.4281223168105986e6
2.459269262220733e6
2.490614525310356e6
2.522158125487243e6
2.55390008207345e6
2.585840414292511e6
2.617979141265397e6
2.6503162820358514e6
2.6828518554483163e6
2.7155858803160903e6
2.748518375110756e6
2.7816493583721854e6
2.814978848354062e6
2.8485068631594903e6
2.8822334205531576e6
2.9161585386389536e6
2.9502822348505035e6
2.9846045266012833e6
3.0191254308202565e6
3.0538449648116096e6
3.088763145362874e6
3.1238799887473085e6
3.1591955116601367e6
3.194709730190748e6
3.230422660305494e6
3.26633431803152e6
3.3024447184516075e6
3.338753877167051e6
3.3752618092616512e6
3.411968529726975e6
3.448874053285305e6
3.4859783944281847e6
3.5232815675014486e6
3.5607835866035675e6
3.598484465727135e6
3.6363842183269174e6
3.674482858156176e6
3.712780398434984e6
3.751276852269164e6
3.789972232564545e6
3.8288665520486073e6
3.86795982325424e6
3.9072520584710413e6
3.9467432698926716e6
3.9864334694651472e6
4.0263226689689527e6