113162.41308258666
113194.22569986503
113279.36799166695
113418.67981718027
113613.52260944754
113865.86755559506
114177.83560186694
114552.5906557028
114993.42602401855
115504.21804991772
116089.3061686065
116753.48526754754
117501.98832354211
118340.46683916613
119275.02189584856
120312.06167040888
121458.39723313844
122721.19324805413
124107.93159182614
125626.34380987921
127284.46898865083
129090.58271428745
131053.15944109985
133180.86993597297
135482.5263085519
137967.0838792355
140643.59349415492
143521.14738417458
146608.88750965305
149915.95841747744
153451.43087758106
157224.43233924225
161243.83194864867
165518.46450376714
170056.98318725702
174867.85546600405
179959.30736713245
185339.31507910398
191015.56771514477
196995.43611081078
203285.94929214584
209893.76288532343
216825.1334314388
224085.902522478
231681.4669609216
239616.76383007714
247896.25312031957
256523.90098957744
265503.17080057075
274837.0125579539
284527.85687460034
294577.6118049893
304987.66259166086
315758.8745233074
326891.5981877736
338385.67918188317
350240.46873106697
362454.8386050996
375027.1974822779
387955.4945889608
401237.32499114756
414869.7835383284
428849.66217174067
443173.387105527
457837.0687581384
472836.53321049054
488167.339692839
503824.8246383038
519804.123693737
536100.202698991
552707.8984775245
569621.9235917407
586836.9180575303
604347.4651235063
622148.1195727319
640233.4319833191
658597.9716805723
677236.3487455635
696143.231282281
715313.3693764261
734741.6057403018
754422.890834972
774352.3060499215
794525.053946777
814936.4905577968
835582.1221444225
856457.6094527792
877558.7852874906
898881.6453219025
920422.3575325812
942177.2650976795
964142.8812683471
986315.8983709628
1.0086931710507472e6
1.0312717331859958e6
1.0540487928490345e6
1.0770217039836235e6
1.1001879966221398e6
1.1235453510175156e6
1.1470916065829222e6
1.1708247420125888e6
1.194742885350723e6
1.218844298663411e6
1.2431273800189546e6
1.267590649656387e6
1.2922327532677804e6
1.31705245038917e6
1.3420486119179544e6
1.3672202133329208e6
1.3925663308138212e6
1.418086134134788e6
1.4437788831810837e6
1.4696439218915808e6
1.495680675694536e6
1.5218886418567873e6
1.5482673904037457e6
1.5748165550545526e6
1.6015358341413802e6
1.6284249828152894e6
1.655483803198806e6
1.6827121692992689e6
1.7101099743475504e6
1.7376771698320787e6
1.76541374831663e6
1.793319733397012e6
1.8213951865409384e6
1.8496401994373207e6
1.8780548941780657e6
1.906639416666789e6
1.935393941805377e6
1.9643186607760016e6
1.993413789848887e6
2.0226795591554001e6
2.0521162180788226e6
2.0817240306317473e6
2.1115032734261453e6
2.1414542341578645e6
2.1715772113756035e6
2.2018725133165126e6
2.2323404544178015e6
2.2629813583325436e6
2.2937955519828843e6
2.324783368125528e6
2.3559451437457157e6
2.3872812180890096e6
2.4187919336408284e6
2.4504776344873146e6
2.482338665089703e6
2.5143753696929985e6
2.5465880941213258e6
2.5789771825416107e6
2.6115429781773463e6
2.6442858227576814e6
2.677206055886567e6
2.7103040155755123e6
2.7435800368500394e6
2.77703445179552e6
2.810667589862419e6
2.8444797770384443e6
2.8784713356375312e6
2.912642584869743e6
2.9469938388564144e6
2.9815254096894395e6
3.0162376038247934e6
3.05113072382058e6
3.086205068825119e6
3.1214609327729163e6
3.156898605117967e6
3.1925183724691314e6
3.2283205153900823e6
3.264305308213595e6
3.3004730254244194e6
3.33682393410078e6
3.3733582957144645e6
3.4100763701727944e6
3.44697841082281e6
3.4840646670925883e6
3.5213353841588334e6
3.5587908025832153e6
3.596431159005194e6
3.63425668462589e6
3.672267607672397e6
3.710464151045941e6
3.748846534834139e6
3.787414973416551e6
3.826169678119378e6
3.865110855516468e6
3.9042387092363946e6
3.9435534382302165e6
3.9830552378846854e6
4.0227442994119134e6
4.0626208109291503e6
4.1026849565494293e6
4.142936916836246e6
4.183376868884025e6
4.224004986144182e6
4.264821438872081e6
4.305826394740552e6
4.347020015090066e6
4.388402462489269e6