304246.2083718982
304213.3860654075
304126.14990146324
303985.3142199249
303792.1670806981
303548.50883241935
303256.6248736084
302919.32324701914
302539.8184265657
302121.85968966124
301669.6054618587
301187.78219129506
300681.3865721961
300155.97747585794
299617.52472507604
299072.3414267004
298527.22415500425
297989.1732581828
297465.7651634502
296964.8978198509
296494.61788582365
296063.5551206592
295680.39166019665
295354.24655170314
295094.52415665716
294910.7680005611
294812.84579153877
294810.82283073326
294914.94590109115
295135.6529555798
295483.5775227996
295969.46339211095
296604.18163737626
297398.7215785185
298364.150659148
299511.63505009026
300852.34849869244
302397.4998246596
304158.3282219158
306146.0284234213
308371.7656174448
310846.64783992054
313581.68820959236
316587.8010335236
319875.7585789279
323456.17136467254
327339.47352706647
331535.86819500575
336055.3776323302
340907.6788160974
346102.20654095395
351648.07147015166
357554.0324807365
363828.479092651
370479.401923137
377514.3661757702
384940.4880959441
392764.409655962
400992.27596891084
409629.71418529865
418681.8107852318
428153.0984382325
438047.53605195554
448368.4963863494
459118.75106769765
470300.47437170375
481915.1736387966
493963.93190449633
506446.9405797943
519363.9477897299
532714.1172172781
546495.9316829871
560707.3454537692
575345.7544194048
590407.9920183402
605890.3828867584
621788.7574614601
638098.47936297
654814.4762285994
671931.2757071604
689443.0324481205
707343.5614079796
725626.3927350345
744284.7864918988
763311.7796374056
782700.2219433684
802442.8097006464
822532.130606609
842960.7038802556
863720.9889873138
884805.4074076477
906206.4632767246
927916.660716956
949928.5664789614
972234.9472315152
994828.5487414231
1.0177023489435398e6
1.0408494883168408e6
1.0642632741285032e6
1.0879372001815175e6
1.1118649794492514e6
1.136040534144986e6
1.1604580223875775e6
1.1851118252610946e6
1.209996574870381e6
1.2351071223873328e6
1.260438582559709e6
1.2859862972113786e6
1.3117458630282087e6
1.337713100705761e6
1.3638840812145786e6
1.3902551007433925e6
1.416822681452408e6
1.4435835739882474e6
1.4705347307057977e6
1.497673337685201e6
1.5249967385360296e6
1.5525025215640145e6
1.580188433835927e6
1.6080524073836105e6
1.6360925459537993e6
1.664307119190849e6
1.6926945430494077e6
1.7212533942859268e6
1.7499823836960387e6
1.7788803564051625e6
1.807946281762744e6
1.837179249456114e6
1.8665784596066203e6
1.8961432148394876e6
1.9258729220324494e6
1.955767075606343e6
1.985825251116897e6
2.016047120973766e6
2.0464324064823429e6
2.0769809216106185e6
2.1076925362825356e6
2.138567174029181e6
2.169604821554248e6
2.200805509965352e6
2.232169326960191e6
2.2636963877063943e6
2.2953868588237846e6
2.3272409361185185e6
2.3592588522217553e6
2.3914408665333884e6
2.423787264389662e6
2.456298367373758e6
2.4889744746854976e6
2.5218159697387824e6
2.5548232124599824e6
2.5879965779044414e6
2.621336469402503e6
2.65484329144658e6
2.6885174616978345e6
2.722359404395183e6
2.7563695505232546e6
2.790548342079187e6
2.8248962165178102e6
2.859413619301924e6
2.8941010008307905e6
2.9289588090639077e6
2.963987488208016e6
2.999187492856899e6
3.034559267556475e6
3.0701032649981757e6
3.1058199226477286e6
3.1417096841014284e6
3.1777729889175366e6
3.2140102671732716e6
3.2504219569053496e6
3.2870084790605744e6
3.323770256342485e6
3.3607077053717766e6
3.3978212381220185e6
3.4351112603427633e6
3.4725781724925563e6
3.5102223692941368e6
3.5480442397796516e6
3.586044166823153e6
3.624222527406519e6
3.662579689799288e6
3.7011160245557674e6
3.739831885493728e6
3.778727625323202e6
3.817803590887889e6
3.857060123488465e6
3.896497548913101e6
3.936116202769114e6
3.9759164043808407e6
4.015898468986061e6
4.056062701130443e6
4.096409408556027e6
4.1369388868768676e6
4.1776514247405757e6
4.218547314033221e6
4.259626827654386e6
4.300890241681492e6
4.342337824319394e6
4.383969838481946e6