21670.836112042747
21786.305159236672
22094.27034771139
22594.861428198496
23288.287938471192
24174.837354283136
25254.872563989305
26528.828699764108
27997.209366361916
29660.58231562227
31519.574621283857
33574.867179535475
35827.18993050659
38277.314934453185
40926.05021326002
43774.233997937634
46822.72816156297
50072.41165968144
53524.17234287507
57178.904799376105
61037.50066471429
65100.84298991968
69369.80151306973
73845.22694399262
78527.9464447946
83418.75724204732
88518.42443132863
93827.67588842702
99347.19934698372
105077.63904362383
111019.5939027488
117173.6145096766
123540.20237554703
130119.80820726248
136912.83162620518
143919.6199533796
151140.4690511427
158575.62323413347
166225.2757376245
174089.57083791765
182168.6028004156
190462.41959335475
198971.02347004594
207694.37294336775
216632.38498538267
225784.93697488337
235151.86906154803
244732.9864597987
254528.06182861445
264536.8377000274
274759.0289157349
285194.3250561167
295842.39285526774
306702.87857727235
317775.4103416983
329059.60044637066
340555.0474307641
352261.33839429764
364178.05087639915
376304.75487023673
388641.01465788146
401186.3905642398
413940.4406215965
426902.72207438434
440072.7928247822
453450.212844842
467034.5452990534
480825.35775050696
494822.2231676988
509024.72090105596
523432.43749034416
538044.9674426706
552861.9138485172
567882.8890756227
583107.515190891
598535.424454065
614166.2596247909
629999.674315309
646035.3332425819
662272.9122910883
678712.098957329
695352.5919060165
712194.1015293075
729236.3496513546
746479.0695715868
763922.0059404077
781564.9147339436
799407.5630093983
817449.728814551
835691.2009882211
854131.7789986426
872771.2725560234
891609.5016109926
910646.2959518984
929881.4949869526
949314.947477849
968946.5112330979
988776.0528995037
1.0088034476524602e6
1.0290285788620343e6
1.0494513378108018e6
1.0700716234998095e6
1.090889342260438e6
1.1119044075311515e6
1.1331167395316018e6
1.1545262650251791e6
1.1761329170200387e6
1.1979366344447318e6
1.2199373622430093e6
1.2421350500968813e6
1.26452965379171e6
1.287121133514903e6
1.3099094543171637e6
1.332894585692871e6
1.3560765014572658e6
1.3794551794204614e6
1.4030306012077215e6
1.4268027520589016e6
1.450771620751706e6
1.4749371990739377e6
1.499299481996048e6
1.5238584673329534e6
1.5486141555600595e6
1.5735665496758278e6
1.5987156551643312e6
1.6240614795135532e6
1.6496040324208166e6
1.675343325545257e6
1.7012793722307847e6
1.7274121875718697e6
1.7537417882111464e6
1.780268192201473e6
1.8069914189225065e6
1.8339114890014876e6
1.8610284241807666e6
1.8883422472126374e6
1.9158529817979338e6
1.9435606525066532e6
1.9714652847416732e6
1.9995669040562045e6
2.0278655380357774e6
2.056361213110149e6
2.085053957223245e6
2.1139437984928153e6
2.143030765438975e6
2.172314886879392e6
2.2017961919224886e6
2.2314747098610927e6
2.2613504701767303e6
2.2914235025640726e6
2.3216938367173495e6
2.352161502404267e6
2.3828265295194625e6
2.413688947801115e6
2.4447487870141915e6
2.4760060769118234e6
2.5074608470878364e6
2.539113127063359e6
2.5709629462142144e6
2.603010333745347e6
2.6352553186910357e6
2.6676979299598727e6
2.7003381959938495e6
2.733176145577545e6
2.7662118066274584e6
2.799445207220539e6
2.8328763749763365e6
2.8665053372792993e6
2.9003321214495753e6
2.9343567541796993e6
2.968579262105856e6
3.0029996714929454e6
3.0376180083268513e6
3.0724342982726833e6
3.1074485666978713e6
3.142660838652675e6
3.178071138849443e6
3.2136794917288003e6
3.2494859213783685e6
3.285490451810047e6
3.321693106028679e6
3.358093907431707e6
3.3946928787293937e6
3.4314900420278013e6
3.468485420929581e6
3.505679035841937e6
3.543070908798225e6
3.5806610610225806e6
3.618449513439931e6
3.6564362866601795e6
3.694621400985567e6
3.733004876414242e6
3.7715867326420126e6
3.8103669890656387e6
3.8493456647861646e6
3.888522778644492e6
3.9278983490870576e6
3.9674723944189213e6
4.007244932570694e6
4.047215981215096e6