78543.23940459287
78592.93605681256
78725.76005744669
78942.52734791502
79244.56031378053
79633.68268173878
80112.21173691194
80682.94687749576
81349.17435229299
82114.62370196174
82983.48723089675
83960.37938387177
85050.33571396509
86258.77262442469
87591.4930980849
89054.6420329923
90654.64415331205
92398.43246980573
94292.89525606067
96345.38516431049
98563.41877092814
100954.69757997434
103527.09097818777
106288.58061729293
109247.23811715137
112411.27356660104
115788.80278410317
119388.02631280097
123217.08354744676
127284.04014644699
131596.8708154593
136163.39844662618
140991.29853939931
146088.02972145038
151460.82797446553
157116.6674203214
163062.23331701613
169303.89186857364
175847.67108671583
182699.23025303436
189863.84008124287
197346.36445473848
205151.23985839402
213282.46217162054
221743.57343140096
230537.6513806269
239667.30270231634
249134.65827441658
258941.37166970805
269088.62039405364
279577.1099599198
290407.0807488102
301578.31770628353
313090.162059557
324941.52674615936
337130.9124467401
349656.4269880124
362515.8067521142
375706.43746995926
389225.38002182276
403069.39466222504
417234.96621047484
431718.33663072746
446515.5113465562
461622.32415118953
477034.4282039518
492747.3386785593
508756.45871258306
525057.1022772506
541644.5205260912
558513.9225838815
575660.5023675822
593079.4559963204
610766.0028784089
628715.4032886748
646922.977521991
665384.117721461
684094.3047626367
703049.1188299973
722244.2520767875
741675.5135312942
761338.8448340284
781230.3215779539
801346.157714789
821682.7143162151
842236.5000688137
863004.173042121
883982.5434945215
905168.5760320288
926559.381743093
948152.2253373559
969944.5196263423
991933.8232299411
1.0141178382130886e6
1.036494407683501e6
1.0590615083092237e6
1.0818172536465866e6
1.104759882731689e6
1.1278877602723264e6
1.1511993690636773e6
1.1746933081181766e6
1.1983682869275934e6
1.2222231202754253e6
1.246256723355592e6
1.2704681085709024e6
1.29485637992447e6
1.319420727130571e6
1.3441604252426873e6
1.3690748237699764e6
1.3941633537144396e6
1.4194254941398073e6
1.444860821771368e6
1.4704689530990473e6
1.4962495690942607e6
1.5222024024626538e6
1.5483272415940925e6
1.5746239138009287e6
1.6010923009941634e6
1.6277323197637468e6
1.6545439264966005e6
1.6815271129207504e6
1.7086819045839692e6
1.7360083582829344e6
1.7635065525918119e6
1.7911766014884822e6
1.819018636319737e6
1.8470328113810602e6
1.8752193021905022e6
1.903578298910792e6
1.9321100117015494e6
1.9608146635447394e6
1.9896924912106001e6
2.0187437427288885e6
2.0479686779261283e6
2.0773675655313542e6
2.1069406824037177e6
2.136688313097247e6
2.1666107484512515e6
2.196708282578827e6
2.2269812157874205e6
2.2574298569770236e6
2.288054507615203e6
2.3188554793933704e6
2.349833082535085e6
2.3809876294405237e6
2.4123194329887824e6
2.443828805709227e6
2.4755160604449622e6
2.5073815081383907e6
2.5394254596525775e6
2.5716482237858824e6
2.604050107668645e6
2.63663141630387e6
2.669392452492378e6
2.702333515928422e6
2.735454904260485e6
2.7687569108005078e6
2.8022398290131385e6
2.8359039444021233e6
2.8697495420863484e6
2.9037769028906147e6
2.9379863042779295e6
2.972378020510239e6
3.006952319185057e6
3.0417094672041275e6
3.0766497262109765e6
3.1117733545569573e6
3.1470806060232474e6
3.1825717322073723e6
3.218246976020571e6
3.254106580953204e6
3.2901507833086685e6
3.326379822421448e6
3.3627939227468083e6
3.399393312371277e6
3.436178211639681e6
3.4731488437968795e6
3.5103054181072735e6
3.547648146891174e6
3.5851772369339895e6
3.622892890794401e6
3.660795307819527e6
3.6988846837706496e6
3.737161210622107e6
3.7756250746955923e6
3.814276464619596e6
3.8531155596246882e6
3.8921425380993425e6
3.931357574501743e6
3.9707608401356465e6
4.010352503034591e6
4.050132728011769e6
4.0901016767388904e6
4.130259506881758e6
4.170606376133704e6
4.211142436177749e6
4.251867836485606e6
4.292782724242972e6
4.33388724314319e6
4.375181534559239e6