21986.818644156738
22101.697323791115
22408.09353756113
22906.15155463223
23596.10437476539
24478.271694389987
25553.057128149358
26820.944721582076
28282.494799327094
29938.339201141658
31789.175964970753
33835.763263954475
36078.91395913706
38519.48882327878
41158.38801680603
43996.54642705078
47034.926021935375
50274.50589877732
53716.28048119804
57361.24745555518
61210.403937816896
65264.73746786728
69525.22186693121
73992.81046393208
78668.42862374593
83552.97235729723
88647.29999071867
93952.22934377604
99468.53387679941
105196.9388710718
111138.11934968071
117292.69666686449
123661.23755365238
130244.25229441917
137042.19373156465
144055.45736829902
151284.38014134683
158729.2419025914
166390.2654961597
174267.6178171183
182361.4113020511
190671.70535267034
199198.50820348793
207941.77907487482
216901.4302575519
226077.32953877078
235469.30271326535
245077.13615894035
254900.57948531053
264939.348249087
275193.1266771158
285661.5703869321
296344.30909463123
307240.9492857121
318351.0768280522
329674.2595485164
341210.04967961775
352957.98627805756
364917.5975131201
377088.40286168235
389469.91520187305
402061.64277648844
414863.09110387065
427873.7646742817
441093.1685556005
454520.80985065247
468156.1998641995
481998.8536417935
496048.29294806125
510304.04645423475
524765.6508385552
539432.651678527
554304.60413221
569381.0737569022
584661.6369534269
600145.8815474919
615833.4071522777
631723.8255425042
647816.760959673
664111.8502314175
680608.7430224728
697307.1018429627
714206.6021711006
731306.9323826022
748607.7937372214
766108.9002673583
783809.9787005516
801710.7682310491
819811.0203987006
838110.4988711078
856608.979244197
875306.2486255068
894202.1056832763
913296.359894415
932588.8318936498
952079.3525790443
971767.7630538081
991653.9143812536
1.0117376672236264e6
1.0320188912039106e6
1.052497465005039e6
1.073173276125202e6
1.0940462200254574e6
1.1151162002195045e6
1.1363831278221174e6
1.1578469212831717e6
1.1795075060414886e6
1.2013648141718018e6
1.2234187844803636e6
1.245669361081581e6
1.2681164949153445e6
1.290760141850317e6
1.313600263192225e6
1.3366368252147264e6
1.3598697990237474e6
1.3832991605046382e6
1.4069248885327135e6
1.4307469679781909e6
1.4547653861976664e6
1.4789801345191186e6
1.5033912076034693e6
1.5279986033571637e6
1.5528023226467394e6
1.5778023691430714e6
1.602998749288704e6
1.6283914717692572e6
1.6539805477110536e6
1.6797659904359311e6
1.705747815122979e6
1.7319260389278522e6
1.75830068067874e6
1.7848717608600848e6
1.8116393012237444e6
1.8386033251779224e6
1.8657638571898662e6
1.8931209228873265e6
1.9206745489485958e6
1.9484247630089927e6
1.976371593626035e6
2.0045150697873984e6
2.0328552216748446e6
2.061392079743701e6
2.0901256750989598e6
2.1190560392839843e6
2.148183204270453e6
2.177507202371179e6
2.207028066177197e6
2.236745828558882e6
2.2666605225465456e6
2.296772181327037e6
2.3270808381726122e6
2.357586526451137e6
2.3882892794605335e6
2.4191891306222617e6
2.4502861131702284e6
2.4815802604014208e6
2.5130716053777356e6
2.544760181108195e6
2.5766460204250594e6
2.6087291559641473e6
2.6410096200228604e6
2.67348744516233e6
2.706162663191521e6
2.739035305932292e6
2.7721054047174044e6
2.805372990888063e6
2.8388380951967486e6
2.8725007484450145e6
2.9063609808851625e6
2.9404188223802224e6
2.9746743026483716e6
3.0091274509897805e6
3.043778296387241e6
3.0786268674759795e6
3.1136731925322083e6
3.148917299492543e6
3.184359215990448e6
3.219998969033944e6
3.2558365857131346e6
3.291872092684029e6
3.328105515636355e6
3.3645368806198915e6
3.4011662129383837e6
3.437993537763363e6
3.4750188797709043e6
3.5122422633116203e6
3.549663712388218e6
3.587283250646341e6
3.6251009013707615e6
3.663116687532021e6
3.7013306317300866e6
3.73974275623186e6
3.778353082964676e6
3.8171616335237804e6
3.8561684291682555e6
3.895373490873598e6
3.934776839165282e6
3.9743784944242775e6
4.014178476597981e6
4.054176805355218e6