29473.464773928805
29573.21586200595
29839.376750999538
30272.377215208413
30872.9122087094
31641.93700025967
32580.66050139215
33690.53641067665
34973.254419866586
36430.72773596212
38065.07926384767
39878.62799173978
41873.87252624227
44053.47532142686
46420.24469433192
48977.115852309886
51727.13185156399
54673.42432247767
57819.19284226239
61167.686170339264
64722.18269765614
68485.96705931581
72462.3089946745
76654.45898378106
81065.61040400609
85698.89393300933
90557.356536891
95643.94705410123
100961.50018784212
106512.72351847737
112300.18685702016
118326.30808699866
124593.34544372134
131103.3887076831
137858.35191549765
144859.96814242384
152109.78484176967
159609.1612989911
167359.26696507333
175361.08105705064
183615.39354634655
192122.8072458802
200883.740901578
209898.4335841551
219166.9495266477
228689.18424034503
238464.87112433335
248493.58887990867
258774.76939034706
269307.7061634059
280091.563080074
291125.3834913301
302408.09947126545
313938.5412383474
325715.44670803717
337737.47066181933
350003.1945009084
362511.13511857763
375259.75400324236
388247.46588935214
401472.6474713736
414933.645258362
428628.7832131816
442556.3702753452
456714.7078043188
471102.0947072219
485716.83500834287
500557.24267454527
515621.64699829323
530908.3973097517
546415.8674306858
562142.4593519939
578086.6070351852
594246.7791130821
610621.4821156932
627209.2621615124
644008.7075340962
661018.4496114415
678237.165361606
695663.57725645
713296.4546418113
731134.6141605326
749176.9200694299
767422.2842149488
785869.6660337714
804518.0722909081
823366.5566012973
842414.2185716743
861660.203922259
881103.702603451
900743.9484378085
920580.218334461
940611.8308747626
960838.1448411399
981258.5590726513
1.0018725103203735e6
1.0226794722070213e6
1.043678954290491e6
1.064870500421069e6
1.0862536875728462e6
1.1078281246739808e6
1.1295934508358135e6
1.1515493353696205e6
1.173695477080373e6
1.1960315919486848e6
1.2185574357622233e6
1.241272780519825e6
1.2641774221962462e6
1.2872711793570025e6
1.3105538914506026e6
1.3340254176965682e6
1.3576856360650896e6
1.3815344423091938e6
1.4055717489000414e6
1.4297974840427148e6
1.4542115909873059e6
1.4788140268154521e6
1.5036047619432136e6
1.528583778913249e6
1.5537510719206885e6
1.5791066459434286e6
1.6046505160661826e6
1.6303827068158481e6
1.6563032512623274e6
1.6824121940576043e6
1.708709574560815e6
1.7351954580066472e6
1.7618699037933433e6
1.7887329798527013e6
1.815784759855821e6
1.843025322659233e6
1.8704547511960794e6
1.8980731329212561e6
1.925880558895446e6
1.9538771235874174e6
1.982062924509194e6
2.0104380618658054e6
2.0390026383927534e6
2.0677567591281976e6
2.0967005297463457e6
2.1258340594194382e6
2.1551574574360764e6
2.1846708345652604e6
2.214374302518731e6
2.2442679736245954e6
2.2743519609037917e6
2.304626377723581e6
2.3350913376712617e6
2.365746954538808e6
2.396593341736697e6
2.4276306128292126e6
2.458858881019279e6
2.4902782591242264e6
2.521888859179834e6
2.553690793109377e6
2.5856841717997086e6
2.617869105558669e6
2.65024570378456e6
2.682814075050526e6
2.715574327011197e6
2.748526566935634e6
2.7816708981452337e6
2.8150074275414324e6
2.8485362577057183e6
2.8822574907890325e6
2.9161712278920524e6
2.9502775688515794e6
2.984576612192865e6
3.0190684555889154e6
3.053753194843183e6
3.088630924904639e6
3.1237017393216845e6
3.158965730358399e6
3.1944229889952987e6
3.230073604837191e6
3.265917666324751e6
3.301955260468069e6
3.338186473039458e6
3.3746113885376486e6
3.4112300903593204e6
3.448042659929219e6
3.4850491781943985e6
3.5222497244224963e6
3.559644376602733e6
3.597233211870354e6
3.6350163056968073e6
3.672993732514542e6
3.711165565493736e6
3.7495318766680756e6
3.788092736840214e6
3.826848215718047e6
3.8657983816914824e6
3.9049433022120497e6
3.9442830435006698e6
3.9838176707051736e6
4.0235472479633833e6
4.0634718379276763e6
4.103591502939305e6
4.143906303658823e6
4.184416299926315e6