27650.077542055224
27753.487107300243
28029.382707919067
28478.136324182735
29100.34930448141
29896.847941999236
30868.677413446465
32017.094134623927
33343.55664135757
34849.71472145156
36537.39785291682
38408.60415738926
40465.481607257345
42710.31601062123
45145.515328979
47773.59281762295
50597.14951941495
53618.85731061334
56841.44454314477
60267.66199198125
63900.29824851424
67742.12909025201
71795.91945274807
76064.3997010563
80550.25328103775
85256.10047603535
90184.48491870103
95337.85961943385
100718.57470620357
106328.86645792078
112170.84927618901
118246.50358938122
124557.67035188209
131106.04378186254
137893.16664645865
144920.4260439448
152189.05039277644
159700.10788900376
167454.50584574684
175452.99130569317
183696.1523355047
192184.4205940414
200918.0743523792
209897.24296582304
219121.91140050875
228591.92580723172
238306.99949376495
248266.7195240565
258470.55354736318
268917.85720579274
279607.88153605897
290539.7807761793
301712.6201565308
313125.38379141956
324776.9825993605
336666.26208625094
348792.0100551768
361152.964183168
373747.8194163051
386575.2348618417
399633.84086313157
412922.2455694808
426439.0409212988
440182.808491676
454152.1260205967
468345.57087505213
482761.72629864
497399.1857157327
512256.5559596919
527332.4620300756
542625.550091788
558134.4904308973
573857.9805433804
589794.7471335641
605943.5486452061
622303.1752084666
638872.4581432985
655650.2554623269
672635.4689179106
689827.0364006511
707223.9353085905
724825.1803203652
742629.8272944109
760636.9702722726
778845.7428822083
797255.3172296828
815864.9046569039
834673.754135733
853681.1523461503
872886.4227066209
892288.9246255553
911888.0530554671
931683.2373118047
951673.9398125622
971859.656052669
992239.9128577444
1.0128142674529535e6
1.0335823068117235e6
1.0545436463094496e6
1.0756979286686657e6
1.0970448229717077e6
1.1185840239419765e6
1.140315250292146e6
1.162238244061891e6
1.184352769604994e6
1.2066586126742903e6
1.2291555788336787e6
1.2518434936245931e6
1.2747222006481693e6
1.2977915607359828e6
1.3210514518315487e6
1.3445017672062311e6
1.3681424152516644e6
1.3919733181026853e6
1.4159944116391102e6
1.4402056439528356e6
1.4646069750641228e6
1.4891983761708234e6
1.5139798287122825e6
1.5389513240111913e6
1.5641128628161752e6
1.589464453996676e6
1.6150061147384779e6
1.6407378694693118e6
1.66665974985523e6
1.6927717939598884e6
1.7190740454735658e6
1.745566554180929e6
1.7722493744574024e6
1.7991225656910683e6
1.8261861914722465e6
1.8534403194812143e6
1.8808850208732856e6
1.9085203701543335e6
1.9363464447762342e6
1.9643633249178485e6
1.9925710931260653e6
2.02096983417154e6
2.049559634909058e6
2.0783405826384956e6
2.10731276869196e6
2.1364762830467126e6
2.165831218105416e6
2.1953776669104705e6
2.2251157231257716e6
2.2550454811023027e6
2.2851670355585054e6
2.3154804815013753e6
2.3459859141497766e6
2.3766834287025714e6
2.4075731203034394e6
2.438655083866703e6
2.4699294144978086e6
2.5013962060953e6
2.5330555529552237e6
2.564907548438784e6
2.5969522854974577e6
2.629189856363263e6
2.661620352672161e6
2.6942438652641764e6
2.727060484835592e6
2.760070298709099e6
2.7932733972530705e6
2.8266698673271337e6
2.860259795383886e6
2.8940432671573856e6
2.928020367214396e6
2.9621911786095807e6
2.996555785759704e6
3.031114268465468e6
3.0658667078785575e6
3.1008131835037614e6
3.135953773728782e6
3.171288555975744e6
3.206817606483552e6
3.2425410005073063e6
3.278458812146048e6
3.3145711145078866e6
3.3508779795525735e6
3.3873794784409013e6
3.4240756805465445e6
3.460966655024334e6
3.4980524693854535e6
3.535333190451027e6
3.572808883857741e6
3.6104796141865356e6
3.6483454450293016e6
3.686406437250708e6
3.7246626576972865e6
3.7631141616411135e6
3.801761010494775e6
3.840603262853141e6
3.879640976417577e6
3.918874207939254e6
3.9583030132135255e6
3.997927447219449e6
4.0377475634890255e6
4.077763415807263e6
4.1179750560294148e6
4.1583825355515787e6