33661.69717876651
33753.68146409327
33999.16971434711
34398.69759097471
34953.13129102453
35663.662724892376
36531.80186515255
37559.36612086822
38748.47077960611
40101.514519551245
41621.164752563054
43310.3410752755
45172.19718447115
47210.10151072852
49427.61680660707
51828.47787918923
54416.569800176396
57195.903738479305
60170.5957208382
63344.83900310073
66722.88142265986
70309.00155870778
74107.49274108534
78122.59566938816
82358.56077532642
86819.54953314223
91509.61585615136
96432.74782766578
101592.78193905059
106993.41218461585
112638.18202137237
118530.4270548185
124673.3251690387
131069.82814316679
137722.67405420236
144634.37457149918
151807.20683564586
159243.20716903717
166944.16669177843
174911.62852088426
183146.88662529417
191650.9867665497
200424.72765608144
209468.66541379888
218783.11768283567
228368.17028061842
238223.68435117384
248349.30476284027
258744.46949461984
269408.41983015777
280340.2113358764
291538.72518383205
303002.6805060416
314730.6461577945
326721.05378973903
338972.21054259007
351482.311426929
364249.4521699521
377271.64201897616
390546.8156813785
404072.8449603949
417847.5514370006
431868.71644631977
446134.0916464523
460641.41216916393
475388.40010921354
490372.77921193745
505592.2808172442
521044.65166147955
536727.6619133089
552639.1099369067
568776.8301527556
585138.6973400804
601722.631519765
618526.6023659199
635548.6318494617
652786.7994904026
670239.2418131557
687904.1580621535
705779.8090852892
723864.5197046733
742156.6801150306
760654.7454549782
779357.23678757
798262.7407207413
817369.9092897188
836677.4590375124
856184.1709444314
875888.8884609591
895790.5175758193
915888.0240982729
936180.4338202518
956666.8299140837
977346.351574199
998218.1933913362
1.0192815995518835e6
1.0405358695645882e6
1.0619803501641457e6
1.0836144327956853e6
1.1054375590570944e6
1.1274492111322852e6
1.149648913616691e6
1.1720362314643832e6
1.1946107674429337e6
1.21737216098594e6
1.2403200860002926e6
1.2634542496613842e6
1.2867743904056004e6
1.310280276239306e6
1.3339717035177127e6
1.3578484952705204e6
1.381910499444425e6
1.406157587949575e6
1.4305896549662482e6
1.4552066156149935e6
1.480008404949203e6
1.504994976527142e6
1.5301663013047741e6
1.5555223663117732e6
1.5810631741294975e6
1.6067887404268181e6
1.632699095684916e6
1.6587942812924096e6
1.6850743504556385e6
1.711539364998646e6
1.7381894039056073e6
1.7650245438917514e6
1.7920448782165567e6
1.8192505020179707e6
1.8466415228546066e6
1.8742180511978124e6
1.9019802036367422e6
1.9299281022021982e6
1.9580618734450766e6
1.9863816481059627e6
2.0148875606111095e6
2.0435797485575292e6
2.0724583525124711e6
2.101523514661231e6
2.1307753825703934e6
2.160214100723633e6
2.1898398183401087e6
2.219652684951453e6
2.2496528516138983e6
2.2798404694422293e6
2.3102156892234953e6
2.340778664073622e6
2.3715295454925126e6
2.402468485422682e6
2.4335956354628685e6
2.464911146685112e6
2.4964151693657557e6
2.5281078536703885e6
2.5599893480484253e6
2.592059800506737e6
2.6243193578038034e6
2.656768165581206e6
2.6894063682069685e6
2.722234108696774e6
2.7552515285575287e6
2.7884587691731714e6
2.8218559656576416e6
2.8554432590261493e6
2.8892207830204107e6
2.9231886715623713e6
2.9573470567402374e6
2.9916960693958737e6
3.026235837821757e6
3.0609664891743343e6
3.0958881486178916e6
3.131000939699769e6
3.166304983890442e6
3.201800401423111e6
3.237487309950801e6
3.273365825916312e6
3.309436064303663e6
3.345698137576739e6
3.382152156751579e6
3.418798231183645e6
3.4556364685723563e6
3.492666974256854e6
3.5298898525130632e6
3.5673052057709643e6
3.604913134591711e6
3.6427137380865575e6
3.680707113562063e6
3.7188933567892606e6
3.757272561767155e6
3.795844821053077e6
3.8346102258181307e6
3.8735688652745266e6
3.912720827208618e6
3.9520661981248944e6
3.9916050628245897e6
4.0313375048732706e6
4.071263606215702e6
4.1113834470448554e6
4.1516971070958716e6
4.1922046638605543e6
4.232906194000335e6