26272.899981586503
26379.138980400305
26662.56180338104
27123.49161146675
27762.450740684566
28580.156675707294
29577.51659902611
30755.620496232877
32115.732920674993
33659.28349821191
35387.85590909242
37303.1769445793
39407.10494437634
41701.61184362452
44188.773563803414
46870.75430667788
49749.79008670083
52828.17763718852
56108.24517115912
59592.363127252174
63282.90279610795
67182.23273953686
71292.7066529181
75616.64328083709
80156.31620516491
84913.94045559746
89891.66045896252
95091.53946983663
100515.54816481362
106165.55604154893
112043.32508409649
118150.49948938534
124488.6015897553
131059.02628400941
137863.03713822094
144901.76338182593
152176.19832536796
159687.1978887451
167435.48093350173
175421.6300806093
183646.09339948383
192109.18690284327
200811.09768886215
209751.8878237116
218931.4987801741
228349.7562823628
238006.3757824399
247900.96806131955
258033.04538205813
268402.0277452658
279007.249351974
289847.96520341205
300923.35774125473
312232.5435207115
323774.5798531388
335548.4713484095
347553.17630947224
359787.6130910366
372250.6662145283
384941.19174702116
397858.0239503123
410999.979798723
424365.86429159995
437954.4751943137
451764.60833139776
465795.0603726576
480044.6343026517
494512.14196783735
509196.40782501653
524096.2720350084
539210.593166913
554538.2505216249
570078.1465995597
585829.2087930577
601790.3912185933
617960.676398316
634339.0757685994
650924.6315406377
667716.4171610031
684713.5378338306
701915.1315398444
719320.3676957898
736928.4503297694
754738.6150663691
772750.130687585
790962.2985988646
809374.4518038819
827985.9561062073
846796.2080584012
865804.6350643309
885010.6946503508
904413.8740515173
924013.68923283
943809.6838711506
963801.4293778206
983988.5232895598
1.0043705887826937e6
1.024947273850367e6
1.0457182506343909e6
1.0666832132881433e6
1.0878418795467713e6
1.1091939873479004e6
1.130739296260791e6
1.1524775839807298e6
1.1744086479265853e6
1.1965323033583844e6
1.2188483822783874e6
1.2413567335418016e6
1.2640572212569984e6
1.2869497242956557e6
1.3100341575114317e6
1.3333103620161312e6
1.356778322070354e6
1.380437946731434e6
1.4042891784740873e6
1.428331970205721e6
1.4525662849494668e6
1.4769920953192567e6
1.5016093827008181e6
1.526418136948242e6
1.5514183559117592e6
1.576610044493587e6
1.6019932147609657e6
1.6275678849550937e6
1.6533340795942508e6
1.6792918287113183e6
1.7054411672334871e6
1.731782135341398e6
1.7583147776203193e6
1.7850391414182947e6
1.811955280175057e6
1.8390632491949575e6
1.8663631073508707e6
1.8938549164175517e6
1.9215387407592544e6
1.9494146471724813e6
1.9774827045446557e6
2.0057429836675287e6
2.0341955574084101e6
2.0628404991508853e6
2.091677884880345e6
2.120707790937531e6
2.149930294896732e6
2.1793454751332076e6
2.208953410665958e6
2.238754181166417e6
2.2687478666604506e6
2.2989345475332816e6
2.3293143043853026e6
2.359887217807242e6
2.390653368690556e6
2.421612837398939e6
2.452765704326329e6
2.4841120501923654e6
2.5156519543504864e6
2.547385496481965e6
2.5793127557080137e6
2.6114338105916358e6
2.6437487392107896e6
2.6762576190321273e6
2.708960527417094e6
2.741857538926636e6
2.7749487307414226e6
2.80823417707006e6
2.841713951739884e6
2.87538812811412e6
2.909256778571809e6
2.943319974692307e6
2.97757778722607e6
3.0120302860678188e6
3.0466775402523647e6
3.0815196179071893e6
3.1165565864147414e6
3.151788511952822e6
3.187215460084885e6
3.2228374954430955e6
3.258654681646521e6
3.29466708150349e6
3.330874756858563e6
3.3672777689226847e6
3.40387617732752e6
3.4406700413141306e6
3.477659419633612e6
3.51484436921202e6
3.5522249467387134e6
3.5898012078493424e6
3.6275732073552124e6
3.665540999173428e6
3.7037046367192483e6
3.7420641711785197e6
3.7806196550591197e6
3.819371138540051e6
3.8583186714208247e6
3.897462302661728e6
3.936802080446032e6
3.9763380522395456e6
4.0160702644636743e6
4.0559987631893614e6
4.0961235934649287e6
4.1364447996686986e6