25197.503591675253
25305.964414608294
25595.29695621944
26065.783165965833
26717.87867260204
27552.209187025765
28569.565579096045
29770.897682971532
31157.306899175877
32730.03766975845
34490.46794559303
36440.09795600797
38580.54200453298
40913.51150555849
43440.80627204221
46164.29957234708
49085.92728475535
52207.66907877102
55531.539690479425
59059.57779776432
62793.82354575633
66736.31394875707
70889.06344368518
75254.06056577334
79833.24639123469
84628.51037394351
89641.67763874322
94874.49982725536
100328.64680028034
106005.69832681828
111907.13905136392
118034.35033752314
124388.60680287433
130971.07195397005
137782.79516694372
144824.70945831636
152097.63047586783
159602.2555703775
167339.1644450454
175308.8201668241
183511.56986671337
191947.65256268103
200617.19127158014
209520.20738963003
218656.61939007213
228026.24817936798
237628.82188070714
247463.9808461778
257531.28301358753
267830.20926273713
278360.16906834167
289120.5064471893
300110.5040193048
311329.3919543112
322776.3503338147
334450.51631621877
346350.98939030885
358476.83609079174
370827.09604010603
383400.78603361384
396196.9051181347
409214.4391351254
422452.3647015841
435909.65327908087
449585.2752175359
463478.2035653776
477587.4156839008
491911.89807466033
506450.6483936616
521202.67794620496
536167.0140380759
551342.7019151036
566728.8067715457
582324.4150737628
598128.6361975338
614140.6034486901
630359.4751626569
646784.4355257205
663414.6952686486
680249.4921225196
697288.0912448824
714529.7853896234
731973.8952279243
749619.7690807667
767466.7830504089
785514.3415153928
803761.8729764998
822208.8375612656
840854.71881099
859699.0270236651
878741.2979917792
897981.0926586672
917417.9962131009
937051.6175397346
956881.5887529918
976907.5642754526
997129.22025053
1.0175462539136067e6
1.0381583826290292e6
1.0589653434433918e6
1.0799668922795905e6
1.1011628028028063e6
1.1225528674087217e6
1.1441368931943625e6
1.1659147046096371e6
1.1878861410522661e6
1.2100510565156247e6
1.23240931900557e6
1.2549608098490841e6
1.2777054228398707e6
1.3006430640740532e6
1.3237736508696768e6
1.3470971115614632e6
1.3706133845052917e6
1.3943224180991843e6
1.4182241697232556e6
1.4423186054565597e6
1.4666056996458753e6
1.4910854342064166e6
1.5157577984248085e6
1.5406227882500058e6
1.5656804061181084e6
1.5909306603945533e6
1.616373564928006e6
1.642009138888665e6
1.6678374064172306e6
1.693858395819565e6
1.720072139884084e6
1.7464786754782617e6
1.773078041727981e6
1.7998702830861718e6
1.8268554457582752e6
1.8540335789998474e6
1.8814047346316946e6
1.9089689668349624e6
1.9367263318351002e6
1.96467688782108e6
1.9928206946782987e6
2.0211578139855904e6
2.0496883079979073e6
2.0784122412096479e6
2.1073296784777427e6
2.1364406857035644e6
2.1657453297328185e6
2.195243677853412e6
2.224935797988369e6
2.254821758471501e6
2.284901627872526e6
2.3151754751519104e6
2.345643369278795e6
2.3763053793073082e6
2.4071615742884777e6
2.4382120230949027e6
2.469456794595824e6
2.500895957152921e6
2.5325295791767174e6
2.5643577285443735e6
2.596380472757151e6
2.6285978789365576e6
2.661010013683773e6
2.693616943600505e6
2.7264187328137043e6
2.7594154478090787e6
2.7926071525245258e6
2.825993910570119e6
2.8595757851945464e6
2.8933528388238526e6
2.927325133216217e6
2.961492729433974e6
2.995855687831823e6
3.0304140680301315e6
3.0651679289426613e6
3.10011732860585e6
3.135262324447535e6
3.1706029730902184e6
3.206139330454056e6
3.2418714515422583e6
3.27779939079276e6
3.313923201689367e6
3.350242937299638e6
3.3867586491793804e6
3.423470388923116e6
3.460378206987721e6
3.4974821530459607e6
3.5347822762331516e6
3.572278624767433e6
3.609971246195418e6
3.6478601873092847e6
3.6859454944575727e6
3.7242272121216143e6
3.7627053858254645e6
3.8013800591930915e6
3.840251275478516e6
3.879319077218744e6
3.9185835062718717e6
3.958044603938751e6
3.9977024105087677e6
4.0375569661433436e6
4.077608309926142e6
4.117856480516986e6