520577.4638100432
520605.6517512165
520680.9548603011
520803.777282669
520974.90374304366
521195.2210338849
521465.9701701525
521788.70019267953
522165.0885691985
522597.11145202094
523087.00566972746
523637.2281796823
524250.44329143
524929.456413262
525677.4117056867
526497.5125742869
527393.1782612329
528368.0229190113
529425.648866704
530570.0955215228
531805.5204900528
533135.467854527
534564.5820186338
536097.0431116726
537737.1358555562
539489.4187812828
541358.051386873
543348.1826440457
545463.7077951728
547709.4167507638
550089.846359
552609.5423810965
555273.0406648433
558084.8518830474
561049.4471801287
564171.2739564825
567454.7275029302
570904.1393580239
574523.8263582062
578317.537853557
582290.5915432655
586445.9417931898
590787.9263399118
595320.4503334793
600047.3072726582
604972.1950353612
610098.7895887682
615430.5432141973
620970.9562604347
626723.2992724646
632690.801039699
638876.5823784015
645283.6579137534
651914.9226061865
658773.1888009328
665861.1465923912
673181.3911862194
680736.4110470444
688528.5701760455
696560.171232184
704833.3801207395
713350.2723818081
722112.8227570206
731122.9130262444
740382.3242032734
749892.7273001992
759655.7174537806
769672.8216322113
779945.3612841861
790474.7289256027
801262.1330085469
812308.7194611018
823615.5459521769
835183.5997891315
847013.7746366296
859106.8963666512
871463.7180178713
884084.9122747569
896971.0839830056
910122.7737228039
923540.4470533232
937224.5128345187
951175.3090347068
965393.1266692624
979878.1761131457
994630.641867829
1.0096506143217894e6
1.0249381722974393e6
1.0404933172711794e6
1.056316014472981e6
1.0724061739134393e6
1.088763665522327e6
1.1053883202362927e6
1.1222799092461655e6
1.139438190314819e6
1.1568628667474154e6
1.1745536091585327e6
1.1925100544659784e6
1.2107318060859581e6
1.229218436457171e6
1.2479694883503832e6
1.2669844761310844e6
1.2862628875241545e6
1.3058041849866826e6
1.3256078070591728e6
1.345673169756852e6
1.3659996678144936e6
1.386586676255539e6
1.4074335513543738e6
1.4285396320209554e6
1.4499042406819314e6
1.4715266851907463e6
1.4934062585601395e6
1.515542242705367e6
1.5379339047775585e6
1.5605805045434684e6
1.5834812892017313e6
1.6066354980493304e6
1.630042361299565e6
1.6537011061471142e6
1.6776109472948562e6
1.701771098186309e6
1.72618076690814e6
1.7508391579319101e6
1.775745470878253e6
1.8008989037877512e6
1.826298654982484e6
1.8519439174096363e6
1.877833888464306e6
1.9039677582599916e6
1.9303447279099887e6
1.9569639933528735e6
1.9838247413078276e6
2.0109261882780648e6
2.038267528304826e6
2.0658479884669709e6
2.0936667261563868e6
2.1217230044222074e6
2.150016025496759e6
2.178545011855405e6
2.2073091900375797e6
2.2363077940851096e6
2.265540061718105e6
2.295005238116838e6
2.324702574717394e6
2.3546313239533743e6
2.384790757745547e6
2.415180140907278e6
2.4457987552205054e6
2.4766458819573857e6
2.5077208158324356e6
2.539022857080415e6
2.5705513135969904e6
2.602305504643292e6
2.6342847522677677e6
2.666488382145906e6
2.69891575317577e6
2.7315661854125997e6
2.764439091624692e6
2.7975337751632314e6
2.830849636333245e6
2.8643860576700023e6
2.898142434748185e6
2.932118167704336e6
2.966312666362605e6
3.0007253549904195e6
3.0353556443751836e6
3.0702029897010326e6
3.105266827681549e6
3.1405466388569716e6
3.1760418385213874e6
3.211751921241959e6
3.2476763683016803e6
3.2838146713608615e6
3.3201663259846214e6
3.3567308406418134e6
3.3935077306663548e6
3.4304965205521113e6
3.4676967456702003e6
3.505107939257215e6
3.5427296645440035e6
3.5805614723681468e6
3.6186029111862485e6
3.6568535879866616e6
3.695313068410964e6
3.733980949161667e6
3.7728568251424194e6
3.8119403057313836e6
3.8512310053082206e6
3.8907285486801327e6
3.9304325606145603e6
3.9703426890021837e6
4.010458573203959e6
4.050779865893123e6
4.091306230801757e6
4.1320373353462373e6
4.172972853236508e6
4.214112466740308e6
4.2554558690065835e6
4.297002751583973e6