451008.25750203023
451049.86993586365
451161.0723013135
451342.1774344294
451593.91801055474
451917.1254234094
452312.9583982484
452782.83076812944
453328.3432678133
453951.3376262976
454653.7755497504
455438.04126313934
456306.58401314076
457261.9955671743
458307.1735958905
459445.0866169166
460678.88688773895
462011.9056767784
463447.47864239174
464989.30023437657
466641.09257883346
468406.4091004536
470289.2187848283
472293.43319498934
474422.2514702254
476682.0146074783
479074.44164077006
481604.5718655619
484276.3214502889
487093.8761351871
490061.36790281953
493182.87961600407
496462.4992083014
499904.2691662313
503512.20294585254
507289.7626278192
511242.3804036274
515372.3884522071
519684.0976448058
524181.20474599965
528867.3802586322
533746.1820659088
538821.0924598138
544095.527237946
549572.7744655972
555256.0367851927
561148.4902245407
567253.0945726765
573572.8583258769
580110.5575885932
586868.9354400429
593850.6253300789
601058.159808857
608493.9622828144
616160.3678526703
624059.6046546889
632193.8077780196
640564.9974076819
649175.1163577881
658025.9986470154
667119.5571930817
676456.9270898176
686040.1797171712
695870.6073148724
705949.5864801604
716278.4003444237
726858.2536559029
737690.2680569595
748775.4858007672
760114.8529359405
771709.2565005943
783559.5008119718
795666.316585897
808030.3691093536
820652.2417512957
833532.4626211178
846671.4881809072
860069.7158081769
873727.4817476955
887645.0562776311
901822.665666814
916260.4735151911
930958.5890059433
945917.0816382876
961135.9535172686
976615.1865138488
992354.6815695178
1.0083543370853947e6
1.0246139833715651e6
1.0411334199585809e6
1.0579124081850648e6
1.0749506737166252e6
1.092247911890637e6
1.10980377127494e6
1.1276178909161126e6
1.145689866627427e6
1.1640192700678753e6
1.182605646691894e6
1.2014485174376168e6
1.2205473796221279e6
1.2399017088668565e6
1.2595109601615279e6
1.2793745692526398e6
1.2994919535897379e6
1.3198625141343414e6
1.3404856361659954e6
1.3613606900517892e6
1.3824870335003794e6
1.4038640111153065e6
1.4254909572586152e6
1.4473671918755884e6
1.4694920375292096e6
1.491864785727894e6
1.5144847462600851e6
1.5373512062258683e6
1.5604634528168186e6
1.5838207602821877e6
1.6074224109408017e6
1.6312676733597755e6
1.6553558207935076e6
1.6796861174432382e6
1.7042578280511212e6
1.7290702189864665e6
1.7541225543223836e6
1.779414096647727e6
1.8049441129925284e6
1.830711868460199e6
1.8567166309464471e6
1.8829576721705182e6
1.909434260480714e6
1.936145677207966e6
1.963091199112325e6
1.9902701006989342e6
2.0176816824065545e6
2.0453252275482898e6
2.0732000486845542e6
2.101305410351957e6
2.129640643972289e6
2.1582050645414754e6
2.1869979845182686e6
2.2160187271617875e6
2.2452666244170694e6
2.2747410118301706e6
2.304441232549604e6
2.334366640997397e6
2.3645165912246257e6
2.394890446325288e6
2.425487582915674e6
2.4563073783388543e6
2.4873492176537495e6
2.518612498084451e6
2.5500966202816567e6
2.581800995117278e6
2.6137250419757296e6
2.6458681822877047e6
2.6782298550342196e6
2.7108095051360447e6
2.74360656696964e6
2.776620515550502e6
2.809850811225261e6
2.843296928450558e6
2.87695835534611e6
2.910834564121603e6
2.944925073660616e6
2.9792293844893603e6
3.013747010523957e6
3.048477475710387e6
3.0834203117340826e6
3.1185750557211833e6
3.153941260071047e6
3.189518476160089e6
3.225306267434278e6
3.261304205100631e6
3.297511869873115e6
3.333928846652138e6
3.37055473088724e6
3.4073891254869876e6
3.444431636138461e6
3.4816818870910564e6
3.5191395280181547e6
3.5568041398163754e6
3.594675366119097e6
3.632752880301688e6
3.67103632767999e6
3.7095253691489603e6
3.7482197006685436e6
3.78711892226444e6
3.826222772119088e6
3.8655309382856954e6
3.9050431082359143e6
3.94475898141273e6
3.984678266226371e6
4.0248006830762606e6
4.0651259439109685e6
4.105653820329681e6
4.146383972375205e6
4.1873161741487393e6
4.228450114436821e6
4.269785718940606e6
4.311322568891194e6