576193.0340971686
576211.05737933
576259.287341078
576338.1049498257
576448.3668109956
576591.0139904567
576767.0347733076
576978.8770799213
577227.5226560035
577515.2805444654
577844.5117913005
578217.815156033
578637.9401391759
579107.8678339873
579630.9237658132
580210.4555916502
580850.0743154725
581553.5979846446
582324.7658052768
583167.9118762824
584087.2937630764
585087.0040528935
586171.6085628178
587345.6271706596
588613.6493101786
589980.4740833002
591450.4979640904
593029.308607595
594720.9401526365
596530.5592228726
598462.9774484781
600523.0898880123
602715.7205670234
605045.7372035459
607517.8606148434
610137.0859985168
612907.9462743581
615835.185987852
618923.4986306697
622177.2562675301
625601.1493517405
629199.5430015649
632976.7646162179
636937.090356136
641084.6732792498
645423.5749970945
649957.8283164019
654691.2802009115
659627.7657825481
664770.9275109153
670124.3530449886
675691.5379144675
681475.8427763579
687480.5234552072
693708.749972681
700163.5649826727
706847.9110909163
713764.6195108746
720916.4125622942
728305.9124973111
735935.6226469101
743807.9541758888
751925.2006305931
760289.5701759821
768903.1471455644
777767.927554707
786885.801360203
796258.5659735147
805887.9183067719
815775.4544388647
825922.6881828068
836331.0400255541
847001.8490185365
857936.3089773702
869135.6323769318
880600.8586711702
892332.982019729
904332.9101843033
916601.4711899026
929139.4246348473
941947.4468381675
955026.149140059
968376.0684223464
981997.6736711198
995891.3684767031
1.0100575090774229e6
1.024496347820973e6
1.0392081277026783e6
1.0541930020443243e6
1.0694510807006531e6
1.0849824119338435e6
1.1007869968053335e6
1.1168647869451083e6
1.1332156823240544e6
1.1498395396595006e6
1.166736169775943e6
1.183905340618506e6
1.2013467790111618e6
1.2190601739761739e6
1.2370451747422195e6
1.2553013949987362e6
1.2738284155209707e6
1.292625783225083e6
1.3116930139089758e6
1.3310295940226945e6
1.3506349817069366e6
1.370508608311439e6
1.390649879944327e6
1.4110581792845945e6
1.4317328657913895e6
1.4526732780420086e6
1.4738787347363355e6
1.495348535555853e6
1.5170819640415865e6
1.5390782860991869e6
1.561336751582265e6
1.5838565993363007e6
1.6066370535294132e6
1.6296773251546891e6
1.6529766171990463e6
1.6765341212892544e6
1.700349019491429e6
1.7244204870004496e6
1.7487476928561055e6
1.773329796919602e6
1.7981659559966547e6
1.8232553227864564e6
1.8485970432294477e6
1.8741902599742736e6
1.9000341238387616e6
1.9261277692574095e6
1.952470338972573e6
1.9790609590089815e6
2.0058987871364737e6
2.032982956449727e6
2.0603126089145439e6
2.0878868878385471e6
2.1157049390811636e6
2.1437659125013193e6
2.172068960094468e6
2.2006132369256257e6
2.229397903725665e6
2.258422132934469e6
2.287685077827665e6
2.31718592847897e6
2.346923882303831e6
2.3768980837996257e6
2.407107747796216e6
2.4375520765558183e6
2.4682302755098604e6
2.4991415572200464e6
2.530285144966866e6
2.5616602674230644e6
2.593266164157782e6
2.625102090399368e6
2.657167270161113e6
2.689460991347297e6
2.7219824920150717e6
2.754731084906092e6
2.787706041576712e6
2.8209066648706296e6
2.8543322516511017e6
2.8879821217896477e6
2.9218555973209683e6
2.9559520102069513e6
2.9902707022360065e6
3.0248110237717624e6
3.059572337259712e6
3.0945540087950006e6
3.129755420691083e6
3.16517596087842e6
3.200815025544127e6
3.236672022900805e6
3.2727463722887402e6
3.3090374957135012e6
3.3455448331227894e6
3.3822678270105175e6
3.419205932149163e6
3.4563586161841378e6
3.4937253374190438e6
3.5313056025509657e6
3.56909888995488e6
3.607104679683903e6
3.6453225163551504e6
3.683751900232821e6
3.722392365665975e6
3.7612434442988383e6
3.8003046838168176e6
3.8395756362618348e6
3.879055866304897e6
3.918744943291262e6
3.9586424494893234e6
3.998747973780825e6
4.039061107444197e6
4.0795814625659576e6
4.1203086487306897e6
4.161242286260578e6
4.202382003365428e6
4.243727442338113e6
4.285278242175903e6