788087.8926586681
788071.3865497138
788027.9408571734
787956.9365835725
787860.4527279842
787738.94697726
787593.5252118828
787427.8040876458
787241.894786882
787038.7320887791
786821.0514134984
786591.7617103278
786353.8211002038
786111.1361201811
785866.9940830304
785625.3722791369
785390.3862962634
785166.4608665267
784957.7986837814
784769.437551779
784606.3964087425
784473.137991938
784375.49422295
784317.6409744923
784305.9637556325
784346.8611131273
784442.0040937171
784601.217301643
784828.6806732791
785129.8936530217
785510.8916625043
785977.4419548314
786534.5454945907
787189.5731722484
787948.2595039702
788815.0499404385
789796.3082449127
790898.2071152383
792125.439725297
793484.2712463648
794980.4595283957
796619.1380609439
798406.7967780011
800347.0201177376
802446.4559254313
804709.9443144994
807142.6581601247
809749.6088200789
812535.7952154353
815506.0110086184
818664.270181545
822016.7647208879
825567.2384616253
829320.9184592199
833280.5911235884
837451.2671997754
841837.0175151422
846441.8794549436
851269.660097226
856324.2022702137
861609.1257754597
867127.9860591523
872884.2031718192
878881.0883065371
885121.8571639499
891610.0605987757
898346.5141736015
905337.9945396425
912583.7808368541
920088.0378979852
927853.0212815399
935881.1862565917
944174.8860881212
952736.2385859247
961567.46800567
970670.5340041649
980047.378684405
989699.7823692078
999629.4887964821
1.0098380991384513e6
1.0203271508292838e6
1.0310980744263174e6
1.0421522079312359e6
1.053490810978785e6
1.0651150402387592e6
1.0770259768048886e6
1.0892246064385748e6
1.1017118666612795e6
1.1144885807777462e6
1.127555486123036e6
1.1409132781266868e6
1.1545625509117066e6
1.168503838310891e6
1.182737595519132e6
1.1972642104890738e6
1.2120840047168185e6
1.2271972385997537e6
1.242604097471024e6
1.2583047151325084e6
1.2742991593564847e6
1.2905874385151002e6
1.30716950919537e6
1.3240452884940575e6
1.341214599921511e6
1.3586772487393057e6
1.3764329817651338e6
1.394481497920788e6
1.412822450435624e6
1.4314554484066179e6
1.4503800581378592e6
1.4695958050053194e6
1.4891021854736945e6
1.5088986270484175e6
1.528984554027666e6
1.5493593430549374e6
1.5700223482975685e6
1.5909728659239549e6
1.612210187628803e6
1.6337335699035202e6
1.6555422402707513e6
1.677635401642968e6
1.7000122302889437e6
1.7226718847439056e6
1.7456134995654847e6
1.7688362257964585e6
1.7923390360208258e6
1.8161211317637623e6
1.840181531073969e6
1.8645192822382688e6
1.8891334069377857e6
1.9140229355038702e6
1.939186869470698e6
1.9646241874545699e6
1.9903338988795988e6
2.0163149663943553e6
2.0425663647017751e6
2.0690870494123627e6
2.0958759781712554e6
2.122932100412195e6
2.150254363929564e6
2.177841703171377e6
2.2056930721918615e6
2.233807396895742e6
2.262183620088669e6
2.290820675174196e6
2.3197175005699433e6
2.348873033962167e6
2.3782862105909823e6
2.4079559797928515e6
2.4378812818818e6
2.468061064475464e6
2.4984942809049566e6
2.529179886155659e6
2.5601168485220736e6
2.591304127614771e6
2.6227406892970363e6
2.6544255353158414e6
2.686357613109597e6
2.7185359620597144e6
2.7509595554902903e6
2.783627413165206e6
2.816538544519393e6
2.8496919783564014e6
2.8830867489256584e6
2.9167219010748863e6
2.950596477254002e6
2.9847095616068086e6
3.019060207702191e6
3.0536475045350334e6
3.0884705434046583e6
3.123528428710457e6
3.158820288952187e6
3.1943451956898775e6
3.2301023452251665e6
3.266090855843721e6
3.3023098873848747e6
3.3387586106467606e6
3.375436205435003e6
3.412341866908135e6
3.4494747795358403e6
3.486834182114616e6
3.524419291673246e6
3.5622293152776174e6
3.600263546110983e6
3.638521221728271e6
3.677001625477954e6
3.715704027884405e6
3.754627728174722e6
3.7937720396433063e6
3.8331362740053907e6
3.8727197465380486e6
3.9125218316207007e6
3.9525418546821633e6
3.9927791897975923e6
4.0332332087811427e6
4.0739032996283174e6
4.114788858169996e6
4.155889288336143e6
4.197204022494276e6
4.238732480759864e6