432957.0089329991
433002.25141307595
433123.1536799739
433320.0176852968
433593.5368287517
433944.5519354192
434374.18260378216
434883.8120941875
435474.9875712219
436149.5662130597
436909.42177458724
437756.8765967239
438694.34248684463
439724.34695844597
440849.72641037754
442073.3560971024
443398.33851409657
444827.91096066835
446365.3372362469
448014.2114831235
449778.1575179582
451660.64983973687
453665.5467777547
455796.65704611235
458057.0820502428
460453.02920697385
462986.13177681377
465661.28569634527
468482.309762142
471453.25884704536
474578.1421818156
477860.91638097237
481305.5423636881
484915.9295461506
488695.9650238879
492649.01111711666
496780.25612168096
501092.0088823909
505588.404126441
510273.00630045123
515149.3470786802
520220.84519244987
525490.8481737502
530962.6329519697
536635.2512430057
542524.0657062059
548619.8139699593
554929.4274850761
561455.7754076455
568201.5016283032
575169.2136584822
582361.4654463361
589780.5038536524
597428.7791359581
605308.4504796907
613421.6155535091
621770.2872809572
630356.3644315586
639181.6698201476
648247.9203968575
657556.882882077
667109.6685420527
676908.1473167526
686953.5349098468
697247.1011811502
707790.030576241
718583.422966859
729628.2951150533
740925.599710066
752476.1922168169
764280.86915456
776340.3433016061
788655.2645951065
801226.2157259663
814053.7009942688
827138.1721230233
840480.01295425
854079.5499746159
867937.0521601688
882052.7243978196
896426.7320549635
911059.1784627596
925950.1169304679
941099.5626576832
956507.4674103432
972173.7640008132
988098.3109898439
1.0042809552930291e6
1.0207214948847666e6
1.0374196884551105e6
1.054375261981918e6
1.0715879078615601e6
1.0890572912383503e6
1.1067830314702485e6
1.124764743640639e6
1.143001997998367e6
1.1614943452890709e6
1.1802413116113897e6
1.199242400760839e6
1.2184970949604975e6
1.2380048566723678e6
1.257765129712069e6
1.2777773404434603e6
1.298040899164326e6
1.318555200957723e6
1.3393196271497249e6
1.3603335459972238e6
1.381596314588503e6
1.4031072830703217e6
1.424865773681454e6
1.446871127724812e6
1.469122662310817e6
1.4916196806039098e6
1.514361498870159e6
1.537347413240926e6
1.5605767214458603e6
1.5840487098851765e6
1.6077626730318954e6
1.631717892976771e6
1.655913658847514e6
1.6803492491966393e6
1.7050239465177946e6
1.7299370328508783e6
1.7550877935712596e6
1.7804755079878212e6
1.8060994633553554e6
1.8319589453988879e6
1.858053243812579e6
1.8843816499028022e6
1.9109434574549568e6
1.937737967567476e6
1.9647644827703629e6
1.9920223010955246e6
2.0195107441597981e6
2.0472291231433598e6
2.0751767744671581e6
2.103352986936449e6
2.1317571194556365e6
2.160388511615455e6
2.1892465022058752e6
2.2183304404723486e6
2.247639683408116e6
2.277173596383987e6
2.3069315464550876e6
2.3369129166702614e6
2.3671170858196644e6
2.3975434478557147e6
2.4281913990694904e6
2.459060350455794e6
2.490149711982998e6
2.521458920724035e6
2.5529873643946145e6
2.584734521398293e6
2.6166998232029206e6
2.6488827190697803e6
2.6812826736680674e6
2.71389915867329e6
2.746731635250089e6
2.779779603862131e6
2.8130425510656857e6
2.8465199766449262e6
2.880211395964666e6
2.914116304899986e6
2.948234243194453e6
2.982564751958201e6
3.0171073546625436e6
3.0518616042225556e6
3.086827057085353e6
3.122003273644168e6
3.1573898329494633e6
3.192986306721935e6
3.228792283399564e6
3.2648073571168687e6
3.3010311315506445e6
3.337463213216284e6
3.3741032209731177e6
3.4109507775344835e6
3.4480055158162857e6
3.485267075498551e6
3.522735096990097e6
3.560409239277233e6
3.5982891589941396e6
3.636374524637029e6
3.6746650100436867e6
3.713160294922367e6
3.751860130422856e6
3.7907640581104164e6
3.829871894312602e6
3.869183320530291e6
3.9086980497243484e6
3.9484158004440875e6
3.9883363007342457e6
4.0284592824703245e6
4.06878448030924e6
4.109311648444854e6
4.1500405275582285e6
4.190970891479896e6
4.232102457573364e6
4.273435039188532e6
4.314968391450983e6