486312.5136712502
486347.21379115595
486439.89460271725
486590.9642535135
486801.1426964272
487071.30770717363
487402.6631080329
487796.7198981269
488255.0311432637
488779.5786116263
489372.497540856
490036.15752187325
490773.1328078612
491586.1326742261
492478.1838197011
493452.3794528148
494512.01212901506
495660.7328710401
496901.5069521683
498238.7198607285
499676.1026041794
501217.3647605884
502866.66725023557
504628.11563638586
506505.83407420875
508504.1771387713
510627.25531953585
512879.6291769466
515265.3955534756
517788.9839004463
520454.75041487324
523267.01353929786
526230.0998954849
529348.2954451472
532625.9221111074
536066.9923105426
539675.8862033996
543456.6174957342
547413.2689091074
551549.4275181454
555870.0560335069
560377.9493984295
565077.1918389901
569971.4474650116
575064.2708846668
580359.1218936552
585859.435848597
591568.4266883592
597489.358937379
603625.2638748348
609979.135972909
616553.8613381046
623352.2217315454
630376.8827488308
637630.4245315309
645115.3166676293
652833.9275244081
660788.519300068
668981.257832288
677414.2050798606
686089.3250920682
695008.484142709
704173.4579627911
713585.9211037443
723247.4580124335
733159.543010509
743323.5878146304
753740.902994072
764412.7127759462
775340.1494202705
786524.275018271
797966.0726508973
809666.43178777
821626.180574934
833846.0640650945
846326.756195995
859068.8611396087
872072.9172146525
885339.3935418241
898868.6970355785
912661.1725166277
926717.1055828971
941036.7199295838
955620.1940845038
970467.6339066523
985579.1218209397
1.0009546540690333e6
1.0165942099222917e6
1.0324977124091403e6
1.0486650380295573e6
1.0650960215197348e6
1.0817904590239814e6
1.098748111086831e6
1.1159686852173961e6
1.1334518778798582e6
1.1511973359862468e6
1.1692046783801976e6
1.187473493619768e6
1.2060033411716963e6
1.2247937534180305e6
1.243844236751174e6
1.2631542731001868e6
1.2827233213861512e6
1.3025508188907965e6
1.3226361822041485e6
1.3429788093996171e6
1.3635780800952122e6
1.3844333575858409e6
1.4055439896335248e6
1.426909309370229e6
1.4485286374098104e6
1.470401280427053e6
1.4925265358528905e6
1.5149036908728923e6
1.5375320218454327e6
1.5604107970838048e6
1.5835392790335044e6
1.6069167225655923e6
1.6305423754221902e6
1.6544154829506492e6
1.6785352850456478e6
1.7029010168971515e6
1.7275119130311366e6
1.7523672052049595e6
1.7774661224239965e6
1.8028078951740703e6
1.8283917511459098e6
1.8542169207047282e6
1.8802826342269464e6
1.9065881197552946e6
1.933132615234909e6
1.9599153566140942e6
1.9869355711841763e6
2.0141925160629833e6
2.0416854274992757e6
2.069413573299986e6
2.0973761597492327e6
2.1255724909737622e6
2.1540018156878995e6
2.182663401971409e6
2.211556526892675e6
2.2406804599576057e6
2.270034499962806e6
2.2996179311344475e6
2.329430061365905e6
2.3594701890094844e6
2.3897376281997086e6
2.420231699538561e6
2.450951732344681e6
2.4818970604656916e6
2.513067023652681e6
2.5444609755470236e6
2.5760782769661383e6
2.6079182833435996e6
2.6399803765852456e6
2.6722639412979484e6
2.704768368747652e6
2.7374930404895158e6
2.7704373859057785e6
2.8036008107859106e6
2.836982739563383e6
2.8705826033669403e6
2.9043998455096143e6
2.938433914486682e6
2.9726842689616904e6
3.0071503731821147e6
3.0418317037992366e6
3.0767277445408786e6
3.111838012091958e6
3.147161957280054e6
3.182699111623856e6
3.218448991593309e6
3.254411124728094e6
3.290585046135402e6
3.3269702992017907e6
3.3635664253634945e6
3.4003729923548643e6
3.437389564598815e6
3.474615719342498e6
3.512051030462369e6
3.5496951253986433e6
3.587547551945013e6
3.6256079138726126e6
3.6638758662039274e6
3.7023510072434647e6
3.741032975584395e6
3.7799213994471794e6
3.8190159291782994e6
3.858316215381003e6
3.8978219178626873e6
3.9375326998753985e6
3.9774482378197014e6
4.017568211383337e6
4.0578923052361542e6
4.098420216863986e6
4.139151645413017e6
4.180086298382839e6
4.221223889450888e6
4.262564140633225e6
4.304106777116474e6