679488.7384419418
679489.1642123713
679490.4785419382
679493.0896335923
679497.9327629065
679505.9077478232
679518.1041053438
679537.5029676722
679564.6863048574
679602.2966452522
679652.8969203886
679719.2396139752
679804.3065765905
679911.2927410237
680044.1724331212
680205.3715127751
680399.9476934666
680631.6734553791
680904.5317492897
681223.2372133994
681592.480148218
682016.5199439157
682500.262230328
683049.1776991553
683667.6484544788
684361.1569210902
685134.5645884172
685993.6802768116
686943.3639606704
687988.8970220999
689135.8581089347
690389.5523981034
691755.300510574
693238.5251326644
694844.2102164227
696578.3595568679
698446.1723118983
700452.663443924
702602.4826417399
704901.3465168466
707354.3942279033
709966.5272354166
712742.64548265
715687.6286354738
718806.2254387467
722102.6405834098
725582.9182563765
729250.1073454297
733109.1055293964
737164.176433268
741419.5254795054
745879.2531859294
750547.3219046977
755427.5827037026
760523.8812500116
765839.7041022147
771378.8867018908
777144.5897181175
783140.2176726472
789368.987198088
795833.9742516519
802538.1815062852
809484.4731906009
816675.6094914362
824114.258257853
831803.9359797133
839744.1329968829
847940.1277409544
856393.172789919
865105.3825233917
874078.7772599353
883315.2828441334
892817.2470891569
902584.7961184075
912621.1666399678
922927.3381810404
933504.7619221505
944354.7778762035
955478.6621341024
966877.5733392731
978552.6036467975
990504.7577076155
1.0027349562375487e6
1.0152440355487437e6
1.0280327840532475e6
1.0411018662777334e6
1.0544518966599843e6
1.0680834423016303e6
1.081996964036596e6
1.09619287078951e6
1.1106715015816407e6
1.1254331336297248e6
1.1404779822271322e6
1.1558062001457503e6
1.1714178845555163e6
1.187313074657002e6
1.2034917557811635e6
1.2199538601968908e6
1.2366992698905403e6
1.2537278167501602e6
1.271039286417569e6
1.2886334091629828e6
1.3065099093948128e6
1.3246684124732197e6
1.3431085423149774e6
1.3618298735565476e6
1.3808319441902763e6
1.4001142561565232e6
1.419676280127104e6
1.4395174497386748e6
1.4596371737372072e6
1.480034826052065e6
1.5007097557261898e6
1.521661286377641e6
1.5428887143989876e6
1.564391311968225e6
1.5861683330042176e6
1.608219005823119e6
1.6305425431822692e6
1.6531381360902865e6
1.6760049603287908e6
1.6991421743005784e6
1.7225489220693547e6
1.7462243369967437e6
1.770167534714576e6
1.794377619595027e6
1.818853705881367e6
1.8435948480108108e6
1.8686001411627783e6
1.8938686484531648e6
1.919399442741818e6
1.94519157717361e6
1.9712441055451068e6
1.9975560688704061e6
2.0241265146207341e6
2.0509544883613146e6
2.0780390336774322e6
2.105379174376156e6
2.1329739649923695e6
2.160822439578851e6
2.188923635079963e6
2.2172765936980397e6
2.245880360688461e6
2.2747339760744544e6
2.303836497402867e6
2.333186967424471e6
2.362784445914071e6
2.392627993039655e6
2.422716676487562e6
2.453049565919671e6
2.483625737606939e6
2.514444274918624e6
2.5455042671284657e6
2.5768048149726703e6
2.608345010848236e6
2.640123977211636e6
2.6721408371294336e6
2.7043946887695314e6
2.736884700205889e6
2.7696100003004377e6
2.802569746943041e6
2.8357631061852444e6
2.8691891512273913e6
2.9028473165675746e6
2.936736545301687e6
2.9708561166606243e6
3.0052052405756568e6
3.039783138035291e6
3.074589035608792e6
3.109622168352357e6
3.144881792934187e6
3.180367162050935e6
3.2160775466854298e6
3.2520122318654186e6
3.2881705014926824e6
3.324551658579336e6
3.3611550125103984e6
3.3979798886976237e6
3.4350256210148083e6
3.472291538722081e6
3.509777013200582e6
3.5474814030116154e6
3.5854040549019678e6
3.6235443933723997e6
3.661901796055828e6
3.7004756685002763e6
3.7392654251518287e6
3.778270492093526e6
3.8174903105346803e6
3.8569243232408343e6
3.8965719830088746e6
3.93643275897245e6
3.9765061282771295e6
4.0167915775896255e6
4.057288601164489e6
4.097996711128842e6
4.138915415676443e6
4.180044223940784e6
4.221382703021498e6
4.262930378864361e6