439375.0422887469
439412.56952973304
439536.4198128936
439727.6511787111
439993.38595712173
440334.4590214434
440752.0070125465
441247.4249595753
441824.5982203975
442478.41257289785
443217.7473151578
444042.61321163864
444955.4430488723
445958.78576581366
447055.49456717516
448248.494123694
449540.888993358
450935.9549462404
452436.9832176779
454047.60274537164
455771.4711791659
457612.09845206595
459573.37577209005
461659.15062763926
463872.55841201195
466219.85794419167
468702.7114038541
471326.06569165003
474093.7760626244
477009.943651126
480078.621943524
483303.8128269416
486689.52356029756
490239.7100459618
493958.3067115295
497848.7105200959
501916.1966452934
506163.0838309573
510593.5689514793
515211.264784736
520019.75187619275
525022.4995988411
530222.9037809855
535624.2913746162
541229.8593365516
547042.7264736079
553065.9792222655
559302.4909291121
565755.1826607775
572426.7449223198
579319.8351887593
586437.0569501894
593780.6947689177
601353.2594019207
609156.9321071304
617193.877405443
625466.1445955137
633975.6761474571
642724.3375606551
651713.8878671039
660946.1476831924
670422.2305034639
680144.0839300614
690112.949379522
700330.1361036185
710796.8626203173
721514.2619554427
732483.3931138039
743705.2415269731
755180.6913321174
766910.5733395756
778895.6305877793
791136.543794079
803633.9240689061
816388.3039842315
829400.1621428197
842669.9082119287
856197.8936783255
869984.4112866579
884029.6893088655
898333.9139615208
912897.2104480247
927719.6515537947
942801.2716035893
958142.0401012881
973741.9071430941
989600.7470983461
1.005718422078198e6
1.0220947443628359e6
1.0387294858370266e6
1.055622384939183e6
1.0727731458276524e6
1.0901814437085954e6
1.107846908241521e6
1.125769163708138e6
1.1439477880965886e6
1.1623823398531852e6
1.1810723517552e6
1.200017333383745e6
1.2192167721770005e6
1.2386701350626592e6
1.258376869620905e6
1.2783364053655476e6
1.2985481548816354e6
1.3190115152221082e6
1.3397258688392576e6
1.3606905846158795e6
1.3819050196485315e6
1.4033685236002286e6
1.4250804174821996e6
1.4470400412184047e6
1.469246709816844e6
1.491699723780469e6
1.5143983960408012e6
1.5373420202167896e6
1.560529889432597e6
1.5839612858145293e6
1.6076354993540787e6
1.631551807098542e6
1.6557094925980736e6
1.6801078291486185e6
1.7047460925339963e6
1.7296235597939603e6
1.7547395073640177e6
1.7800932095486221e6
1.8056839459308453e6
1.8315109947782347e6
1.8575736382512315e6
1.8838711602776598e6
1.9104028450870325e6
1.9371679877349476e6
1.9641658802631903e6
1.9913958126897893e6
2.018857100281364e6
2.0465490422248235e6
2.0744709683962902e6
2.1026221568972813e6
2.1310019579580273e6
2.1596097022761786e6
2.188444719177583e6
2.2175063481170433e6
2.2467939377985196e6
2.2763068430049764e6
2.306044421576764e6
2.336006046905742e6
2.3661910887759547e6
2.39659893050145e6
2.4272289603140233e6
2.458080577934068e6
2.4891531846006867e6
2.5204461955628647e6
2.551959025232374e6
2.5836911011844813e6
2.6156418724720646e6
2.647810763794669e6
2.6801972354505016e6
2.7128007497512223e6
2.7456207581953364e6
2.7786567526534125e6
2.8119082097011944e6
2.8453746203468237e6
2.8790554829291343e6
2.9129503076005797e6
2.947058607184244e6
2.9813799055075506e6
3.015913733360337e6
3.050659629782251e6
3.085617142414375e6
3.1207858230815246e6
3.15616524205286e6
3.191754894826862e6
3.227554566883855e6
3.26356363824381e6
3.2997817728451127e6
3.336208570353204e6
3.372843640528497e6
3.409686600293556e6
3.446737070095978e6
3.483994686912129e6
3.5214590815508943e6
3.559129906432721e6
3.5970068100415748e6
3.635089454223005e6
3.6733775408500675e6
3.7118706722781686e6
3.7505685921309013e6
3.7894709149769815e6
3.828577389422736e6
3.8678877156418096e6
3.907401592127758e6
3.9471187310617315e6
3.9870388541509025e6
4.0271616864624694e6
4.0674869577532066e6
4.108014415566258e6
4.1487437949914103e6
4.189674848683915e6
4.230807335128758e6
4.272141013010719e6
4.313675684798479e6