821077.5830182801
821056.2178811906
820999.9184627836
820907.4275056284
820782.2203634968
820623.658619989
820433.0415362939
820214.2148529114
819967.1858312427
819694.9422119975
819400.2798757385
819086.1062692271
818755.4942390865
818412.3483970689
818060.0239570143
817702.5561460836
817344.1104733113
816988.2537852582
816642.0494990302
816307.8112764321
815991.5792880466
815697.8712259955
815432.2823632837
815199.7371288394
815006.7332453185
814857.8765001516
814758.8433588953
814716.0281669684
814733.9791659936
814820.9471608407
814980.4671334084
815219.2735731441
815543.256363356
815958.3849549748
816470.5145646343
817084.7754634535
817809.5953684021
818648.9614048323
819607.8657696582
820693.5359356846
821911.2579762139
823266.5098183705
824765.9248187267
826413.1733027052
828215.129365114
830176.7442531579
832303.344027061
834600.083047343
837072.1208755977
839724.3998261201
842561.8595656492
845589.30107138
848811.4082432785
852232.7747661686
855857.9118652437
859691.1931787496
863736.8595004317
867999.1040744411
872481.8876019304
877189.2230139135
882124.8806496218
887292.2703490208
892695.8895325775
898338.290024695
904223.1468856875
910354.9843737404
916733.0796867425
923364.3063465753
930250.2973892437
937393.8485925891
944797.6274891144
952464.239530008
960396.1850836894
968595.7269025047
977065.2362557414
985806.8192305525
994822.5568601682
1.0041143714869746e6
1.0136841381450049e6
1.0235336014184416e6
1.033664427491657e6
1.0440781795706083e6
1.054776322503356e6
1.065760240778414e6
1.0770312237650712e6
1.088590463194744e6
1.1004390665412918e6
1.1125780881621626e6
1.1250084569575284e6
1.1377310390158016e6
1.1507466188268415e6
1.164055902761258e6
1.1776595178572088e6
1.191558024401254e6
1.2057519079774492e6
1.220241657289565e6
1.2350273840443718e6
1.2501095982978097e6
1.265488438625008e6
1.2811640508361992e6
1.2971365243524765e6
1.3134058782557433e6
1.3299721108438487e6
1.3468351092509977e6
1.3639947432386158e6
1.381450820153736e6
1.399203097038006e6
1.417251291041231e6
1.435595044202038e6
1.4542339810101092e6
1.4731676806655e6
1.4923956553545361e6
1.511917401239559e6
1.531732369655871e6
1.5518399689111682e6
1.572239577356077e6
1.5929305369204902e6
1.613912155345926e6
1.6351837111043117e6
1.6567444521873337e6
1.6785935988869308e6
1.7007303432637085e6
1.723153853182595e6
1.7458632719935982e6
1.7688577220945354e6
1.7921362900883325e6
1.8156980894920062e6
1.8395421470921824e6
1.8636675191275866e6
1.8880732259310717e6
1.9127582878724732e6
1.9377217011475929e6
1.9629624295461422e6
1.9884794767210807e6
2.0142717889152563e6
2.0403383232377637e6
2.066678019829435e6
2.0932898154586551e6
2.120172640196273e6
2.147325418504184e6
2.174747063041947e6
2.20243649703156e6
2.2303926286515794e6
2.2586143688901057e6
2.2871006165527776e6
2.315850286419045e6
2.344862283253204e6
2.374135508653966e6
2.403668879489978e6
2.433461300672774e6
2.463511678169326e6
2.4938189508340256e6
2.5243820136478757e6
2.5551998055255413e6
2.5862712386985263e6
2.617595264935179e6
2.6491708216345264e6
2.680996826045254e6
2.713072269447934e6
2.745396092057578e6
2.77796726920008e6
2.8107825553911426e6
2.8438475974084185e6
2.8771546819984643e6
2.910705095980464e6
2.944497801802124e6
2.978531851629575e6
3.0128062548240344e6
3.0473200687289997e6
3.082072301609259e6
3.1170620526145427e6
3.1522883950501326e6
3.1877503541039117e6
3.2234470851494726e6
3.259377662259661e6
3.2955412010762137e6
3.3319368287780345e6
3.368563682741234e6
3.4054209149889736e6
3.4425076671442846e6
3.479823135730001e6
3.5173664940092284e6
3.555136910558937e6
3.593133628144159e6
3.6313558514393074e6
3.66980281974845e6
3.708473761763174e6
3.7473679380036267e6
3.786484619607419e6
3.8258230765725244e6
3.865382600520325e6
3.905162494043911e6
3.9451620714834016e6
3.9853806603042185e6
4.025817593608073e6
4.0664722235782947e6
4.1073439067636877e6
4.1484320157735674e6
4.189735935488078e6
4.231255030583171e6