443546.8784514541
443589.98337104544
443705.1727940962
443892.76102962974
444153.4595838295
444488.1037979884
444897.83704262786
445384.0604614025
445948.339034513
446592.5652780017
447318.6245264764
448128.87878225266
449025.77237167326
450159.83154721884
451090.0347347155
452263.21331444115
453534.52496881096
454907.26760786853
456384.74546081945
457970.61299598904
459668.55294235516
461482.08543123316
463415.13496625796
465471.570265685
467654.55007092643
469970.362844771
472420.69115588174
475010.5156188728
477743.71361718036
480624.416176029
483656.7037066474
486844.6129615484
490192.17494241975
493703.3787710782
497382.1856688226
501232.0184701686
505258.2077219412
509463.07785861194
513850.8657326745
518425.2152594093
523189.7392150024
528147.939079372
533303.2417666656
538659.0067288838
544218.4620359251
549984.7585212877
555961.0142936187
562150.1338721433
568555.0697761971
575178.5433382051
582023.2429183093
589091.7476705469
596386.536578806
603909.9808636955
611664.360991814
619651.8559400814
627874.5480449343
636334.408208227
645033.3299089244
653973.0983429138
663155.5644259405
672581.8599691376
682253.9656887015
692173.1471824148
702340.7356356238
712757.9714539194
723426.0156656463
734345.949262949
745518.7783791434
756945.4087854405
768626.6923691744
780563.3921797355
792756.2084046145
805205.7712150231
817912.6314108388
830877.2850710729
844100.1587834129
857581.6203105699
871321.9777040981
885321.475302437
899580.3124512032
914098.628449807
928876.509127993
943914.0012651304
959211.0860417192
974767.7248727024
990583.8025088275
1.0066591911015341e6
1.0229937122749395e6
1.0395871467075108e6
1.056439240984598e6
1.073549706677978e6
1.090918226817519e6
1.1085444366849803e6
1.1264279669227712e6
1.1445684011527128e6
1.1629653024905012e6
1.1816182082814507e6
1.2005266322172806e6
1.2196900647783356e6
1.2391079763054452e6
1.2587798168719208e6
1.2787050181072603e6
1.2988829942897498e6
1.3193131437694076e6
1.3399948499035083e6
1.3609274820656471e6
1.3821103974817307e6
1.4035429456423759e6
1.4252244467860523e6
1.4471542405383796e6
1.4693316393841468e6
1.4917559433854748e6
1.5144264635224878e6
1.537342489998499e6
1.5605033159455676e6
1.5839082187538282e6
1.6075564861185e6
1.6314473918599167e6
1.6555802161716842e6
1.6799542286556128e6
1.7045687012449396e6
1.7294229069466377e6
1.7545161179862435e6
1.7798476042155102e6
1.8054166406311698e6
1.831222500835629e6
1.857264462022475e6
1.8835418026120747e6
1.9100538031503595e6
1.9367997521153942e6
1.9637789364165785e6
1.990990640552116e6
2.018434174384769e6
2.0461088312705515e6
2.0740139355428405e6
2.1021487534368173e6
2.130512646705134e6
2.159104922525078e6
2.1879249103663405e6
2.216971943452631e6
2.2462453643033775e6
2.275744521840606e6
2.305468767408067e6
2.335417468224209e6
2.365589988333637e6
2.395985704176479e6
2.4266039982388057e6
2.457444263797614e6
2.4885058958381424e6
2.5197883022522843e6
2.5512908949024267e6
2.58301309641279e6
2.614954335872768e6
2.6471140470757177e6
2.6794916787020992e6
2.7120866874167826e6
2.744898518336209e6
2.7779266575137945e6
2.811170575378773e6
2.844629757067612e6
2.8783037023255965e6
2.912191893297087e6
2.9462938589784727e6
2.980609110135801e6
3.015137171908551e6
3.0498775775687806e6
3.084829869124228e6
3.119993592840565e6
3.1553683135370463e6
3.1909535211328305e6
3.2267489958270476e6
3.2627541121269655e6
3.2989685288883867e6
3.3353918404089576e6
3.3720236514618625e6
3.4088635738318553e6
3.445911222795382e6
3.4831662305806605e6
3.5206282229061555e6
3.5582968556971247e6
3.5961717482081833e6
3.634252616631035e6
3.672539045309277e6
3.7110307379840934e6
3.7497273982511205e6
3.7886286348717655e6
3.827734193464953e6
3.8670437698897286e6
3.9065570582460747e6
3.9462737666472974e6
3.9861936103456565e6
4.026316316858046e6
4.066641605666891e6
4.1071692223309535e6
4.147898899105768e6
4.188830383765115e6
4.22996346377575e6
4.2712978302472215e6
4.312833278946936e6