612710.6649010492
612722.2865198806
612753.4358744872
612804.5402576199
612876.4501355714
612970.142910504
613086.529885224
613228.37797922
613396.4768003896
613593.2616772603
613821.1693511368
614082.8707188122
614381.1876833065
614719.1919495477
615100.2907076994
615527.9610859494
616005.8891695957
616538.0235293746
617128.2091415806
617780.9187803477
618500.5635267515
619291.3430087817
620157.9791173247
621105.1528066593
622137.5765695205
623260.25961418
624477.6877524926
625795.836136199
627218.5609679671
628751.4477632758
630399.4726395266
632167.6866366467
634061.1171572312
636084.8312691498
638243.5111537983
640542.8265410753
642987.5113362978
645582.3247926175
648331.6256215597
651240.7351412725
654314.3600979265
657557.0661838711
660973.3953915122
664567.8478630171
668344.7972529742
672308.5362080137
676463.3268687637
680813.2109285183
685362.2770086125
690114.3714298928
695073.3383134494
700242.8646400233
705626.5598032947
711227.8668372591
717050.2578015445
723096.792929905
729371.0340587886
735875.6552514134
742613.720432051
749588.0700925994
756801.4154558373
764256.3776048198
771955.458072844
779901.0696156998
788095.5074298636
796540.9475473827
805239.492533052
814193.1207475334
823403.72783366
832873.0913406939
842602.9085651839
852594.7790594341
862850.2164194458
873370.5810513701
884157.2588355166
895211.4503503696
906534.3075484876
918126.8949113335
929990.1891771895
942125.0962701077
954532.4361903749
967212.9561785652
980167.326923266
993396.1470141347
1.0068999426364473e6
1.0206791918461992e6
1.0347342608397498e6
1.0490655048530372e6
1.0636731828276613e6
1.0785575064095985e6
1.0937186245204187e6
1.109156627871335e6
1.1248715583400568e6
1.1408633999815746e6
1.157132089920706e6
1.1736775148307283e6
1.19049951427546e6
1.2075978821345316e6
1.2249723716602414e6
1.2426226895415457e6
1.2605485058754785e6
1.2787494518583755e6
1.2972251217765934e6
1.3159750747679055e6
1.3349988366309754e6
1.354295901255687e6
1.3738657322976396e6
1.39370776422799e6
1.4138214044828294e6
1.4342060345307956e6
1.4548610110432338e6
1.4757856676168456e6
1.4969793161354254e6
1.5184412484416142e6
1.5401707361372935e6
1.5621670319252063e6
1.5844293742988687e6
1.606956985412193e6
1.6297490695515336e6
1.6528048228515578e6
1.6761234249089607e6
1.699704045701042e6
1.723545844907619e6
1.7476479736208743e6
1.7720095721588288e6
1.796629775476342e6
1.8215077116906524e6
1.8466425024701923e6
1.8720332660215e6
1.8976791104152242e6
1.923579153087279e6
1.949732499478258e6
1.9761382403272332e6
2.0027954997594438e6
2.029703370994982e6
2.0568609607746098e6
2.08426737104804e6
2.1119217254887866e6
2.139823096253499e6
2.16797060734523e6
2.1963633800202636e6
2.2250005202115504e6
2.2538811537544853e6
2.283004399873129e6
2.3123693905026964e6
2.3419752752950345e6
2.3718211576456456e6
2.401906201921479e6
2.4322295561538124e6
2.4627903832600783e6
2.493587841018081e6
2.5246211039920193e6
2.5558893499565925e6
2.587391768081244e6
2.619127543086333e6
2.6510958784225113e6
2.683296014031693e6
2.715727116388346e6
2.748388450255955e6
2.7812792384673012e6
2.81439873207904e6
2.847746178503413e6
2.8813208436133745e6
2.9151219990851525e6
2.949148922792086e6
2.983400917908408e6
3.017877271692858e6
3.05257730089424e6
3.0875003216506937e6
3.1226456665253355e6
3.15801267464966e6
3.193600692331367e6
3.229409079343394e6
3.2654372082330985e6
3.3016844530834705e6
3.338150202945969e6
3.374833856026175e6
3.411734821552474e6
3.448852520008535e6
3.486186365654091e6
3.5237358129986613e6
3.561500304363403e6
3.599479270581329e6
3.637672215033552e6
3.6760785932457116e6
3.714697897405192e6
3.7535296189640933e6
3.7925732616388197e6
3.83182833679988e6
3.8712943601587326e6
3.9109708853592775e6
3.9508574336398807e6
3.9909535603089775e6
4.031258849056887e6
4.0717728139578146e6
4.1124950584414476e6
4.1534251651115655e6
4.194562726397164e6
4.23590734974982e6
4.277458638848979e6