670579.4782075214
670581.3612743383
670586.5578194796
670595.4806605382
670609.0508859558
670628.1745130515
670651.0849460873
670689.2757004063
670734.8056282896
670793.1375031023
670866.8201228215
670958.6014664571
671071.438277986
671208.5112312171
671373.7590114976
671569.6339183382
671801.1259418913
672071.9985282201
672386.2142211329
672748.4575528759
673163.3475476485
673635.2432431204
674168.9061903378
674769.8024882239
675442.2858334639
676191.8054429773
677023.1953903456
677942.2135627982
678953.6645850659
680062.8896258585
681275.3244991413
682596.2585632362
684031.0055426545
685584.9067316115
687262.9328568906
689071.0386950372
691014.3660308993
693097.8909778558
695326.230155508
697705.0555462716
700239.4436364505
702934.2482735604
705794.3353481204
708824.5308489845
712029.5371379686
715413.5163621285
718982.4362850316
722739.3300967708
726689.0260196204
730835.7543142957
735183.6622509884
739736.8030940171
744499.0839415906
749474.3114202435
754666.2841645033
760078.4252182036
765714.5400071733
771577.7254894525
777671.3405311154
783998.5564991042
790562.3977069327
797365.8185782225
804411.6414250596
811702.5686517479
819241.2291156054
827031.0709038721
835071.5971399724
843367.9840499135
851921.4582833652
860734.0857229715
869807.8488570089
879144.6267073317
888746.2205953379
898614.2392215391
908750.3513408967
919156.0072313569
929832.6160239484
940781.4828890092
952003.8443933496
963500.8238222635
975273.477098397
987322.7742960057
999649.6021623113
1.0122547643299391e6
1.0251390162279664e6
1.0383029927296458e6
1.0517472776016612e6
1.06547240797617e6
1.0794788173671993e6
1.0937668872006326e6
1.1083369301707183e6
1.123189198541387e6
1.138323880848861e6
1.1537411128164744e6
1.1694409631331146e6
1.1854234516732958e6
1.2016885433500896e6
1.2182361502269458e6
1.2350661400277622e6
1.252178319122734e6
1.2695724630430758e6
1.2872482844861555e6
1.3052054929149488e6
1.3234437009454588e6
1.3419625185230148e6
1.360761508730501e6
1.3798401984934648e6
1.399198079465677e6
1.4188346131095495e6
1.4387492245577625e6
1.4589413148422749e6
1.4794102530085777e6
1.5001553764473768e6
1.5211760090355228e6
1.5424714409760009e6
1.564040940876687e6
1.5858837590798223e6
1.6079991222292765e6
1.630386241314019e6
1.6530443064654171e6
1.675972493285853e6
1.6991699605819108e6
1.7226358534970712e6
1.7463693069586682e6
1.7703694379142388e6
1.7946353567196985e6
1.8191661634736436e6
1.843960961244396e6
1.86901880527226e6
1.8943387787809258e6
1.9199199597332345e6
1.945761406912071e6
1.9718621690365225e6
1.9982213314114138e6
2.024837909163462e6
2.0517109690752125e6
2.0788395623090018e6
2.106222720979117e6
2.133859508824638e6
2.161748967569735e6
2.189890144858766e6
2.218282091180295e6
2.246923861793448e6
2.2758145068582296e6
2.3049530939847343e6
2.3343386764741843e6
2.363970326572605e6
2.393847109658364e6
2.4239681100147082e6
2.454332407526536e6
2.4849390872237e6
2.5157872464609607e6
2.546875985670333e6
2.5782044161640867e6
2.6097716431902307e6
2.64157680079158e6
2.673619024344341e6
2.7058974229853903e6
2.738411177936593e6
2.771159429842035e6
2.804141348709066e6
2.8373561035178653e6
2.870802796267883e6
2.904480867124654e6
2.9383892710876227e6
2.972527311553437e6
3.006894186802896e6
3.0414891413367917e6
3.0763114130362174e6
3.111360252167009e6
3.146634923825513e6
3.182134694552013e6
3.2178588467890103e6
3.2538066772882626e6
3.2899774821536196e6
3.3263705758412345e6
3.362985279557608e6
3.3998209301737514e6
3.436876872999648e6
3.474152448919132e6
3.511647040196841e6
3.549360017011707e6
3.587290737149039e6
3.625438635648811e6
3.6638031012442964e6
3.7023835508186e6
3.7411794085885794e6
3.7801901142380233e6
3.8194151131310924e6
3.858853860635447e6
3.89850582290688e6
3.9383704769498403e6
3.978447310213895e6
4.0187358223164086e6
4.0592355065499726e6
4.0999458952659885e6
4.1408664932476995e6
4.1819968474398754e6
4.223336504174169e6
4.264885009557912e6