697788.9644265756
697786.4306430186
697779.8620581774
697769.6557358392
697756.7746340613
697742.1120495537
697726.7516390365
697713.7802605256
697703.7148587225
697699.2405960397
697702.9552226306
697717.6349242997
697746.2832482976
697792.1652587355
697858.8602065524
697950.0466303251
698069.6201292815
698221.8068225295
698410.6276429776
698640.8584908613
698917.2451064612
699244.0982595547
699626.3773572571
700069.6303860344
700578.3002419124
701157.9248379695
701813.431945201
702550.7241706115
703374.7184263483
704290.7601018911
705304.5248845228
706421.3808501107
707646.7551770258
708986.1195554063
710444.5646225616
712028.1646292087
713742.2526510003
715591.8871648756
717581.7971380634
719717.8091750228
722005.1648307502
724448.8480199602
727053.8617132583
729825.1767722872
732767.6392043883
735886.0202644203
739185.026331194
742669.285628422
746343.2702327594
750211.3500472716
754277.8379969663
758546.9257927845
763022.6826494308
767709.0636688232
772610.0112083427
777728.3815056967
783070.30265512
788636.8569531745
794432.2260972795
800459.7820009993
806722.6807220255
813224.0226438816
819966.7671523778
826953.7738738068
834187.8032315874
841672.5091744141
849407.3547419759
857397.8327187892
865645.2409976915
874151.7840228048
882919.5751719199
891950.6280831981
901247.4243134588
910810.022449641
920641.9005043515
930744.0693985171
941118.0519920907
951765.2716590319
962687.0813734508
973884.7141233688
985359.3368001714
997112.0245885612
1.0091437686675126e6
1.0214554732397821e6
1.0340479938036038e6
1.0469220580210419e6
1.0600783429142868e6
1.0735174768823066e6
1.0872399791926811e6
1.1012463123457558e6
1.1155368764090026e6
1.130111995916183e6
1.144971938921432e6
1.1601169063827605e6
1.175547042016739e6
1.191262431219894e6
1.2072631007109385e6
1.223549023282754e6
1.2401201222606201e6
1.2569762638192268e6
1.2741172673508462e6
1.2915429082395958e6
1.3092529255824876e6
1.3272469818100636e6
1.3455247255074321e6
1.3640857598077094e6
1.3829296455768775e6
1.4020559074698626e6
1.4214640341907488e6
1.4411534760829061e6
1.4611236659371047e6
1.4813739887748677e6
1.5019038069898854e6
1.5227124561745487e6
1.5437992428705082e6
1.5651634479143592e6
1.5868043323043545e6
1.608721130390142e6
1.6309130582093762e6
1.653379310526915e6
1.6761190642386503e6
1.6991314778165107e6
1.7224156938585462e6
1.7459708571630854e6
1.7697960510781612e6
1.7938903917992117e6
1.8182529698780568e6
1.8428828628527122e6
1.8677791561833473e6
1.892940877178333e6
1.9183671018541334e6
1.9440568730471667e6
1.9700092161462454e6
1.9962231884827556e6
2.0226978091132087e6
2.0494321094194024e6
2.076425113012314e6
2.1036758397502294e6
2.131183314354647e6
2.158946558068074e6
2.186964589568296e6
2.2152364319419432e6
2.2437611102480595e6
2.2725376477475455e6
2.301565073540397e6
2.3308424195380956e6
2.36036871754356e6
2.3901430075792843e6
2.4201643353512995e6
2.4504317475518426e6
2.4809442973717735e6
2.5117010456771096e6
2.542701056755563e6
2.573943410040125e6
2.60542717165954e6
2.637151445938986e6
2.669115325646223e6
2.7013178816245776e6
2.733758265766125e6
2.7664355680314456e6
2.7993489359693998e6
2.8324974892663094e6
2.8658803117409227e6
2.8994967889311356e6
2.9333458435611273e6
2.967426729614433e6
3.0017386324465997e6
3.036280748057647e6
3.0710522753358837e6
3.106052432484591e6
3.141280439620604e6
3.1767355392695605e6
3.2124169620003244e6
3.2483239807456103e6
3.284455850456716e6
3.3208118509059926e6
3.357391266758863e6
3.3941933999579675e6
3.431217560845608e6
3.4684630554999593e6
3.505929230287732e6
3.543615422813947e6
3.58152095524805e6
3.619645232053991e6
3.6579876027793535e6
3.696547460554468e6
3.7353241788324644e6
3.774317199351976e6
3.813525900801047e6
3.852949725469762e6
3.8925881007887744e6
3.9324404757756484e6
3.972506306812892e6
4.0127850606685164e6
4.0532762116012317e6
4.0939792519570882e6
4.1348936609244873e6
4.176018956896763e6
4.217354660292525e6
4.258900286861541e6