569371.2348194331
569390.4770153218
569441.9552484169
569526.0542788954
569643.6183548133
569795.5870100238
569982.9568061027
570208.1266770683
570472.1062616442
570777.1807479513
571125.6986752118
571520.2302258392
571963.5429656624
572458.5846312958
573008.6495254545
573617.0769107501
574287.448444654
575023.5787489556
575829.166154565
576708.5235755134
577665.8815604375
578705.3105285944
579831.3428761831
581048.4708854976
582361.2563340691
583774.4624409198
585292.4603982929
586920.7872369646
588663.4640191128
590525.6031576756
592511.996967386
594627.4840280022
596876.8753923626
599264.982114873
601796.4912540818
604476.3582676379
607309.0760702324
610299.3483225084
613451.8230096159
616770.8434056625
620261.0455153574
623926.7562012778
627772.2615527507
631802.4732870196
636019.459216263
640429.2825215684
645035.2507158082
649841.167466602
654850.8246604409
660067.8208519267
665495.7022204025
671137.9199043553
676997.7917931399
683078.5309405794
689383.2648099619
695914.9944780184
702676.6198936084
709670.9312658662
716900.6093812084
724368.2358904772
732076.2742725963
740027.0952882268
748222.9536028183
756666.0184804214
765358.3388465055
774301.8650237609
783498.4574637628
792949.87574579
802657.7807614977
812623.7334010898
822849.213934472
833335.6087709368
844084.2222196407
855096.2229433093
866372.7852826983
877914.9209287743
889723.5940186789
901799.6843810717
914143.9914817986
926757.2479841044
939640.1039278663
952793.1452820166
966216.8845827563
979911.7671374617
993878.1736755887
1.0081164381778807e6
1.0226267930953796e6
1.0374094595456885e6
1.0524645722101214e6
1.0677922227506195e6
1.083392441469749e6
1.0992652126360396e6
1.115410471870547e6
1.13182810405213e6
1.1485179515454927e6
1.165479811624114e6
1.1827134396018835e6
1.2002185503416918e6
1.2179948217375283e6
1.236041892672001e6
1.2543593672598817e6
1.272946817433142e6
1.2918037819403189e6
1.3109297693441985e6
1.3303242592808153e6
1.3499867033303846e6
1.3699165294245328e6
1.3901131372914643e6
1.4105759058570247e6
1.431304191599343e6
1.452297330313134e6
1.4735546384860536e6
1.4950754142806977e6
1.5168589403309808e6
1.5389044819693875e6
1.5612112893371126e6
1.5837786019749995e6
1.60660564464173e6
1.6296916308773337e6
1.653035765429719e6
1.676637241729021e6
1.7004952457947852e6
1.724608955922831e6
1.7489775449554992e6
1.7736001770130214e6
1.7984760133698012e6
1.823604212013924e6
1.8489839233862676e6
1.8746143015675293e6
1.9004944894641778e6
1.9266236396457164e6
1.9530008985974519e6
1.9796253987038063e6
2.0064963047131442e6
2.0336127569627126e6
2.0609739049175226e6
2.0885788997319154e6
2.116426895006498e6
2.144517048870993e6
2.1728485215756665e6
2.2014204766342603e6
2.2302320838123737e6
2.2592825189679414e6
2.288570957602442e6
2.318096586437133e6
2.347858595135439e6
2.3778561999864923e6
2.408088562135903e6
2.4385549142760597e6
2.4692544713288015e6
2.5001864552492863e6
2.5313500991360936e6
2.562744640882913e6
2.594369329904509e6
2.6262234125536974e6
2.65830618589983e6
2.6906168692429815e6
2.723154750363065e6
2.7559191451710803e6
2.7889093344054804e6
2.8221246310017263e6
2.855564340804474e6
2.8892277955620256e6
2.9231143216409385e6
2.9572232655764227e6
2.991553976817238e6
3.0261058152451757e6
3.0608781533905845e6
3.095870364607605e6
3.1310818424467556e6
3.1665119833631124e6
3.2021601925285873e6
3.238025887769925e6
3.2741084967221967e6
3.3104074520415463e6
3.346922198020322e6
3.383652190413759e6
3.420596891066238e6
3.4577557760960925e6
3.495128312584908e6
3.532714014978955e6
3.570512370806729e6
3.6085228678912683e6
3.6467450587024014e6
3.6851784517841055e6
3.723822589923538e6
3.762677010481305e6
3.8017412713322924e6
3.8410149303961084e6
3.8804975607089126e6
3.920188738842674e6
3.96008805418165e6
4.0001951010329784e6
4.0405094847277873e6
4.081030814817766e6
4.121758712388634e6
4.1626928142516785e6
4.203832726404574e6
4.245178125712462e6
4.286728648821473e6