427902.96688197483
427949.23723456706
428072.84842875705
428274.2099352835
428553.89199866424
428912.779722353
429351.97669014067
429872.8579326817
430476.9654958636
431166.13468924235
431942.2422836906
432807.5762472537
433764.5450035196
434815.65521666943
435963.72320795606
437211.6054737995
438562.3809077444
440019.2654589639
441585.4991150872
443264.64837764006
445060.30941782636
446975.93410709896
449015.34689282253
451182.32859739126
453479.9518042895
455914.3877121579
458487.24264306074
461203.3727746613
464066.56799643324
467080.8458626091
470250.1813479096
473578.49393012526
477069.7082881407
480727.69659636635
484556.30853711336
488558.8784908935
492740.52584467956
497103.5517197439
501652.0412119279
506389.52068787476
511319.48196397675
516445.30492964934
521770.2985175492
527297.6985981702
533030.6143163657
538972.084829631
545125.0927853581
551492.4335131119
558076.9470463732
564881.2299684535
571907.8548505282
579159.3373255663
586637.8915865808
594345.9269655808
602285.5677220324
610458.8770437979
618867.8320979534
627514.297491169
636400.0613044504
645526.8098906197
654896.139510669
664509.5369943083
674368.4344698066
684474.1528456832
694827.9320299997
705430.9257193002
716284.2162992238
727388.7737294585
738745.537657167
750355.3326323031
762218.9333589192
774337.0268877067
786710.2395845939
799339.1306092117
812224.1832387585
825365.8278590662
838764.4275815962
852420.2898109717
866333.6631945987
880504.7391880873
894933.661139257
909620.5188770145
924565.3486642456
939768.1515633983
955228.8653868574
970947.4094589436
986923.6300582378
1.0031573623408074e6
1.0196483931320724e6
1.0363964708625074e6
1.0534013118868596e6
1.0706625996874624e6
1.088179991088171e6
1.1059530980415335e6
1.1239815285202924e6
1.14226484653879e6
1.160802597110936e6
1.179594301398872e6
1.1986394585660484e6
1.217937546975865e6
1.237488025740924e6
1.2572903358643702e6
1.277343901479728e6
1.2976481309810227e6
1.3182024183804847e6
1.3390061439846174e6
1.3600586760301064e6
1.3813593713502013e6
1.4029075808597873e6
1.4247026278965943e6
1.4467438550178397e6
1.4690305797233079e6
1.4915621114622587e6
1.514337764876315e6
1.5373568403171413e6
1.5606186386276504e6
1.5841224498861833e6
1.6078675722212868e6
1.6318532920946428e6
1.6560789021246224e6
1.680543686105127e6
1.7052469320256705e6
1.730187926243567e6
1.7553659585528104e6
1.7807803154855338e6
1.806430289069074e6
1.8323151712195599e6
1.8584342577377209e6
1.884786846058958e6
1.9113722362427148e6
1.938189736084479e6
1.9652386547501613e6
1.9925182970664972e6
2.0200279914721663e6
2.0477670562163738e6
2.0757348346018856e6
2.103930622887958e6
2.132353787283452e6
2.1610036743167406e6
2.189879630358906e6
2.2189810122432597e6
2.2483071839846107e6
2.2778575186534915e6
2.307631391266276e6
2.3376281916790744e6
2.3678473068021215e6
2.398288137873753e6
2.4289500891431915e6
2.4598325787720955e6
2.490935024555784e6
2.5222568616010873e6
2.553797513518827e6
2.5855564377071518e6
2.617533083197575e6
2.6497269061830644e6
2.682137378921276e6
2.7147639638886685e6
2.7476061794506446e6
2.7806634836582593e6
2.8139353853693334e6
2.8474213959198887e6
2.881121033223079e6
2.9150338025999963e6
2.949159255699326e6
2.983496924050751e6
3.018046354848266e6
3.0528071022891244e6
3.0877787295456138e6
3.122960804014265e6
3.158352910819672e6
3.19395462880802e6
3.2297655527858874e6
3.2657852833170304e6
3.3020134303560653e6
3.338449606862949e6
3.3750934377947925e6
3.411944552128075e6
3.449002588473106e6
3.486267192791373e6
3.5237380120375445e6
3.561414709000487e6
3.5992969480389953e6
3.6373844024084657e6
3.675676751722996e6
3.714173681168575e6
3.7528749108631248e6
3.7917800686832927e6
3.8308889533939688e6
3.8702011981737306e6
3.9097165543853054e6
3.9494347438824475e6
3.9893554994949223e6
4.0294785579070942e6
4.0698036584282974e6
4.110330560538805e6
4.1510590092131626e6
4.191988782408014e6
4.233119602139033e6
4.274451286039916e6
4.3159835936896065e6