597621.8854855382
597636.1273688178
597674.2611935079
597736.7164063391
597824.322698335
597938.0572031967
598078.8487730044
598249.3533466482
598450.4161222451
598684.4467916829
598953.8387136982
599261.2265786058
599609.4106558937
600001.4312500493
600440.65036553
600930.4947528461
601474.633894147
602076.961963331
602741.2778594312
603471.9767483703
604273.4340373907
605149.7917714668
606105.7211784474
607145.8350054092
608274.7914623981
609497.5217269083
610818.4617842761
612243.3883309931
613776.3938345494
615422.7177858633
617187.3333133105
619075.2343144637
621091.3559370261
623240.6890003734
625527.8398850788
627958.3957134718
630536.978555877
633268.2877965645
636156.6094430371
639207.168338472
642424.5686755986
645813.2948727619
649377.7840858412
653122.4970134415
657051.6673076053
661169.5079050659
665480.1810509252
669987.6793306898
674695.9539250339
679608.7757811137
684729.8882052202
690062.910773524
695611.3378916489
701378.526754919
707367.8638288643
713582.4393151976
720025.3524126846
726699.5628744013
733607.9210666245
740753.1776357059
748137.9593722352
755764.8005473218
763636.1175256732
771754.2415954353
780121.3772258738
788739.6265327178
797611.0052353579
806737.4238778356
816120.6875894472
825762.5029183173
835664.4903220761
845828.1771686709
856255.00216948
866946.2597206247
877903.2621884069
889127.1449524589
900618.9935983025
912379.8082912744
924410.5029258404
936711.9254521417
949284.8309989743
962129.9153293398
975247.7917477529
988639.0046660794
1.0023040291917535e6
1.0162432931025578e6
1.0304571139336023e6
1.044945801213194e6
1.059709569029406e6
1.0747485859177082e6
1.0900629601211227e6
1.1056527433023616e6
1.1215179397973123e6
1.1376584982497962e6
1.1540743218570699e6
1.1707652652769317e6
1.187731137781612e6
1.2049717047869945e6
1.222486692372331e6
1.2402757824266083e6
1.258338621227143e6
1.2766748185286564e6
1.2952839480259358e6
1.3141655503213129e6
1.3333191341180506e6
1.3527441778310835e6
1.3724401309845638e6
1.3924064157195045e6
1.41264242820037e6
1.433147540208648e6
1.4539211002421293e6
1.4749624351088e6
1.4962708505814741e6
1.5178456347036758e6
1.5396860558264786e6
1.5617913650491205e6
1.5841607999112126e6
1.6067935828666093e6
1.6296889201877438e6
1.6528460110950177e6
1.676264038169654e6
1.6999421768588822e6
1.723879592204626e6
1.7480754419809345e6
1.7725288742297275e6
1.7972390323074814e6
1.8222050537458267e6
1.8474260703642645e6
1.872901211056254e6
1.8986295962679347e6
1.924610354727977e6
1.9508426049228192e6
1.977325452650381e6
2.0040580354636374e6
2.031039461287321e6
2.0582688524730427e6
2.0857453268639445e6
2.113468006965653e6
2.1414360172186466e6
2.169648484365683e6
2.198104557305524e6
2.226803331364475e6
2.255743966730997e6
2.2849256027248083e6
2.314347385740171e6
2.344008473638652e6
2.373908020781398e6
2.4040451932570636e6
2.434419164182512e6
2.4650291270085564e6
2.4958742299755123e6
2.5269536841623336e6
2.5582666885363003e6
2.589812452760874e6
2.6215901828443804e6
2.6535991123987883e6
2.6858384748600586e6
2.7183074855715493e6
2.7510054206648613e6
2.783931525516407e6
2.817085069426883e6
2.850465323764876e6
2.884071574231317e6
2.917903114018278e6
2.9519592464328427e6
2.9862392815795983e6
3.020742541458859e6
3.055468358793739e6
3.0904160708118156e6
3.125585030129948e6
3.160974596303939e6
3.1965841361807724e6
3.232413031353161e6
3.26846066860386e6
3.3047264472409077e6
3.3412097747630947e6
3.377910069277519e6
3.4148267568032816e6
3.4519592792033325e6
3.489307069359325e6
3.5268696002246793e6
3.5646463322686153e6
3.6026367158475574e6
3.6408402713274155e6
3.6792564731082646e6
3.7178848329303777e6
3.7567248513939893e6
3.7957760580261974e6
3.835037979124807e6
3.874510153392085e6
3.9141921333088595e6
3.954083469720412e6
3.994183734826197e6
4.0344924960334934e6
4.075009340188967e6
4.115733858942101e6
4.1566656500874823e6
4.1978043205625275e6
4.239149492460602e6
4.280700783865489e6