746349.4253090696
746339.2508843242
746312.5775206687
746269.0460395007
746210.4387276459
746136.225229202
746050.8484105832
745954.3335904471
745848.1079539992
745734.9792806103
745617.6343999208
745498.9187177685
745381.9071325666
745270.0956290795
745166.6913048179
745075.955970268
745001.7374043661
744948.3664912491
744919.9756397386
744921.4861598753
744957.7705835488
745032.7527452256
745153.3307550288
745322.9962743411
745547.5025939307
745832.6937571127
746182.581475059
746604.3830077464
747102.7404241071
747682.9822938347
748351.5798214109
749113.9453520828
749975.2554468655
750941.4451728038
752018.0756255438
753210.9597069588
754525.471364565
755967.7097688076
757542.123632963
759254.8237604662
761111.3427870088
763116.6309743543
765276.988544746
767595.8803416493
770079.6689642975
772733.0250218417
775560.926804618
778568.1844062464
781759.5888744413
785139.7376503643
788713.2010853154
792484.4348330478
796457.7412931821
800637.3727720144
805027.440609241
809631.9739814512
814454.8439844634
819499.8713417609
824770.6597687388
830270.8382985531
836003.8265844611
841972.9558890172
848181.4552999286
854632.4230541866
861328.871416594
868274.804366413
875469.6053508925
882919.3311274998
890625.4164676311
898590.2969881115
906816.3042176096
915305.6992187425
924060.6349289807
933083.0533115965
942374.9809466134
951938.2052368728
961774.4621304033
971885.3823871651
982272.5238066384
992937.3175017537
1.0038811271333074e6
1.0151052205533119e6
1.0266107755344735e6
1.0383988855081253e6
1.0504705638768538e6
1.0628267323270875e6
1.075468228301494e6
1.0883958465958172e6
1.1016102650936455e6
1.1151121013957642e6
1.1289019027043045e6
1.1429801351965028e6
1.1573472127395002e6
1.1720034676981394e6
1.1869491723508816e6
1.2021845384930205e6
1.2177097122090152e6
1.2335248246780587e6
1.2496297661531048e6
1.266024653418566e6
1.2827093575503128e6
1.2996837361074828e6
1.3169476340132058e6
1.3345007909928176e6
1.3523429369710505e6
1.3704737473332416e6
1.3888928533553947e6
1.4075998450925273e6
1.4265942718576407e6
1.4458756444479257e6
1.4654434365776535e6
1.485297086600596e6
1.5054359985067653e6
1.525859545955898e6
1.5465670694669043e6
1.5675578792858229e6
1.5888312738147252e6
1.6103864854548466e6
1.6322227596236633e6
1.6543393052766775e6
1.676735319289318e6
1.6994099455485852e6
1.722362417690195e6
1.7455916340456246e6
1.769096974796866e6
1.7928773343206213e6
1.816931915467246e6
1.8412597423454372e6
1.865859870938625e6
1.8907313337142013e6
1.9158731723413647e6
1.9412844055606045e6
1.9669640292842116e6
1.992911072235341e6
2.019124521018407e6
2.0456033738386151e6
2.07234661801852e6
2.099353224452214e6
2.1266221892089285e6
2.1541524845733102e6
2.181943090424656e6
2.209992973915739e6
2.2383011166814645e6
2.2668664954006104e6
2.2956880830740663e6
2.3247648589462885e6
2.354095805407816e6
2.3836800136878155e6
2.4135161393965497e6
2.4436035083377026e6
2.473941003469826e6
2.504527623296874e6
2.5353623757909816e6
2.5664442768221283e6
2.5977723312291736e6
2.629345575577866e6
2.661163046897923e6
2.6932237512304415e6
2.7255267737999307e6
2.758071149775556e6
2.790855950302236e6
2.823880240034829e6
2.857143102385468e6
2.890643626240498e6
2.9243809121407173e6
2.958354064872703e6
2.9925622044035518e6
3.0270044616302843e6
3.0616799685666165e6
3.096587878751627e6
3.1317273501583906e6
3.1670975635854076e6
3.2026978102292474e6
3.2385268704305785e6
3.2745843825382325e6
3.310869407886178e6
3.3473811717647226e6
3.3841189090859927e6
3.4210818684542235e6
3.4582692905213796e6
3.495680465200468e6
3.53331466488568e6
3.571171149770965e6
3.609249267220809e6
3.647548299313564e6
3.6860675884600617e6
3.724806455484052e6
3.7637642512593167e6
3.802940334485952e6
3.8423340686853984e6
3.8819448348982437e6
3.9217720212312536e6
3.961815030677826e6
4.0020732754692985e6
4.0425461755665718e6
4.0832331647277316e6
4.1241336865031226e6
4.1652473919782005e6
4.206573151272755e6
4.248111035168462e6