448360.6414761056
448402.78222842136
448515.3979280474
448698.7955912272
448953.7076807075
449280.9651544629
449681.71954181796
450157.38076578366
450709.54629808076
451340.04883025604
452050.84826331836
452844.31717959495
453722.89786985255
454689.1736234816
455746.0320691326
456896.4318314145
458143.51425636146
459490.59884228726
460941.01014191547
462498.4287822516
464166.5622324411
465948.95288402826
467849.5541056827
469872.2613396993
472020.2605755224
474299.8737792308
476712.8071631131
479264.0795200046
481957.5926899205
484797.5137636215
487787.9569761757
490932.986403139
494236.6727396667
497703.0387175176
501336.07885489013
505139.24184095376
509117.923717544
513274.4537659459
517613.1173553648
522137.5919158591
526851.5278196749
531758.4626971008
536861.8599296571
542165.1142881771
547671.4942956553
553384.1828567092
559306.3359135729
565440.8937156186
571790.8450038987
578358.9464445752
585147.9218108705
592160.3852228196
599398.8503879474
606865.7219710601
614563.3163858585
622493.8435642484
630659.4205332161
639062.0495796152
647703.6563002733
656586.0572485165
665711.1434782671
675080.0488198192
684694.8116955596
694556.7163646971
704667.12439099
715027.3001457695
725638.4353314755
736501.6375397207
747617.9344874641
758988.2586612814
770613.4844744019
782494.4025799839
794631.7317516129
807026.125148009
819678.1545262311
832588.3366476169
845757.1173297286
859184.8834762159
872871.961006877
886818.6117682471
901025.0516282321
915491.4358535092
930217.8653238245
945204.4013593246
960451.0386829717
975957.751866801
991724.4351988987
1.0077509803293899e6
1.0240372118564986e6
1.0405829234433129e6
1.057387871182248e6
1.0744517757422482e6
1.0917743278667475e6
1.1093551718895403e6
1.1271939428442116e6
1.1452902331827565e6
1.1636436110623642e6
1.1822536190937837e6
1.201119775493104e6
1.2202415753404608e6
1.2396184921857868e6
1.2592499792655085e6
1.2791354706397345e6
1.2992743832054369e6
1.3196661164728487e6
1.3403100548547271e6
1.3612056146313143e6
1.3823520153603067e6
1.4037487395071685e6
1.4253950748978949e6
1.4472903456732025e6
1.469433869061329e6
1.4918249418562471e6
1.5144628736767438e6
1.537346952269006e6
1.5604764681120063e6
1.5838506953687323e6
1.6074689186381474e6
1.6313304084149345e6
1.6554344400652512e6
1.6797802799779717e6
1.7043671954226515e6
1.7291944550952492e6
1.7542613257217424e6
1.7795670644148695e6
1.8051109657164053e6
1.8308922728989157e6
1.8569102654547526e6
1.883164217887696e6
1.9096534018715492e6
1.9363771020257762e6
1.9633345985019736e6
1.9905251692943724e6
2.0179481182216525e6
2.0456027322842295e6
2.0734883275134491e6
2.1016041722653583e6
2.1299496016839156e6
2.1585239344089828e6
2.1873264866431174e6
2.2163565855857637e6
2.2456135669656494e6
2.2750967702219174e6
2.304805542398734e6
2.3347392417727285e6
2.3648972263651486e6
2.3952788649174585e6
2.4258835329088904e6
2.4567106164503787e6
2.487759503197723e6
2.5190295941179423e6
2.550520293608207e6
2.582231017272008e6
2.614161187525798e6
2.6463102300557992e6
2.6786775876684175e6
2.7112627091640155e6
2.7440650328938104e6
2.777084037490958e6
2.810319187297599e6
2.84376996043487e6
2.8774358487918274e6
2.9113163285442037e6
2.945410922045426e6
2.979719133447906e6
3.014240478259978e6
3.0489744906249396e6
3.0839206991647403e6
3.1190786458467054e6
3.15444788930835e6
3.1900279816853646e6
3.2258184907706524e6
3.261818991160754e6
3.2980290669106976e6
3.334448306200901e6
3.3710763079183754e6
3.40791267809046e6
3.44495702562245e6
3.4822089778774185e6
3.5196681542456592e6
3.557334239317076e6
3.595206778969104e6
3.633285483108613e6
3.6715700000837273e6
3.7100599936789977e6
3.748755162578355e6
3.787655109984685e6
3.8267595767894e6
3.8660682532599415e6
3.905580829962632e6
3.9452970090372446e6
3.985216501394833e6
4.0253390299958815e6
4.065664309464686e6
4.1061920815180107e6
4.146922105703845e6
4.187854060976771e6
4.228987728423849e6
4.270322864112657e6
4.311859224659996e6