891391.8953961165
891360.6499588288
891270.1988256156
891142.1526625067
890957.5812691293
890723.036054137
890439.8811086059
890112.3400148436
889740.1404434835
889326.4555473755
888874.111886093
888386.1314284235
887865.6579826981
887316.6836706722
886742.8158908788
886147.770348899
885536.2487618068
884912.7369546174
884281.6019826423
883648.2368205824
883016.4412119699
882394.5751298574
881784.9147314961
881193.6426571441
880627.4700483339
880091.2222697624
879590.6313295161
879131.2598014472
878722.2057341537
878365.6908309807
878069.3836009264
877839.2955755583
877681.5485245741
877602.3713095924
877607.837978341
877704.2535728613
877897.4837240368
878194.6177134381
878600.1123447669
879120.8149875883
879763.013057823
880532.1987367751
881435.3048181278
882476.1439122522
883662.0540465353
884998.2141012717
886490.2141454237
888143.5544866441
889963.6370424884
891955.7503432974
894125.1302418014
896476.8757660934
899015.9909609857
901747.3870365103
904675.864707972
907806.1333261224
911142.7473128336
914690.1965115251
918452.8324828014
922434.9124617882
926640.5569305329
931073.5624159238
935738.5380263379
940638.5647219287
945777.6085303786
951160.5461998597
956786.6670335946
962663.5308980438
968792.9511638304
975178.0415239207
981821.7357655944
988727.0895835776
995896.7755127493
1.0033333935596771e6
1.0110396126535473e6
1.019017892463626e6
1.0272705407586017e6
1.0357998401638556e6
1.0446078983151392e6
1.0536967711881017e6
1.063068403925689e6
1.0727246353496583e6
1.0826672082913178e6
1.0928977753339384e6
1.103417884226889e6
1.114229001052e6
1.125332474836118e6
1.1367296123166075e6
1.148421589189787e6
1.1604095064307493e6
1.1726943925543209e6
1.1852771697321108e6
1.1981586919949376e6
1.2113397382384343e6
1.2248210009288313e6
1.2386030988557562e6
1.2526865739208935e6
1.2670718952935678e6
1.2817594688084638e6
1.2967496157605303e6
1.312042609926472e6
1.3276386306091668e6
1.3435378245422964e6
1.3597402485088035e6
1.376245915089257e6
1.393054777418232e6
1.4101667328345282e6
1.4275816010211697e6
1.4452991830613806e6
1.4633192050825541e6
1.4816413455379056e6
1.5002652437345348e6
1.5191904818364428e6
1.5384166020290859e6
1.5579431002884358e6
1.5777694325024816e6
1.5978950143621606e6
1.618319221697926e6
1.6390413942381188e6
1.660060836526276e6
1.6813768176161484e6
1.702988575241552e6
1.7248953165911043e6
1.7470962253782034e6
1.7695904373848855e6
1.7923770814077973e6
1.815455256010237e6
1.8388240334388302e6
1.8624824685018193e6
1.8864295801898101e6
1.9106643940433736e6
1.9351858957342734e6
1.9599930444787072e6
1.985084816749941e6
2.0104601508624728e6
2.0361179799202057e6
2.0620572150218186e6
2.0882767638053834e6
2.114775520639568e6
2.141552373174719e6
2.1686061935554976e6
2.195935857511175e6
2.223540225101965e6
2.251418158153707e6
2.2795685063854503e6
2.3079901211246494e6
2.3366818489952297e6
2.3656425115069035e6
2.3948709980441327e6
2.424366132472751e6
2.454126755262419e6
2.4841517132501462e6
2.514439850875002e6
2.544990023302296e6
2.57580108115137e6
2.606871857388731e6
2.638201249585604e6
2.6697880804237253e6
2.7016312563007683e6
2.7337296370426468e6
2.7660821123954114e6
2.7986875639232644e6
2.8315449105720194e6
2.8646529893992883e6
2.8980107837044564e6
2.931617184933229e6
2.9654711259890012e6
2.9995715452523627e6
3.0339173885297296e6
3.068507652799175e6
3.1033412020444404e6
3.138417127773848e6
3.1737343351674797e6
3.209291882815494e6
3.24508875260665e6
3.2811239698025445e6
3.317396572622457e6
3.353905604429471e6
3.390650126139537e6
3.4276291807142436e6
3.464841890986363e6
3.502287328480338e6
3.5399645605850047e6
3.5778727616111836e6
3.6160110337475785e6
3.6543785320771285e6
3.6929743945400068e6
3.731797799349355e6
3.7708479218277712e6
3.8101239564518644e6
3.8496250789995496e6
3.8893505557210515e6
3.9292995932592903e6
3.96947143529522e6
4.0098653369638226e6
4.050480561605898e6
4.0913163894898132e6
4.1323721137199416e6
4.1736470397404027e6
4.215140483168907e6