515200.8000231884
515231.2527953083
515307.98280888126
515435.18649694306
515612.35929517966
515840.395804973
516120.5301752785
516454.302334899
516843.38164934824
517289.7338199943
517795.5851037419
518363.37811214844
518995.76422359893
519695.5337195581
520465.8144595578
521309.7892778287
522230.86213444924
523232.6255992925
524318.6633249868
525492.9841527233
526759.6293842564
528122.4288947668
529585.6845145272
531153.6510882454
532830.6027310363
534621.0534768519
536529.145720809
538559.9856882882
540717.4500387765
543006.2829037695
545431.0079111627
547996.1269036192
550706.1472019954
553565.5443180634
556578.7560057195
559750.1945123554
563084.220327484
566585.1299315612
570257.2009774877
574104.160015041
578131.2689665463
582341.4591986488
586739.0283126417
591327.8447925532
596111.6656923348
601094.1518737979
606278.9427107135
611669.4536167134
617269.1488105883
623081.2610812997
629108.983939586
635355.4018617568
641823.4939883326
648516.1166750742
655436.0513179565
662585.9513182188
669968.3759312958
677585.7803993921
685440.4944249843
693534.7876444531
701870.792504369
710450.5524529302
719276.0114789025
728349.0162535761
737671.3205081357
747244.5639085127
757070.3120142957
767150.0626281507
777485.1088733517
788076.815808831
798926.3613646126
810034.8741288136
821403.3775221363
833032.8364724915
844924.1204920828
857078.0330955761
869495.3009195148
882176.5780082385
895122.4467504839
908333.4267324312
921809.964548582
935552.448913657
949561.1998375647
963836.4902450219
978378.5140854937
993187.439516037
1.0082633409009085e6
1.02360628269023e6
1.0392162526946503e6
1.0550932018349464e6
1.0712370283030698e6
1.0876475864335005e6
1.1043247061322422e6
1.121268137848074e6
1.1384776327331625e6
1.1559528849413854e6
1.1736935565152778e6
1.191699276342635e6
1.2099696406005814e6
1.2285042150361724e6
1.2473025362496763e6
1.2663641131754592e6
1.2856884285965962e6
1.3052749406149583e6
1.3251230839574367e6
1.3452322713705956e6
1.3656018948891817e6
1.38623132730133e6
1.4071199231328238e6
1.4282670200646077e6
1.4496719397581532e6
1.4713339890351275e6
1.493252463154674e6
1.5154266424654238e6
1.5378557958187852e6
1.5605391840628013e6
1.5834760569395386e6
1.6066656550661302e6
1.6301072123993323e6
1.653799955381356e6
1.6777431067643482e6
1.7019358805147682e6
1.7263774891366006e6
1.7510671411604176e6
1.7760040405211032e6
1.8011873900255368e6
1.8266163926595591e6
1.852290246546261e6
1.878208154300917e6
1.904369311753364e6
1.930772925793661e6
1.9574181981786184e6
1.9843043216657157e6
2.011430519266437e6
2.0387959912545662e6
2.066399971197281e6
2.0942416236917505e6
2.1223202182099055e6
2.1506349641046557e6
2.179185091051724e6
2.2079698367223735e6
2.236988421307914e6
2.2662401289879363e6
2.295724180741468e6
2.3254398457015525e6
2.3553863863784363e6
2.3855630742098307e6
2.415969187198297e6
2.446604014414722e6
2.477466847028154e6
2.5085569840526837e6
2.5398737345718546e6
2.571416414384522e6
2.6031843503520824e6
2.635176867555868e6
2.6673933140782076e6
2.6998330418089014e6
2.732495383724582e6
2.765379734600853e6
2.798485482153431e6
2.8318119573883535e6
2.865358576437426e6
2.899124742135318e6
2.933109862186808e6
2.9673133545039333e6
3.0017346502138106e6
3.036373167676066e6
3.0712283694304978e6
3.106299699522405e6
3.141586622359199e6
3.1770886075034603e6
3.212805156808077e6
3.2487357105073347e6
3.284879791397865e6
3.321236901846076e6
3.3578065576012554e6
3.394588280314786e6
3.4315816012810087e6
3.4687860625582677e6
3.506201203804216e6
3.5438265948333e6
3.581661792551854e6
3.6197063522714493e6
3.65795988671957e6
3.6964219678554605e6
3.735092199888593e6
3.773970181369101e6
3.8130555253446796e6
3.8523478573175515e6
3.8918468055107114e6
3.931552000309652e6
3.971463095109385e6
4.0115797413383354e6
4.0519015773349316e6
4.0924282918787054e6
4.1331595494004027e6
4.174095033308254e6
4.215234426418314e6
4.2565774282052815e6
4.298123735338304e6