928716.4061961211
928680.1116708503
928575.3384075586
928426.1494848335
928211.3690973262
927938.1019950558
927607.8308530056
927224.9075554104
926788.9450519353
926303.1760466977
925771.5078646855
925193.9747304616
924576.7211510921
923922.8199491506
923235.8097553682
922519.8204712621
921779.2342034033
921018.7014674058
920242.6644102931
919456.5866179916
918664.216521637
917874.3431566032
917088.9446050841
916314.4227840232
915556.2807472823
914823.3591977623
914117.376379255
913446.7258875193
912816.9520228917
912233.9228494093
911704.2002095843
911233.9420667973
910829.3624798383
910496.801423561
910242.4526875366
910072.7219782812
909993.6131179254
910012.3367992797
910133.4502009978
910363.9242424909
910710.036910844
911177.938563173
911774.1549686971
912502.759979409
913371.321470299
914385.1107107656
915549.8671738968
916871.0657247767
918354.7737582753
920005.9002049802
921830.0118291939
923832.3613844527
926018.1104895506
928392.3122465269
930959.9285947231
933725.8241385828
936694.7261065333
939871.243653085
943259.9310495324
946865.1786261443
950691.2805411675
954742.4298621528
959022.6795436201
963530.400745821
968286.2231568163
973278.566459252
978512.1837528596
983995.0287148973
989729.0085890451
995717.3957796267
1.0019633423087981e6
1.0084698949161038e6
1.0152400544990747e6
1.0222765129038848e6
1.0295821039478446e6
1.0371594434259138e6
1.0450109919470319e6
1.0531391767212925e6
1.061546271358241e6
1.0702344712279474e6
1.079205870854672e6
1.0884624575678185e6
1.0980061172713777e6
1.107838641333391e6
1.1179617232284122e6
1.1283769651118163e6
1.139085851156645e6
1.1500898238776315e6
1.161390187668001e6
1.172988173059328e6
1.1848849339076402e6
1.1970815167817604e6
1.2095788966516051e6
1.2223779698978565e6
1.235479536530229e6
1.2488843521321192e6
1.2625930498106056e6
1.2766061998567155e6
1.290924324848078e6
1.305547834462185e6
1.3204770968513803e6
1.3357124031346207e6
1.3512539748747617e6
1.3671019717040807e6
1.3832564833704112e6
1.3997175416888928e6
1.416485128842052e6
1.4335591357786118e6
1.4509394356430348e6
1.4686258231259799e6
1.4866180448705358e6
1.50491579591461e6
1.5235187208067984e6
1.5424264196620241e6
1.5616384373020348e6
1.5811542802079022e6
1.6009734104918474e6
1.6210952469017243e6
1.641519169203279e6
1.6622445187639233e6
1.6832705981191213e6
1.704596676943125e6
1.726221989198349e6
1.7481457378083155e6
1.7703670920815947e6
1.79288519480201e6
1.815699161470846e6
1.8388080775364835e6
1.8622110095372142e6
1.8859069840983397e6
1.9098950329852237e6
1.9341741450382099e6
1.958743279208551e6
1.9836014150866196e6
2.00874748237032e6
2.0341804100996861e6
2.059899100647044e6
2.085902450851332e6
2.1121893431537766e6
2.138758650414565e6
2.1656092296336195e6
2.192739933308944e6
2.2201496061179396e6
2.247837086288538e6
2.2758012000120785e6
2.3040407722468628e6
2.332554622846194e6
2.3613415703303986e6
2.390400399680848e6
2.4197299772571735e6
2.4493290852313745e6
2.479196536305252e6
2.509331146455084e6
2.539731726872193e6
2.5703970747304996e6
2.6013260353354113e6
2.6325174155867505e6
2.6639700202845144e6
2.69568270877415e6
2.727654300654507e6
2.7598836437379704e6
2.792369576784222e6
2.825110969288209e6
2.8581066197484033e6
2.8913554646798894e6
2.924856350232365e6
2.9586081577432384e6
2.992609786991205e6
3.0268601352611235e6
3.0613581447793045e6
3.096102639703598e6
3.131092662366233e6
3.166327067628084e6
3.2018048654840505e6
3.237524998145391e6
3.273486432475541e6
3.309688161790691e6
3.3461291821360784e6
3.3828085051697306e6
3.4197251295923353e6
3.4568781226730463e6
3.494266501837184e6
3.531889308368405e6
3.569745651896916e6
3.6078345925231217e6
3.6461552188676023e6
3.6847066590258502e6
3.7234880262594824e6
3.7624984465715378e6
3.801737071297687e6
3.8412030506620784e6
3.880895560561517e6
3.920813787146175e6
3.9609569259159802e6
4.0013241897719963e6
4.041914797794651e6
4.0827279857060392e6
4.1237630044168127e6
4.165019114770493e6
4.206495593761034e6