644815.1212696461
644821.2804622911
644837.8716822839
644866.1888423122
644905.0761267021
644956.3497050933
645021.9327312238
645104.0401633801
645203.3884903188
645322.5235286886
645463.9456590817
645630.3505144713
645824.6606239635
646049.9950881808
646309.8497748617
646607.7727954974
646947.549573001
647333.2265430819
647768.7129301818
648258.6132194952
648807.4554379035
649419.5249219541
650099.6767809337
650852.717111856
651683.4721626043
652597.1055132626
653598.199313351
654692.9604762739
655885.2989486502
657180.9365649763
658585.0728497184
660102.8828418576
661739.5570602883
663500.2701058381
665390.0118137654
667414.4655800173
669578.653804088
671887.4525561952
674345.3702287993
676957.9231157717
679730.0322151266
682666.4216880794
685771.8212151371
689050.9139469485
692508.2590695561
696147.9105592417
699975.5955968827
703994.2692933704
708208.6257166483
712622.72288293
717240.5688660326
722066.0637102597
727102.9861034004
732354.9767405852
737825.6951882674
743518.4029851381
749436.7971436807
755583.8059827916
761962.6389392118
768576.3307910627
775427.7636383879
782519.7527776877
789854.9788157677
797436.0042718083
805265.3226136791
813345.2790372311
821678.1420811019
830266.0575653021
839111.086321455
848215.1649287906
857580.1548766664
867207.8053813612
877099.7949192631
887257.6166399908
897682.8169483177
908376.7370010598
919340.6638868244
930575.799643479
942083.270147084
953864.0943242442
965919.2243036178
978249.5305456053
990855.8032203063
1.0037387572718356e6
1.0168990332134429e6
1.0303372088624055e6
1.044053763331641e6
1.0580491535091568e6
1.0723237337970845e6
1.0868778052392383e6
1.1017116123963806e6
1.1168253296335696e6
1.1322190796887248e6
1.147892930758403e6
1.1638468896260683e6
1.1800809157385274e6
1.1965949166172626e6
1.2133887500347455e6
1.2304622299764887e6
1.2478151197708733e6
1.2654471429265412e6
1.2833579806321296e6
1.3015472737224114e6
1.320014624332437e6
1.3387595981385235e6
1.357781725562577e6
1.3770805035364376e6
1.3966553960075942e6
1.416505839577606e6
1.4366312374924172e6
1.4570309683616816e6
1.477704383811519e6
1.4986508106032358e6
1.5198695537309144e6
1.5413598941714065e6
1.563121091816958e6
1.5851523901372228e6
1.6074530086808838e6
1.6300221628627833e6
1.6528590351518672e6
1.6759628040514123e6
1.699332631891965e6
1.7229676685029e6
1.7468670549272564e6
1.7710299166266003e6
1.7954553736575176e6
1.8201425366457072e6
1.8450905081326282e6
1.8702983866983845e6
1.8957652562022887e6
1.9214902112504633e6
1.9474723471995827e6
1.973710695378202e6
2.0002043575639026e6
2.0269524420584633e6
2.0539539549802702e6
2.081208019089771e6
2.1087136787060276e6
2.136470037824045e6
2.1644761371088293e6
2.192731064906178e6
2.2212339005016508e6
2.2499837244095583e6
2.278979629957066e6
2.308220697647497e6
2.33770602134054e6
2.3674347012070324e6
2.3974058391430513e6
2.4276185481760222e6
2.458071943183032e6
2.488765136010799e6
2.519697272421554e6
2.550867473062596e6
2.5822748875748254e6
2.613918657504869e6
2.645797949678215e6
2.6779119354904187e6
2.710259759466172e6
2.7428406373637705e6
2.7756537456335346e6
2.808698289401618e6
2.841973473335024e6
2.8754785180253442e6
2.909212650442244e6
2.9431751090259957e6
2.977365138072244e6
3.0117819949982646e6
3.046424942142884e6
3.081293269710439e6
3.1163862461102866e6
3.1517031767357895e6
3.187243362807142e6
3.2230061217309106e6
3.2589907837233185e6
3.2951966798437936e6
3.331623174384843e6
3.3682695909561533e6
3.4051353135688663e6
3.4422197215691074e6
3.479522189316925e6
3.5170421304114196e6
3.554778947612233e6
3.5927320316370097e6
3.6309008481804016e6
3.669284814168421e6
3.707883384471361e6
3.7466960082765087e6
3.785722158579241e6
3.8249613060506363e6
3.864412939842366e6
3.904076554077502e6
3.9439516544024735e6
3.9840377514571813e6
4.0243343882389707e6
4.06484107055112e6
4.1055573574592774e6
4.1464827962709735e6
4.1876169457268496e6
4.228959381946841e6
4.2705096779686585e6