903672.8546571482
903639.9321403608
903544.7302890595
903409.6549996086
903215.0438255533
902967.6418882883
902668.837873135
902322.900576605
901929.5254071511
901491.8867046088
901012.8758267227
900495.4931368097
899942.8691191915
899359.0511147189
898747.6518191092
898112.4009734143
897458.0194061447
896789.014165066
896109.7673518385
895424.5006317755
894741.7739377392
894062.9555656102
893394.9613040651
892742.8588842251
892113.3966431266
891511.4213178372
890941.4639606993
890413.9974881134
889930.9152105055
889499.2309646992
889124.9885927503
888815.7351880536
888576.110026415
888412.8886201372
888332.1860117025
888340.3388309374
888443.2641708762
888648.0873938416
888959.3007768658
889383.7946345614
889927.7341161876
890597.1816499821
891398.5871708589
892335.9678172938
893416.7316459047
894646.0966345418
896029.6990141905
897572.9235992844
899281.7164263884
901160.9250233748
903215.9977415444
905452.0763916327
907874.2258601226
910487.4068900116
913296.4714034296
916306.1808403555
919521.1437776191
922945.9010637997
926584.8598972247
930442.3288080178
934522.4825722763
938829.4101935817
943367.0590865901
948139.2785130866
953149.8240683184
958403.7302804724
963900.19065271
969646.9122580404
975645.7415207846
981899.8448696672
988412.2085398182
995185.9416348528
1.0022237701693501e6
1.0095283529017693e6
1.017102384401826e6
1.024948404502769e6
1.0330687623814102e6
1.0414657887269002e6
1.0501416442794579e6
1.0590984331353316e6
1.0683381488995468e6
1.0778626790242644e6
1.0876738139790916e6
1.0977732533263527e6
1.108162590863274e6
1.1188433380764655e6
1.1298168887351328e6
1.1410845935880244e6
1.1526476711024824e6
1.164507265721127e6
1.1766644446555718e6
1.18912017271246e6
1.2018753431984074e6
1.2149307734446009e6
1.2282871935626674e6
1.2419452591295736e6
1.2559055475972118e6
1.2701685632893685e6
1.2847347451264635e6
1.299604455040858e6
1.314777975439041e6
1.3302555461968163e6
1.3460373156479823e6
1.3621233896775509e6
1.3785138012295337e6
1.3952085298583482e6
1.412207498219906e6
1.429510550075226e6
1.4471175098503502e6
1.4650281232038266e6
1.483242098053393e6
1.501759084215176e6
1.5205786861280517e6
1.5397004638953349e6
1.5591239301333912e6
1.578848556474681e6
1.5988737732633122e6
1.6191989699664474e6
1.6398234989264905e6
1.6607466807321925e6
1.6819677868182473e6
1.7034860683033022e6
1.7253007410185179e6
1.7474109901915728e6
1.769815969507555e6
1.7925148088825454e6
1.815506610151394e6
1.838790453271305e6
1.862365392825974e6
1.886230451174529e6
1.9103846548672833e6
1.9348269921660228e6
1.9595564149521596e6
1.9845719100140973e6
2.0098724058113005e6
2.0354568355006378e6
2.0613241066990253e6
2.0874731233624301e6
2.113902775069519e6
2.140611944386186e6
2.1675994973978456e6
2.194864303555671e6
2.2224052156671016e6
2.250221088044035e6
2.278310762288939e6
2.3066730807665493e6
2.3353068805865105e6
2.3642109982697004e6
2.3933842408493343e6
2.422825493242667e6
2.4525335601351913e6
2.482507279149733e6
2.5127454813223113e6
2.5432469584560115e6
2.574010701713118e6
2.6050353781698314e6
2.636319923184842e6
2.6678631464348496e6
2.69966393995185e6
2.7317211497863834e6
2.76403365171687e6
2.7966003120135083e6
2.829420035114017e6
2.862491644723971e6
2.8958141074077347e6
2.929386299698771e6
2.9632071396682565e6
2.9972755498638e6
3.0315904604888284e6
3.0661508534934917e6
3.100955576448952e6
3.136003705531278e6
3.1712941290886435e6
3.206825887982821e6
3.242597957393571e6
3.278609336473394e6
3.3148590509727085e6
3.3513461286627077e6
3.3880696142041516e6
3.4250285391111597e6
3.462222001703345e6
3.499649056367756e6
3.537308765650224e6
3.5752002824622123e6
3.6133226936257565e6
3.651675138872049e6
3.6902567403505044e6
3.7290666612228667e6
3.7681040396045083e6
3.8073680987354014e6
3.8468579990135375e6
3.8865729469901146e6
3.926512156692845e6
3.9666748588467175e6
4.0070602922903104e6
4.0476677063098894e6
4.088496367027506e6
4.1295455533410693e6
4.1708145555405077e6
4.212302678219652e6