620495.9175397616
620506.2006000073
620533.7821947589
620579.0880339767
620645.0918596124
620726.4123190957
620830.3557018811
620957.5626414298
621108.8200664758
621286.5704161932
621493.2946565654
621731.6432882261
622004.4859539624
622314.8883146874
622666.2865088109
623062.17135171
623506.2567645553
624002.5266586912
624554.8324912572
625167.6645740314
625845.4937739111
626592.5080323052
627413.4872632986
628313.1361021029
629296.2028804
630367.7194556918
631532.2008118172
632795.6769848231
634162.0015760364
635636.8743724907
637225.2367738672
638932.2019959347
640762.8364210286
642722.2485216517
644815.1584476597
647047.2778800882
649423.3961872677
651948.3042373769
654626.3974129774
657463.0451743385
660463.0067919053
663630.8884797903
666971.2772892624
670488.7191185044
674187.634115698
678072.3599101055
682147.2048932165
686416.2588313097
690883.6552564207
695553.2885837938
700429.0503974041
705514.6717773674
710813.8101945196
716329.9548392493
722066.6245783865
728026.9277749703
734214.4626485341
740631.9593728298
747282.5233437058
754169.0401455027
761294.3355580127
768660.8637001516
776271.3805588702
784128.2717981241
792233.8753972272
800590.4088613364
809200.0162139399
818064.7165354973
827186.4457770606
836567.0205509678
846208.1767144476
856111.5515390337
866278.6990553272
876711.010753136
887409.9122243528
898376.6367901947
909612.3715097505
921118.2132402264
932895.1716716189
944944.1840034984
957266.1008540207
969861.6990294681
982731.6780820468
995876.6645154043
1.0092972113830032e6
1.0229938230287194e6
1.0369668905466497e6
1.0512167935561165e6
1.0657438156467585e6
1.080548186652522e6
1.095630081255856e6
1.1109896091495436e6
1.126626830408915e6
1.1425417522873573e6
1.1587343252373221e6
1.1752044543060262e6
1.1919519951005243e6
1.2089767566079034e6
1.2262785063900645e6
1.2438570376098189e6
1.261711813438271e6
1.2798426962342602e6
1.2982492180384048e6
1.3169309478705938e6
1.335887420866263e6
1.3551181393246981e6
1.3746225745170356e6
1.3944001678530127e6
1.414450332837854e6
1.4347724563546476e6
1.455365899771627e6
1.4762300007977537e6
1.497364074027548e6
1.5187674146177343e6
1.5404392933994788e6
1.5623789716234086e6
1.584585681789328e6
1.607058647195354e6
1.6297970729372473e6
1.6528001537320693e6
1.6760670675437076e6
1.6995969822340943e6
1.7233890542031308e6
1.747442433335538e6
1.7717562543825083e6
1.7963296489930782e6
1.821161740651788e6
1.8462516461296452e6
1.8715984782801825e6
1.897201339376688e6
1.9230593408876662e6
1.949171581447881e6
1.9755371445744701e6
2.0021551500328982e6
2.0290246802141245e6
2.0561448350998117e6
2.083514726553815e6
2.1111334170151753e6
2.139000023357101e6
2.167113642610589e6
2.195473388413323e6
2.2240783575119823e6
2.252927660609626e6
2.2820204305094876e6
2.311355756509821e6
2.3409327730364297e6
2.3707506115112454e6
2.4008084062174708e6
2.4311053000240773e6
2.4616404403466936e6
2.4924129761765804e6
2.523422071501026e6
2.5546668936790843e6
2.586146621043468e6
2.6178604277782827e6
2.649807514603374e6
2.681987085105189e6
2.714398321085599e6
2.74704045424679e6
2.7799127319821003e6
2.813014367855736e6
2.8463445986840366e6
2.8799026836355785e6
2.9136878837306155e6
2.947699465736331e6
2.9819367228034446e6
3.0163989306091764e6
3.051085395545166e6
3.085995423108215e6
3.121128335427101e6
3.1564834607236595e6
3.192060135133773e6
3.227857708032802e6
3.2638755415251907e6
3.3001129997847895e6
3.3365694610144487e6
3.373244314054956e6
3.4101369577277456e6
3.4472468022891083e6
3.484573253739504e6
3.522115755398272e6
3.5598737403009166e6
3.5978466297169006e6
3.636033917923098e6
3.6744350509590576e6
3.7130495119985254e6
3.75187678321989e6
3.790916359875861e6
3.830167768575382e6
3.8696304682218335e6
3.9093040296838903e6
3.949187958778257e6
3.989281809249805e6
4.02958512485789e6
4.0700974692462874e6
4.110818409521583e6
4.151747520385564e6
4.1928843864122056e6
4.234228607524546e6
4.275779779727414e6