941478.9965790415
941441.007850705
941331.4300660819
941175.1457799661
940950.9665387634
940663.9705236773
940317.9259723262
939916.383493721
939457.827196283
938949.0705140815
938390.4780093534
937783.1827957423
937133.4509445322
936444.3386097711
935719.3842349092
934962.7485177387
934178.8275887219
933372.2902206052
932547.59558678
931710.2326595767
930865.2385280454
930016.3215330925
928350.3614188707
928335.7791280155
927516.1688715611
926715.4055362423
925940.4081741623
925198.3390182024
924494.7524648153
923835.5492032662
923227.3308143101
922676.2869061839
922188.6661719792
921770.846005279
921429.0578337917
921169.7398069955
920998.9450127722
920923.9175592341
920949.2503846203
921081.9609702425
921328.3724919845
921694.6816894644
922187.4540909727
922810.7955585757
923572.3343681744
924477.386625024
925531.7432306684
926740.9114144482
928111.0248971842
929647.0287453962
931354.5392994704
933238.8791696721
935305.2286776624
937558.7136676643
940004.3412370937
942647.0287275478
945491.5556260038
948542.5842890483
951804.7207177267
955282.4090406714
958979.9960332647
962901.7296005173
967051.7171131806
971428.3706726227
976052.4048949811
980912.288695276
986012.7685345979
991361.9215040177
996961.6854047563
1.0028153876092425e6
1.0089262327321506e6
1.0152973235872042e6
1.0219317084175221e6
1.0288320717177212e6
1.0360014939784382e6
1.0434424494711533e6
1.0511575147313518e6
1.059149169364575e6
1.0674197375245362e6
1.0759714652423377e6
1.084806497848718e6
1.0939268719002733e6
1.1033345223930324e6
1.1130312893941435e6
1.123018914027438e6
1.1332990457781486e6
1.1438732152354294e6
1.1547429111788422e6
1.1659094809285472e6
1.1773742016391184e6
1.189138269290176e6
1.201202773296496e6
1.2135687299200608e6
1.2262370766293462e6
1.2392086531894784e6
1.252484260931462e6
1.266064550356835e6
1.2799501541454094e6
1.2941416082425471e6
1.3086393735390047e6
1.323443848794071e6
1.3385553552323247e6
1.3539741449918523e6
1.369700412465021e6
1.3857342771833837e6
1.4020758012226108e6
1.4187249881135016e6
1.4356817583902492e6
1.452946011290733e6
1.470517565740197e6
1.4883961929006544e6
1.50658160845664e6
1.5250734789351476e6
1.5438714214205705e6
1.5629750043114736e6
1.5823837503693542e6
1.6020971384403403e6
1.622114603238272e6
1.6424355391896802e6
1.6630593013846995e6
1.6839852049723957e6
1.7052125315561658e6
1.7267405255034352e6
1.7485683990408597e6
1.7706953311191108e6
1.7931204707236192e6
1.8158429431427598e6
1.8388618358594992e6
1.8621762180982071e6
1.8857851325664164e6
1.909687601653677e6
1.9338826204721567e6
1.9583691492226196e6
1.983146168169328e6
2.0082126087625308e6
2.0335673927015448e6
2.0592094265228342e6
2.0851376027069013e6
2.111350800014241e6
2.1378478872904964e6
2.164627716648388e6
2.191689135244256e6
2.219030981677209e6
2.246652084009436e6
2.2745512712068753e6
2.302727350069275e6
2.331179135054963e6
2.359905436982434e6
2.3889050297509367e6
2.4181767711580084e6
2.4477194299733387e6
2.477531811001824e6
2.5076127174673644e6
2.5379609489254057e6
2.5685752916687788e6
2.599454573762294e6
2.630597593853518e6
2.662003141796493e6
2.6936700633550645e6
2.7255971644333783e6
2.7577832781252153e6
2.7902272273369296e6
2.8229278723389455e6
2.85588399069366e6
2.8890945061097103e6
2.922558247460072e6
2.9562740858136136e6
2.99024090007e6
3.024457573532952e6
3.0589230019415044e6
3.0936360812910325e6
3.1285957571550612e6
3.163800887443817e6
3.1992504700355288e6
3.234943430403453e6
3.270878719290823e6
3.3070553134785015e6
3.3434721924379743e6
3.38012835171703e6
3.417022772992442e6
3.4541545077469726e6
3.4915225566573883e6
3.5291259443470384e6
3.5669637460488672e6
3.605035048142553e6
3.643338908619054e6
3.6818744144557673e6
3.7206406781330644e6
3.7596368096115435e6
3.798861945256178e6
3.838315217191271e6
3.8779957868649648e6
3.9179028264464564e6
3.958035523760105e6
3.9983930483180615e6
4.0389746317763613e6
4.0797794870808716e6
4.1208068375126035e6
4.1620559633752205e6
4.20352609747179e6