777406.8950634011
777397.532529626
777358.3214911794
777294.2579845774
777207.181678961
777098.0622748691
776967.52422782
776819.2796525541
776653.5034060765
776472.5019060754
776280.7477088937
776079.3917091923
775871.953566143
775662.3437172895
775453.8017859596
775250.3058031901
775055.941350478
774875.1170764391
774712.0184181143
774571.6464301375
774458.9918768636
774378.5087750205
774335.6442584837
774335.5682293001
774383.5888280113
774486.4996945433
774645.8590840304
774870.758587985
775167.4823423255
775539.3696876519
775993.1245382028
776534.4675536156
777169.1332493495
777902.9217899126
778741.5303491479
779690.8854880845
780756.5433957216
781944.6281699656
783259.8032594626
784708.2845043743
786295.7737918411
788027.3572789232
789909.4805753686
791945.6973388236
794142.5828358033
796504.9367891389
799037.8821344851
801746.3803522188
804635.3799099077
807709.6215161224
810973.8338078425
814432.629045969
818090.4624648299
821951.744641698
826020.7385396098
830301.6377158704
834798.4614213683
839514.4661170942
844455.5879070222
849623.4377055548
855022.305219053
860655.696869425
866526.9820445551
872639.4166608434
878996.1658636417
885601.4528656172
892454.6164523116
899562.0578541717
906925.2924581121
914546.9158690419
922429.3938634371
930575.1318385792
938986.4326759387
947665.3695991896
956614.1156341187
965834.5853607826
975328.6733988464
985098.1181558934
995144.6167567977
1.0054697263908503e6
1.0160749398019669e6
1.0269616463304214e6
1.0381311426612064e6
1.049584647111041e6
1.061323277307849e6
1.0733480762127396e6
1.0856599877980147e6
1.0982599158384278e6
1.1111486470027594e6
1.1243268827363574e6
1.137795284455028e6
1.1515544132722449e6
1.165604770258782e6
1.1799467794777127e6
1.1945807988681816e6
1.209506410676218e6
1.224725976349256e6
1.2402375245417804e6
1.2560418737160116e6
1.272139065403233e6
1.2885290843626843e6
1.3052118639505736e6
1.322187301091485e6
1.3394551935306776e6
1.3570153311014576e6
1.3748674403611838e6
1.3930112023661998e6
1.4114462534595006e6
1.4301721868143827e6
1.4491885539070664e6
1.468494866249769e6
1.4880905972688189e6
1.507975193564701e6
1.528148036814454e6
1.5486085043665855e6
1.569355932421765e6
1.5903896363831428e6
1.6117088723803787e6
1.633312900149317e6
1.6552009416658306e6
1.6773721952476967e6
1.6998258355932743e6
1.722561010983359e6
1.7455768607936446e6
1.768872532378556e6
1.7924469975787082e6
1.8162994579765557e6
1.840428932160067e6
1.864834469933183e6
1.889515094136534e6
1.9144698408347617e6
1.939697711431102e6
1.965197690039966e6
1.9909687921299583e6
2.0170099820789448e6
2.043320246557182e6
2.0698985472660766e6
2.0967438338729641e6
2.123855079459466e6
2.151231235696246e6
2.1788712468304713e6
2.206774064633498e6
2.2349386386494786e6
2.2633639118893053e6
2.292048130261237e6
2.3209923473392306e6
2.3501934022408403e6
2.379650951756541e6
2.409363947934246e6
2.4393313456465346e6
2.4695521044810526e6
2.500025189346417e6
2.530749565193666e6
2.5617242212772495e6
2.5929481214675126e6
2.6244202475316403e6
2.6561396141174412e6
2.6881051851599608e6
2.7203160047962056e6
2.7527710683854274e6
2.785469403753712e6
2.8184100425177356e6
2.8515920193121e6
2.8850143845617175e6
2.9186761976748803e6
2.9525765215410744e6
2.986714435050706e6
3.021089025530071e6
3.055699389376824e6
3.0905446322860117e6
3.125623872899541e6
3.1609362537093456e6
3.196480861407557e6
3.232256904800021e6
3.2682635176382978e6
3.304499873448429e6
3.3409651570605803e6
3.3776585622913535e6
3.414579298125236e6
3.451726563224907e6
3.48909960957056e6
3.5266976684893323e6
3.564519960450801e6
3.6025657884257436e6
3.6408344142181464e6
3.679325123238109e6
3.718037203909493e6
3.7569699694911456e6
3.796122740701507e6
3.835494847860165e6
3.875085625575956e6
3.9148944354135906e6
3.9549206407957897e6
3.9951636188669e6
4.035622754458393e6
4.0762974459703844e6
4.117187104945492e6
4.1582911434429465e6
4.199609006209798e6
4.2411401252534725e6