428544.74190494954
428590.8814045902
428714.14302099135
428914.9371532138
429193.8346666519
429551.72093378205
429989.7006140691
430509.1501049639
431111.6121228604
431798.92473459174
432572.96487335255
433436.0233553201
434390.51055448956
435438.9352835816
436584.1164535426
437828.91293160594
439176.40686399874
440629.81622177374
442192.38473809685
443867.68247988774
445659.3083260567
447570.71798594564
449605.73962786584
451768.15782734624
454061.0488732102
456490.5886565908
459058.38679621194
461769.304582343
464627.1356173757
467635.9021299643
470799.583615153
474122.1041555223
477607.39308372175
481259.32734879875
485081.76138848555
489078.0331531834
493253.27079032664
497609.77642940916
502151.6414831702
506882.39717237465
511805.54039107123
516924.45597150305
522242.4578480943
527762.7869141429
533488.5572529011
539422.8129314388
545568.5416971125
551928.5467976886
558505.6637655246
565302.5034263904
572321.6400610271
579565.5941961504
587036.5841643234
594737.0245157268
602669.043907553
610834.7100212013
619236.0045699215
627874.7962668776
636752.883752312
645871.9394836971
655233.5819270585
664839.2958360983
674690.5174098251
684788.5713896883
695134.701446245
705730.0650052123
716575.7478538326
727672.72382862
739021.9356686937
750624.2112561649
762480.3285134261
774590.9775705826
786956.7877932857
799578.3212279102
812456.0639091862
825590.4489293076
838981.8419800412
852630.5529080512
866536.8327272703
880700.8751965635
895122.8258157608
909802.7764649129
924740.7654112923
939936.7955694427
955390.8064986204
971102.7192351857
987072.3815913659
1.0032996302495745e6
1.0197842534117493e6
1.0365260008117773e6
1.0535245900236352e6
1.070779705643861e6
1.0882910055498965e6
1.1060581026273095e6
1.1240806057449966e6
1.1423580797057669e6
1.1608900702140355e6
1.1796760990934647e6
1.1987156660598263e6
1.2180082499665725e6
1.2375533103429356e6
1.2573502885406588e6
1.2773986089735436e6
1.2976976802582443e6
1.3182468965531122e6
1.3390456382669355e6
1.360093273652581e6
1.3813891595367072e6
1.40293264675799e6
1.4247230584979288e6
1.4467597371581865e6
1.4690420012944713e6
1.491569156179539e6
1.514340520030686e6
1.5373553915334917e6
1.5606130711281956e6
1.5841128484167936e6
1.6078540210770955e6
1.6318358750116567e6
1.6560577023160637e6
1.6805187861739846e6
1.7052184139567828e6
1.7301558713661507e6
1.755330447527156e6
1.7807414282570004e6
1.8063881048580164e6
1.8322697684916111e6
1.858385714183898e6
1.8847352385767333e6
1.9113176409087642e6
1.9381322281481028e6
1.9651783086095953e6
1.9924551862442903e6
2.0199621886348308e6
2.0476986331250113e6
2.0756638621388904e6
2.1038571709885094e6
2.132277924956187e6
2.1609254696748955e6
2.1897991505643567e6
2.218898323509586e6
2.248222351574643e6
2.277770606882467e6
2.307542463481564e6
2.3375373102832446e6
2.3677545332209347e6
2.398193532576022e6
2.428853711621429e6
2.4597344875750258e6
2.49083527724872e6
2.522155514800824e6
2.553694622874784e6
2.585452057916555e6
2.6174272680051173e6
2.6496197083991934e6
2.6820288503445345e6
2.7146541719835447e6
2.747495141111068e6
2.780551264470525e6
2.813822033438465e6
2.8473069583061663e6
2.881005556528031e6
2.9149173320126464e6
2.94904183573231e6
2.9833785983067243e6
3.0179271660450627e6
3.0526870922771753e6
3.0876579393123607e6
3.1228392736847014e6
3.158230679692314e6
3.1938317353295605e6
3.229642034578694e6
3.2656611771866153e6
3.3018887723101005e6
3.3383244320964552e6
3.3749677807255317e6
3.4118184463940132e6
3.4488760669434695e6
3.486140287587695e6
3.523610754520245e6
3.561287129793106e6
3.599169077046215e6
3.6372562688225633e6
3.675548384027923e6
3.714045107149621e6
3.7527461576602976e6
3.791651162692853e6
3.830759920309398e6
3.8700720631690896e6
3.909587341939986e6
3.949305477824069e6
3.9892262030595676e6
4.029349253696225e6
4.069674368827663e6
4.110201306206661e6
4.1509298113670466e6
4.191859661309634e6
4.232990577497888e6
4.274322377034469e6
4.3158548188889865e6