726443.55027692
726436.4714838949
726417.8009503447
726387.9066207582
726347.8237763838
726298.4021413658
726240.7201431101
726178.0513788383
726110.7808648645
726041.6694088759
725973.3705038792
725908.695225584
725850.7111780132
725802.6897621815
725768.3159234087
725751.3060181161
725755.6241557384
725785.5660301467
725845.2173021522
725939.4401529913
726073.0536142591
726250.4808212889
726476.9369695409
726757.4525124038
727097.2053900637
727501.6037084279
727975.6663757376
728525.4541764815
729155.9013233702
729872.6001987635
730681.2312324304
731587.3201381154
732596.4053059983
733714.0887389464
734945.5802516048
736297.0710507311
737774.092605199
739381.7794305419
741124.9856222036
743009.676380038
745041.2735943181
747224.8464534063
749565.9632663798
752068.6629891515
754738.955892288
757581.4298965775
760600.9637516614
763802.2661876387
767190.028529883
770768.7492759691
774542.8886531463
778516.8048511485
782694.7008446056
787080.6926880642
791678.8760196413
796493.0899742068
801527.1318779823
806784.717977159
812269.3509562884
817984.5589562225
823933.6468884507
830119.8657476533
836546.3250116651
843216.0273289068
850131.8855241917
857297.7622446157
864713.0664338516
872383.6330252984
880310.8374200347
888497.0318536322
896944.438942543
905655.2368547411
914632.1055315341
923875.0134471732
933387.7861505442
943171.4918853104
953227.7809048502
963558.1979039959
974164.2198072404
985047.1905707807
996208.3952084467
1.0076490230197294e6
1.0193701754414394e6
1.0313728628422376e6
1.0436580476808269e6
1.0562265543749887e6
1.0690791652066137e6
1.0822166031114787e6
1.0956394802998132e6
1.1093483507945044e6
1.1233436995831956e6
1.1376259338172686e6
1.1521954077723264e6
1.1670523992252015e6
1.1821971266510496e6
1.1976297479048397e6
1.2133503605780525e6
1.22935899933363e6
1.245655660118022e6
1.2622402612811686e6
1.2791126843297174e6
1.296272747431642e6
1.313720257419927e6
1.331454918465585e6
1.3494764270041024e6
1.3677844262227044e6
1.3863785181062815e6
1.4052582645815285e6
1.4244231888975431e6
1.4438727771035729e6
1.4636064832896166e6
1.4836237227988718e6
1.5039238818502256e6
1.524506317448507e6
1.5453703549207402e6
1.5665152913294947e6
1.5879404017804875e6
1.6096449320855956e6
1.63162810766315e6
1.65388914257285e6
1.6764271936523682e6
1.699241434605173e6
1.7223310085136523e6
1.7456950456397654e6
1.7693326630242604e6
1.7932429379451429e6
1.8174249623068182e6
1.841877806890403e6
1.866600532552883e6
1.8915921798044865e6
1.9168517968544278e6
1.9423784153016156e6
1.968171038192503e6
1.9942287069899032e6
2.0205504196513067e6
2.0471351883143685e6
2.0739820115932876e6
2.101089887439768e6
2.128457814026728e6
2.156084788116172e6
2.1839698005969124e6
2.212111846176329e6
2.2405099184691794e6
2.269163017620398e6
2.2980701359546185e6
2.327230276338348e6
2.3566424398196028e6
2.3863056280251998e6
2.4162188558441186e6
2.4463810965488483e6
2.4767914855976263e6
2.507448929487327e6
2.538352498296819e6
2.569501232821055e6
2.6008941613699766e6
2.6325303537871623e6
2.6644088630713867e6
2.696528725997305e6
2.728889054833428e6
2.761488900384013e6
2.794327372324545e6
2.827403551262919e6
2.8607165670069326e6
2.8942655150843845e6
2.9280495293332483e6
2.962067741288316e6
2.996319298436349e6
3.03080335726744e6
3.0655190782690323e6
3.100465639574264e6
3.135642228642587e6
3.1710480520666754e6
3.2066822697383636e6
3.242544155122381e6
3.2786329102363847e6
3.3149477778491178e6
3.3514880051661036e6
3.388252856881645e6
3.4252416061629867e6
3.462453520343399e6
3.499887912928987e6
3.537544082937174e6
3.5754213167504366e6
3.6135189821681925e6
3.6518363949247026e6
3.6903729102489357e6
3.7291278764509433e6
3.76810068717459e6
3.807290696708201e6
3.846697308914417e6
3.8863199216995067e6
3.9261579486421286e6
3.966210814629774e6
4.006477954828448e6
4.0469588113633976e6
4.0876528399739726e6
4.1285595047040093e6
4.169678283321805e6
4.21100866139102e6
4.252550130391331e6