628441.744880366
628450.6710435952
628474.6361939018
628514.0640815517
628572.0092494497
628642.8823968326
628734.1887007849
628846.556812609
628980.7311095468
629139.2016552592
629324.4408570015
629539.118550329
629786.1216567303
630068.5434466751
630389.8301750919
630753.490086541
631163.2622463001
631623.1554629917
632137.034500236
632709.4393271138
633344.8353511706
634047.490658083
634822.1543578731
635673.5956650531
636606.5859597137
637626.1935134961
638736.9586289804
639944.9767825498
641254.0935887157
642670.0674772543
644197.8814289557
645842.6842892988
647609.5809160969
649503.7208705649
651529.8634442722
653693.7620561577
656000.2600976862
658454.1857808594
661059.9662600989
663823.0203584462
666748.1610898187
669840.0353543487
673103.2752940692
676542.4742337015
680162.0961077473
683966.5274149782
687960.1224321873
692147.0181105442
696531.3952769461
701117.1932200177
705908.3493227679
710908.6567231064
716121.8018414968
721551.3268996713
727200.7984261762
733073.3750389257
739172.6897016477
745501.5305860479
752063.044447859
758860.163568039
765895.6857041774
773172.3248009162
780692.665980115
788459.2115445735
796474.3417118506
804740.3173633178
813259.323407724
822033.4211119118
831064.5872423432
840354.6780944995
849905.4693078595
859718.6366316379
869795.7734009235
880138.3046238876
890747.6954929436
901625.2142833401
912772.0825813685
924189.4252394874
935878.3027710016
947839.6667795941
960074.4051313403
972583.3251154422
985367.1556718894
998426.5522936424
1.0117620944565075e6
1.0253743152944904e6
1.0392636291400188e6
1.0534304442685079e6
1.0678750649205695e6
1.082597745236256e6
1.0975986819742392e6
1.1128780058677369e6
1.128435797308324e6
1.1442720830475595e6
1.160386831780502e6
1.1767799662117164e6
1.1934513584625935e6
1.210400833214929e6
1.2276281729367943e6
1.2451331114972837e6
1.262915344624135e6
1.2809745274178078e6
1.2993102764302574e6
1.3179221712505643e6
1.3368097566368608e6
1.3559725438036746e6
1.3754100121110708e6
1.3951216102952892e6
1.4151067583626374e6
1.435364849019772e6
1.4558952487370516e6
1.4766972993625703e6
1.4977703194835482e6
1.5191136066230196e6
1.5407264342895774e6
1.562608065451912e6
1.5847577334442954e6
1.6071746618614194e6
1.6298580566078126e6
1.6528071085622287e6
1.6760209973981902e6
1.6994988879675777e6
1.7232399348420077e6
1.7472432831416312e6
1.7715080659411259e6
1.7960334103528722e6
1.8208184309892268e6
1.8458622527995282e6
1.8711639713692055e6
1.8967226862280346e6
1.9225375034676685e6
1.9486075085117172e6
1.9749317977198788e6
2.001509464737177e6
2.0283396076493403e6
2.0554212837662357e6
2.082753597903623e6
2.110335638804989e6
2.138166496453371e6
2.166245259762543e6
2.194571033665927e6
2.2231429049709244e6
2.251959986508007e6
2.281021366697382e6
2.3103261598754227e6
2.3398734797779536e6
2.3696624466541526e6
2.399692184930346e6
2.4299618269699556e6
2.4604705098179905e6
2.491217371548776e6
2.5222015655684234e6
2.553422248609827e6
2.5848785881374073e6
2.616569747246059e6
2.6484949158358537e6
2.6806532866801308e6
2.7130440296436e6
2.7456663666115925e6
2.7785195381768653e6
2.811602733071227e6
2.8449151903018034e6
2.878456153749865e6
2.912224873316525e6
2.9462206045698477e6
2.980442630430616e6
3.0148902148258374e6
3.0495626484808438e6
3.0844592409644835e6
3.119579289011584e6
3.154922114711468e6
3.1904870435416e6
3.2262734141400554e6
3.262280578756545e6
3.2985078901537415e6
3.334954716673617e6
3.3716204368206603e6
3.408504439149402e6
3.4456061238836274e6
3.4829248868824923e6
3.520460161464886e6
3.558211371093699e6
3.59617792688552e6
3.6343593139807396e6
3.6727549918334177e6
3.711364390627213e6
3.750187000701976e6
3.789222312096875e6
3.828469816621839e6
3.8679290108727207e6
3.90759943935317e6
3.9474805925785927e6
3.9875720182313686e6
4.0278732507128036e6
4.0683838461144865e6
4.10910336334546e6
4.150031368133017e6
4.1911674377994295e6
4.232511160644207e6
4.274062135775377e6