798923.9019473328
798905.7859777573
798858.0798939847
798779.7257554367
798673.9127846871
798540.1675073695
798379.770715293
798196.4534904106
797990.2971893755
797764.2399263893
797521.0559137095
797263.636034113
796995.000476534
796719.0326122541
796439.0495151018
796159.0544833465
795883.168248842
795615.8519032567
795361.3220508945
795124.6449723722
794910.8693439101
794724.4739663607
794570.9889964991
794455.2932208907
794383.7995083146
794362.2691740356
794392.7243991696
794485.0635496521
794643.46629409
794873.4774894926
795181.1720636741
795572.3549644855
796052.8277706626
796628.4777540547
797305.0809088049
798088.6442046933
798984.8208819276
799999.8281681769
801138.3899158877
802406.8197155297
803810.934059592
805354.2699198821
807047.487179521
808891.6613109703
810892.7765223344
813056.5048671196
815388.0683466882
817892.5295876218
820574.9353092369
823440.133627556
826492.951678352
829738.1065266049
833180.1611758401
836823.6103553725
840672.8584388393
844732.1759066886
849005.6938513363
853497.5034953129
858211.4631455338
863151.4699379373
868321.1955549492
873723.9198205778
879364.1010326393
885244.1157786482
891367.5627544264
897738.8104166512
904357.1720764283
911229.5436140711
918356.7059536052
925742.1486859231
933388.2125379919
941297.2810555552
949471.8775364838
957914.1256994193
966626.2998347299
975610.4075133756
984868.4359589198
994402.2145036384
1.0042135248252829e6
1.0143040216645693e6
1.0246752808093219e6
1.0353287774306852e6
1.0462658911445024e6
1.057487920320434e6
1.0689960720926397e6
1.0807914568424535e6
1.0928751021060697e6
1.1052479847090838e6
1.1179109576388823e6
1.130864812286753e6
1.1441102614021269e6
1.1576479385730661e6
1.1714784116791938e6
1.1856021663659485e6
1.2000196229099857e6
1.214731136436612e6
1.2297369825347646e6
1.245037391413005e6
1.260632515482029e6
1.276522449008339e6
1.2927072293651346e6
1.309186825606904e6
1.3259611888631738e6
1.3430301602999726e6
1.3603935662666112e6
1.3780511728387086e6
1.3960026977312616e6
1.4142478116493612e6
1.4327861402242861e6
1.451617275229246e6
1.4707407364923982e6
1.4901560340025015e6
1.5098626283377353e6
1.529859953783881e6
1.5501473797915257e6
1.5707242675566624e6
1.5915899487780128e6
1.6127437051299387e6
1.6341848029895183e6
1.6559124759068e6
1.6779259320194419e6
1.7002243543390655e6
1.7228068992275728e6
1.7456727069694274e6
1.7688209325455695e6
1.792250547392038e6
1.8159607543190133e6
1.8399505705961692e6
1.8642190441615623e6
1.8887651946462826e6
1.9135880497189728e6
1.9386866072472313e6
1.9640598432310275e6
1.9897067605282199e6
2.0156263193826694e6
2.0418174849135622e6
2.0682792156136855e6
2.0950104537315285e6
2.122010145748901e6
2.1492772278831503e6
2.176810630727362e6
2.2046092956006536e6
2.23267214585183e6
2.260998109120343e6
2.2895861107936585e6
2.31843507903294e6
2.347543940979069e6
2.3769116208541295e6
2.4065370569495293e6
2.436419177928883e6
2.4665569200097136e6
2.496949223165272e6
2.527595031296481e6
2.5584932997753858e6
2.589642966879949e6
2.6210430105309184e6
2.652692394406713e6
2.6845900603952776e6
2.7167350351689793e6
2.749126277740667e6
2.781762794539513e6
2.814643580673042e6
2.847767651102739e6
2.881134025948145e6
2.9147417359138555e6
2.9485898095535743e6
2.9826773153992714e6
3.0170032939882306e6
3.051566819631289e6
3.0863669691150817e6
3.1214028325162586e6
3.156673524039442e6
3.192178100238577e6
3.227915743629252e6
3.2638855587922735e6
3.3000866900745663e6
3.3365182940625898e6
3.373179537118447e6
3.410069599648921e6
3.447187652147098e6
3.484532921207573e6
3.5221046069582854e6
3.559901904178764e6
3.5979240921880207e6
3.6361703950939323e6
3.674640082245163e6
3.713332411095627e6
3.7522466675794558e6
3.7913821516309404e6
3.830738159079961e6
3.870314001660353e6
3.9101090302197277e6
3.950122562333234e6
3.9903539593629264e6
4.030802579578268e6
4.0714678003719016e6
4.112349003333787e6
4.1534455857534143e6
4.194756956959197e6
4.236282535998678e6