463203.73328625446
463242.9302189874
463347.66680358804
463518.277754063
463755.51374497556
464060.19780798885
464433.5180032868
464876.93704817805
465391.9896244544
465980.6370256962
466644.81555432803
467386.98264563654
468209.59992144525
469115.30383700645
470107.03756955615
471187.8140854441
472360.8355652351
473629.48545259575
474997.1505428741
476467.5901428759
478044.5798744635
479731.74844533973
481533.116601101
483452.6677597804
485493.67161343864
487662.54614572204
489961.0736130754
492394.38543689717
494966.46170425846
497681.5759910693
500543.934240427
503557.70838877535
506727.0679663081
510056.14182086487
513549.0282272219
517209.5392575932
521042.4114347667
525050.8481629204
529238.9853785159
533610.6243684995
538169.5130028343
542919.298128331
547863.562713466
553005.8029542164
558349.4110554778
563897.6610997228
569653.8381496733
575620.9838788977
581802.197832211
588200.3435209687
594818.255218284
601658.6515572605
608724.1750004014
616017.2683737072
623540.4175117317
631295.9135256823
639285.9725799053
647512.6975463245
655978.1105894685
664684.1250551163
673632.7551624503
682825.1418026625
692263.4997136185
701949.1678294035
711883.6012491076
722068.1488397075
732504.0855447942
743192.5937315305
754134.7891255396
765331.6721502627
776784.1944298621
788493.2200595123
800459.5360616238
812683.8638033388
825166.8403681985
837909.0455311858
850910.9860937642
864173.1074248067
877695.7920141965
891479.3549320678
905524.0649240479
919830.1262393582
934397.6871073124
949226.8543104781
964317.6645894181
979670.1348499963
995284.1993028012
1.0111597799110052e6
1.0272967393027942e6
1.0436949053967895e6
1.0603540631156433e6
1.0772739607424322e6
1.0944543160952562e6
1.1118947977505452e6
1.1295950630494682e6
1.1475547250049552e6
1.1657733709533936e6
1.1842505599121565e6
1.202985825925198e6
1.2219786774803116e6
1.241228600042813e6
1.2607350482932632e6
1.2804974918148927e6
1.3005153275940137e6
1.320787970169325e6
1.341314808311636e6
1.3620952150047226e6
1.3831285492405337e6
1.4044141559082621e6
1.4259513677458614e6
1.4477395066011464e6
1.4697778829861348e6
1.4920657989294669e6
1.5146025485715498e6
1.537387416906545e6
1.560419682644701e6
1.583698620843181e6
1.6072234950706083e6
1.6309935720441719e6
1.655008114524466e6
1.6792663758125328e6
1.7037676112952603e6
1.7285110753454035e6
1.7534960202513456e6
1.7787216972240326e6
1.8041873595077987e6
1.8298922593578063e6
1.8558356519213265e6
1.882016791269195e6
1.9084349346864675e6
1.935089347021862e6
1.9619792910852004e6
1.9891040240939378e6
2.0164628312775337e6
2.0440549795774268e6
2.0718797655154478e6
2.0999364359888397e6
2.1282243062349395e6
2.156742673854259e6
2.1854908342196415e6
2.2144680967755066e6
2.2436737638457036e6
2.2731071666122377e6
2.3027676237656474e6
2.332654474822225e6
2.3627670535125686e6
2.393104706119821e6
2.42366679044661e6
2.4544526663920637e6
2.4854617012569103e6
2.5166932729271306e6
2.54814676514031e6
2.5798215702529177e6
2.611717089574999e6
2.6438327265150794e6
2.676167902749114e6
2.708722044234515e6
2.741494572553825e6
2.7744849339112327e6
2.807692581250675e6
2.841116968529504e6
2.8747575665959734e6
2.9086138509737286e6
2.9426852600490456e6
2.9769713418329074e6
3.0114715715553677e6
3.046185456351449e6
3.0811125126315206e6
3.1162522587344423e6
3.1516042336166925e6
3.1871679704473214e6
3.2229430178746283e6
3.2589289312979574e6
3.29512527590192e6
3.3315316210520254e6
3.368147579120872e6
3.404972672677684e6
3.4420065295109493e6
3.479248754482071e6
3.5166989498757813e6
3.5543567417138554e6
3.592221759047594e6
3.630293613135129e6
3.668571967277917e6
3.707056461235295e6
3.7457467781429477e6
3.7846425038411245e6
3.823743363733029e6
3.8630490346989417e6
3.9025592206228385e6
3.942273548261187e6
3.9821917448341e6
4.0223135191172073e6
4.062638572976102e6
4.103166630847319e6
4.14389740212851e6
4.1848306269209273e6
4.225966037092112e6
4.267303373162521e6
4.308842383020207e6