809920.4657872131
809900.7300068339
809848.738962579
809763.3372500971
809647.8545852579
809502.1138104844
809326.2689071835
809125.2481062431
808898.7151228689
808649.6403873082
808380.7886088269
808095.0728399062
807795.5401982
807486.0828450515
807170.0369202484
806851.4206139833
806534.3799888559
806223.3950484202
805922.7016233953
805508.8894611511
805372.549811816
805132.6678994135
804923.3091459022
804749.376002402
804617.3240301667
804531.7382388309
804498.2611243566
804523.2518187065
804612.1050054472
804770.3989314303
805004.2626385246
805319.5263007716
805721.1984288495
806217.7095395746
806812.3748030323
807512.070950739
808322.3246568108
809249.9344916412
810298.2166715907
811476.4149508361
812787.6987392327
814238.1887322273
815834.4712639366
817580.1904817437
819482.1368995794
821545.2335406891
823774.7497080556
826175.8002623691
828753.482584346
831512.694179413
834458.3145675145
837595.1124350922
840927.7028734385
844460.6321043595
848198.3584331434
852145.2039896548
856305.3523439127
860682.9488388452
865281.9009890844
870106.166163333
875159.4627188109
880445.1364431551
885967.6644322849
891729.5129360537
897734.3150090601
903986.5203074829
910485.4209771472
917238.0441204747
924245.1750908677
931510.3769957818
939036.0349512078
946824.5795580171
954878.5848499198
963200.2251136345
971791.8199326352
980655.4284330341
989793.0832894566
999206.6601015378
1.0088979870254773e6
1.0188687636422676e6
1.0291206104052158e6
1.0396550462887513e6
1.0504734930657155e6
1.0615772919909933e6
1.072967690953039e6
1.0846458406384166e6
1.0966128082274948e6
1.1088696089405154e6
1.1214171332441722e6
1.1342562099330607e6
1.1473875868486478e6
1.1608119354813425e6
1.1745298477601414e6
1.1885418521587714e6
1.2028483953751544e6
1.2174498672073372e6
1.2323465724015567e6
1.2475387670292899e6
1.263026632374628e6
1.2788102892127135e6
1.2948898007580084e6
1.3112651604170254e6
1.3279363429431943e6
1.344903211826726e6
1.362165614720514e6
1.3797233379921084e6
1.3975761188800111e6
1.415723646157913e6
1.434165572201063e6
1.452901475792511e6
1.471930921831988e6
1.4912534243645053e6
1.5108684654968418e6
1.530775465935166e6
1.5509738329439336e6
1.571462929198863e6
1.5922420942886835e6
1.613310621718327e6
1.6346677818572735e6
1.6563128165692482e6
1.6782449394475054e6
1.7004633372355513e6
1.7229671735336366e6
1.7457555888190689e6
1.7688276998938657e6
1.7921826030997126e6
1.8158193805738084e6
1.8397370894074696e6
1.8639347765323785e6
1.8884114598148738e6
1.9131661649244323e6
1.93819788860145e6
1.9635055991581008e6
1.9890883027441716e6
2.014944950090678e6
2.0410745036871284e6
2.0674759088423185e6
2.0941481108603368e6
2.1210900407002657e6
2.148300635722935e6
2.175778813702546e6
2.203523507528387e6
2.231533632925474e6
2.2598081078765057e6
2.2883458479449307e6
2.3171457711378876e6
2.3462067945065247e6
2.375527830665721e6
2.405107807422641e6
2.434945641673208e6
2.465040257895619e6
2.4953905840062704e6
2.525995550857737e6
2.556854103343791e6
2.587965164256256e6
2.6193277000172855e6
2.65094066064976e6
2.682802977407767e6
2.7149136548722135e6
2.747271647081603e6
2.7798759433321967e6
2.812725526073979e6
2.845819414869723e6
2.8791565526348236e6
2.9127360209656283e6
2.946556812339009e6
2.9806179793903464e6
3.0149185496982834e6
3.0494575956639033e6
3.08423414014116e6
3.1192472980043916e6
3.1544961560028205e6
3.1899797552177277e6
3.2256972647595266e6
3.261647774046894e6
3.2978304131473643e6
3.3342443239719123e6
3.370888658570012e6
3.4077625834461437e6
3.4448652547390293e6
3.482195883274514e6
3.519753656928436e6
3.55753775171081e6
3.5955474448483353e6
3.633781934926912e6
3.6722404815452117e6
3.7109223276990857e6
3.749826747619462e6
3.78895302594354e6
3.8283004460686e6
3.8678683069219133e6
3.9076559443787048e6
3.9476626651838776e6
3.9878878172539463e6
4.0283307461443925e6
4.0689908167027114e6
4.109867398369223e6
4.150959876133683e6
4.1922676472656047e6
4.233790118727573e6