490725.85118241736
490759.70427046507
490850.1112621903
490997.4937735513
491202.57346128474
491466.2288322707
491789.6714981098
492174.4200947895
492622.03118319367
493134.49958503095
493713.9694369717
494362.82200312824
495083.6432309729
495879.1563674571
496752.40175679966
497706.4890063935
498744.7270141868
499870.6143300771
501087.64393747004
502399.7115919471
503810.7412938535
505324.4592016286
506945.0506554089
508676.64400582376
510523.386729553
512489.6583417604
514579.59264660685
516797.7810012135
519148.34148377983
521635.73277008673
524264.3374611781
527038.5050053642
529962.587731106
533040.9020380025
536277.730939098
539677.3262893596
543243.8716767814
546981.5145317973
550894.346940326
554985.9822577109
559261.4310923697
563723.5077417353
568376.3315950994
573223.5971972124
578268.8912986165
583515.7048358972
588967.5047157614
594627.5360511162
600499.0656124245
606585.2428927288
612889.006140571
619413.3010215588
626160.9397657851
633134.6181903773
640336.946816712
647770.4231187771
655437.4462541104
663340.3132290518
671481.198329713
679862.2124615744
688485.3391847066
697352.4723322188
706465.4143809312
715825.8656604482
725435.4091587878
735295.6264679853
745407.871442542
755773.5055770051
766393.7771345834
777269.8407852364
788402.7808682953
799793.6021782842
811443.2149783459
823352.469679383
835522.1255494624
847952.8810404645
860645.3572726977
873600.1100733415
886817.626127281
900298.328129645
914042.577597938
928050.6752457985
942322.8593022552
956859.3224374212
971660.183791447
986725.538733332
1.0020553955243995e6
1.0176497450598499e6
1.0335085212106222e6
1.0496316108813086e6
1.0660188586306823e6
1.0826700696731464e6
1.099585013225221e6
1.1167634046788565e6
1.1342049480677862e6
1.151909297266009e6
1.1698760773523175e6
1.1881048828100406e6
1.206595278436419e6
1.225346801409314e6
1.2443589624512733e6
1.263631247349572e6
1.283163118382887e6
1.3029540156849208e6
1.3230033585457734e6
1.343310546652977e6
1.3638749615348266e6
1.3846959675702997e6
1.4057729133053508e6
1.4271051322679901e6
1.4486919451078167e6
1.4705326580985682e6
1.4926265684656585e6
1.5149729610439637e6
1.5375711121237287e6
1.560420287852138e6
1.5835197487783346e6
1.606868747442822e6
1.6304665290409434e6
1.6543123360281503e6
1.6784054054683968e6
1.7027449689497072e6
1.7273302574431603e6
1.7521604992220774e6
1.777234919065144e6
1.8025527431006667e6
1.8281131949174386e6
1.853915500198178e6
1.8799588845826292e6
1.906242571171984e6
1.9327657929037104e6
1.9595277805094144e6
1.9865277558483575e6
2.0137649707367881e6
2.0412386557268903e6
2.068948073115339e6
2.0968924230457952e6
2.1250710040754564e6
2.1534830588796614e6
2.182127849477008e6
2.211004643106285e6
2.2401127142463746e6
2.2694513443599828e6
2.2990198150224723e6
2.328817427933704e6
2.3588434750243267e6
2.3890972642379785e6
2.419578109101478e6
2.450285333122912e6
2.481218263689356e6
2.5123762339065857e6
2.543758589889968e6
2.575364689310069e6
2.6071938778415318e6
2.6392455328160087e6
2.671519029318701e6
2.7040137569474205e6
2.7367290875338065e6
2.76966444506378e6
2.802819228919206e6
2.836192857311753e6
2.869784754907143e6
2.9035943589462824e6
2.937621111668523e6
2.971864465604215e6
3.0063238788520293e6
3.040998850460496e6
3.075888801371231e6
3.1109932445704774e6
3.1463116739840372e6
3.18184359472658e6
3.2175885163268787e6
3.253545958727906e6
3.2897154520082125e6
3.3260965305598974e6
3.362688740480332e6
3.399491633790692e6
3.4365047727472847e6
3.473727729000436e6
3.5111600983399646e6
3.5488014269760316e6
3.5866513242411e6
3.624709376091296e6
3.662975227700948e6
3.7014484728612304e6
3.740128744482073e6
3.7790156663655546e6
3.818108884130626e6
3.857408043671213e6
3.8969128001907393e6
3.9366228123714225e6
3.9765377522006296e6
4.0166572949750777e6
4.0569811210387982e6
4.0975089235836416e6
4.138240397798661e6
4.179175246406449e6
4.220313180023974e6
4.261653915944314e6
4.303197175748964e6