636548.146347487
636555.6977349971
636575.9990089027
636610.3454683677
636657.0051576714
636719.5404752893
636798.0427196239
636895.3763731038
637012.2489947109
637151.1767282427
637314.6457820883
637505.3406796497
637726.1621020379
637980.220151904
638270.976782633
638601.9985701164
638976.9953755272
639400.0159787358
639874.9567809767
640406.3769714725
640998.7825039608
641656.4360379641
642384.1519353484
643186.717323476
644068.9395497355
645035.9162723342
646092.2104034597
647243.9828055057
648495.1305999953
649851.3257217782
651317.7259551066
652899.4719108285
654601.7013028422
656429.6184910377
658388.0156018303
660482.6875358217
662718.5381981324
665100.418254198
667632.8001682655
670321.1492128253
673170.3332334319
676185.035819484
679369.939068422
682729.6815489186
686268.7735684532
689991.2341316228
693902.7088082827
698006.1367397582
702306.1555134266
706806.7747456349
711511.952843756
716425.5437587476
721551.2773561408
726892.7446661377
732453.560196358
738236.932126673
744246.5235714861
750485.20001942
756956.1313175479
763662.3039914402
770606.5568000658
777791.6535425175
785220.2228036008
792894.8107599088
800817.8425048294
808991.6211027573
817418.3749628569
826100.2070215084
835039.1357684417
844237.0582181269
853695.7899984708
863417.0447423504
873402.4600665844
883653.4919677102
894171.6465995797
904958.2274191154
916014.4917288248
927341.5990170924
938940.6433655806
950812.6099496483
962958.4180238137
975378.9062611638
988074.8339485269
1.0010468855790375e6
1.0142956692745895e6
1.027821745654877e6
1.0416255555514507e6
1.055707532936927e6
1.0700680069950693e6
1.084707254495654e6
1.09962549624909e6
1.1148228842733267e6
1.130299519933145e6
1.1460554501353141e6
1.1620906624180013e6
1.1784050977148088e6
1.1949986452920486e6
1.2118711461932468e6
1.2290223983266084e6
1.2464521518785798e6
1.264160110536449e6
1.2821459478348559e6
1.300409290311492e6
1.3189497285369392e6
1.3377668175152047e6
1.3568600778032115e6
1.3762289973208064e6
1.3958730324344975e6
1.4157916104455818e6
1.4359841297987201e6
1.4564499626356768e6
1.4771884558386984e6
1.4981989313180253e6
1.519480690600284e6
1.541033011731794e6
1.5628551522395287e6
1.5849463543499047e6
1.607305836480347e6
1.6299328143636482e6
1.652826468483659e6
1.6759859806460603e6
1.699410514035477e6
1.7230992204245154e6
1.7470512434384339e6
1.7712657117193958e6
1.7957417488802497e6
1.820478469663608e6
1.8454749812510854e6
1.87073038715919e6
1.8962437768907177e6
1.922014250724037e6
1.948040894197842e6
1.9743227769886206e6
2.000859022204816e6
2.0276486638556332e6
2.054690802253992e6
2.0819845168926609e6
2.109528887605561e6
2.137322996859012e6
2.16536592463143e6
2.1936567804319323e6
2.2221946109550865e6
2.2509785256129564e6
2.280007627058644e6
2.3092810062833093e6
2.3387977671057438e6
2.3685570194660677e6
2.3985578775141034e6
2.42879946308053e6
2.4592809024996106e6
2.4900013232160555e6
2.520959867575704e6
2.5521556818557633e6
2.5835879217403242e6
2.6152557403264856e6
2.6471583155174833e6
2.6792948293023705e6
2.711664439945702e6
2.744266372121379e6
2.7770998150137276e6
2.81016398461018e6
2.8434580973131126e6
2.8769813841989962e6
2.91073308635165e6
2.9447124454189115e6
2.9789187347202087e6
3.0133512062477125e6
3.048009139704252e6
3.0828918341109403e6
3.117998574419852e6
3.153328672466531e6
3.1888814423331483e6
3.2246562118829e6
3.2606523229624247e6
3.2968691172516337e6
3.3333059526210804e6
3.369962196862473e6
3.40683722869556e6
3.4439304374264227e6
3.481241163920788e6
3.518768986714688e6
3.5565131441553e6
3.594473102042421e6
3.6326483356786994e6
3.6710382718587685e6
3.709642375479766e6
3.7484601060041087e6
3.7874909440861093e6
3.826734372585972e6
3.8661898795117354e6
3.905856995654057e6
3.9457352085677385e6
3.985824047407452e6
4.026123059357972e6
4.0666317709320905e6
4.1073497392531447e6
4.1482765220325394e6
4.189411688246444e6
4.230754821492511e6
4.272305503145745e6