437529.8353467441
437574.1520147154
437692.58047681913
437885.427762482
438153.39643646934
438497.32073601865
438918.3353260548
439417.83032545954
439999.65112475056
440658.7912621678
441404.0141297549
442235.3607161459
443155.2586389578
444166.25071396475
445271.18304074527
446472.9731694174
447774.7178323296
449179.6844372494
450691.1562652508
452312.75225625193
454048.11982267135
455900.76068010816
457874.55478443304
459973.33906721877
462200.23862452066
464561.4986609985
467058.7725193052
469696.9924973853
472480.00348009873
475411.8933873843
478496.7029984255
481738.4213208099
485141.04216152226
488708.5082777129
492444.74058165663
496353.12579164404
500438.9148181503
504704.42308200855
509153.8297317813
513790.7335186981
518618.7016822582
523641.1884888735
528861.5760019666
534283.1769028357
539909.1742693081
545742.6726359541
551786.7444751495
558044.2491549982
564518.0941199095
571210.9570433393
578125.4798045182
585264.2505538291
592629.5459406357
600223.8549378524
608049.3618249949
616108.2027515504
624402.4195036418
632933.9420763385
641704.623678756
650716.2112988967
659970.5100370804
669468.632794762
679212.5047662568
689203.3601958735
699442.4972348908
709931.1238424391
720670.3646669199
731661.2632124021
742904.8004582974
754401.8493904924
766153.2315570253
778159.6811093038
790421.8701284055
802940.401421241
815715.7994407769
828748.535089596
842039.0105048767
855587.570094103
869394.499625351
883460.0208266478
897784.3135756103
912367.4970542811
927209.638326955
942310.7662137549
957670.8450895495
973289.819830321
989167.5609407346
1.0053039254432396e6
1.0216987216977769e6
1.0383517178181449e6
1.0552626485855037e6
1.072431214836564e6
1.089857088666306e6
1.1075398969312562e6
1.1254792611867706e6
1.143674757242902e6
1.1621259411931406e6
1.18083234394186e6
1.1997934733474278e6
1.219008815345033e6
1.23847783554648e6
1.258199980429113e6
1.278174678592205e6
1.2984013419005268e6
1.3188793668587005e6
1.3396081355556722e6
1.3605870166786877e6
1.381815367298326e6
1.4032925371843919e6
1.4250178476994727e6
1.4469906391343386e6
1.4692102271010345e6
1.491675912820979e6
1.514387010064589e6
1.5373428134345983e6
1.5605426171074235e6
1.5839857045252877e6
1.6076713669120031e6
1.631598882787839e6
1.6557675372047173e6
1.6801766051211343e6
1.7048253642203393e6
1.7297130927785956e6
1.7548390696827867e6
1.7802025710340263e6
1.8058028784519634e6
1.8316392723190493e6
1.8577110369570018e6
1.8840174580631594e6
1.9105578236230684e6
1.9373314295548627e6
1.964337570834929e6
1.9915755398718878e6
2.0190446544076756e6
2.0467442162611242e6
2.0746735576416561e6
2.1028319595579887e6
2.1312187746942714e6
2.159833336360202e6
2.1886749765538257e6
2.2177430374717945e6
2.2470368705121917e6
2.2765558331636945e6
2.306299286023245e6
2.3362666051914347e6
2.3664571632378995e6
2.39687034621645e6
2.42750554513509e6
2.458362162429843e6
2.4894396021457342e6
2.5207372822201466e6
2.552254620007748e6
2.5839910506604398e6
2.615946010870153e6
2.6481189432736738e6
2.680509305778972e6
2.7131165634076223e6
2.7459401703926288e6
2.7789796212253612e6
2.81223439517122e6
2.8457039858361054e6
2.8793878941950444e6
2.9132856328469394e6
2.9473967177724806e6
2.981720674717108e6
3.016257037236943e6
3.051005346875373e6
3.085965153776524e6
3.12113601220411e6
3.156517494854469e6
3.19210909968139e6
3.2279106145703737e6
3.2639214217728185e6
3.300141187676686e6
3.3365695142672756e6
3.3732060134360376e6
3.4100503029183857e6
3.4471020100588305e6
3.4843607692741114e6
3.521826215268628e6
3.55949800220205e6
3.5973757810581485e6
3.6354592156119226e6
3.6737479744899375e6
3.712241767930231e6
3.750940235496779e6
3.789843029263247e6
3.8289498997243457e6
3.8682605487909084e6
3.907774677019393e6
3.94749199801201e6
3.987412235693747e6
4.0275351170073124e6
4.0678603727408927e6
4.1083877528026626e6
4.1491169936289946e6
4.1900478503469173e6
4.2311800803300245e6
4.27251344874714e6
4.314047721798233e6