716731.4569634495
716725.9066710605
716711.3054829042
716688.029693739
716657.0961088787
716619.3653813098
716575.9136457585
716529.9577878076
716481.9268214239
716434.5515231937
716390.4718377567
716352.4851744189
716305.9874459321
716307.2022641555
716306.8233693775
716326.207770509
716369.2959945272
716440.3628497773
716543.467670671
716683.4485654582
716865.0930512515
717092.7961408049
717371.7550506124
717706.967794379
718103.566762211
718566.9390288158
719102.0720329098
719714.9745361379
720410.5610257089
721194.3824642783
722072.0781015172
723049.1310518822
724131.0487584579
725323.390542428
726631.3231066919
728060.9945648417
729617.8732075447
731307.0667370416
733133.3982164229
735102.7699793314
737220.5512012551
739491.811433221
741921.9601696548
744515.1007484945
747277.1552044679
750212.6562059312
753326.4374089125
756623.1574685117
760107.4584344502
763783.7860537979
767656.5560548061
771730.0662665905
776008.4719459217
780495.8429000617
785196.2193451643
790112.5615856901
795251.0936188234
800613.005513042
806202.5745806214
812023.2768643335
818078.367295983
824371.0460606557
830904.3732902273
837681.300765476
844704.692692193
851978.3357036381
859501.66600242
867280.3967795142
875315.8833698514
883610.4260117854
892166.2028921985
900985.344808236
910070.4632007545
919421.5570130008
929042.331166323
938933.8367629724
949097.6815941392
959535.3682505456
970248.3296063999
981237.9114780477
992505.2519949502
1.0040516058223548e6
1.0158780026634203e6
1.0279854163545393e6
1.0403747730716048e6
1.0530468665923115e6
1.0660024389675516e6
1.079242182877989e6
1.0927666791535448e6
1.1065764508752418e6
1.1206719532188773e6
1.1350535645228985e6
1.1497216110930014e6
1.1646763436444243e6
1.179917955382449e6
1.195446579321173e6
1.211262287709313e6
1.227365096816075e6
1.2437549715614761e6
1.2604318186430673e6
1.277395496271397e6
1.2946458039955855e6
1.3121825311048864e6
1.3300053632555378e6
1.3481139837876805e6
1.3665080189806283e6
1.3851870573964901e6
1.4041506479347418e6
1.423398301799574e6
1.4429294938638299e6
1.4627436679152185e6
1.48284022696738e6
1.5032185579395269e6
1.523878000995761e6
1.5448178778110985e6
1.5660374795402046e6
1.587536075951911e6
1.6093129092054027e6
1.6313672005681386e6
1.653698148530499e6
1.6763049513593744e6
1.6991867337994906e6
1.7223426558057317e6
1.745771843922113e6
1.7694734131604002e6
1.7934464694626653e6
1.8176900768161851e6
1.8422033171854513e6
1.866985255699236e6
1.892034936869695e6
1.9173514142777724e6
1.9429337212042045e6
1.9687808698737742e6
1.9948919061410357e6
2.021265834770457e6
2.0479016745027239e6
2.0747984319254593e6
2.101955112537127e6
2.1293707225867687e6
2.1570442675059503e6
2.18497474693208e6
2.2131611657706546e6
2.241602528197673e6
2.27029783917786e6
2.2992461067861235e6
2.328446342827843e6
2.35789755373206e6
2.3875987614467153e6
2.4175489880422177e6
2.447747262963188e6
2.4781926064269636e6
2.5088840578820584e6
2.5398206608374743e6
2.571001468680952e6
2.602425523692066e6
2.6340919013140895e6
2.665999673766573e6
2.698147889620018e6
2.7305356730130147e6
2.7631620878241733e6
2.796026255274131e6
2.8291272922760765e6
2.8624642798754685e6
2.8960363858642634e6
2.9298427379293004e6
2.963882481085119e6
2.998154775116668e6
3.032658790311487e6
3.067393699924518e6
3.1023586961508533e6
3.1375529779957165e6
3.1729757665789607e6
3.2086262348131514e6
3.244503666723739e6
3.280607279559546e6
3.3169363283716138e6
3.353490073075416e6
3.390267790902521e6
3.427268767673947e6
3.4644922834208566e6
3.5019376643060003e6
3.5396042204853822e6
3.577491251962392e6
3.6155981381153227e6
3.65392420683654e6
3.692468827692813e6
3.7312313527124696e6
3.7702111949065556e6
3.8094077183164977e6
3.8488203384415978e6
3.8884484625743176e6
3.928291517369441e6
3.9683489381525503e6
4.0086201708342913e6
4.0491046683392446e6
4.089801897449151e6
4.1307113326922166e6
4.171832457767124e6
4.213164775913883e6
4.254707785478149e6