526114.7206470529
526141.8656339332
526214.4132135122
526332.7482459758
526497.6628862927
526710.0697640514
526971.2010676954
527282.6151181081
527645.997674418
528063.3351106348
528536.876069199
529069.0910379643
529662.6591255923
530320.3961083174
531045.4712669239
531841.1002297365
532710.7230231671
533657.9743541721
534686.4760895575
535800.2984829942
537003.5062191552
538299.9759223956
539694.0921906139
541190.1377306902
542792.447889326
544505.5925023701
546333.7569130386
548282.1482114794
550354.6637504073
552556.1392500382
554891.1331582775
557364.2342442585
559980.0082763806
562743.0009641628
565657.7174887263
568728.6407348474
571960.2015803792
575356.7706524758
578922.69361216
582661.7569580901
586579.3278338074
590678.3853279423
594963.3092998246
599438.0404295783
604106.4110252074
608972.1559037551
614038.989295606
619310.4002805679
624789.9276187842
630480.8780089497
636386.5179238607
642510.0052095646
648854.3918262081
655422.6085089227
662217.504449285
669241.8050550893
676497.4628019787
683989.0361104967
691716.8913778927
699684.0405474028
707892.6843495397
716344.9319145582
725042.8159713877
733988.1746227085
743182.8965880763
752628.6581765844
762327.0860190643
772279.7363840222
782487.959167133
792953.1771288886
803676.6250306786
814659.4761744605
825902.815924683
837407.6560247961
849174.9157235094
861205.4462758662
873500.0207722242
886059.3383798301
898884.0247670859
911974.6418449677
925331.675819746
938955.5554795633
952846.6372351206
967005.2315798424
981431.5655386285
996125.8407228054
1.0110881637000273e6
1.0263186285088968e6
1.0418172512739603e6
1.0575840111300235e6
1.0736188312720554e6
1.0899215938671574e6
1.1064921418337985e6
1.1233302572278758e6
1.1404357082791892e6
1.1578082078239196e6
1.1754474355730056e6
1.1933530367451669e6
1.2115246224350343e6
1.2299617721492331e6
1.2486640350959632e6
1.267630931428125e6
1.2868619541208113e6
1.3063565702666985e6
1.3261142224795432e6
1.3461343004986292e6
1.3664162913425863e6
1.3869594831688614e6
1.4077632639448028e6
1.428826974007335e6
1.4501499368042313e6
1.4717314603802748e6
1.493570838025947e6
1.5156673511576615e6
1.538020266020363e6
1.560628841135366e6
1.583492323041309e6
1.6066099458460135e6
1.6299809406905316e6
1.6536045296119382e6
1.6774799273777492e6
1.7016063400095436e6
1.7259829744441276e6
1.750609030188851e6
1.7754837026179975e6
1.800606185079032e6
1.825975672003336e6
1.8515913484415142e6
1.8774524088898932e6
1.9035580371049452e6
1.9299074284633782e6
1.956499772812491e6
1.983334250211945e6
2.0104100717921886e6
2.0377264241134038e6
2.0652825279805723e6
2.0930775334272645e6
2.121110697048841e6
2.149381213686594e6
2.1778882985988827e6
2.2066311710864035e6
2.2356090569154085e6
2.264821188140007e6
2.2942668006390026e6
2.3239451372348377e6
2.3538554470868753e6
2.3839969897355307e6
2.414369024919418e6
2.4449708228675635e6
2.475801660729582e6
2.506860823888875e6
2.5381476045403243e6
2.5696613027084335e6
2.601401229746046e6
2.6333666995174396e6
2.6655570295479493e6
2.697971571646042e6
2.7306096615940314e6
2.763470628381918e6
2.796553847203737e6
2.829858680824815e6
2.863384505189867e6
2.8971307082432676e6
2.9310966820935034e6
2.9652818294020416e6
2.999685560477912e6
3.0343072957013994e6
3.0691464657313805e6
3.104202527863209e6
3.1394748863500413e6
3.1749630191569533e6
3.210666389736307e6
3.2465844721716903e6
3.2827167508559e6
3.319062711696985e6
3.3556218638768373e6
3.3923937079791683e6
3.4293777646599095e6
3.4665735610090024e6
3.503980624913829e6
3.5415985126595674e6
3.5794267703644717e6
3.617464933498403e6
3.6557126097184345e6
3.694169355507924e6
3.7328347615431007e6
3.771708417107648e6
3.8107899241316514e6
3.8500788922083117e6
3.8895749399139276e6
3.929277686178727e6
3.969186773132028e6
4.0093018345877994e6
4.049622517566896e6
4.090148480415092e6
4.1308793851072574e6
4.1718149000828676e6
4.212954702371115e6
4.254298480124918e6
4.295845919828081e6