482059.71858695976
482095.23847407603
482190.11898853246
482344.75591508765
482559.8696072694
482836.3300727268
483175.34120765876
483578.4034026541
484047.0661996376
484583.2997289029
485189.2296000457
485867.2143425478
486619.816812714
487449.7336636372
488359.9753919636
489353.6221441516
490433.94961605815
491604.5902701216
492868.4965795557
494230.0299208212
495692.9003431434
497260.8013399028
498937.87000574963
500728.1898485037
502635.8588017161
504665.21768439736
506820.3435116807
509105.77092936495
511525.5758400309
514084.15947861713
516785.8508998632
519634.94182355085
522635.7308311806
525792.4753358188
529109.4012400595
532590.4318766074
536240.4983537545
540062.881303322
544061.8756602333
548241.0552406638
552605.336127311
557157.4944504937
561901.580923607
566841.2291469389
571979.9633962349
577321.2129137097
582868.3824677337
588624.6558292907
594593.2673063476
600777.2176316637
607179.4730249046
613802.888564162
620650.2146103693
627724.0909538434
635027.0674566996
642561.5852359539
650329.9843412773
658334.4979233777
666577.2669229811
675060.3264159964
683785.6123361243
692754.9635227042
701970.1299115381
711432.7634632767
721144.4203926268
731106.5583961033
741320.5578949597
751787.7088575704
762509.213027655
773486.1807677257
784719.6528497888
796210.5912768161
807959.8656988109
819968.2845032738
832236.5737594746
844765.3890682261
857555.3168379256
870606.8780842732
883920.5259489522
897496.6508206062
911335.5825471266
925437.5920138306
939802.8888013109
954431.6380087581
969323.9327525281
984479.8430583864
999899.3536731435
1.0155824328509958e6
1.0315289930617055e6
1.04773890051354e6
1.0642119818641264e6
1.0809480233772744e6
1.0979467777525561e6
1.115207944956495e6
1.1327312142746348e6
1.1505162260999675e6
1.1685625931780022e6
1.1868698984824275e6
1.2054376966870662e6
1.224265515402112e6
1.2433528569922135e6
1.2626991998128225e6
1.2823039996258162e6
1.3021666910036313e6
1.3222866883595067e6
1.3426633876523569e6
1.3632961673015656e6
1.3841843894956214e6
1.4053274013066315e6
1.426724535980127e6
1.448375113001044e6
1.4702784407053918e6
1.492433818227637e6
1.5148405296396231e6
1.5374978569096448e6
1.5604050686686733e6
1.5835614293254963e6
1.606966196091217e6
1.6306186190418024e6
1.6545179465964888e6
1.6786634213469368e6
1.7030542821226483e6
1.7276897667287341e6
1.7525691106753207e6
1.7776915468838594e6
1.8030563099570277e6
1.8286626318579451e6
1.8545097474104492e6
1.8805968916046883e6
1.9069232968566045e6
1.9334882073641608e6
1.9602908627341937e6
1.9873304960500447e6
2.014606369456357e6
2.042117724919783e6
2.0698638355457108e6
2.097843913480372e6
2.12605726828187e6
2.1545031725744605e6
2.1831808461230733e6
2.212089626479915e6
2.2412287698056865e6
2.270597582719562e6
2.3001953543288307e6
2.3300213988483427e6
2.360075020666118e6
2.3903555409012614e6
2.4208622851559194e6
2.4515945896676956e6
2.482551793238598e6
2.513733245505872e6
2.545138302668767e6
2.5767663288933225e6
2.6086166972977915e6
2.640688785074481e6
2.672981985702328e6
2.70549569904869e6
2.738229310699555e6
2.7711822566015352e6
2.8043539488072186e6
2.8377438181694937e6
2.871351300809325e6
2.9051758471262893e6
2.939216911205883e6
2.973473957651588e6
3.007946456657209e6
3.042633890621012e6
3.077535749065009e6
3.1126515255308636e6
3.14798076375124e6
3.183522913242645e6
3.219277530375948e6
3.2552441332666418e6
3.2914222773945252e6
3.3278115065840436e6
3.364411367630295e6
3.401221433526505e6
3.438241273892503e6
3.4754704711808297e6
3.5129086044159867e6
3.550555278603021e6
3.5884101004375676e6
3.62647268196286e6
3.6647426240282143e6
3.70321955872833e6
3.741903129280341e6
3.78079296864949e6
3.819888731875265e6
3.859190073794312e6
3.898696658721907e6
3.9384081543228626e6
3.978324241176122e6
4.0184446032831464e6
4.0587689294709163e6
4.099296921219238e6
4.1400282817517295e6
4.1809627225034563e6
4.222099959737086e6
4.263439723176677e6
4.304981737882611e6