470264.54698049545
470302.3588599204
470403.38488276803
470567.9896493795
470796.88776297227
471090.9452271989
471451.34773334267
471879.57218286337
472377.1600161976
472946.0400813626
473588.3224402454
474306.68979664147
475102.5863464008
475979.75996729615
476940.81784359145
477988.7968176899
479126.9267982574
480358.6237232713
481687.30031489336
483116.7525130358
484650.79323675274
486293.08000747184
488047.67386770505
489918.5968281304
491909.1526010415
494025.8166200556
496270.39468077477
498648.0736484998
501162.8704328382
503819.07078404375
506621.03588230116
509572.8751991
512678.84175884456
515943.11424482684
519369.9561379391
522962.87014799064
526727.1936909647
530665.5138005923
534782.5555085463
539081.9839822735
543567.6087938488
548243.1301541892
553112.1772872859
558178.2999714029
563444.9374739764
568915.4308880339
574593.101868889
580481.0491287755
586582.4215416478
592900.1356418716
599437.074987141
606196.0104945811
613179.6102576357
620390.433167412
627830.9479502665
635503.5154745168
643410.3978541896
651553.7500296443
659935.6351345286
668558.0118328693
677422.7517055551
686531.6130062925
695886.2718471432
705488.3105579303
715339.2203804189
725440.390941774
735793.1364017926
746398.6827019961
757258.1696725206
768372.6464424873
779743.0962899795
791370.4179083518
803255.431203095
815398.8882746118
827801.4628135851
840463.7595778819
853386.3160403959
866569.6058843429
880014.0368670153
893719.9548002598
907687.6493426022
921917.3493310248
936409.2261826333
951163.4081517801
966179.9531833584
981458.897883052
997000.1949473474
1.0128037828780864e6
1.0288695451460028e6
1.0451973211420098e6
1.061786912388504e6
1.0786380811322643e6
1.0957505576825328e6
1.113124022499212e6
1.130758144376695e6
1.1486525466565345e6
1.1668068256213495e6
1.185220549469745e6
1.2038932593711442e6
1.222824470838638e6
1.2420136755011322e6
1.261460333332363e6
1.2811639184733175e6
1.3011238318753066e6
1.3213394910020558e6
1.3418102871861767e6
1.3625355952866694e6
1.383514775092544e6
1.4047471722797037e6
1.4262321193766575e6
1.4479689376440702e6
1.4699569359828061e6
1.4921954149169973e6
1.5146836656042512e6
1.5374209714750992e6
1.5604066071877973e6
1.5836398423639177e6
1.6071199405483867e6
1.6308461595133631e6
1.6548177586913123e6
1.6790339856258016e6
1.7034940897694346e6
1.7281973194955667e6
1.7531429203118917e6
1.778330136541114e6
1.803758214424119e6
1.8294263984715536e6
1.855333935443162e6
1.881480073947736e6
1.9078640598086982e6
1.9344851510885046e6
1.9613426015669496e6
1.9884356593160792e6
2.0157636009748033e6
2.0433256838861816e6
2.0711211954738174e6
2.0991493726307703e6
2.127409520893703e6
2.155900928608137e6
2.184622880831995e6
2.2135746772828624e6
2.24275560928915e6
2.2721649995347606e6
2.3018021547955135e6
2.3316664056705227e6
2.361757067526198e6
2.3920734974464364e6
2.422615022856934e6
2.453380998792054e6
2.4843707832543254e6
2.515583742201289e6
2.5470192507338366e6
2.5786766898443615e6
2.6105554506926024e6
2.642654926270835e6
2.674974526985351e6
2.707513671148279e6
2.7402717624914465e6
2.773248256393226e6
2.806442569523614e6
2.839854162319141e6
2.8734824917191444e6
2.9073270010521514e6
2.9413871843793397e6
2.9756625148233506e6
3.0101524792429903e6
3.044856575676963e6
3.0797743100818545e6
3.114905191942956e6
3.1502487508536223e6
3.185804510401661e6
3.2215720101116924e6
3.2575507962384154e6
3.2937404559691064e6
3.3301404879641817e6
3.3667504946329645e6
3.4035700535275387e6
3.4405987521013776e6
3.4778361868134607e6
3.51528195120623e6
3.5529356636952097e6
3.590796944753227e6
3.6288653973074006e6
3.6671406772199813e6
3.7056224154422227e6
3.7443102900279174e6
3.7832039061218966e6
3.822302922291087e6
3.86160703901253e6
3.901115922508537e6
3.940829252932816e6
3.9807467200224046e6
4.0208680260547996e6
4.06119286480759e6
4.101720951092545e6
4.142451999646646e6
4.1833857319965074e6
4.22452187789622e6
4.265860171427349e6
4.307400353282663e6