605085.9874338768
605098.9288133536
605133.5959933363
605190.4175026387
605270.2331807152
605374.0189190643
605502.702073957
605658.9776294624
605843.6836076416
606059.2250972824
606308.0386984663
606592.7509237572
606916.1853190524
607281.3988402946
607691.7746190198
608150.7653139888
608662.0395523506
609229.5383137187
609857.1380275072
610549.0678374008
611309.9295832721
612143.8540739688
613055.450994667
614049.4455330971
615130.5115213793
616303.6045777467
617573.1907635266
618945.187606281
620423.4403064813
622013.4931219253
623720.2717936691
625548.8070851484
627504.0729264902
629591.1003557326
631814.5335928852
634180.0005219787
636692.1803608839
639355.8005641273
642175.184048819
645155.6039139089
648301.7148491984
651618.042376255
655109.0670583822
658779.2944726041
662633.0034267991
666674.4529623309
670907.8485297405
675337.2309091672
679966.5957172601
684799.7580883397
689840.5094509464
695092.5153790683
700559.313089586
706244.3061426101
712150.9263630775
718282.1807743945
724641.5967409291
731231.794821142
738055.7970880904
745116.397888952
752416.2670972758
759957.9816679015
767743.9998661099
775776.6952708018
784058.3128775583
792590.995617438
801376.8026705337
810417.6731872893
819715.4616494433
829271.9084280807
839088.6706538381
849167.316062251
859509.3157744628
870115.998074416
880988.7120884334
892128.6247717644
903536.8552834151
915214.4352207663
927162.309570131
939381.3539668579
951872.35826017
964636.0418734556
977673.0448280898
990983.9408194113
1.0045692293489738e6
1.0184293622390262e6
1.0325646821003319e6
1.0469755204227521e6
1.0616621135225035e6
1.0766246509762367e6
1.091863259492835e6
1.1073780150761106e6
1.1231689353447221e6
1.1392359880390042e6
1.1555790930617824e6
1.1721981207479085e6
1.1890928952535724e6
1.206263195992129e6
1.2237087622384229e6
1.241429288148417e6
1.2594244315329758e6
1.277693812794616e6
1.2962370155229103e6
1.3150535894005685e6
1.33414305148117e6
1.3535048876696941e6
1.373138554353884e6
1.3930434796856665e6
1.4132190652571456e6
1.4336646874439828e6
1.45437969866164e6
1.47536342902466e6
1.496615187341929e6
1.5181342631257381e6
1.5399199264946291e6
1.561971428639738e6
1.5842880079546338e6
1.6068688869483434e6
1.6297132701825402e6
1.6528203553426187e6
1.6761893237111773e6
1.6998193474499788e6
1.7237095893169958e6
1.7478592034402064e6
1.7722673339709493e6
1.7969331209526774e6
1.8218556944067895e6
1.847034183781943e6
1.8724677123635416e6
1.898155392182733e6
1.9240963489460137e6
1.9502896931781347e6
1.9767345231901295e6
2.0034299704570596e6
2.0303751350391286e6
2.0575691316327231e6
2.0850110701796738e6
2.112700064772915e6
2.140635231321986e6
2.1688157077641506e6
2.1972405758834127e6
2.22590898008425e6
2.2548200519886315e6
2.283972919613539e6
2.3133667253229106e6
2.343000612044964e6
2.3728737259558663e6
2.4029852414104827e6
2.433334282737446e6
2.4639200405292073e6
2.4947416824843176e6
2.5257983938054983e6
2.5570893625764307e6
2.588613788470873e6
2.620370866901169e6
2.652359821126206e6
2.684579873587669e6
2.7170302299105325e6
2.74971015573045e6
2.782618885549902e6
2.8157556785383574e6
2.849119795382688e6
2.882710511523553e6
2.916527109633887e6
2.9505688825656963e6
2.9848351301787007e6
3.019325164150171e6
3.054038306806941e6
3.088973885631382e6
3.124131242592772e6
3.1595097274207473e6
3.195108696795328e6
3.2309275219507343e6
3.2669655813424964e6
3.30322226298318e6
3.3396969650026513e6
3.3763890951469527e6
3.4132980725807725e6
3.4504233270938764e6
3.4877642827808145e6
3.5253204035709435e6
3.563091141213567e6
3.601075936060434e6
3.6392743002232695e6
3.677685698996203e6
3.716309631838655e6
3.755145601191001e6
3.7941931183275497e6
3.8334517035266086e6
3.872920887638876e6
3.912600214464781e6
3.952489228480775e6
3.99258749132563e6
4.0328945642681764e6
4.073410026011413e6
4.114133460607322e6
4.1550644582138835e6
4.196202618339557e6
4.237547556074727e6
4.2790989167447295e6