428143.6322346901
428189.8535076
428313.33358549606
428514.48228664696
428793.8700877967
429152.3821943328
429591.1225932435
430111.4668278784
430714.9571962623
431403.43004126777
432178.7621961391
433043.24269651284
433999.28069797554
435049.38367082435
436196.3689078416
437443.093795083
438792.638332251
440248.21956921497
441813.07855680655
443490.7834444777
445284.93083023303
447198.9746145281
449236.74044428277
451402.0105499544
453697.85890506755
456130.4584688891
458701.4168001473
461415.59199436544
464276.77533416427
467288.98612728855
470456.20104428136
473782.34129038616
477271.3332903298
480927.051009658
484753.34591464873
488753.5537252651
492932.79711395025
497293.3775810455
501839.3825917111
506574.34033351555
511501.744527537
516624.97691732773
521947.348311765
527472.0964654183
533202.3323755686
539141.0970535367
545291.3750229593
551655.9665919117
558237.7041723102
565039.1956221259
572063.0121647352
579311.6712743263
586787.3886967056
594492.5757208823
602429.358255792
610599.8011746359
619005.8833149342
627649.4709273292
636532.3536951245
645656.2195564983
655022.6663381008
664633.1823451185
674489.2012323572
684592.0453457834
694942.9560044627
705543.0883012849
716393.5258192538
727495.2401953173
738849.1720573644
750456.1472145675
762316.941604174
774432.2434314343
786802.6801872314
799428.8121172137
812311.123518584
825450.0458068844
838845.9430495191
852499.1235791398
866409.8369311568
880578.2754112444
895004.5831806853
909688.8508440922
924631.1153987349
939831.378611605
955289.5789534554
971005.6363843712
986979.3977600536
1.0032106988171035e6
1.0196993268817842e6
1.0364450308802584e6
1.0534475276251286e6
1.07070650101542e6
1.088221608268872e6
1.1059924616880752e6
1.1240186695817048e6
1.1422997962566311e6
1.1608353869942755e6
1.179624963195109e6
1.198668024233488e6
1.2179640486553828e6
1.237512495729797e6
1.2573128065903895e6
1.2773644054759583e6
1.2976667008615604e6
1.3182190868167463e6
1.3390209436827132e6
1.360071639707859e6
1.3813705317171442e6
1.4029169705984253e6
1.4247102796311015e6
1.446749801313369e6
1.4690348530572413e6
1.491564744196237e6
1.5143387892620412e6
1.5373562884648445e6
1.5606165424964111e6
1.5841188412561095e6
1.607862482700718e6
1.6318467530903893e6
1.6560709448383097e6
1.680534341512939e6
1.7052362308715265e6
1.7301758990253692e6
1.7553526355174517e6
1.7807657266116638e6
1.806414464063318e6
1.8322981395053877e6
1.858416048448169e6
1.8847674880288169e6
1.911351757997875e6
1.938168165843642e6
1.965216020411783e6
1.9924946261984927e6
2.0200033113225296e6
2.0477413936938837e6
2.0757082162844501e6
2.103903074999566e6
2.1323253356997534e6
2.1609743445783453e6
2.1898494476488335e6
2.2189500013895445e6
2.248275369457399e6
2.2778249245688254e6
2.307598041376766e6
2.3375941093829814e6
2.3678125151313655e6
2.398252659501357e6
2.428913946376034e6
2.4597957935631024e6
2.4908976184890782e6
2.52221885590507e6
2.5537589290591152e6
2.5855172949922746e6
2.6174934023790467e6
2.649686707051417e6
2.6820966809182493e6
2.714722786094247e6
2.747564540610293e6
2.780621402156046e6
2.81389287924248e6
2.847378482869198e6
2.8810777306087743e6
2.914990127421284e6
2.9491152246454507e6
2.98345255346978e6
3.0180016607566224e6
3.052762100377518e6
3.087733435181605e6
3.1229152322418652e6
3.1583070763729843e6
3.1939085461015166e6
3.229719235925589e6
3.2657387461020206e6
3.3019666862864685e6
3.3384026691341815e6
3.3750463193109035e6
3.4118972655004715e6
3.4489551460254593e6
3.486219606566124e6
3.5236902937898478e6
3.5613668702171356e6
3.5992489999287915e6
3.6373363559161606e6
3.6756286175280116e6
3.7141254696872043e6
3.752826632272474e6
3.791731732875599e6
3.8308405700055654e6
3.8701527766414206e6
3.909668103886641e6
3.949386273353188e6
3.9893070176412133e6
4.0294300732049537e6
4.0697551791302157e6
4.110282094669688e6
4.151010564587491e6
4.1919403666219353e6
4.233071222581647e6
4.274402949893562e6
4.315935307931131e6