430710.75014023914
430756.44895615266
430878.5702873551
431077.41373227164
431353.6698518414
431708.1777299935
432142.0544811692
432656.67816894513
433253.5937285975
433934.6485749383
434701.71971584717
435557.10874346714
436503.2314406673
437542.6042971618
438678.054730281
439912.4497774398
441248.88167653943
442690.5775706073
444240.7914157688
445903.10501101566
447681.1295223407
449578.3303877305
451598.54935818457
453745.5836361537
456022.521981874
458435.55606469384
460986.3066030438
463679.6521027469
466519.39865485695
469509.58420766017
472654.2033470295
475957.1959434028
479422.50692452805
483054.0291091687
486855.6330632905
490830.66873748123
494984.29381460254
499318.81377721997
503838.3413232865
508546.4240164774
513446.5758524297
518542.1983349578
523836.6220380416
529333.1051768884
535034.778233351
540944.701886613
547065.8807877898
553401.1345409328
559953.3152798259
566725.049968475
573718.9294549518
580937.4903411682
588382.9652589466
596057.7862374291
603964.0970339616
612103.979689134
620479.4318018754
629092.3415451018
637944.5012498349
647037.6291200964
656373.3366416842
665953.127080264
675778.450386933
685850.6441234117
696170.964978897
706740.5826283104
717560.5897112035
728631.9874859913
739955.7127121761
751532.6151073677
763363.4780600183
775449.0035736042
787789.8311634574
800386.5331308804
813239.604317003
826349.4870834905
839716.5557886882
853341.1286774297
867223.4662758282
881363.765460863
895762.1840056216
910418.8179232776
925333.7137259832
940506.8798708401
955938.2620322678
971627.7869518632
987575.3148294981
1.003780666131161e6
1.0202436550366869e6
1.036964028606809e6
1.0539415085230782e6
1.071175783205519e6
1.088666514060272e6
1.1064133171712898e6
1.124415804427468e6
1.1426735432821764e6
1.1611860819390747e6
1.1799529442259024e6
1.1989736319240686e6
1.2182476255020841e6
1.2377743859168726e6
1.257553355711776e6
1.2775839602230801e6
1.2978656089537083e6
1.3183976964564926e6
1.339179603518474e6
1.3602106985136466e6
1.3814903382061478e6
1.4030178732405398e6
1.4247926262920154e6
1.4468139391435157e6
1.4690811296944534e6
1.491593502147514e6
1.5143503737582355e6
1.537351041943325e6
1.5605948058029432e6
1.58408095338915e6
1.6078087806998156e6
1.6317775720092452e6
1.6559866174667836e6
1.6804351982982303e6
1.7051225995238668e6
1.7300481054021614e6
1.7552110020515947e6
1.780610573138387e6
1.8062461075340393e6
1.8321168938394021e6
1.85822222451168e6
1.8845613938613106e6
1.9111336972486232e6
1.9379384400058389e6
1.964974927176712e6
1.9922424597987547e6
2.019740362525286e6
2.04746794967299e6
2.0754245607173943e6
2.1036094877566416e6
2.13202209295231e6
2.160661718700337e6
2.1895277079515113e6
2.2186194126047585e6
2.247936192834974e6
2.27747741751631e6
2.3072424574542646e6
2.3372306983738565e6
2.367441522911261e6
2.3978743281176426e6
2.4285285139949135e6
2.4594034945559166e6
2.4904986832979256e6
2.5218135112021053e6
2.553347397589502e6
2.5850997958514784e6
2.6170701505353446e6
2.6492579139347975e6
2.6816625541118393e6
2.714283546006247e6
2.7471203541070605e6
2.78017248208033e6
2.813439425188848e6
2.8469206701239324e6
2.8806157516125985e6
2.9145241635619965e6
2.9486454541727407e6
2.982979150972295e6
3.017524797298569e6
3.0522819435409526e6
3.087250149102494e6
3.1224289776033503e6
3.157818010551015e6
3.193416823064458e6
3.2292250063431514e6
3.2652421573672276e6
3.301467882616477e6
3.3379017914691577e6
3.3745435055021415e6
3.4113926502669845e6
3.448448861020727e6
3.485711780434186e6
3.523181052113578e6
3.5608563357096156e6
3.5987372923493097e6
3.636823592141456e6
3.6751149117286643e6
3.7136109331119414e6
3.752311373644947e6
3.7912158944119243e6
3.8303241816512076e6
3.8696359757373882e6
3.909150988488651e6
3.9488689389347583e6
3.9887895571460724e6
4.02891257739396e6
4.06923773642362e6
4.1097647901495853e6
4.150493482095835e6
4.191423587343666e6
4.232554825459474e6
4.273887011712047e6
4.315419903209104e6