531812.5120829737
531838.60013925
531908.320112644
532022.083152669
532180.6727226598
532384.9787483623
532636.2570985286
532936.0763162947
533286.1477183232
533688.441955932
534145.2397767298
534659.0185916892
535232.6247117433
535868.42171826
536570.0673513429
537341.1434306696
538183.5927838169
539102.5781254163
540101.2536576192
541183.6993749442
542354.004680285
543616.1105179766
544974.3733033678
546433.1287830565
547996.7233556411
549669.7733057206
551456.4833807787
553362.104789278
555390.5526298629
557546.7003274441
559835.1377644264
562260.4890515772
564827.3526845512
567540.3099586584
570403.9009514707
573422.6432572389
576601.0083333678
579943.3991003626
583454.2031245332
587137.2305998344
590997.9070261263
595039.2353255635
599265.6369347409
603681.0912987387
608289.4678066312
613094.5412246315
618100.0629968853
623309.5608508978
628726.6119163078
634354.5608905186
640196.7121291368
646256.2624250767
652536.3007607604
659039.7945006716
665769.6291381291
672728.5688752937
679918.5870471692
687344.3237763538
695006.1345796704
702907.082252105
711049.4019592772
719435.204820758
728066.6290376897
736945.5250153886
746073.7694662393
755453.097093503
765085.1644554241
774971.559713085
785113.6623678207
795512.9244957648
806170.6095412497
817087.9192993282
828265.96487518
839705.786094534
851408.3274755275
863374.465453364
875604.9971222002
888100.6455385634
900862.0590858506
913889.8216657408
927184.440789565
940746.3658983505
954575.9728061856
968673.5912962836
983039.4664538084
997673.8174168991
1.0125767672714746e6
1.0277484261320796e6
1.0431888252348516e6
1.0588979581575487e6
1.074875761657495e6
1.0911221292678472e6
1.107636921508203e6
1.124419926301145e6
1.1414709246604592e6
1.1587896394918847e6
1.176375759986019e6
1.1942289398635332e6
1.2123487985456507e6
1.2307349228257942e6
1.2493868688226573e6
1.26830416267771e6
1.2874863030633617e6
1.3069327618733172e6
1.3266429861085126e6
1.3466163990938377e6
1.3668524017117422e6
1.3873503741012183e6
1.4081096765908403e6
1.4291296511413734e6
1.450409622311034e6
1.4719488987810912e6
1.4937467739889624e6
1.5158025290518529e6
1.5381154292158224e6
1.5606847325461563e6
1.5835096822310127e6
1.6065895137750267e6
1.629923452790686e6
1.6535107197896147e6
1.6773505252865483e6
1.7014420749255002e6
1.725784567842304e6
1.7503772020582545e6
1.7752191680276233e6
1.8003096546227345e6
1.82564784991902e6
1.8512329354525427e6
1.877064099703122e6
1.9031405205154628e6
1.9294613881088395e6
1.9560258846538484e6
1.9828331854695173e6
2.0098824944262418e6
2.0371729915260377e6
2.0647038753431893e6
2.0924743350833056e6
2.1204835740269264e6
2.148730795199026e6
2.177215206310038e6
2.2059360192519454e6
2.2348924517768957e6
2.2640837276476505e6
2.293509077412242e6
2.323167735887551e6
2.3530589434795342e6
2.3831819486663197e6
2.4135360046949107e6
2.4441203761745295e6
2.4749343306461587e6
2.50597714517227e6
2.5372481040430316e6
2.568746499045478e6
2.6004716332483077e6
2.6324228122044485e6
2.664599369061964e6
2.6970006007365785e6
2.7296258323277594e6
2.762474434732291e6
2.795545750143172e6
2.828839134415637e6
2.862353953899863e6
2.896089589174999e6
2.9300454242326366e6
2.964220854057296e6
2.9986152802480147e6
3.0332281382800303e6
3.068058806044406e6
3.1031067329574665e6
3.1383713631485924e6
3.1738521383219156e6
3.209548519945446e6
3.24545997279337e6
3.281585973907834e6
3.3179260017028335e6
3.3544795583855384e6
3.3912461369106467e6
3.428225251002914e6
3.4654164209006787e6
3.502819167089671e6
3.5404330399382287e6
3.578257575865044e6
3.616292309311883e6
3.654536836272268e6
3.692990708310288e6
3.7316535097343293e6
3.7705248233627058e6
3.8096042448925073e6
3.8488913777399273e6
3.8883858343753596e6
3.928087230392371e6
3.967995193998597e6
4.0081093612698917e6
4.0484293707194873e6
4.0889548734587436e6
4.129685530743404e6
4.1706210007422804e6
4.211760956655154e6
4.253105081461925e6
4.294653056346431e6