562710.0105621837
562730.4501438356
562785.1194273495
562874.4064707725
562999.1482758496
563160.2692397198
563358.7777978778
563597.0490277319
563876.0903697943
564198.1743943671
564565.6365573058
564981.0450399421
565447.1124911197
565966.8121870451
566543.404890917
567180.202967469
567880.786579189
568648.9300649405
569488.317459362
570403.2319966741
571397.8771445153
572476.3019888123
573643.0080233979
574902.4665600463
576259.1859594997
577717.9201684988
579283.0071219944
580959.9338751365
582752.7038726792
584666.3882485852
586705.7446975242
588875.5743828239
591180.6522653837
593625.7495795322
596215.5164737663
598954.8688830097
601848.2591282144
604900.3517421897
608115.7496485321
611498.7670876283
615053.9862952791
618785.6975716794
622698.1431088066
626795.5119458747
631081.8746415877
635561.2063098124
640237.4539967818
645114.377964433
650195.7271368966
655485.0601101628
660985.877719439
666701.5899725752
672635.4726740338
678790.695496232
685170.3439185667
691777.3796252093
698614.6609443342
705684.935891205
712990.8462104737
720534.9335904296
728319.6197736408
736347.2393992621
744620.0072205398
753140.0544928106
761909.3930650698
770929.9364652917
780203.509106033
789731.8342922131
799516.5390627574
809559.149489639
819861.1129502138
830423.7828531164
841248.4165049739
852336.1968508399
863688.2227759078
875305.4902574421
887188.9358822579
899339.4111051341
911757.6882328119
924444.4735781767
937400.3916200266
950626.0037790345
964121.7985973586
977888.1988352984
991925.5615112551
1.0062342022727747e6
1.020814330888105e6
1.0356661494064939e6
1.0507897737755543e6
1.0661852779022735e6
1.0818526748023252e6
1.0977919327277e6
1.1140029759738282e6
1.1304856623055236e6
1.147239832838817e6
1.164265267691805e6
1.1815617099000658e6
1.1991288634337182e6
1.216966394215069e6
1.2350739325045566e6
1.253451072729067e6
1.2720973787821177e6
1.2910123813273106e6
1.3101955820642463e6
1.3296464543298117e6
1.349364444719017e6
1.3693489743029955e6
1.3895994403963236e6
1.4101152176224436e6
1.4308956593841831e6
1.4519400990292518e6
1.4732478511631177e6
1.494818212654856e6
1.5166504651616896e6
1.5387438744703387e6
1.561097690466176e6
1.5837111534804408e6
1.6065834897909276e6
1.629713914536991e6
1.653101635096306e6
1.6767458473140146e6
1.700645739990049e6
1.72480049539368e6
1.7492092900515078e6
1.7738712925068073e6
1.7987856691044597e6
1.8239515807028925e6
1.8493681861331665e6
1.875034643617713e6
1.9009501006124192e6
1.9271137187275384e6
1.9535246489541677e6
1.9801820311700644e6
2.0070850377640703e6
2.034232813577208e6
2.0616245183103594e6
2.0892593098723828e6
2.117136349703146e6
2.145254803883523e6
2.1736138409526506e6
2.2022126326847556e6
2.231050357552914e6
2.2601261994152786e6
2.2894393429176817e6
2.318988983991912e6
2.348774320770504e6
2.378794557445018e6
2.409048907014708e6
2.4395366113017052e6
2.470256851491818e6
2.501208880555401e6
2.5323919405604806e6
2.563805279155099e6
2.5954481551129725e6
2.6273198244712125e6
2.659419567951389e6
2.6917466709955153e6
2.7243004139689873e6
2.7570800877449038e6
2.790085002824246e6
2.8233144812888154e6
2.8567678387764283e6
2.890444414445798e6
2.924343548883248e6
2.9584645933857206e6
2.9928069077562313e6
3.0273698614978637e6
3.062152835486421e6
3.097155214114603e6
3.1323763981355447e6
3.1678157933961134e6
3.2034728141428507e6
3.2393468870072006e6
3.275437448277872e6
3.3117439390427303e6
3.3482658133490854e6
3.3850025339148394e6
3.421953572027433e6
3.45911841117813e6
3.49649652787104e6
3.534087443907441e6
3.571890655172331e6
3.6099056576531897e6
3.6481320113393595e6
3.6865692326809647e6
3.7252168713450585e6
3.764074474578045e6
3.8031416054007034e6
3.8424178303011595e6
3.8819027286016946e6
3.921595893613759e6
3.9614968956131362e6
4.0016053635782492e6
4.041920895591767e6
4.0824431134345527e6
4.1231716427161605e6
4.164106127359972e6
4.205246180201344e6
4.246591483287025e6
4.288141680178268e6