766894.9973674917
766884.2247158987
766849.2214138221
766792.0520663084
766714.4865919843
766616.3638784008
766501.7534901411
766370.8749785854
766225.0865514777
766067.2575054832
765900.0963317703
765726.4855923594
765549.5303833128
765372.5759557614
765199.3933935384
765033.760863083
764879.743999644
764741.7181533666
764623.8620111672
764531.144748356
764468.515983968
764440.4290851059
764452.283928324
764509.2272492752
764616.5408716928
764779.7758093528
765004.0631028914
765295.6690743282
765659.6052841193
766101.6200614572
766627.5633385489
767243.1096842443
767953.9607800243
768765.8782694067
769684.5118251226
770715.7517319643
771865.1064666312
773138.651051712
774541.0162064317
776078.3734290109
777756.3655912662
779580.0341706793
781555.7768397492
783687.1175249447
785980.559025124
788440.861929707
791073.0979733977
793882.1781428556
796872.9997610417
800050.2540849214
803418.6176091719
806982.6510832624
810746.7613975324
814715.2963283949
818892.4796680661
823282.4421913531
827889.1576045419
832716.554867429
837768.3363075843
843048.2416513155
848559.7810643315
854306.4096434661
860291.4444596835
866518.088886922
872989.457387686
879709.6998245597
886678.169932856
893901.1529726884
901380.1356719234
909117.6643248866
917116.1541771675
925377.9661792335
933905.3502310785
942700.3356766768
951765.0463711258
961101.3513730771
970711.0992237602
980595.9850155055
990757.6600777227
1.0011976407031813e6
1.0119173743524964e6
1.0229182092577217e6
1.0342014038545715e6
1.0457681313972387e6
1.0576194744891652e6
1.0697564364968126e6
1.0821799243367743e6
1.094890804772324e6
1.1078898235567166e6
1.121177665315494e6
1.1347549399453541e6
1.1486221827430879e6
1.162779862374044e6
1.177228371606934e6
1.1919680412252336e6
1.2069991349875364e6
1.222321851954706e6
1.2379363297770782e6
1.2538426494347434e6
1.2700408284069477e6
1.2865308322771867e6
1.3033125595723775e6
1.3203858962615659e6
1.337750621077988e6
1.3554065000054126e6
1.3733532425710333e6
1.3915905127644832e6
1.4101179307368945e6
1.428935074468607e6
1.4480414812283558e6
1.467436649264336e6
1.487120039753538e6
1.507091077497576e6
1.5273491659647299e6
1.547893640241329e6
1.5687238391060843e6
1.5898390610543648e6
1.6112385842374642e6
1.6329216328425775e6
1.654887433338522e6
1.6771351817544233e6
1.6996640474358876e6
1.7224731768762197e6
1.7455617083879563e6
1.7689287854626372e6
1.7925733823772746e6
1.816494700387332e6
1.8406917589226915e6
1.8651636101010374e6
1.8899092788146269e6
1.9149278037671351e6
1.9402181914693457e6
1.965779429389656e6
1.9916105361955948e6
2.017710475573251e6
2.044078267356796e6
2.0707128512827477e6
2.097613193352222e6
2.1247782744973553e6
2.152207052715393e6
2.179898484377253e6
2.207851526885212e6
2.2360661492187753e6
2.2645382783477725e6
2.2932698987485757e6
2.322258952798589e6
2.351504405341914e6
2.381005218250974e6
2.4107603532093475e6
2.4407687809104733e6
2.471029480585687e6
2.5015413996892134e6
2.532303547715256e6
2.5633149079498528e6
2.594574458812034e6
2.6260812143138205e6
2.6578341791823944e6
2.6898323385174624e6
2.722074749875843e6
2.7545604214996514e6
2.787288398045242e6
2.8202577167166215e6
2.8534674338826127e6
2.886916611244357e6
2.9206043219448365e6
2.9545296430812734e6
2.988691667353353e6
3.023089497534324e6
3.0577222399329203e6
3.0925890185407917e6
3.127688964419234e6
3.1630212340813656e6
3.198584928840577e6
3.2343792705928604e6
3.270403407545263e6
3.306656527023591e6
3.3431378276168336e6
3.3798465282706404e6
3.4167818177952846e6
3.453942942515471e6
3.4913291563202105e6
3.5289397041853573e6
3.566773817790922e6
3.6048308240185454e6
3.643109979723135e6
3.6816105964745367e6
3.720331972309406e6
3.7592734331883257e6
3.7984343126558475e6
3.8378139505365696e6
3.877411702806999e6
3.9172269347074134e6
3.9572590245076194e6
3.997507361440488e6
4.0379713426573994e6
4.0786503784518074e6
4.1195438905154e6
4.1606513041794887e6
4.201972074826741e6
4.243505645450862e6