855512.2951005669
855486.0412267
855416.0974863579
855302.5952435588
855147.9042598701
854951.619637178
854715.0552885295
854442.2512662485
854133.0724909459
853790.597158643
853417.6584124363
853017.1992236127
852592.3346861284
852147.0185089561
851684.6612326829
851209.3366119484
850725.2894998877
850237.076158593
849749.0077514309
849266.3980134056
848794.1066394278
848337.0291435797
847900.7556679412
847490.2725703662
847112.1693135102
846771.2099466145
846473.0517022553
846224.2963955393
846030.4014657103
845897.082045781
845829.809842312
845831.8034373274
845922.3856559095
846092.6029867985
846353.736747269
846711.976965224
847173.0475496147
847743.9106576323
848428.9276781838
849234.8142176451
850167.6780265241
851232.9045825505
852437.2774004665
853784.5252604786
855281.7694524422
856934.0787332724
858746.892440441
860725.5658816877
862875.3538081616
865201.3924737073
867708.7615649065
870402.4144748825
873287.1906918917
876368.1700787105
879649.0452890124
883135.3189788474
886831.0670777346
890740.6213320736
894868.1710797605
899217.8187031753
903793.5174951561
908598.8704488203
913638.615190952
918915.0243493223
924432.4427899017
930195.4369316977
936203.2380471305
942463.0807893333
948976.689453866
955747.0151039895
962776.8323063687
970069.0422545916
977626.159188596
985450.6350537788
993545.0000005648
1.0019115016765001e6
1.0105523760415744e6
1.0194696845268614e6
1.0286654402551146e6
1.0381415358651727e6
1.0478997722101372e6
1.057941849811306e6
1.068269368014358e6
1.0788838438504124e6
1.0897866997114462e6
1.1009792384052253e6
1.1124627131408402e6
1.1242382876132864e6
1.1363070133689311e6
1.1486698711333456e6
1.1613277603841282e6
1.1742814980782042e6
1.1875318210110005e6
1.2010793923474504e6
1.21492479750016e6
1.2290685502720047e6
1.2435110896358357e6
1.2582527845528712e6
1.2732939448483451e6
1.2886347990926781e6
1.3042755209993157e6
1.3202162195405301e6
1.336456943043464e6
1.3529976889301743e6
1.3698383682446952e6
1.3869788680169312e6
1.404419016327591e6
1.4221585668125565e6
1.4401972462716312e6
1.4585347246545604e6
1.4771706249600153e6
1.4961045247976547e6
1.515335957653467e6
1.5348644174015454e6
1.5546893521679845e6
1.5748101768450462e6
1.5952262669556956e6
1.6159369600113828e6
1.6369415654697316e6
1.6582393551892056e6
1.6798295703220514e6
1.7017114238001117e6
1.7238841001493789e6
1.7463467576966847e6
1.769098527469538e6
1.7921385187655452e6
1.815465818768185e6
1.839079489467501e6
1.862978583188675e6
1.887162112428562e6
1.9116291003052122e6
1.9363785347790213e6
1.9614093796300935e6
1.9867206186352428e6
2.0123111925086132e6
2.038180046899876e6
2.0643261041428868e6
2.0907482865726065e6
2.1174455040898654e6
2.1444166616598386e6
2.171660653019787e6
2.1991763697626553e6
2.226962699975162e6
2.2550185280099465e6
2.2833427299802657e6
2.311934184384851e6
2.340791767037629e6
2.369914350887753e6
2.399300817605228e6
2.428950038965403e6
2.458860893377805e6
2.489032260297321e6
2.5194630196832204e6
2.5501520713778115e6
2.5810982963116327e6
2.6123005687666684e6
2.6437578263461455e6
2.6754689329171577e6
2.707432835663064e6
2.739648436413865e6
2.772114667353989e6
2.8048304526228216e6
2.837794757786678e6
2.871006462828685e6
2.904464594316262e6
2.938168090634259e6
2.9721159304634547e6
3.006307093769116e6
3.0407405796991168e6
3.075415389248466e6
3.110330536968936e6
3.1454850646281703e6
3.1808779504258e6
3.216508306826762e6
3.252375157714307e6
3.288477583169656e6
3.324814656900676e6
3.361385473434366e6
3.3981891408968735e6
3.435224754046711e6
3.47249146693422e6
3.5099884083199752e6
3.547714697967956e6
3.5856695451235455e6
3.6238521018115534e6
3.662261566323935e6
3.7008971256248076e6
3.7397579950396335e6
3.77884340664526e6
3.8181525864744848e6
3.857684784054122e6
3.8974392613406256e6
3.9374152920361944e6
3.977612158828875e6
4.0180291400224026e6
4.058665589110162e6
4.0995212611065963e6
4.140594111340316e6
4.1818848639515582e6
4.223392416776786e6