429106.297010118
429152.3220821897
429275.27799031883
429475.5759499975
429753.7873741279
430110.79786319565
430547.7130191552
431065.91043439007
431666.93340708665
432352.62242137373
433124.8545419165
433985.9230802548
434938.2401128127
435984.3163294038
437126.9729041667
438369.0707747688
439713.6946666399
441164.06510872405
442723.4283149837
444395.3574574492
446183.45460540627
448091.1779967935
450122.3593266839
452280.78645015426
454569.5388944135
456994.7966499581
459558.172217141
462264.53135537903
465117.670908632
468121.6171962182
471280.3536588253
474598.80200913164
478077.91484075645
481724.55407130544
485541.5847073577
489532.3478121895
493701.97919669433
498052.78186551866
502588.8527553772
507313.72732997185
512230.90692235564
517343.78071074246
522655.6669271005
528169.8109250463
533889.3310923895
539817.2758169487
545956.6372077438
552310.2227686306
558880.8723310328
565671.2009375385
572683.7871292911
579921.1555791596
587385.528357857
595079.3246028484
603004.6770253311
611163.6565206426
619558.249367795
628190.32791872
637061.6885306732
646174.0253902514
655528.9425845838
665127.9343207421
674972.4403572187
685063.7886818686
695403.2265793672
705991.9144112479
716830.9341859311
727921.283765997
739263.8879211011
750859.584371014
762709.1538426683
774813.2891611883
787172.6223162648
799787.717875692
812659.0643077542
825787.097048886
839172.1840524378
852814.6373245972
866714.7099352597
880872.597682012
895288.4479120083
909962.3543697214
924894.3569663856
940084.4602764153
955532.6054503168
971238.7149817091
987202.6380476973
1.003424212632201e6
1.0199032281718067e6
1.0366394355363245e6
1.0536325533607835e6
1.0708822672311408e6
1.0883882359381851e6
1.1061500731900856e6
1.12416738864101e6
1.142439747779024e6
1.160966696935325e6
1.1797477584932805e6
1.1987824326618325e6
1.2180701987234298e6
1.2376105165751416e6
1.2574028278750698e6
1.2774465572874048e6
1.2977411136158921e6
1.3182858911316204e6
1.3390802704064017e6
1.3601236196421965e6
1.381415295679356e6
1.4029546492858601e6
1.4247410035182154e6
1.4467737006391468e6
1.4690520590028325e6
1.491575383612546e6
1.5143429924300513e6
1.5373541838185124e6
1.56060825786227e6
1.5841045037935034e6
1.6078422187565581e6
1.6318206883366508e6
1.656039204056903e6
1.6804970486277705e6
1.7051935086133007e6
1.7301278698915024e6
1.7552994202545295e6
1.7807074451445893e6
1.806351235230661e6
1.8322300810147228e6
1.8583432768464412e6
1.88469011868269e6
1.9112699050133026e6
1.9380819421203663e6
1.9651255375596352e6
1.9923999945152665e6
2.0199046398275716e6
2.0476387900414276e6
2.0756017868169697e6
2.1037929246325013e6
2.1322115679722973e6
2.160857061675699e6
2.1897287503328947e6
2.21882598898263e6
2.2481481399100823e6
2.2776945743571087e6
2.3074646655423483e6
2.337457801551598e6
2.367673367461018e6
2.398110762719902e6
2.42876938974762e6
2.4596486649308647e6
2.4907480042239255e6
2.5220668409553464e6
2.553604596922284e6
2.5853607277536555e6
2.6173346806474268e6
2.6495259100685925e6
2.681933886432084e6
2.714558087063022e6
2.74739797890058e6
2.7804530679169316e6
2.8137228446586356e6
2.8472068186226743e6
2.880904506481733e6
2.914815411294885e6
2.9489390833137683e6
2.9832750523560303e6
3.017822863965169e6
3.052582070704618e6
3.087552234132304e6
3.122732920026552e6
3.158123711962152e6
3.1937241871882915e6
3.229533938968786e6
3.265552572185879e6
3.301779677732946e6
3.338214884604765e6
3.374857810461292e6
3.4117080828084303e6
3.448765338816363e6
3.486029223043618e6
3.523499381009586e6
3.5611754741432276e6
3.599057165435587e6
3.6371441268098094e6
3.6754360365556832e6
3.713932578545089e6
3.7526336101543205e6
3.791538342466452e6
3.8306469883252615e6
3.86995904147212e6
3.9094742519653244e6
3.9491923404424163e6
3.9891130386055345e6
4.0292360819671154e6
4.0695612090863604e6
4.110088177222375e6
4.150816731379955e6
4.191746648062692e6
4.232877648250642e6
4.274209548565279e6
4.315742107491627e6