843873.5252343459
843848.9198063224
843783.8512475068
843677.4976247189
843532.2387301667
843348.5949365633
843127.4237548598
842875.6886460589
842584.3400651434
842265.3934014415
841918.6790126379
841547.1283519339
841153.8433985336
840742.7581141352
840317.2691774507
839881.437407693
839439.4787815022
838995.9333407131
838555.0928555739
838122.1353565898
837702.2232600662
837299.9009756612
836920.8445466823
836570.0093368908
836252.977024797
835977.4062883389
835746.0095428309
835566.3102311932
835443.7505382089
835384.0076713616
835393.5871603724
835477.7522467697
835643.1037520305
835895.4830670148
836240.8265423008
836685.2894510766
837234.5472118937
837895.5198044583
838672.5338735
839572.2617485899
840600.7533896667
841763.3511199306
843066.7956278824
844514.782509231
846114.3637966961
847870.5678174389
849788.7861620439
851874.3219068543
854132.3823137325
856568.0522286856
859186.3599406778
861992.2087762854
864990.3845857583
868185.9148029657
871582.4439599827
875185.4169479472
878998.8588129679
883027.0477441923
887274.1197931935
891744.1248935128
896440.9613463467
901368.1680047432
906530.2872020766
911930.059197878
917571.1784818893
923458.3904349854
929590.9160613646
935975.8689718706
942614.9434133231
949511.0375072336
956666.8674316237
964085.304462001
971768.7885835944
979719.7312069876
987940.6091756289
996433.6217113418
1.005200955069943e6
1.0142446204988295e6
1.0235665884909908e6
1.033168698060395e6
1.0430527061263102e6
1.0532202670270521e6
1.0636729341640184e6
1.074412180278703e6
1.085439383794791e6
1.0967558054403532e6
1.1083626549870064e6
1.1202610550863915e6
1.132452018321325e6
1.1449364839548892e6
1.1577153148652706e6
1.1707892872620851e6
1.1841591030985666e6
1.197825392331202e6
1.2117887018209859e6
1.2260495130413838e6
1.2406082488819682e6
1.2554651966307405e6
1.2706206852866835e6
1.286074897639503e6
1.3018279779902776e6
1.3178799991276772e6
1.3342310101537197e6
1.3508809462468578e6
1.3678297237208548e6
1.3850772029660684e6
1.4026231658979412e6
1.4204673769219615e6
1.4386095189472712e6
1.4570492510426538e6
1.4757861782130657e6
1.4948198610390841e6
1.5141498170897556e6
1.5337755253967182e6
1.553696420035289e6
1.573911903146655e6
1.594421338436714e6
1.6152240536465668e6
1.6363193452168293e6
1.6577064761812482e6
1.6793846835845876e6
1.7013531709254794e6
1.7236111166324879e6
1.74615767363481e6
1.7689919687244075e6
1.792113107599617e6
1.8155201744775183e6
1.8392122308064415e6
1.863188324618744e6
1.8874474709382763e6
1.9119886928755164e6
1.9368109794706465e6
1.9619132957972721e6
1.9872946290346154e6
2.0129539234475237e6
2.0388901293177595e6
2.0651021697598745e6
2.091588976684603e6
2.11834946448828e6
2.145382544501271e6
2.1726871176783135e6
2.2002620830147085e6
2.2281063368220134e6
2.256218771926215e6
2.284598273663824e6
2.313243730009994e6
2.342154026839952e6
2.3713280474966858e6
2.4007646842564223e6
2.430462818234328e6
2.4604213457318023e6
2.490639151087627e6
2.521115132483257e6
2.551848193550213e6
2.582837222452854e6
2.614081144477564e6
2.6455788700979315e6
2.67732929037568e6
2.7093313660771283e6
2.741584013081939e6
2.774086177548963e6
2.8068367982639335e6
2.839834854749098e6
2.873079242441236e6
2.906569002074797e6
2.9403030869884943e6
2.974280489306633e6
3.008500208543312e6
3.042961254437822e6
3.077662644610953e6
3.11260340892094e6
3.1477826041284148e6
3.183199224038453e6
3.218852396319815e6
3.254741160052474e6
3.29086461045344e6
3.327221836251048e6
3.363811947749717e6
3.400634067744163e6
3.4376873065812434e6
3.4749708329536268e6
3.512483790867468e6
3.550225315118714e6
3.5881946296190596e6
3.626390901170936e6
3.6648133426168193e6
3.7034611554491236e6
3.7423335700795655e6
3.7814298323535374e6
3.8207491825043443e6
3.8602908846279425e6
3.9000542144511887e6
3.940038459570873e6
3.980242919312538e6
4.020666903196569e6
4.0613097335807984e6
4.102170715883505e6
4.143249252152162e6
4.184544674290801e6
4.226056351356329e6