435845.0967683784
435889.7540331604
436009.09267327015
436203.4178021654
436473.42698281386
436819.96175022295
437244.1464286874
437747.3701026249
438333.4415612004
438997.45206414897
439748.05979156797
440585.3331217456
441511.69491820235
442529.6823802149
443642.14339298056
444851.96407920995
446162.25889495155
447576.2792811544
449097.3012203757
450728.93450004235
452474.8196862475
454338.4433274573
456323.6821952077
458434.3625100262
460673.5983106446
463047.62316073885
465558.0819658139
468209.8937671548
471006.89393270575
473953.1582648866
477052.71594527736
480309.5440342777
483727.6243330864
487310.8873447841
491063.24143379426
494988.06443190353
499090.58374426514
503373.1139423542
507839.81625818496
512494.2773464625
517340.0513020399
522380.5795774454
527619.231289712
533059.3060585754
538703.974220199
544556.3305796556
550619.4250673332
556896.1140446372
563389.2889661456
570101.6149431602
577035.7212661536
584194.1835324853
591579.2674049673
599193.4463637008
607038.8993251772
615117.7441546449
623432.0135629125
631983.6260543404
640774.4235986941
649806.1421397596
659080.5726215657
668598.8273742483
678362.8112009481
688373.7515510712
698632.9351483318
709141.5632195459
719900.7515498869
730911.5326333544
742174.8746451316
753691.6476607898
765462.6626740426
777488.6463321777
789770.2621352568
802308.1057373318
815102.6939582152
828154.4908061948
841463.8915757984
855031.234104015
868856.7979071849
882940.7986985088
897283.410593215
911884.7472787309
926744.8706408119
941863.8044459177
957241.5084450874
972877.923158267
988772.9142911145
1.0049263355020324e6
1.0213379912299713e6
1.0380076460752443e6
1.0549350315794107e6
1.0721198454899294e6
1.089561757127001e6
1.1072603908661702e6
1.1252153656223707e6
1.14342625528723e6
1.1618926139011928e6
1.1806139706433741e6
1.1995898318067277e6
1.218819681969653e6
1.238302985560484e6
1.258039188065776e6
1.2780277172687915e6
1.2982679843858192e6
1.3187593857851757e6
1.3395013022097037e6
1.3604931032109978e6
1.38173414550992e6
1.4032237789877052e6
1.424961325343641e6
1.4469461252135988e6
1.4691774947528206e6
1.4916547359315846e6
1.514377163430986e6
1.53734407214271e6
1.5605547643995513e6
1.5840085050734864e6
1.6077046060788725e6
1.6316423407416912e6
1.6558209957460233e6
1.6802398470250415e6
1.7048981743276007e6
1.7297952568408586e6
1.7549303769605558e6
1.7803028108382912e6
1.805911842525338e6
1.8317567543841058e6
1.8578368326941854e6
1.8841513652146594e6
1.9106996420576063e6
1.9374861719626556e6
1.9644946199945495e6
1.991739912963653e6
2.0192161601111584e6
2.0469226656058491e6
2.0748587639560485e6
2.1030237386018857e6
2.131416944660145e6
2.160037717756294e6
2.188885392376895e6
2.2179593135516914e6
2.247258834034985e6
2.276783314914289e6
2.3065321189359156e6
2.336504624667038e6
2.3667002072309433e6
2.397118255580281e6
2.427758161875333e6
2.458619332817479e6
2.4897011740161385e6
2.521003108832243e6
2.5525245489807706e6
2.5842649402949214e6
2.616223719206207e6
2.6484003308763127e6
2.6807942356782835e6
2.713404901062627e6
2.746231783834906e6
2.779274380806162e6
2.812532173719381e6
2.8460046584235444e6
2.8796913458019127e6
2.913591729197866e6
2.9477053479964756e6
2.9820317239568285e6
3.016570392466429e6
3.051320897204608e6
3.0862827907969104e6
3.121455629742371e6
3.1568389892186606e6
3.192432437259152e6
3.2282355585768973e6
3.264247943531662e6
3.3004691918510343e6
3.336898907614546e6
3.373536704917721e6
3.4103822034039246e6
3.447435032483176e6
3.4846948285485543e6
3.5221612283303826e6
3.5598338878734848e6
3.597712460119294e6
3.63579661069589e6
3.6740860101052504e6
3.7125803705596505e6
3.7512793330965424e6
3.7901825430638334e6
3.8292897787198126e6
3.868600718162448e6
3.9081150715379333e6
3.9478325545107415e6
3.9877528924696473e6
4.027875814132545e6
4.068201051844988e6
4.108728357017777e6
4.149457467675726e6
4.1903881404401716e6
4.231520134143784e6
4.272853215445826e6
4.314387151965875e6