459914.1026998601
459953.9482858059
460060.4218292573
460233.85174741084
460474.98307690653
460784.6430393857
461164.01062495436
461614.542928073
462137.7713060583
462735.64538060455
463410.10644852277
464163.5785312803
464998.5336688963
465917.59181717597
466923.68408001284
468019.8115011923
469209.16254054906
470495.10792858293
471881.01961111685
473370.640578507
474967.73185165564
476675.89933718694
478499.1538711237
480441.45687171037
482506.0634469781
484699.36600375955
487023.13230446354
489482.46879386273
492081.3384760142
494823.99198741536
497714.61388627265
500757.353856649
503956.3591755169
507315.73549007694
510839.5583708305
514531.33679677127
518396.62187190296
522437.75545479136
526659.1265398127
531064.5180613825
535657.6480077896
540442.1410476279
545421.5524685701
550599.3633466259
555978.9273842857
561563.5183233472
567356.3641972746
573360.5052836199
579579.0108424934
586014.7212250428
592670.4462695167
599548.8815183636
606652.6453581867
613984.1591921082
621545.8852820613
629340.0907031508
637368.9712346336
645634.6067751755
654138.9992551357
662884.0396101073
671871.7150103075
681103.1653745254
690580.5659922877
700305.2443104736
710278.6290998755
720502.0616490139
730976.7907827123
741703.9828586235
752684.7363147204
763920.0345962062
775410.8131058387
787157.9191630323
799162.125103468
811424.1369239454
823944.5772245871
836724.0117570934
849762.9337022363
863061.77552071
876620.9070716428
890440.6313689654
904521.2056502155
918862.8230799595
933465.6212942264
948329.6970128431
963455.0777694171
978841.7702350884
994489.7010328351
1.010398782123079e6
1.0265688728841542e6
1.0429997894601711e6
1.059691311486164e6
1.0766431809131857e6
1.0938551094489512e6
1.1113267603982498e6
1.129057785874201e6
1.1470477942357182e6
1.1652963683904372e6
1.1838030640051793e6
1.2025674110926483e6
1.2215889151985275e6
1.2408670590497514e6
1.2604013038081892e6
1.2801910903999805e6
1.3002358407196773e6
1.3205349590813795e6
1.3410878331990677e6
1.3618938353157854e6
1.3829523239909362e6
1.404262643967972e6
1.4258241281152004e6
1.447636098598937e6
1.4696978669194416e6
1.4920087357071247e6
1.514568000362718e6
1.5373749473439534e6
1.5604288569453596e6
1.583729004774535e6
1.6072746603677366e6
1.6310650888219576e6
1.6550995565775717e6
1.6793773197881882e6
1.7038976361190989e6
1.7286597634167983e6
1.7536629569028649e6
1.7789064710801987e6
1.8043895625895867e6
1.8301114871677672e6
1.8560715034105894e6
1.8822688702007798e6
1.9087028475566946e6
1.9353727047600676e6
1.9622777086424844e6
1.989417120758343e6
2.0167902304342585e6
2.0443963090927226e6
2.072234657494685e6
2.100304527446747e6
2.128605238079652e6
2.1571360920573445e6
2.185896389270618e6
2.214885443177497e6
2.244102563389648e6
2.273547082238906e6
2.3032183258729326e6
2.333115636867894e6
2.3632383549680216e6
2.393585830698318e6
2.424157427556196e6
2.454952509201357e6
2.4859704483868172e6
2.517210628028309e6
2.548672436179084e6
2.580355270388173e6
2.612258536948626e6
2.6443816439111996e6
2.676724017784005e6
2.7092850893075163e6
2.742064280389407e6
2.775061055676555e6
2.8082748590758266e6
2.8417051537941843e6
2.875351415333132e6
2.9092131026342963e6
2.943289722943738e6
2.9775807643541554e6
3.012085728220019e6
3.0468041260883124e6
3.0817354788637394e6
3.1168793093857416e6
3.152235162561475e6
3.187802570791367e6
3.2235810922737215e6
3.2595702847270723e6
3.2957697176533462e6
3.332178964524643e6
3.3687976100683226e6
3.405625276618274e6
3.4426614998775367e6
3.4799059202077948e6
3.5173581454944042e6
3.5550178038919084e6
3.5928845287711704e6
3.630957935306363e6
3.6692376902632182e6
3.7077234371277886e6
3.7464148624715274e6
3.7853115560765024e6
3.8244132464461885e6
3.863719613967902e6
3.9032303357129954e6
3.9429451333341887e6
3.9828636448045867e6
4.0229856132241534e6
4.063310743671096e6
4.1038387594321957e6
4.144569375414131e6
4.185502352600216e6
4.22663739954514e6
4.267974270940886e6
4.309512714029646e6