832395.3052651074
832372.2488273527
832311.6231635222
832212.4223544614
832077.0111321686
831905.938282788
831700.0846021564
831463.3604357005
831195.71821293
830900.184101817
830579.5639291017
830236.7778274966
829874.9121664022
829497.8876041234
829109.0797652189
828712.5348142872
828312.4476419095
827913.3370972356
827519.4766391731
827136.0160009293
826768.0922639782
826420.2339072026
826098.0731777323
825806.5565806394
825552.2219894376
825339.6963406894
825173.7567240926
825063.633605167
825011.9878452098
825025.4015583082
825110.0717372554
825271.9112565747
825516.8369567597
825849.8617080315
826279.8749828197
826810.0018923891
827446.8659177944
828197.346048956
829065.513033398
830058.6604572954
831182.1106691968
832441.3909905204
833843.1936049354
835391.1847806742
837092.3431310975
838951.6585954541
840974.4784765634
843166.0487967057
845531.5286831033
848075.9530358121
850804.2987287554
853721.4171688326
856832.0468440749
860141.1547043641
863652.3357924501
867370.9859841102
871301.0757620002
875446.8269403112
879812.3261365943
884401.5672345575
889218.3975783453
894266.2897946058
899549.7672872891
905071.4573967616
910835.0910769773
916845.2568474945
923101.2204081018
929609.9748352992
936373.1830838334
943393.6920487789
950674.2210529232
958217.425928949
966025.8588488016
974101.8291211079
982447.7606848415
991065.8052272953
999958.0981785655
1.0091266047447929e6
1.0185732471520877e6
1.0282998168972614e6
1.0383080264451719e6
1.0485994826212816e6
1.059175695281834e6
1.0700380924888742e6
1.0811880097060162e6
1.0926266681808766e6
1.1043546430071204e6
1.1163747809690167e6
1.1286862920864588e6
1.1412906700989897e6
1.1541887327939519e6
1.1673812234791536e6
1.1808688050338062e6
1.1946520718366841e6
1.208731542841435e6
1.2231076610672323e6
1.237780802372949e6
1.2527512743307154e6
1.268019322170598e6
1.2835851198225487e6
1.2994487837558752e6
1.3156103590336405e6
1.332069868991201e6
1.348827224628072e6
1.3658823183541622e6
1.3832349795627256e6
1.4008849948479147e6
1.41883207382201e6
1.4370759048998374e6
1.455616128629386e6
1.474452316518324e6
1.4935840212066039e6
1.5130107449999573e6
1.5327319527194318e6
1.5527470651747538e6
1.5730554723292189e6
1.5936565267055137e6
1.6145495456642427e6
1.635733816398642e6
1.6572085946988761e6
1.6789731075677504e6
1.7010265519454503e6
1.7233681039174946e6
1.7459969101136737e6
1.7689120934852483e6
1.792112755737069e6
1.8155979798845383e6
1.8393668258179084e6
1.8634183405136408e6
1.8877515396395617e6
1.9123654470172438e6
1.9372590559813487e6
1.9624313247359013e6
1.9878812547762725e6
2.013607788124848e6
2.0396098795008212e6
2.0658864626075386e6
2.0924364659618114e6
2.1192588161041373e6
2.1463524295881977e6
2.1737162148201894e6
2.2013490766721005e6
2.2292499252110207e6
2.2574176566612967e6
2.285851165892879e6
2.3145493553052675e6
2.343511116053421e6
2.3727353441705694e6
2.402220941901855e6
2.4319668039349355e6
2.4619718244313346e6
2.492234930670224e6
2.5227550054886546e6
2.553530973573299e6
2.5845617362265666e6
2.6158462314268085e6
2.647383385726021e6
2.6791720951249627e6
2.711211345059574e6
2.743500059245945e6
2.7760371991057806e6
2.808821717777485e6
2.841852608898192e6
2.875128783249633e6
2.9086492954415693e6
2.9424131137739094e6
2.976419245252056e6
3.010666704326684e6
3.0451545287541724e6
3.0798817117245984e6
3.1148473376623346e6
3.1500504650864545e6
3.1854901035633306e6
3.2211653948765313e6
3.2570753965044455e6
3.2932192104706126e6
3.3295959486849383e6
3.36620473373012e6
3.403044703242218e6
3.4401149830336715e6
3.4774147558403653e6
3.5149431802080297e6
3.5526994110778547e6
3.590682675227321e6
3.6288921640863563e6
3.6673271020272835e6
3.7059867041746224e6
3.7448702168781697e6
3.783976897406358e6
3.8233060019861073e6
3.862856808467357e6
3.9026286060209773e6
3.9426206958507984e6
3.9828323912327434e6
4.023263013309237e6
4.063911900568905e6
4.1047783969650283e6
4.1458618329683836e6
4.187161640508126e6
4.228677171999026e6