453816.3697444826
453851.363806767
453967.1304920576
454145.8086439191
454394.19431197
454713.1164491056
455103.74516842986
455567.493406556
456105.9674315885
456721.018630822
457414.6104148706
458189.1391084346
459047.0621975996
459990.9794131647
461023.79948105133
462148.501120405
463368.2481785841
464686.3843030113
466106.2568855568
467631.5749882344
469266.076118821
471013.32533709233
472877.30861880357
474861.9529940554
476970.47302095295
479209.2291399128
481579.9540681254
484087.7087295781
486736.42413694836
489530.3073036208
492473.5049227414
495570.12306116306
498824.26777683495
502240.0016118298
505821.35756292817
509571.8271904175
513496.83733795857
517598.7660830679
521881.9370554054
526350.0674132023
531006.8490374843
535855.8606600093
540900.6056764973
546144.5210563787
551590.9158499085
557243.0136926263
563104.0115395559
569176.8902005507
575464.6788066002
581970.173803794
588696.1395641968
595645.228937966
602819.9949561944
610222.8998317937
617856.2411537119
625722.3238345531
633823.2823359426
642161.156351621
650737.9070069143
659555.3863623021
668615.5309009117
677919.476712042
687469.3288767978
697266.3908637778
707312.0540256526
717607.6210127268
728154.3122678269
738953.2611869321
750005.5268751169
761312.0693851176
772873.7901067905
784691.5069815165
796765.9637858085
809097.8387453019
821687.7276201264
834536.1699440206
847643.6341826846
861010.5285958059
874637.2001348
888523.9290644552
902670.9515997224
917078.4406288655
931746.5141844486
946675.2504044939
961864.6592944544
977314.7305517609
993025.3749741919
1.0089964897043194e6
1.0252279196832783e6
1.0417194677859255e6
1.0584709010132588e6
1.0754819503414575e6
1.0927523160514792e6
1.1102816511807577e6
1.1280695991374275e6
1.1461157594631298e6
1.16441970735507e6
1.182980991466571e6
1.2017991354786118e6
1.2208736393299527e6
1.2402039808120364e6
1.2597896168029509e6
1.2796299846261933e6
1.2997245031499544e6
1.3200725743186243e6
1.3406735840407244e6
1.3615269033478876e6
1.3826318901407623e6
1.4039878889938446e6
1.4255942332204855e6
1.4474502448363998e6
1.469555243193821e6
1.4919085195386717e6
1.5145093827772508e6
1.5373571186283068e6
1.5604510106345646e6
1.5837903379081686e6
1.6073743742142774e6
1.631202388084252e6
1.6552736512250428e6
1.679587425025441e6
1.704142971979832e6
1.7289395556797057e6
1.7539764375169608e6
1.779252877182545e6
1.8047681387234218e6
1.8305214841527566e6
1.8565121781635154e6
1.8827394891810827e6
1.9092026821236918e6
1.9359010343591813e6
1.9628338206797247e6
1.990000310292409e6
2.0173998005641913e6
2.0450315709848448e6
2.0728949304405302e6
2.100989139249567e6
2.1293135252514007e6
2.1578673993333397e6
2.1866500699808607e6
2.2156608564013187e6
2.244899086476404e6
2.27436409189569e6
2.3040552109711333e6
2.3339717947213594e6
2.364113192260449e6
2.3944787639914257e6
2.4250678811319545e6
2.455879917089323e6
2.4869142527135285e6
2.518170281215104e6
2.54964739899203e6
2.581345012768685e6
2.613262537801593e6
2.6453993912395868e6
2.6777550082911183e6
2.7103288295059544e6
2.7431202851037965e6
2.7761288462230484e6
2.8093539690439156e6
2.842795124112328e6
2.876451795563882e6
2.9103234512816314e6
2.9444096069056178e6
2.9787097583858846e6
3.0132234161943006e6
3.047950100276653e6
3.0828893388985926e6
3.1180406642474206e6
3.153403626452685e6
3.188977772445865e6
3.2247626621482684e6
3.2607578631361295e6
3.2969629526314028e6
3.333377511888609e6
3.370001133075446e6
3.4068334155267905e6
3.443873961476853e6
3.4811224250530233e6
3.5185783534113076e6
3.556241414496634e6
3.5941112411675313e6
3.6321874788018474e6
3.670469777628854e6
3.7089577956270985e6
3.747651225672977e6
3.786549664657968e6
3.8256528477173857e6
3.864960460326528e6
3.9044721869447744e6
3.9441877241851436e6
3.9841067777343774e6
4.0242290657952065e6
4.0645543272074666e6
4.105082238416314e6
4.145812550494356e6
4.1867450043789484e6
4.227879343329882e6
4.269215317929611e6
4.310752679144112e6