661830.7878913633
661834.1126639349
661843.1502647178
661858.3175459842
661880.5220653542
661910.675266395
661947.103264424
662000.967123043
662064.6436051254
662143.4744605608
662239.9974877553
662356.9363851162
662497.2425512285
662664.0761806277
662861.3452947002
663091.5103881554
663359.5119537022
663669.1010007479
664024.2168136508
664429.5144521359
664889.5915865651
665408.7680069334
665991.7818253607
666644.0587844066
667369.9412402423
668174.8299379037
669063.5324383595
670041.7574094516
671114.2884770039
672286.4183205325
673563.5525438469
674950.9398064823
676453.8019468535
678077.5850467331
679827.0782897725
681708.234767741
683726.1417344626
685885.7429994337
688191.6176410378
690649.3820962828
693264.0721300105
696040.4940022972
698983.4593508466
702097.7577592027
705388.0387839834
708858.4288230584
712514.8242254953
716360.2020070605
720399.3786498595
724636.5112588363
729075.7011495823
733720.9557677978
738576.1285967003
743644.9794859905
748931.2574361656
754438.3315178012
760169.972458577
766129.2148776891
772319.3715201562
778743.5676535337
785404.7798226508
792305.9136705135
799449.7451544531
806838.9289109663
814476.0484593975
822364.4853775086
830503.7579870952
838898.937670522
847551.2267483884
856462.6476920674
865635.1403554677
875070.5414570211
884770.6099813508
894736.9161647027
904971.0851084844
915474.5336253087
926248.6274739974
937294.6359362314
948613.7587885596
960207.0837806248
972075.631504211
984220.3379936279
996642.057647284
1.009341566596679e6
1.0223195722492198e6
1.0355766961740871e6
1.0491134872892331e6
1.062930453812465e6
1.0770280024262287e6
1.0914064849535162e6
1.1060661954693566e6
1.1210073552377108e6
1.1362301318462107e6
1.1517346373977098e6
1.1675209194616212e6
1.1835889771401724e6
1.1999387555003162e6
1.2165701479472914e6
1.2334830023606424e6
1.2506771139432052e6
1.2681522366132136e6
1.28590807892926e6
1.3039443092433382e6
1.3222605539672836e6
1.340856401772594e6
1.3597314043113114e6
1.3788850780029746e6
1.398316904796709e6
1.418026337284468e6
1.4380127933695067e6
1.4582756649912877e6
1.4788143147112695e6
1.499628079465162e6
1.5207162725470886e6
1.5420781820736288e6
1.5637130733350636e6
1.5856201940328856e6
1.6077987692754045e6
1.6302480077199554e6
1.652967100038867e6
1.6759552216153373e6
1.6992115319267646e6
1.722735177502655e6
1.7465252950253037e6
1.77058100411831e6
1.7949014181264078e6
1.8194856405965008e6
1.8443327641387945e6
1.869441893704872e6
1.894812071717819e6
1.9204423970199337e6
1.946331936045892e6
1.9724797391666607e6
1.9988848906251418e6
2.025546437094191e6
2.0524634544446566e6
2.0796349707401628e6
2.1070600439777253e6
2.134737744859683e6
2.162667124590777e6
2.1908472392729856e6
2.2192771497628833e6
2.2479559159669634e6
2.2768826112965727e6
2.3060563004566226e6
2.335476051436126e6
2.3651409471963155e6
2.39505010371054e6
2.425202495301609e6
2.455597335993136e6
2.486233673683849e6
2.5171106335291956e6
2.548227312508876e6
2.5795828379562534e6
2.6111763272176916e6
2.643006925921964e6
2.6750737810659567e6
2.7073760142028094e6
2.739912818044403e6
2.772683345353376e6
2.805686778050072e6
2.8389222971925447e6
2.872389099663601e6
2.906086388956517e6
2.940013380868168e6
2.9741692953316774e6
3.008553366632301e6
3.0431648396383883e6
3.0780029780234103e6
3.1130670176230245e6
3.148356247829739e6
3.1838699471475747e6
3.2196074096097862e6
3.255567943553563e6
3.2917508571020304e6
3.3281554753518184e6
3.364781131481387e6
3.4016271741913506e6
3.438692969556421e6
3.475977839027136e6
3.513481206696699e6
3.5512024435399617e6
3.58914091840102e6
3.6272960766834687e6
3.6656673154197396e6
3.7042540689678597e6
3.743055765927913e6
3.7820718592021116e6
3.8213017994209346e6
3.860745057290843e6
3.9004011072123456e6
3.940269436002827e6
3.980349543086113e6
4.020640930196158e6
4.0611431080576326e6
4.101855610166632e6
4.142777965658583e6
4.1839097158331047e6
4.225250420274856e6
4.266799634563522e6