456784.98315784376
456825.447737192
456933.57836382446
457109.69773856417
457354.54653858376
457671.85510903056
458054.0924305282
458511.38394096686
459042.4371116469
459649.1137689192
460333.37858536985
461097.64155006077
461944.3668524747
462876.1645398987
463895.9541637896
465006.7253272158
466211.65383295034
467514.09676652524
468917.4132932602
470425.33028596843
472041.59180911264
473769.79087092035
475613.9198491008
477577.92509176297
479665.03852410737
481881.6375878016
484229.4726799167
486713.6265370126
489338.0457167753
492106.95885580446
495024.53016072506
498094.8880034616
501322.15823655034
504710.4244358814
508263.7403916289
511985.6141039702
515881.50542007986
519953.8101649739
524206.8677973162
528644.4208196953
533270.1838777766
538087.7566079863
543100.665733587
548312.370184616
553726.2011872896
559345.4040161355
565173.1982937974
571212.5864916621
577466.6197394596
583938.115761101
590629.8615840711
597544.5303670533
604684.6966735176
612052.8245833998
619651.2898886243
627482.3597171474
635548.208908936
643850.8968069102
652392.4029410374
661174.6000556101
670199.4486028133
679468.0873953919
688982.6542772653
698744.4641384787
708754.9291741252
719015.3674920145
729527.0160204864
740291.0237768717
751308.4664205828
762580.3188656432
774107.4973703746
785890.8343933513
797931.0876167244
810228.9487575465
822785.0266061795
835599.8736009445
848673.9700547927
862007.736065215
875601.5295889245
889455.6422310339
903570.3202313175
917945.746375192
932582.0481552033
947479.3127741355
962637.558785981
978056.784086688
993736.9071827594
1.0096778323967962e6
1.0258794116621201e6
1.0423414543301774e6
1.0590637333596372e6
1.0760459854212282e6
1.093287915888302e6
1.1107891831362112e6
1.1285494345948617e6
1.1465682740774194e6
1.16484528053099e6
1.1833800060196791e6
1.2021719772589314e6
1.2212206969006127e6
1.240525645110671e6
1.2600862808231348e6
1.279902043112066e6
1.2999723522719925e6
1.3202966113826525e6
1.3408742072073966e6
1.3617045113418316e6
1.3827868820098888e6
1.4041206637850404e6
1.4257051897922007e6
1.447539782702689e6
1.4696237578827958e6
1.4919564088257903e6
1.5145370423274739e6
1.5373649427788774e6
1.5604393920895811e6
1.5837596676594692e6
1.607325041013651e6
1.6311347794784294e6
1.6551881517565618e6
1.679484416624567e6
1.704022834434396e6
1.7288026658751967e6
1.7538231694903553e6
1.7790836019454773e6
1.8045832241416855e6
1.8303212948888952e6
1.8562970755172318e6
1.8825098308520936e6
1.908958822380218e6
1.9356433238156897e6
1.9625626061815515e6
1.9897159349574223e6
2.017102603273592e6
2.044721887024221e6
2.0725730910700443e6
2.1006554714331795e6
2.128968351844662e6
2.1575110390918874e6
2.1862828376123123e6
2.2152830651917066e6
2.2445110362235615e6
2.273966087368508e6
2.303647549469403e6
2.333554769475489e6
2.363687091420126e6
2.394043872019267e6
2.42462447767377e6
2.4554282776499223e6
2.4864546483406182e6
2.5177029782658946e6
2.5491726598005844e6
2.5808630951054767e6
2.6127736950786295e6
2.644903872440679e6
2.677253058113683e6
2.7098206877070745e6
2.7426061875062315e6
2.7756090266334033e6
2.80882865358625e6
2.8422645359678273e6
2.875916153798952e6
2.909782970480329e6
2.943864497538486e6
2.978160227450865e6
3.0126696659140596e6
3.047392328990501e6
3.0823277409442537e6
3.117475429967675e6
3.152834944292424e6
3.1884058208744116e6
3.2241876218385184e6
3.260179908924709e6
3.2963822556118625e6
3.3327942393330564e6
3.3694154487181194e6
3.4062454776313226e6
3.4432839626063737e6
3.480530450678985e6
3.5179845857262737e6
3.5556459995435164e6
3.593514329088762e6
3.631589193271483e6
3.66987026221214e6
3.708357182848671e6
3.7470496450123233e6
3.785947242137833e6
3.8250497060613665e6
3.864356720027937e6
3.9038679646192347e6
3.9435831338459016e6
3.983501930419395e6
4.0236241005696966e6
4.0639492865131027e6
4.104477256382938e6
4.1452077275239355e6
4.1861404370693085e6
4.227275126190603e6
4.268611542815356e6
4.310149436330872e6