543689.780764895
543713.6788881641
543777.5659568936
543881.837882461
544027.3091088777
544214.8673274928
544445.5754643691
544721.6591465301
545044.1917029565
545415.4085914795
545837.5690307593
546313.2043169166
546845.0324500721
547428.4328449777
548089.1046434507
548807.8331281642
549595.6145580652
550456.1428126167
551393.1039695162
552410.7450374903
553512.8853724587
554703.8310302868
555987.889742029
557369.4444571219
558852.9147269571
560442.9633630299
562143.8497705435
563960.9166049281
565898.1146241053
567960.3944270373
570152.4120538937
572478.8596343946
574944.4043210149
577553.7070610756
580311.3713224523
583221.991643268
586290.1140468786
589520.2161864748
592916.769326099
596483.6319554837
600226.3489230331
604147.973440049
608253.0120934772
612545.5224144696
617029.4536055826
621708.6578855419
626586.966825117
631667.9876530557
636955.3750219055
642452.5537773853
648162.9049497743
654089.7066523746
660236.1224100161
666605.1960609207
673199.8913549215
680023.0491402613
687077.4120038858
694365.6152787437
701890.164444108
709653.503585527
717657.9392346962
725905.6887451803
734398.8582706505
743139.4668020096
752129.4257359942
761370.537107124
770864.5213061112
780613.0026891718
790617.5081152571
800879.4641427493
811400.2246080595
822181.0486868514
833223.1026574902
844527.4806317207
856095.1947374393
867927.1570429372
880024.2212168891
892387.1598646538
905016.6689490166
917913.3786728184
931077.842333833
944510.551074577
958211.9259028657
972182.3257190693
986422.0449448628
1.0009313372381348e6
1.0157103572199257e6
1.0307592520797278e6
1.0460780836367214e6
1.0616668765925732e6
1.0775255963613659e6
1.093654165630353e6
1.110052465692874e6
1.1267203139856923e6
1.1436575134758048e6
1.1608638080492183e6
1.178338907098488e6
1.1960824832310374e6
1.2140941731942764e6
1.2323735796484665e6
1.2509202734453115e6
1.2697337941602312e6
1.2888136523725041e6
1.3081593320089285e6
1.3277702863307053e6
1.347645950313446e6
1.367785730986218e6
1.388189014529228e6
1.4088551660929671e6
1.4297835318452541e6
1.4509734389088163e6
1.4724241977798324e6
1.494135102720693e6
1.5161054347101534e6
1.538334458150276e6
1.560821428759848e6
1.5835655859426907e6
1.606566163215781e6
1.6298223808124242e6
1.653333453992492e6
1.677098587237e6
1.7011169789355341e6
1.7253878227357361e6
1.749910305821342e6
1.7746836105140268e6
1.7997069170754713e6
1.8249794024843413e6
1.850500240500572e6
1.87626860624843e6
1.9022836651452347e6
1.9285445969159557e6
1.9550505674569525e6
1.9818007464619433e6
2.0087943244673135e6
2.0360304608499366e6
2.0635083416873636e6
2.0912271412297783e6
2.119186053575309e6
2.147384263247774e6
2.1758209629149167e6
2.204495348945063e6
2.23340662531917e6
2.262553998082461e6
2.291936679537244e6
2.321553884983936e6
2.351404852784044e6
2.3814888019885076e6
2.411804973537316e6
2.442352614746172e6
2.4731309763048235e6
2.504139318507688e6
2.5353769086596374e6
2.5668430448437994e6
2.598536966264224e6
2.630457979856377e6
2.6626053927383465e6
2.694978518043061e6
2.727576644516015e6
2.7603991267461465e6
2.7934452871421566e6
2.8267144704191484e6
2.8602060208876007e6
2.893919325541054e6
2.927853708710126e6
2.962008569842547e6
2.996383295291228e6
3.03097728080912e6
3.0657899331844877e6
3.100820663029955e6
3.1360688965989407e6
3.171534065402622e6
3.207215609292749e6
3.243112979417723e6
3.2792256373829483e6
3.315553046138008e6
3.3520946926951474e6
3.388850055043972e6
3.425818631970551e6
3.462999929531238e6
3.5003934522478664e6
3.537998735063288e6
3.575815305419778e6
3.6138426806648397e6
3.6520804415290416e6
3.6905281269888147e6
3.729185308074131e6
3.7680515541894487e6
3.8071264493439025e6
3.846409580451474e6
3.885900548658212e6
3.9255989561177003e6
3.9655044250569525e6
4.005616572345738e6
4.04593502629206e6
4.0864594279453033e6
4.1271894222624633e6
4.1681246612125556e6
4.209264803265106e6
4.250609521918356e6
4.292158487708587e6