556209.3607137023
556230.975706553
556288.7776098517
556383.1573244213
556514.9535472229
556685.0503528126
556894.5014934721
557145.6209563839
557439.4517749664
557778.2297807434
558164.286907335
558600.1513148843
559088.5968984867
559632.4883685058
560235.1079085107
560899.762279711
561629.989290105
562429.5458567364
563302.1014173169
564251.9058216243
565283.1375205247
566399.8218118334
567606.4335848272
568907.4125751917
570307.2376618524
571810.6318544552
573421.9070417794
575146.5007659877
576988.3996439053
578952.6333843137
581043.925649923
583267.0411468808
585626.7178386495
588127.68946019
590774.5685007834
593572.2316247387
596525.0919225361
599637.7747430635
602914.8386104233
606360.5692093978
609979.4960390219
613775.8720679624
617754.6856533372
621917.7217315792
626271.3717151401
630818.7810516405
635563.8649201047
640510.3115949736
645661.8579755317
651022.0105158935
656594.2314875788
662381.8808370387
668388.2007509118
674616.317003963
681069.274268783
687749.993104131
694661.2916526999
701805.8780323894
709186.3538043925
716805.2201236886
724664.8650066939
732767.5799301463
741115.5434278926
749710.8473395847
758555.4737332974
767651.2941750243
777000.0969556975
786603.5740840045
796463.3179490875
806580.819115655
816957.4946150267
827594.6651590059
838493.5568980842
849655.3223811594
861081.030877916
872771.64974127
884728.08670948
896951.16631671
909441.6353605129
922200.173548105
935227.3808560602
948523.7947349532
962089.8805156804
975926.0388287026
990032.6052597997
1.004409874527153e6
1.0190580367345882e6
1.03397727557822e6
1.0491676880810552e6
1.0646293311935908e6
1.0803622014068884e6
1.0963662807845483e6
1.1126413903354688e6
1.1291874623164628e6
1.1460042949430738e6
1.1630916560163582e6
1.1804492767176835e6
1.1980768501578902e6
1.215974032098049e6
1.2341404432109094e6
1.252575669488988e6
1.2712792663742807e6
1.290250757600636e6
1.3094896381393499e6
1.3289953753780697e6
1.3487674106451655e6
1.3688051603591847e6
1.3891080182368117e6
1.4096753543556533e6
1.4305065201221935e6
1.451600847255893e6
1.4729576480170703e6
1.4945762182065707e6
1.5164558391095325e6
1.5385957754837344e6
1.5609952803737307e6
1.5836535926132964e6
1.606569940559828e6
1.6297435413983902e6
1.6531736048106912e6
1.6768593297052453e6
1.700799907801941e6
1.7249945248433896e6
1.7494423613171556e6
1.7741425902829303e6
1.7990943823741144e6
1.8242969045545117e6
1.8497493197879763e6
1.8754507922853073e6
1.9014004755609762e6
1.9275975372251933e6
1.9540411347412486e6
1.9807304150207418e6
2.007664557001833e6
2.0348427129250024e6
2.0622640506511854e6
2.0899277324660406e6
2.1178329311046842e6
2.1459788191720396e6
2.174364573278672e6
2.202989373627087e6
2.231852406447159e6
2.2609528650993686e6
2.2902899425165607e6
2.319862842777146e6
2.349670773647042e6
2.3797129468712523e6
2.409988585177798e6
2.440496919553138e6
2.4712372009739866e6
2.502208629978346e6
2.53341047868141e6
2.564842003670501e6
2.596502473002273e6
2.6283911521027363e6
2.6605073307768875e6
2.6928503035294632e6
2.7254193411067096e6
2.7582137810389213e6
2.7912329479086646e6
2.824476127872581e6
2.857942667769912e6
2.8916319159066724e6
2.9255432219828814e6
2.959675946346065e6
2.994029457866684e6
3.028603134999543e6
3.063396367510322e6
3.0984085487446096e6
3.133639088210653e6
3.1690874004856483e6
3.2047529085535184e6
3.240635047571535e6
3.2767332623634497e6
3.3130469996524486e6
3.349575730518711e6
3.3863189169771294e6
3.423276041836385e6
3.4604465964788576e6
3.497830075040581e6
3.535425978832578e6
3.57323383980969e6
3.611253152705789e6
3.649483484695328e6
3.687924359907107e6
3.726575335543427e6
3.765435966198009e6
3.804505822271235e6
3.843784477146939e6
3.8832715174972764e6
3.9229665349840936e6
3.9628691324332063e6
4.002978919835176e6
4.0432955106292027e6
4.0838185330837998e6
4.124547619805028e6
4.1654824102100288e6
4.206622552637156e6
4.247967707925614e6
4.289517533762641e6