466653.87978989654
466692.3987145353
466795.3192029593
466962.9828935575
467196.1453350941
467495.6281551287
467862.625748585
468298.60777510586
468805.11228416837
469384.112886659
470037.54650627973
470768.2403226363
471577.6041938873
472469.344358761
473446.0648387604
474510.7896601035
475666.73521735717
476917.2997268456
478265.8838804903
479716.26448556443
481272.23554413754
482937.440288192
484715.9183963557
486611.6728089412
488627.98773710255
490771.31542782916
493043.44339815364
495449.53318124847
497993.58146304335
500679.88625365146
503512.67711415305
506496.1474723744
509634.4906659111
512931.8597495778
516392.3765538769
520019.87393014797
523819.1245808139
527793.3450643002
531946.702310739
536283.0168281016
540806.0676252085
545519.5247115229
550426.996787312
555532.0053088353
560837.9630185703
566348.1842231305
572065.9645109146
577994.3763610565
584136.5423322695
590495.3530079885
597073.666094483
603874.2268658078
610899.6778749246
618152.5533692593
625635.2963863491
633350.2438658974
641299.6333944944
649485.5960763348
657910.1713433224
666575.296491368
675483.0158741055
684634.4685521742
694031.910345939
703676.697313086
713570.302870748
723714.0959438945
734109.3700733276
744757.3316096661
755659.1012344236
766815.7094794286
778228.1215623121
789897.2184062069
801823.8031055564
814008.6128557546
826452.3000418867
839155.4591997755
852118.6112521015
865342.2154126153
878826.6655747627
892572.2943509128
906579.3784196468
920848.1344913839
935378.7221804684
950171.2589787092
965225.7916776324
980542.3468452408
996120.8678080491
1.0119612851805154e6
1.028063469667898e6
1.0444272569798668e6
1.0610524389675402e6
1.077938771366183e6
1.0950859757613102e6
1.1124937321816753e6
1.1301616980748456e6
1.1480894931061775e6
1.1662767090319823e6
1.1847229094939174e6
1.2034276317584245e6
1.2223903878234609e6
1.2416106660925348e6
1.261087923812279e6
1.2808216327792793e6
1.3008111918189684e6
1.3210560169364926e6
1.3415554981102678e6
1.3623090092409768e6
1.383315909534961e6
1.4045755443735903e6
1.4260872463243138e6
1.4478503369642505e6
1.4698641258584333e6
1.4921279169981424e6
1.5146409949083743e6
1.537402652270284e6
1.5604121628664932e6
1.5836687981366166e6
1.6071718238766384e6
1.6309205002535228e6
1.654914089168919e6
1.6791518410559655e6
1.7036330083851255e6
1.7283568425504363e6
1.7533225925395747e6
1.7785295061778387e6
1.8039768331785782e6
1.8296638220376219e6
1.8555897243426833e6
1.8817537899838043e6
1.9081552722192747e6
1.9347934318289282e6
1.9616675273050899e6
1.988776811357698e6
2.0161205650959974e6
2.0436980506424154e6
2.071508561868725e6
2.099551335529331e6
2.127825691223484e6
2.1563309086427353e6
2.185066289704711e6
2.21403113527967e6
2.243224742453276e6
2.2726464376994725e6
2.3022955344971037e6
2.332171367617935e6
2.3622732654765365e6
2.392600569080428e6
2.4231526319573293e6
2.453928808152542e6
2.484928460039801e6
2.516150960426993e6
2.547595688180236e6
2.5792620302240537e6
2.611149382985284e6
2.6432571448310893e6
2.6755847313649207e6
2.7081315660729418e6
2.740897058364712e6
2.773880668351868e6
2.8070818181136562e6
2.8404999731728407e6
2.874134595581562e6
2.9079851396152764e6
2.9420510873786653e6
2.976331933762412e6
3.0108271653229846e6
3.0455362847033003e6
3.0804588028638945e6
3.1155942342502805e6
3.15094211309084e6
3.186501959027084e6
3.2222733427900043e6
3.2582557887776066e6
3.2944488666862035e6
3.3308521728656697e6
3.3674652208301723e6
3.404287623793261e6
3.441318973612659e6
3.4785588710459657e6
3.516006914172615e6
3.5536627251214683e6
3.591525928949829e6
3.629596132782488e6
3.667872996282474e6
3.706356155310264e6
3.745045289389598e6
3.783939980357025e6
3.823039957299607e6
3.862344901229799e6
3.901854444855678e6
3.941568294649287e6
3.98148614390679e6
4.0216076983770365e6
4.061932655610393e6
4.102460737737432e6
4.1431916503728637e6
4.184125131241909e6
4.225260908330369e6
4.266598718590213e6
4.308138308942066e6