431753.65250060265
431799.13931899995
431920.69433877233
432118.6182394236
432393.6030627708
432746.48821170523
433178.39245368715
433690.69609955733
434284.9451287355
434962.9914801775
435726.70882815926
436578.4139211294
437520.51517478935
438555.53604537016
439686.308125403
440915.7022747055
442246.8154985318
443682.879662661
445227.15330034564
446883.22394865996
448654.70867166587
450545.07650373236
452558.17835489125
454697.8159540241
456967.0834745453
459372.18063112046
461914.7335450463
464599.6289650026
467430.6789634662
470411.92904524377
473547.3810996264
476840.9824287953
480296.6854867197
483918.3908064881
487709.97663733934
491676.4330461853
495818.028841884
500141.97417182836
504650.75760432926
509347.9345500363
514237.027219172
519321.44511076924
524604.526478919
530089.5389132095
535779.6196084954
541677.8377047474
547787.2059291628
554110.551782946
560650.7352681332
567410.3912864281
574392.1183460056
581598.4612321362
589031.6590650711
596694.1524077572
604588.0921348048
612715.5676005961
621078.5833828516
629679.0299931868
638518.7223211946
647599.3693688586
656922.7278884226
666489.9083679547
676302.7664988585
686362.5130068387
696670.4107444638
707227.6371269661
718035.2854106596
729094.3676651424
740405.8245290506
751970.5109923239
763789.215669228
775862.6455630144
788191.4449296102
800776.1911902834
813617.3832755877
826715.4680619688
840070.8241073467
853683.7736761479
867554.581166269
881683.4471335809
896070.5329101677
910715.9378730857
925619.7117475425
940781.8660485942
956202.3493218131
971881.0910792366
987817.947014394
1.0040127612058838e6
1.0204653289540138e6
1.0371754065035863e6
1.0541427175229536e6
1.0713669522794683e6
1.0888477739048756e6
1.10658479999553e6
1.124577643938825e6
1.1428258744664555e6
1.1613290409645399e6
1.1800866683085705e6
1.1990982592131386e6
1.2183632949580932e6
1.2378812371940152e6
1.2576515290556215e6
1.2776735963500426e6
1.2979468489430845e6
1.318470681610927e6
1.3392444754547344e6
1.360267598669622e6
1.3815394083514852e6
1.4030592547438927e6
1.4248264603848157e6
1.4468403668170918e6
1.469100291573932e6
1.4916055383757725e6
1.5143554240127574e6
1.5373492453055119e6
1.5605863007120057e6
1.584065877524053e6
1.6077872710140417e6
1.6317497642334593e6
1.6559526474990407e6
1.6803952000459537e6
1.7050767062319438e6
1.7299964492557843e6
1.7551537141995325e6
1.7805477835322162e6
1.8061779449690776e6
1.8320434858972311e6
1.8581436975004848e6
1.884477872401252e6
1.9110453059741056e6
1.9378453008411578e6
1.964877161116946e6
1.9921401864677605e6
2.0196337001190062e6
2.0473570149307468e6
2.0753094689631008e6
2.103490352777499e6
2.1318990270418962e6
2.160534832696137e6
2.1893971111219665e6
2.218485212711759e6
2.247798496082871e6
2.2773363286589053e6
2.307098079458755e6
2.337083133027225e6
2.367290870101182e6
2.3977206863742797e6
2.4283719800000414e6
2.459244163724024e6
2.490336649358958e6
2.5216488653993e6
2.55318023243561e6
2.584930199473718e6
2.61689821046014e6
2.6490837161462386e6
2.681486183022821e6
2.7141050845373143e6
2.7469398836695943e6
2.7799900825516353e6
2.813255168196705e6
2.8467346460570977e6
2.8804280291704168e6
2.914334816608182e6
2.948454549644462e6
2.9827867710872754e6
3.017331006077756e6
3.0520868091823165e6
3.0870537383890324e6
3.122231355793324e6
3.1576192419588533e6
3.193216970217055e6
3.2290241305562146e6
3.2650403186302595e6
3.301265139620677e6
3.3376982015848523e6
3.3743391248299987e6
3.4111875335198236e6
3.44824306203553e6
3.485505357252585e6
3.5229740436619287e6
3.560648798901051e6
3.598529275338692e6
3.6366151425933023e6
3.674906076010023e6
3.713401756554455e6
3.7521019005070073e6
3.7910061676701144e6
3.830114243328585e6
3.869425866855052e6
3.9089407488700137e6
3.9486586074918383e6
3.988579172029886e6
4.028702175178164e6
4.0690273530736635e6
4.1095544608732383e6
4.1502832403835e6
4.19121346650048e6
4.232344857637754e6
4.273677228179004e6
4.3152103343079835e6