509984.69799274433
510014.8729680138
510095.48807701055
510226.95440199965
510410.02373679454
510645.58326389274
510934.86715113354
511279.40220923274
511680.85252382926
512141.1728438589
512662.5779790695
513247.49751711317
513898.5697656093
514618.57014372846
515410.6092219246
516277.8535027414
517223.68805113336
518251.6854481005
519365.41072499874
520568.8477230353
521866.01572567335
523260.72259376413
524757.2443776373
526359.8098769004
528072.6670722717
529900.3019262075
531846.8274486654
533917.3219871563
536115.6419398098
538446.4822261748
540914.3474952416
543523.7052539929
546279.0306281131
549184.7660263295
552245.3159505392
555465.0588948794
558848.3209710731
562399.3645640796
566122.2500322491
570021.2179608648
574100.9391347333
578364.5015160979
582816.1634252302
587459.757322199
592299.0046527267
597337.5305966656
602578.9377739686
608026.6064286714
613683.9647422393
619554.209525089
625640.49993068
631945.8840024504
638473.3055212097
645225.5879769544
652205.4763024773
659415.5893294732
666858.456048572
674536.4958728433
682452.0042710828
690607.2178279201
699004.2404659302
707645.0822407466
716531.6555366975
725665.7772978526
735049.1704982815
744683.4465113492
754570.1412883415
764710.7244766781
775106.4619009085
785758.6916627486
796668.5655021647
807837.1861132979
819265.5522942487
830954.6046474164
842905.1890625416
855118.0869696166
867594.0018336794
880333.5669975118
893337.3438149029
906605.8321519026
920139.4595007319
933938.5955503836
948003.5429930387
962334.5575662139
976931.8167806137
991795.4733010923
1.0069255892583567e6
1.022322207927364e6
1.0379853080717864e6
1.0539148287403057e6
1.0701106548239822e6
1.0865726293917291e6
1.1033005708841975e6
1.1202942204007765e6
1.137553319328194e6
1.1550775529562468e6
1.1728665752259756e6
1.1909200074234197e6
1.2092374387711594e6
1.2278184286650242e6
1.2466625079292029e6
1.2657691803112677e6
1.2851379239524773e6
1.3047681928788829e6
1.3246594182594037e6
1.3448110098070863e6
1.3652223570726465e6
1.3858928307979242e6
1.4068217840223352e6
1.428008553189402e6
1.44945245949719e6
1.4711528098757407e6
1.493108898951924e6
1.5153200085466276e6
1.5377854083323507e6
1.5605043605935709e6
1.5834761113227915e6
1.6066999207667685e6
1.6301750058322041e6
1.653900605402888e6
1.6778759431248996e6
1.7021002363595576e6
1.726572702040337e6
1.7512925524862364e6
1.776258995956613e6
1.8014712402905703e6
1.826928491860486e6
1.8526299552796055e6
1.8785748379744047e6
1.9047623407214482e6
1.931191676764426e6
1.957862053276885e6
1.9847726692579675e6
2.011922753858887e6
2.039311513596119e6
2.0669381880907642e6
2.094801949268148e6
2.122902072834638e6
2.1512377751202416e6
2.1798083027095543e6
2.208612865898298e6
2.237650735106482e6
2.266921178314808e6
2.2964234285841025e6
2.3261567620413303e6
2.3561204490092397e6
2.3863137678749543e6
2.4167360050668446e6
2.4473864542885674e6
2.4782644163013836e6
2.509369198741909e6
2.5407001179535137e6
2.5722564956442276e6
2.604037666824769e6
2.636042964477277e6
2.668271744009229e6
2.7007233634765106e6
2.7333971678759293e6
2.7662925549036073e6
2.799408895503465e6
2.832745579606613e6
2.866302031595702e6
2.9000776087471684e6
2.9340717524957336e6
2.968283888016951e6
3.0027134535669605e6
3.0373598638796336e6
3.072222621759038e6
3.1073011449791132e6
3.142594916074079e6
3.178103411594263e6
3.213826116514722e6
3.249762525870736e6
3.285912169181515e6
3.322274506794166e6
3.3588490857410287e6
3.3956354338437384e6
3.4326330892405277e6
3.4698416002087197e6
3.5072605129333087e6
3.5448894017997654e6
3.5827278342238637e6
3.6207753674945263e6
3.6590316217075754e6
3.6974961746250913e6
3.736168636281997e6
3.775048611224049e6
3.8141357180258166e6
3.853429587781866e6
3.8929298543134322e6
3.932636155421558e6
3.9725481288259644e6
4.012665482311557e6
4.0529878122234363e6
4.093514827604207e6
4.134246197909116e6
4.1751816114689307e6
4.216320756025614e6
4.257663335684736e6
4.299209051862103e6