504929.1550890299
504960.2883351117
505043.45764537866
505179.07517671504
505367.88429920434
505610.7713785722
505908.96408567694
506263.98053887894
506677.4769506692
507151.3983322999
507687.9482665354
508289.5435664578
508958.80879368435
509698.50751680555
510511.7306369429
511401.6295170367
512371.57070711977
513425.1071818953
514565.7856892819
515797.56801123964
517124.44456430885
518550.2090942275
520079.1093830776
521715.34883406665
523463.1509567357
525326.9729238924
527310.9050655337
529419.984911957
531658.0496643806
534029.7703600638
536539.6101029849
539192.0007729417
541991.3993300807
544942.2089638512
548048.8053597782
551315.5299225985
554746.6774228672
558346.4759721064
562118.9485177184
566068.3138856149
570199.2702052346
574514.6411517716
579018.8890622747
583715.7308370651
588608.852656219
593701.8448757216
598998.2750391078
604501.4872636624
610214.8769551998
616141.6045364656
622284.7949428449
628647.4620011932
635232.5150775233
642042.7445909838
649080.8588617798
656349.4485962086
663851.0059737478
671587.9187158989
679562.4507366078
687776.8082324761
696233.0590723722
704933.1850655556
713879.07422686
723072.5061516666
732515.1774728207
742208.6715096319
752154.4946760901
762354.0910864582
772808.6985741977
783519.6299000368
794488.0117915695
805714.9202870086
817201.3318512518
828948.1630815567
840956.3050331312
853226.31334589
865759.0737404482
878555.1310792686
891615.0268363883
904939.2414343394
918528.1838058457
932382.2059066496
946501.5932999216
960886.5851352429
975537.343406413
990454.0053532925
1.0056366192262438e6
1.0210852132637233e6
1.0367997563193426e6
1.0527801726198914e6
1.0690263357757002e6
1.0855380782004213e6
1.1023152077461705e6
1.1193574561812892e6
1.1366645556908685e6
1.1542361831436947e6
1.172071984540645e6
1.190171574426408e6
1.2085345349669303e6
1.2271604196757944e6
1.2460487539149323e6
1.265199036542909e6
1.2846107412926285e6
1.3042833185009914e6
1.3242161958923251e6
1.344408780412246e6
1.3648604593456995e6
1.3855706015579659e6
1.4065385587187256e6
1.427763666314506e6
1.4492452453734255e6
1.4709826027247184e6
1.4929750323722023e6
1.5152218181024129e6
1.5377222808567465e6
1.5604755328333406e6
1.5834809744369558e6
1.6067378139156569e6
1.6302452760092872e6
1.6540025990872923e6
1.6780090108163417e6
1.7022637319830605e6
1.7267659832333643e6
1.7515149809069228e6
1.7765099374343064e6
1.801750065478632e6
1.8272345757990147e6
1.8529626780938054e6
1.8789335849195183e6
1.9051465029888942e6
1.93160064945129e6
1.9582952388122508e6
1.9852294754705038e6
2.0124025944183157e6
2.0398138093623288e6
2.0674623636790544e6
2.0953474384731406e6
2.1234683147990666e6
2.1518242157839704e6
2.1804143847765517e6
2.209238069017742e6
2.2382945158418897e6
2.2675830098305736e6
2.297102789287689e6
2.3268531439825194e6
2.356833345175488e6
2.3870426800526446e6
2.4174804425927512e6
2.448145934889636e6
2.4790384615009604e6
2.5101573411171054e6
2.541501894974593e6
2.573071455095905e6
2.604865360980969e6
2.6368829539932474e6
2.669123596701219e6
2.7015866545616873e6
2.7342714801435233e6
2.7671774777860474e6
2.8003040261904555e6
2.8336505223286306e6
2.867216366178044e6
2.901001017478316e6
2.935003829012587e6
2.9692242655255976e6
3.0036617650107387e6
3.038315768528405e6
3.0731857667891104e6
3.108271191120242e6
3.143571530583892e6
3.1790862684739623e6
3.21481489645819e6
3.2507569161584275e6
3.2869118393863435e6
3.323279206870955e6
3.3598584970249576e6
3.396649269406649e6
3.4336510683044977e6
3.4708634482241725e6
3.508285961649297e6
3.5459181886614608e6
3.58375970307537e6
3.6218100676594945e6
3.660068908525778e6
3.698535809180975e6
3.7372103850895176e6
3.776092246712665e6
3.8151810179525046e6
3.854476335212075e6
3.893977837780888e6
3.933685168703138e6
3.9735979711769503e6
4.013715957078914e6
4.054038728842317e6
4.094566000144643e6
4.135297446376171e6
4.176232756694113e6
4.217371629071858e6
4.258713766909743e6
4.300258880012324e6