756543.204238265
756531.4638935487
756500.6402174693
756450.3132654729
756382.3361527693
756296.1439183649
756196.1955927107
756082.562066469
755956.6325115978
755821.2362219485
755679.0723577157
755533.0109743547
755386.1309161651
755241.7944274058
755103.7184073906
754975.6761467925
754861.7097176076
754766.1732626518
754693.2200001031
754647.7956368527
754634.8083053698
754658.7383123789
754724.9033646979
754838.433655151
755004.5756843252
755228.8606804932
755516.3823078417
755873.3575746535
756304.7796053464
756816.357726445
757413.8997299485
758103.0423956187
758889.4489853538
759778.8403668737
760776.8214853369
761889.2443659361
763121.5271818104
764479.8259557298
765968.611970026
767594.0496775117
769361.7246919608
771276.6357081865
773345.1311104009
775570.7038509835
777959.7874763643
780517.0985646782
783247.6602765142
786156.3347024485
789247.963947237
792527.1953923294
795998.6509883334
799666.8380911043
803536.1133569101
807610.7721903325
811894.9867700004
816392.8348093566
821108.2397819223
826045.0761459935
831206.9957926531
836597.6852350534
842220.6030586178
848079.1540478923
854176.5988246647
860516.0940706213
867100.7023238405
873934.4995701062
881016.852637512
888353.9379216925
895947.2086992357
903799.1634482727
911912.1684996244
920288.5375019746
928930.4712477258
937839.9552942748
947019.0644451535
956469.6305632265
966193.4336572262
976192.148553144
986467.3750200468
997020.5869596056
1.0078531890706228e6
1.0189664893579661e6
1.0303617057959468e6
1.0420399698776826e6
1.054002332907475e6
1.066249753427131e6
1.0787831045608302e6
1.091603216654195e6
1.1047108011617784e6
1.118106508897727e6
1.1317909167959196e6
1.1457645339834415e6
1.16002778225028e6
1.1745810402738869e6
1.1894246051170246e6
1.2045587124992702e6
1.219983532502106e6
1.2356992346968506e6
1.2517057166291184e6
1.2680031261481503e6
1.2845913556265673e6
1.3014702818305073e6
1.3186397710100065e6
1.3360995813567033e6
1.3538494608345877e6
1.3718891010966273e6
1.3902181497782026e6
1.408836211622416e6
1.4277428499694513e6
1.4469375884402255e6
1.4664199129579286e6
1.4861892726987326e6
1.5062450819221665e6
1.5265867233245883e6
1.5472135452702022e6
1.568124878513796e6
1.589319991940644e6
1.610798159046539e6
1.6325586187460169e6
1.6546005929265297e6
1.6769232514745647e6
1.699525773853729e6
1.72240730499742e6
1.7455669780393569e6
1.769003940243723e6
1.7927171636606597e6
1.8167058488235278e6
1.8409690191524841e6
1.8655057279547362e6
1.8903150042874038e6
1.9153958864568144e6
1.9407473888109224e6
1.9663685020706696e6
1.9922582502944525e6
2.0184156114828775e6
2.0448395832908554e6
2.0715291414248813e6
2.098483249911284e6
2.1257008994115535e6
2.153181051511681e6
2.1809226746861935e6
2.2089247320578974e6
2.237186193710301e6
2.265706026695574e6
2.294483193967785e6
2.323516664226741e6
2.3528054089850606e6
2.382348511492765e6
2.412144606895556e6
2.442193018538352e6
2.472492615339692e6
2.503042381710517e6
2.5338413145625116e6
2.564888417827848e6
2.596182683334839e6
2.6277231344494577e6
2.659508795940982e6
2.691538660226421e6
2.7238117997108568e6
2.7563272349012257e6
2.7890840275451145e6
2.822081224776625e6
2.8553178980031777e6
2.888793122390947e6
2.922505984980535e6
2.956455576725011e6
2.990641004188104e6
3.025061382350412e6
3.0597158355947006e6
3.0946034978567255e6
3.1297235144817135e6
3.1650750555185457e6
3.2006574003485944e6
3.2364693021546174e6
3.2725104004183565e6
3.308779739737766e6
3.345276527378009e6
3.3819999894153047e6
3.4189493598334924e6
3.4561238656772044e6
3.493522784678926e6
3.531145374780902e6
3.5689908841358633e6
3.6070586474176818e6
3.645347930312215e6
3.683858070529482e6
3.7225883732544347e6
3.761538174013288e6
3.8007068201685487e6
3.8400936642471575e6
3.879698074670537e6
3.9195194284313316e6
3.959557116051215e6
3.9998105383732687e6
4.0402791043843213e6
4.0809622359035234e6
4.121859366045972e6
4.162970138678663e6
4.204293398378663e6
4.245829220923452e6