916114.3585743424
916079.7529062147
915979.7720357324
915837.6532432076
915632.9666405434
915372.6614813283
915058.1490834705
914693.7514643287
914279.1204447739
913817.4559457039
913312.6255226722
912764.7573269061
912179.8752401841
911561.0810622026
910912.000075974
910236.3943122474
909538.9938746416
908824.3056061487
908096.7547423672
907360.5660840154
906624.3682666735
905889.4993111657
905162.9117354222
904449.7315008051
903756.7351208262
903087.4501024343
902451.540451434
901852.018996278
901295.7504886107
900788.5494339673
900337.0122053467
899947.1872864147
899625.278492897
899377.5901127185
899210.275543107
899129.7058328157
899141.845893726
899253.8589672046
899470.2713989248
899798.0155901816
900243.3113308602
900812.2664382036
901511.3675068652
902344.6582996824
903319.63663392
904441.5369631483
905716.0508398649
907148.6082277442
908745.2185862996
910510.7526775044
912450.721181662
914570.3349357969
916874.6868974653
919368.7950766173
922057.5645026076
924945.80856355
928038.2011493768
931339.2989551194
934853.5996696984
938585.450619474
942539.082433017
946718.6375230323
951128.1155113857
955765.8421824398
960652.3664691492
965776.0582586201
971141.6757820041
976757.0539431137
982624.0600640632
988745.921919656
995125.6779335397
1.001766488874564e6
1.0086711352142119e6
1.0158423247873129e6
1.0232828076507389e6
1.0309951747801064e6
1.0389818273113391e6
1.0472451408785488e6
1.0557873378721378e6
1.0646105636396704e6
1.0737168631799077e6
1.0831081731037272e6
1.0927863339188495e6
1.102753086021133e6
1.113010009281053e6
1.1235588616092731e6
1.1344008792002904e6
1.1455375255155908e6
1.1569700612653124e6
1.1686996751734456e6
1.1807274764223332e6
1.1930544702673908e6
1.2056815907648476e6
1.218609694284345e6
1.2318395500300764e6
1.2453718501688775e6
1.2592072090921956e6
1.2733461664986275e6
1.28778920224108e6
1.3025366987164903e6
1.31758897695579e6
1.3329463027074733e6
1.3486088671753295e6
1.3645767989910287e6
1.380850159575479e6
1.3974289552807175e6
1.414313135142807e6
1.4315025649078651e6
1.4489970992342334e6
1.4667965057528904e6
1.4849005085399328e6
1.5033087812653007e6
1.522020947962076e6
1.541036587253863e6
1.5603552293207147e6
1.5799763621712222e6
1.5998994349256237e6
1.6201238454190446e6
1.6406489619319402e6
1.6614741128605069e6
1.6825985891776886e6
1.7040216484458253e6
1.7257425157703888e6
1.747760384856877e6
1.7700744135303507e6
1.7926837473188e6
1.8155874858452165e6
1.8387847127595893e6
1.8622744903912765e6
1.886055841807194e6
1.9101277986325792e6
1.934489341381188e6
1.9591394346312382e6
1.9840770566135037e6
2.0093011365588307e6
2.0348106056297484e6
2.0606043687166357e6
2.0866813257003324e6
2.1130403627269887e6
2.1396803561143624e6
2.166600169475085e6
2.1937986658074367e6
2.221274684077125e6
2.2490270793042667e6
2.2770546826727614e6
2.305356327428868e6
2.333930842275534e6
2.362777054161623e6
2.3918937596677328e6
2.421279833778642e6
2.450934070151913e6
2.4808552922770204e6
2.5110420605839407e6
2.5414939997946834e6
2.5722091201143153e6
2.6031865405941824e6
2.6344250898635504e6
2.665923577757486e6
2.6976808827742287e6
2.7296958370019435e6
2.7619673020839146e6
2.7944941314287875e6
2.827275209288338e6
2.8603093498002817e6
2.8935955030563283e6
2.9271325300835045e6
2.960919332346849e6
2.9949548201653487e6
3.0292379081564983e6
3.0637675541559784e6
3.0985425992846293e6
3.1335621007037004e6
3.168824930310307e6
3.204330113555227e6
3.2400766092503252e6
3.276063400525175e6
3.312289496723052e6
3.3487539103251933e6
3.3854556691553607e6
3.422393788534133e6
3.459567351380207e6
3.4969753920546887e6
3.5346169676910355e6
3.572491204238082e6
3.610597177284242e6
3.6489340101620876e6
3.6875007892961553e6
3.726296702767965e6
3.7653208747625076e6
3.80457246889241e6
3.844050652296934e6
3.8837546155832927e6
3.9236835611443655e6
3.963836699896119e6
4.0042132587542483e6
4.044812471996998e6
4.0856335903875805e6
4.1266758795191287e6
4.167938614588573e6
4.209421086975515e6