736316.2070244064
736307.5864766923
736285.0328974226
736248.2446020341
736198.9362777097
736137.7256760709
736065.6941396829
735986.1683596172
735899.5002027303
735808.468835067
735715.7455391396
735624.1599605407
735536.7798073255
735457.0812820127
735388.2466208921
735334.523279355
735299.7348757726
735288.1974436303
735304.0174764361
735352.0813598374
735437.2326937234
735563.9247589
735737.4053798263
735962.7359837397
736245.1151321253
736590.3465054659
737002.4227816213
737488.5066244699
738053.20021769
738702.1397694871
739441.1012846946
740275.4811787558
741211.0261800269
742253.319342362
743407.6153960467
744680.4848356391
746076.4994260276
747601.8475740476
749261.0744316437
751060.1994988864
753004.6972015614
755099.7194485035
757350.7828445092
759762.0608647113
762339.5898626929
765088.0080603249
768012.2411844241
771117.0490488528
774407.1720316263
777887.158514785
781561.5241195398
785434.6732765202
789510.8622430763
793794.2877780304
798289.0090527121
802999.0046657374
807928.09384485
813080.0450571695
818458.4108950632
824066.772336233
829908.4841113957
835986.8488565682
842305.0259427114
848866.0690340312
855672.940021569
862729.5713945039
870035.3618730204
877596.2541962705
885413.6519248547
893489.9551059055
901827.4350903642
910428.3099585867
919295.3425919322
928428.4602904822
937831.6133511888
947505.8880250918
957452.9775915886
967674.4689918726
978171.8777192248
988946.5942142425
999999.9407064369
1.011333145995542e6
1.0229473488520032e6
1.0348436042087147e6
1.0470228897977272e6
1.0594860898397798e6
1.0722340072265128e6
1.0852674021706618e6
1.098586919134026e6
1.1121931438303546e6
1.1260865917890072e6
1.1402676997656152e6
1.1547368506463077e6
1.169494349792567e6
1.1845404422527272e6
1.1998753120743409e6
1.2154990796022536e6
1.23141185562217e6
1.247613505665825e6
1.264104121929645e6
1.280883555748913e6
1.2979516444500396e6
1.3153082138101922e6
1.3329529852647525e6
1.3508856717514934e6
1.3691059323076517e6
1.3876133831116222e6
1.406407599817733e6
1.4254881185825774e6
1.4448544378275694e6
1.4645060198821547e6
1.4844422926106574e6
1.5046626504228984e6
1.5251664584078947e6
1.5459530491841123e6
1.5670217261599228e6
1.5883717700665002e6
1.6100024434824013e6
1.631912951714924e6
1.6541025113331727e6
1.6765703069265014e6
1.699315501195647e6
1.7223373242846571e6
1.7456346585383934e6
1.769206888980629e6
1.7930529128825243e6
1.817171934542823e6
1.841562980529138e6
1.8662251086836844e6
1.8911573557626458e6
1.9163587658624817e6
1.9418283582180396e6
1.9675651532226535e6
1.9935681635607507e6
2.0198363890775975e6
2.0463688349182517e6
2.0731644968267365e6
2.1002223509230977e6
2.127541401954473e6
2.1551206324588913e6
2.182959025558806e6
2.2110555650902907e6
2.239409238044861e6
2.2680190355245667e6
2.2968839342246233e6
2.326002926638791e6
2.3553750060868887e6
2.384999271756977e6
2.4148743998428984e6
2.444999679700381e6
2.4753741254309025e6
2.505996631292317e6
2.5368662562925545e6
2.567982027856512e6
2.599342965456497e6
2.6309481163471234e6
2.6627965309927617e6
2.694887228942596e6
2.7272193118150723e6
2.759791815246238e6
2.792603836784135e6
2.8256544502409054e6
2.8589427522445098e6
2.892467845057532e6
2.9262288426484438e6
2.960224863399818e6
2.9944550407856787e6
3.0289185188685902e6
3.063614443629078e6
3.098541981909051e6
3.133700305029854e6
3.1690886098596784e6
3.20470618959893e6
3.240551857099183e6
3.2766252499284158e6
3.3129254470647783e6
3.3494516890009097e6
3.3862032183186905e6
3.4231792995065213e6
3.4603791868240847e6
3.4978021815928626e6
3.535447570393929e6
3.5733146257932275e6
3.6114027046937128e6
3.649711110129788e6
3.688239188322891e6
3.7269862752677104e6
3.765951734832862e6
3.805134933900519e6
3.8445352551872465e6
3.884152085150083e6
3.923984825911041e6
3.9640328914630287e6
4.0042957055387353e6
4.044772697368909e6
4.0854633177417754e6
4.126367015353871e6
4.167483252169644e6
4.208811513924349e6
4.250351277121406e6