879271.4817811765
879241.9069794759
879163.0944341146
879035.1441348093
878860.5746008856
878638.836585335
878371.2723799236
878062.0603296307
877710.9528694574
877321.0946393348
876895.3423298046
876436.6613091743
875948.1944187996
875433.9260618191
874897.3037115249
874342.4312288205
873773.5920708345
873195.3836354336
872612.1556787845
872029.272257926
871451.654932139
870883.1222391685
870332.6344590557
869801.9185227291
869298.7446870854
868827.9184107505
868395.1468433856
868007.1380475175
867668.2166687254
867387.6575400302
867168.3960435434
867017.576199237
866941.291540846
866945.7077418079
867036.8846412336
867221.0802903717
867504.1160416238
867893.0386415556
868392.2771267022
869008.62971106
869748.3254385496
870616.8232102443
871621.0058283024
872764.6585236378
874055.04404289
875497.3093872806
877096.9910644224
878859.5435381776
880790.3190397193
882894.5556403983
885177.437722346
887644.0192108013
890299.2456381284
893147.9697926701
896194.9597420348
899444.8533518349
902902.1644800495
906571.3252830259
910456.6342238577
914562.2959672948
918892.3767522151
923450.6078002823
928241.582223682
933268.2865306955
938534.6192018578
944045.4649945325
949800.0450439746
955805.8203473531
962064.5840975149
968579.3873268986
975353.1138832653
982388.7670979269
989688.9663497644
997256.2618359437
1.005093269734916e6
1.0132023980161471e6
1.0215859213046824e6
1.0302460221355734e6
1.039184808655764e6
1.0484042709437844e6
1.057906305747602e6
1.067692705650902e6
1.0777651633734521e6
1.0881252874859257e6
1.0987745807726672e6
1.1097144612344194e6
1.1209462368439157e6
1.132471169945849e6
1.1442903942589553e6
1.1564049686945034e6
1.1688158799900818e6
1.1815240134370162e6
1.1945301836368265e6
1.207835128995452e6
1.221439506488053e6
1.2353438990782362e6
1.2495488136384424e6
1.2640546852619285e6
1.2788618869713773e6
1.2939707084179893e6
1.3093813836257553e6
1.3250940862329553e6
1.3411089041435027e6
1.3574258946637157e6
1.3740450222624599e6
1.3909662220003663e6
1.4081893666358017e6
1.425714252299768e6
1.4435406580549965e6
1.4616682883260585e6
1.4800968043149416e6
1.498825819834425e6
1.5178548996337426e6
1.537183574893565e6
1.5568113223382698e6
1.576737582679041e6
1.5969617579116402e6
1.6174832107532811e6
1.6383012691392256e6
1.6594152266266395e6
1.6808243424111018e6
1.7025278451519012e6
1.7245249340248448e6
1.7468147794589407e6
1.7693965229995868e6
1.7922692826558796e6
1.8154321526389667e6
1.8388842015999488e6
1.8626244913729844e6
1.8866520209635722e6
1.910965823136429e6
1.9355648858239541e6
1.9604481638590265e6
1.9856146425763348e6
2.011063256507558e6
2.0367929430046838e6
2.0628026177301211e6
2.0890911910960395e6
2.115657563856214e6
2.1425006285501625e6
2.1696192637715414e6
2.197012351949264e6
2.224678760382423e6
2.2526173588672928e6
2.2808270056620426e6
2.3093065386696234e6
2.338054857497031e6
2.3670707945083315e6
2.3963532084684027e6
2.425900951005605e6
2.4557128751505753e6
2.485787840152311e6
2.516124701934603e6
2.5467223282825113e6
2.577579582245174e6
2.6086953099054988e6
2.6400684220588813e6
2.671697755118928e6
2.703582229054421e6
2.735720717585123e6
2.7681121249274653e6
2.8007553471553647e6
2.8336493168270714e6
2.8667928883862044e6
2.9001850572968437e6
2.93382473198427e6
2.9677108596517816e6
3.00184239415544e6
3.0362182999317776e6
3.0708375482643754e6
3.105699123111814e6
3.1408020356704043e6
3.176145235735546e6
3.2117277982851886e6
3.24754871876386e6
3.2836070457833703e6
3.3199018256929647e6
3.3564321200291533e6
3.3931970056560053e6
3.430195545903565e6
3.467426865383174e6
3.504890061461965e6
3.542584223005896e6
3.580508529623172e6
3.618662102282169e6
3.657044110686314e6
3.695653710760806e6
3.734490090413498e6
3.773552445011063e6
3.81283998234754e6
3.8523519153590477e6
3.892087456048492e6
3.9320458967822255e6
3.972226470648127e6
4.0126283987982203e6
4.053251107296021e6
4.094093755468778e6
4.1351556564462218e6
4.176436172866278e6
4.217934620883336e6