537670.8781430168
537695.8806368721
537762.7175738936
537871.681566208
538023.8730591544
538219.9080517828
538461.1136923338
538749.083091283
539085.54121834
539472.456595207
539912.1205238474
540407.0398220256
540960.0670001941
541573.5786569567
542252.1882692416
542996.1881795804
543811.8525997918
544701.9341085353
545670.0992510263
546720.4466917684
547857.0991913544
549084.0120781155
550405.5848477773
551245.106231752
553350.1489316176
554982.1622292048
556726.4414026631
558588.2829956305
560571.6199244626
562681.3638018835
564922.1377757883
567298.598756727
569815.381441693
572477.1024351354
575288.3371807203
578253.6416262201
581377.5198112717
584664.4160290433
588118.7579663314
591744.3797004601
595546.7659955231
599528.944790445
603695.3788136354
608050.0875073276
612596.9788812067
617339.866802306
622282.5417405667
627428.5711923381
632781.5706699645
638344.9239707137
644121.9743155456
650115.9582682956
656330.000668722
662767.1090031831
669430.2063136887
676322.093522591
683445.4757266501
690802.9522560576
698396.9905709279
706229.9978173978
714304.2441570498
722621.9103908781
731185.0692003103
739995.703626785
749055.6911986304
758366.795587395
767930.7160902711
777749.0338544267
787823.2470191856
798154.7533637354
808744.8741412145
819594.8397166913
830705.7875035299
842078.7900289284
853714.8128683806
865614.7605780638
877779.4547672316
890209.6429756469
902905.9971437006
915869.1231383401
929099.5524784768
942597.7540748103
956364.1283649937
970399.0132233874
984702.6841463184
999275.3748398111
1.0141172247401574e6
1.0292283616604535e6
1.0446088313469054e6
1.0602586434574795e6
1.07617774842053e6
1.0923660551832113e6
1.108823431464011e6
1.1255496826161887e6
1.1425445992134486e6
1.159807914650052e6
1.1773393279422056e6
1.1951385027091852e6
1.2132050647886074e6
1.2315386107651005e6
1.2501387031882901e6
1.2690048748411245e6
1.2881366300902334e6
1.3075334461935621e6
1.3271947747425588e6
1.3471200431285256e6
1.3673086556930442e6
1.3877599954941059e6
1.4084734251543086e6
1.4294482885425375e6
1.4506839111141851e6
1.4721796035057055e6
1.4939346583007104e6
1.5159483568444387e6
1.538219963750157e6
1.5607487356956075e6
1.5835339153460371e6
1.606574735437579e6
1.629870419429128e6
1.65342018522886e6
1.6772232402632835e6
1.7012787868020847e6
1.725586020730773e6
1.7501441344889097e6
1.7749523155166209e6
1.8000097474464565e6
1.8253156127957825e6
1.850869090262464e6
1.8766693603691855e6
1.9027155956256974e6
1.9290069804889557e6
1.9555426917693769e6
1.9823218970920476e6
2.009343794429402e6
2.0366075575656146e6
2.0641123757301364e6
2.0918574332295426e6
2.119841925894116e6
2.1480650486944662e6
2.1765260020225476e6
2.205223988073171e6
2.2341582209935514e6
2.263327916259966e6
2.292732294796808e6
2.3223705808771215e6
2.352242008205574e6
2.3823458194024684e6
2.412681258547717e6
2.4432475814459743e6
2.4740440473576114e6
2.5050699252449768e6
2.53632449081825e6
2.5678070277083423e6
2.5995168300000774e6
2.6314532139659086e6
2.6636154478945476e6
2.6960028767862455e6
2.728614798852312e6
2.761450576139978e6
2.7945095412354055e6
2.8277910459447834e6
2.861294443854123e6
2.8950191088915863e6
2.9289644167713667e6
2.9631297756107645e6
2.9975145361923585e6
3.0321181246683127e6
3.0669399560473445e6
3.1019794491905123e6
3.1372360384760513e6
3.172709163437526e6
3.2083982720075385e6
3.2443028232459645e6
3.2804222865029373e6
3.3167561325083207e6
3.3533038563645487e6
3.3900649432172733e6
3.427038899651312e6
3.4642252385840896e6
3.501623473317663e6
3.5392331449836357e6
3.577053789452774e6
3.615084928146563e6
3.6533261517907134e6
3.691777005698955e6
3.730437067282598e6
3.769305912972703e6
3.80838313160051e6
3.8476683217734615e6
3.887161086105375e6
3.9268610348392515e6
3.9667677964351387e6
4.0068809939261037e6
4.0472002617991013e6
4.0877252471652725e6
4.1284556007720814e6
4.1693909798469828e6
4.210531050519101e6
4.25187549036899e6
4.293423974772848e6