474035.7395215017
474072.81564906775
474171.8696335838
474333.2755555783
474557.7499783565
474846.1603073387
475199.69807082904
475619.8477085836
476108.1528218144
476666.5566191664
477297.1739542157
478002.3367433798
478784.58747624443
479646.59739841695
480591.349084086
481621.89611189987
482741.4797164914
483953.6992313508
485261.4833341618
486669.14493067574
488180.3556024758
489798.7773883558
491528.50187922246
493373.56811268383
495337.3001172986
497426.1977957095
499642.08441855886
501990.1762154439
504474.50779064605
507099.4265932287
509869.2112525519
512788.1025105587
515860.34389470343
519090.13890246174
522481.7792019461
526038.7835557857
529766.5369762063
533667.6323288677
537746.8339924938
542007.8259356812
546454.4515364073
551090.4360436968
555919.4363400585
560945.0297139687
566170.6828744861
571599.764386322
577235.6234364491
583081.3858838113
589140.228030191
595415.093639548
601908.892085575
608624.4221110006
615564.3779210363
622731.3444530402
630127.8164144001
637756.1802713843
645618.7233523398
653717.6256458873
662054.9746783029
670632.7570403493
679452.8585319374
688517.0672234045
697827.0822461586
707384.5086610728
717190.8587317705
727247.5430287622
737555.8971310003
748117.1674527762
758932.5138269782
770003.0048208758
781329.6425867985
792913.3443525434
804754.9476726248
816855.2220817796
829214.857983218
841834.4762345059
854714.6300567675
867855.8081175125
881258.4326893189
894922.8642713763
908849.4039544446
923038.2952428457
937489.7212604152
952203.8220283594
967180.6664270572
982420.3023034718
997922.6919775605
1.0136877834820978e6
1.0297154695678956e6
1.0460055980726201e6
1.0625579784753236e6
1.0793723806989393e6
1.096448542068405e6
1.1137861492877412e6
1.1313848774655112e6
1.149244355443996e6
1.1673641846229355e6
1.1857439379080161e6
1.2043831604874316e6
1.2232813719873978e6
1.242438067243008e6
1.2618527180040288e6
1.2815247743907527e6
1.3014536661390476e6
1.3216388036152625e6
1.34207957955226e6
1.3627753698862325e6
1.383725535069052e6
1.4049294211629012e6
1.426386360725082e6
1.4480956747710863e6
1.470056671539736e6
1.4922686507458044e6
1.514730902921711e6
1.5374427083856286e6
1.5604033417586396e6
1.5836120701604849e6
1.6070681552632228e6
1.6307708514351447e6
1.6547194164520479e6
1.6789130893379461e6
1.70335113258362e6
1.7280327748316796e6
1.7529572640255233e6
1.7781238406642908e6
1.8035317397736486e6
1.8291802242496589e6
1.8550685144361553e6
1.8811958621714585e6
1.9075615089449938e6
1.9341647081723006e6
1.9610047092524117e6
1.988080755330424e6
2.0153921185064288e6
2.0429380510057663e6
2.0707178354584917e6
2.0987307035023207e6
2.126975955490863e6
2.155452874763799e6
2.1841607411100767e6
2.2130988488071673e6
2.242266483730645e6
2.271662963602488e6
2.301287589307012e6
2.3311396863396927e6
2.3612185637433697e6
2.3915235743496185e6
2.422054038947341e6
2.4528093184601264e6
2.4837887329968223e6
2.51499167492018e6
2.546417503077836e6
2.5780655929111773e6
2.609935330391474e6
2.642026077158284e6
2.6743373144275e6
2.7068683786531906e6
2.7396186940703355e6
2.772587706113628e6
2.8057748379231878e6
2.8391795328869764e6
2.872801246518393e6
2.906639416465934e6
2.940693531929402e6
2.974963060630995e6
3.009447484195186e6
3.0441462955130693e6
3.0790589954092926e6
3.11418508828886e6
3.1495240987802064e6
3.185075545432034e6
3.2208389932175805e6
3.2568139228510605e6
3.292999916001782e6
3.3293965284017553e6
3.366003326885859e6
3.402819884335691e6
3.439845783587651e6
3.4770806166966716e6
3.514523972517649e6
3.5521754651257363e6
3.5900347106912746e6
3.6281013076147274e6
3.666374907738223e6
3.704855137743532e6
3.7435417002053154e6
3.782434098975139e6
3.821532107173952e6
3.8608353611264345e6
3.900343533519127e6
3.940056300273486e6
3.97997334771945e6
4.0200943743242384e6
4.0604190701663005e6
4.1009471465247073e6
4.1416783144822144e6
4.18261229242809e6
4.223748806116035e6
4.265087587131372e6
4.3066283721006885e6