477967.46193437185
477999.02152015606
478100.7791441346
478258.8619809208
478478.74094153894
478761.2847715039
479107.69106873486
479519.4521024304
479998.1147973208
480545.63525392476
481164.13257985807
481855.95347837685
482623.64984166774
483469.90520150366
484397.71618838166
485410.149960937
486510.46362728556
487702.27287500666
488988.51915280137
490373.5385260858
491861.02137350466
493454.64559609257
495158.5250101965
496976.7218234113
498912.5734784134
500972.6121357706
503158.678115283
505476.01519827824
507928.67907215306
510521.04358514806
513257.4113411311
516142.04929342004
519179.2274379692
522373.17737974646
525728.0932951127
529247.8794152003
532937.6067257866
536799.9888042236
540839.8373690501
545060.5277690326
549466.9161185888
554061.7754714026
558849.1186129978
563832.5500723241
569015.5653079937
574401.5615497978
579993.9165899211
585795.7841845768
591810.3692102917
598040.6433799244
604489.5440198607
611159.8975587635
618054.4256817485
625175.7406051524
632526.3633515919
640108.7078323641
647925.0871768402
655977.7074329265
664268.6828109159
672800.0212354029
681573.6371041636
690591.339807977
699854.8557701274
709365.8128289635
719125.7434525259
729136.0819238415
739398.1860779405
749913.3234950707
760682.6743364444
771707.3278587334
782988.3063265566
794526.5455907555
806322.9020300335
818378.1632395524
830693.0370110524
843268.1612810779
856104.1054362261
869201.3740352613
882560.404441102
896181.5717328745
910065.1911044607
924211.5195154846
938620.7528003554
953293.0434368373
968228.4719246718
983427.0973989861
998888.8926957287
1.0146138158441525e6
1.0306017692497545e6
1.0468526096551513e6
1.0633661549335476e6
1.0801421830938703e6
1.097180438633559e6
1.1144806152101033e6
1.1320423944429625e6
1.149865410881165e6
1.167949271488424e6
1.1862935540262854e6
1.2048978082762503e6
1.223761557760382e6
1.2428843009266136e6
1.2622655127730886e6
1.2819046461162474e6
1.3018011330069117e6
1.3219543857644396e6
1.3423637986673648e6
1.3630287488120804e6
1.3839485974749632e6
1.4051226911501219e6
1.4265503615278983e6
1.4482309324167352e6
1.4701637084594443e6
1.4923479893279134e6
1.514783065137569e6
1.5374682143628686e6
1.560402708986198e6
1.5835858153939417e6
1.6070167930477369e6
1.6306948931090427e6
1.6546193710252983e6
1.6787894626218914e6
1.7032044278437025e6
1.7278634914277042e6
1.7527658979591397e6
1.7779108842082703e6
1.8032976887544126e6
1.8289255484628265e6
1.8547937007044628e6
1.8809013866230792e6
1.9072478427555652e6
1.9338323179926167e6
1.9606540569334405e6
1.9877122977328289e6
2.0150063077036245e6
2.042535333874766e6
2.0702986547009372e6
2.0982954938812116e6
2.126525148825961e6
2.154986896996869e6
2.183680012574859e6
2.21260378428299e6
2.2417574923031493e6
2.2711404490012666e6
2.300751949412332e6
2.330591313490891e6
2.3606578518079324e6
2.390950889525206e6
2.4214697634832487e6
2.4522138111567367e6
2.483182377870504e6
2.514374820250677e6
2.5457905003673816e6
2.5774287882721685e6
2.609289063185087e6
2.6413707084520445e6
2.6736731228946196e6
2.7061957128910134e6
2.738937869969759e6
2.7718990362540763e6
2.80507862826476e6
2.8384760841556736e6
2.872090853586602e6
2.9059223683786406e6
2.9399701126791425e6
2.9742335485558184e6
3.008712152038974e6
3.043405411092485e6
3.0783128207643363e6
3.113433879575995e6
3.1487681090090713e6
3.184315050974515e6
3.2200741737570474e6
3.256045045478464e6
3.2922272119166646e6
3.328620223741682e6
3.3652236429410754e6
3.402037037493486e6
3.439059985430952e6
3.4762920740653197e6
3.513732887491242e6
3.5513820353002674e6
3.5892391290550795e6
3.627303762435579e6
3.6655756115124202e6
3.7040542412882284e6
3.742739323107947e6
3.7816304954820448e6
3.820727417036924e6
3.8600297471182547e6
3.899537154294183e6
3.9392493104442353e6
3.9791659000814394e6
4.019286611604937e6
4.059611137541232e6
4.1001391832203525e6
4.14087045609682e6
4.1818046710190014e6
4.222941548429664e6
4.264280820767548e6
4.305822217612835e6