441380.72184012155
441424.26215023047
441540.61554540566
441730.09363481065
441993.40467684425
442331.3838078622
442745.1709029885
443236.16265194945
443805.9218139383
444456.33164663543
445189.2777575335
446007.111679469
446912.2722954904
447907.31499246147
448995.10066452995
450178.56168428273
451460.810269934
452845.1344474873
454334.82931145316
455933.53770347766
457644.93033637444
459472.5179331058
461420.21195486444
463491.8686261977
465690.6346255463
468022.7830925521
470489.9858215916
473097.2064888234
475848.31053491717
478747.4135817713
481798.58305184264
485005.8348731941
488373.1904777406
491904.6203756435
495604.07351215684
499474.9576417692
503522.5751454452
507749.24705226906
512159.1909037399
516756.03316177416
521543.3703294551
526524.6869667616
531703.3941836817
537082.8345270309
542666.2198677649
548456.6844983277
554457.330005651
560671.0448223746
567100.7651652859
573749.1963373622
580619.0106830499
587712.8270004458
595032.9424144294
602581.8788185685
610361.8463903253
618375.0082864441
626623.4326396054
635109.0754940094
643833.8156531955
652799.4252829378
662007.7360784261
671459.879296013
681157.8097406807
691102.782571659
701296.1191283124
711739.0484638882
722432.7158441443
733378.1906913607
744576.4692957492
756028.445850563
767734.9614071052
779696.7684829454
791914.5573005883
804388.9479697885
817120.4819592587
830109.6461830981
843356.858490011
856862.4781195165
870626.8050210464
884650.0757357081
898932.4822735747
913474.1566989095
928275.178118806
943335.5868202827
958655.3579117768
974234.44691829
990072.7331839637
1.0061700836720555e6
1.0225263150954264e6
1.0391412035708203e6
1.0560144914457113e6
1.0731458863148424e6
1.0905350674715843e6
1.1081816669476412e6
1.1260853121993379e6
1.1442455837844545e6
1.1626620425263753e6
1.181334223331574e6
1.2002616376724541e6
1.2194437746521241e6
1.2388801026386917e6
1.2585700704363463e6
1.2785131085785928e6
1.2987086304471283e6
1.319156033714446e6
1.3398547012493904e6
1.36080400216472e6
1.3820032936058645e6
1.403451925142306e6
1.4251492173938625e6
1.447094509981377e6
1.4692871171766534e6
1.4917263388008396e6
1.514411486837987e6
1.5373418538844297e6
1.5605167310772613e6
1.5839354008899878e6
1.607597151739216e6
1.6315012576789411e6
1.6556470034103887e6
1.6800336543753026e6
1.7046604905860494e6
1.7295267850449476e6
1.7546318122295234e6
1.7799748442933287e6
1.8055551585496287e6
1.8313720310517165e6
1.8574247415765864e6
1.8837125711332557e6
1.9102348030042264e6
1.9369907281520166e6
1.963979636537693e6
1.9912008154774427e6
2.0186535776413286e6
2.046337219403968e6
2.0742510679850844e6
2.1023943929132996e6
2.130766558598792e6
2.1593668756006258e6
2.188194676435046e6
2.2172492974797897e6
2.246530084420802e6
2.276036389314595e6
2.3057675667831665e6
2.335722987185655e6
2.3659020178363025e6
2.3963040384930186e6
2.4269284345866754e6
2.457774602864067e6
2.488841941557309e6
2.520129862847126e6
2.5516382532396964e6
2.5833651174177327e6
2.615311311208153e6
2.647475796547503e6
2.6798580257213577e6
2.712457458150156e6
2.7452735423030304e6
2.77830576726045e6
2.8115536066475715e6
2.845016548642584e6
2.878694096047361e6
2.912585734266363e6
2.946690995032821e6
2.9810093923690864e6
3.015540454229638e6
3.050283716887063e6
3.085238725266281e6
3.1204050285654487e6
3.155782194388559e6
3.1913697155718757e6
3.2271673750575776e6
3.2631745502040964e6
3.299390902517827e6
3.335816029064038e6
3.372449537288849e6
3.4092910415306725e6
3.4463401598127615e6
3.4835965268398817e6
3.521059770958161e6
3.558729542357697e6
3.5966054871701347e6
3.6346872998603666e6
3.6729745749608483e6
3.711467018816595e6
3.750164337093861e6
3.7890661411321703e6
3.8281721788093904e6
3.867482147750104e6
3.9069957450716794e6
3.9467126803370304e6
3.986632671138907e6
4.0267554470368735e6
4.0670807297243904e6
4.107608266559054e6
4.148337791924407e6
4.189269055485824e6
4.230401814721759e6
4.271735859065023e6
4.3132708890206395e6