445873.51674567023
445916.15507201897
446030.0969013524
446215.6595428509
446473.55802896665
446804.6278282254
447210.01644563547
447691.12867075787
448249.5329195685
448887.13136072294
449605.80904722156
450407.93872280186
451295.9710611305
452272.4762507159
453340.3325287057
454502.48913285055
455762.0771003892
457122.40480611264
458586.78633378353
460158.8881577897
461842.407004604
463640.8717894651
465558.2216832085
467598.3382645332
469764.3937202792
472062.69248608197
474494.92876221926
477066.1012455411
479780.1001505365
482641.0730945496
485653.11810196645
488820.28207869094
492146.6186176981
495636.1315475359
499292.79871708655
503120.0554001117
507123.2636195028
511304.7500912094
515668.77602107753
520219.0006269056
524959.0551941352
529892.4587122494
535022.655753634
540353.0222151193
545886.8077351032
551627.1766705655
557577.2661298811
563739.9979204964
570118.3420914595
576715.0371115071
583532.7884356716
590574.1921467453
597841.7440533616
605337.8311683332
613064.7524790674
621024.7006245797
629219.7756669229
637651.9631183518
646323.1721916916
655235.2032386892
664389.9266010872
673788.4750622719
683432.8572333717
693324.3473586437
703464.2924385205
713853.9442081163
724494.475401252
735386.9851240579
746532.4865579534
757931.8990358441
769586.084712161
781495.8220919373
793661.8183457395
806084.7152974935
818765.0739249993
831703.3991592355
844900.13021138
858355.640820169
872070.2486459755
886044.2066157369
900277.7219670757
914770.9417465463
929523.9589971044
944536.8275460271
959809.5351079579
975342.049415506
991134.25856951
1.007186047988056e6
1.0234972367739314e6
1.0400676132498535e6
1.056896928546449e6
1.073984898532155e6
1.0913312102353312e6
1.1089355025546527e6
1.126797409592057e6
1.1449165180201815e6
1.163292393759775e6
1.181924576690909e6
1.2008125826754586e6
1.2199559043790621e6
1.2393540137296608e6
1.2590063622631489e6
1.2789123828773876e6
1.2990714908295823e6
1.319483085199086e6
1.3401465500093899e6
1.3610612548160534e6
1.382226557014605e6
1.4036418060067953e6
1.4253063216739106e6
1.4472194432717857e6
1.4693804785195412e6
1.4917887387562655e6
1.5144435218694517e6
1.5373441209303497e6
1.5604898277716888e6
1.5838799182157803e6
1.6075136784506491e6
1.6313903805021676e6
1.6555093027409688e6
1.6798697126754073e6
1.704470880176335e6
1.7293120760164966e6
1.7543925700843376e6
1.7797116297697434e6
1.8052685275749788e6
1.8310625344469994e6
1.8570929245144099e6
1.8833589745757298e6
1.9098599611243245e6
1.9365951701560384e6
1.9635638855666704e6
1.9907653887250419e6
2.018198986497923e6
2.0458639694639088e6
2.0737596568335888e6
2.1018853207583996e6
2.1302402997169374e6
2.1588239157286547e6
2.187635488796529e6
2.2166743494117605e6
2.245939836653932e6
2.275431295462917e6
2.3051480744038904e6
2.335089536142123e6
2.365255042379163e6
2.395643965759134e6
2.42625568518883e6
2.4570895906019825e6
2.488145073445511e6
2.519421538222704e6
2.550918393088503e6
2.5826350573663125e6
2.6145709571324964e6
2.646725521813233e6
2.6790981977611515e6
2.711688437433176e6
2.7444956829650896e6
2.7775194163376004e6
2.8107591055814144e6
2.8442142320653917e6
2.877884292239421e6
2.9117687648493843e6
2.945867175864953e6
2.9801790327293277e6
3.0147038573723277e6
3.0494411798992753e6
3.0843905391910146e6
3.1195514783652537e6
3.154923559235364e6
3.1905062686005416e6
3.226299383680969e6
3.2623022759744283e6
3.2985146014330024e6
3.3349359514116016e6
3.371565927822843e6
3.408404139617814e6
3.4454501991994097e6
3.482703736147621e6
3.52016437332674e6
3.5578419562560366e6
3.5957055591797093e6
3.6337853691681316e6
3.6720708791800393e6
3.7105617557837833e6
3.749257700239432e6
3.7881583186171185e6
3.8272633540937165e6
3.866572500367081e6
3.9060854490757063e6
3.9458019059921047e6
3.9857215841187527e6
4.0258442087261034e6
4.066169497115084e6
4.1066971925410656e6
4.1474270252798507e6
4.188358774192217e6
4.229492124231772e6
4.270826865665742e6
4.3123627583083445e6