500034.1684298161
500066.2472259682
500151.88795675157
500291.54280792986
500485.9349029919
500735.9493681287
501042.8070811049
501408.01811117964
501833.2303018241
502320.3807224534
502871.6603232383
503489.4745567671
504176.4335799303
504935.2884873377
505769.11154777225
506681.0427528568
507674.42615594197
508752.79694174364
509919.68405146856
511179.02638626035
512534.789712602
513990.75038425
515551.1295614293
517220.10645332286
519001.87920294184
520900.87788666884
522921.17123833724
525067.7556131207
527344.4519249774
529755.8941976631
532306.5247627429
535000.742009559
537842.9672047258
540837.5746914058
543988.9087623518
547301.2781188476
550778.9449396895
554426.0615948553
558246.7433355381
562245.058694347
566425.6184648522
570791.4597093218
575346.7725987087
580095.3180910735
585040.7482707081
590186.6194843077
595536.4648258695
601093.5944164786
606861.369459878
612842.9172170728
619041.3277863266
625459.582128725
632100.556103901
638967.0079236052
646061.6124482737
653386.9268953067
660945.4140511034
668739.4300599233
676771.206529713
685042.9154819434
693556.5997261293
702314.2098390744
711317.6015158528
720568.5303572463
730068.6615824427
739819.5510489428
749822.6761405224
760079.435886156
770591.1156948195
781358.9228701266
792383.9875603886
803667.3611943857
815209.9975995303
827012.7904527022
839076.6084522798
851401.9871278347
863989.7902506673
876840.5433368608
889954.7698439353
903332.9272808854
916975.4112224455
930882.5547828431
945054.6269853478
959491.8512959089
974194.3745618397
989162.3194341676
1.004395720424406e6
1.0198945927405921e6
1.0356588928145313e6
1.0516885328608528e6
1.0679833754287872e6
1.084543242359104e6
1.1013679319026729e6
1.1184571663688377e6
1.135810669306144e6
1.1534281095738937e6
1.1713091259801588e6
1.1894533257038575e6
1.2078602850466734e6
1.2265295517599839e6
1.2454606460452385e6
1.2646530620167693e6
1.2841062694976563e6
1.3038197150532152e6
1.3237928234851195e6
1.3440249990751827e6
1.3645156270097867e6
1.3852640745224603e6
1.4062696934284081e6
1.4275318143343176e6
1.449049762030432e6
1.4708228420740496e6
1.4928503488624585e6
1.5151315670956322e6
1.5376658205785993e6
1.5604522192055606e6
1.5834901661117303e6
1.6067788758095703e6
1.6303175722620157e6
1.654105497281591e6
1.6781418818762654e6
1.7024259502519234e6
1.726956926676624e6
1.7517340314950242e6
1.7767564813564783e6
1.802023493348263e6
1.827534282905757e6
1.8532880646728266e6
1.8792840559433638e6
1.9055214690871974e6
1.9319995264742526e6
1.9587174482408424e6
1.9856744446718555e6
2.012869756881799e6
2.0403026034409122e6
2.0679722350140233e6
2.0958778389640227e6
2.1240187028777935e6
2.152394054930368e6
2.181003146466052e6
2.2098452311621234e6
2.2389195627257223e6
2.268225432800106e6
2.297762087233555e6
2.327528821502372e6
2.357524914412246e6
2.3877496602610303e6
2.4182023596783727e6
2.448882322152816e6
2.479788861732825e6
2.5109212969058985e6
2.542278963274781e6
2.5738611977646714e6
2.6056673472268027e6
2.6376967584084417e6
2.669948802091145e6
2.702422852914305e6
2.7351182678646753e6
2.768034458982277e6
2.8011708121398524e6
2.8345267312172297e6
2.868101628525957e6
2.901894928045225e6
2.9359060588494116e6
2.9701344879294843e6
3.0045796055646883e6
3.039240886196708e6
3.0741178274163273e6
3.1092098676559255e6
3.144516502223698e6
3.18003722097101e6
3.2157715220851507e6
3.2517189134006444e6
3.287878913180111e6
3.3242510434985533e6
3.3608348390504997e6
3.397629865859723e6
3.4346356231391565e6
3.471851696455308e6
3.5092776450788006e6
3.5469130542669734e6
3.584757504269584e6
3.6228105630570585e6
3.661071862068792e6
3.6995409911655057e6
3.7382175710148383e6
3.777101216455131e6
3.816191557959427e6
3.8554882366824057e6
3.8949908970361184e6
3.934699187278636e6
3.974612755768869e6
4.014731311874708e6
4.055054483396519e6
4.095581968929479e6
4.1363134549663244e6
4.1772486340019843e6
4.218387212587993e6
4.259728894516702e6
4.301273395286825e6