434320.8225426952
434365.7884607414
434485.9518246767
434681.61605997814
434953.4765258668
435302.37440016796
435729.4314534537
436236.03387586155
436823.73014978366
437494.3805137989
438249.86746604287
439092.51099463645
440024.7296333108
441049.05547847645
442168.330361651
443385.4342147005
444703.47659000463
446125.7000761599
447655.374704201
449296.10208209266
451051.51379711286
452925.09010808833
454920.69814132305
457042.1543682553
459292.56755104766
461678.1561134977
464200.55939325644
466864.68404677
469674.35682974686
472633.6424498232
475746.55962230416
479017.07465219114
482449.1582499463
486046.72987594164
489813.6866391731
493753.39829551487
497871.0711578537
502169.01782374445
506651.3857899924
511321.74673467467
516183.64638281404
521240.5133845083
526495.7051108954
531952.5093379219
537614.0829450402
543483.5146858105
549563.8371487904
555857.8970812461
562368.574350601
569098.5227322658
576050.3601287386
583226.6505574659
590629.6499442568
598261.8194230752
606125.3275265704
614222.2814633612
622554.7035606734
631124.5018471285
639933.5081660909
648983.4485418681
658276.1010325946
667812.5774528908
677594.7642096493
687623.8825539344
697901.2103016746
708427.9398287057
719205.1786488618
730233.9505725118
741515.2159770327
753049.8370812704
764838.6173086825
776882.2759114421
789181.4692741891
801736.7861486726
814548.7367816485
827617.7787380205
840944.3012077095
854528.6360391327
868371.0572091249
882471.7748140339
896830.9579292962
911448.7152162053
926325.1039142818
941460.1432108134
956853.7886613976
972505.9767183411
988416.5692948711
1.0045854164922367e6
1.0210123193475659e6
1.0376970393087901e6
1.0546393049891307e6
1.0718388112166913e6
1.089295225388751e6
1.1070081689050924e6
1.124977258798744e6
1.143202066999829e6
1.1616821457964438e6
1.1804170227981752e6
1.1994062029068118e6
1.2186491694733193e6
1.2381453858837215e6
1.2578942967386912e6
1.2778953290842718e6
1.2981478935832246e6
1.31865138590168e6
1.3394051873156452e6
1.3604086664342727e6
1.3816611802607146e6
1.4031620787777763e6
1.4249106840108475e6
1.4469063369163969e6
1.469148354152163e6
1.4916360383766065e6
1.5143687049100446e6
1.537345649503483e6
1.5605661689008882e6
1.5840295485375691e6
1.6077350819337135e6
1.631682050092965e6
1.6558697409818247e6
1.680297431914612e6
1.7049644040855092e6
1.7298699381934002e6
1.7550133181834181e6
1.780393821884892e6
1.8060107350378067e6
1.8318633417647777e6
1.8579509301546342e6
1.8842727898350984e6
1.9108282128681394e6
1.9376216865652732e6
1.9646369478288295e6
1.991888856662489e6
2.01937154495346e6
2.047084321962632e6
2.075026522266415e6
2.1031974326620996e6
2.131596410093203e6
2.160222792282227e6
2.1890759159603035e6
2.218155128408976e6
2.2474597846038025e6
2.2769892479031784e6
2.3067428833201407e6
2.336720071653881e6
2.3669201903452966e6
2.397342630604433e6
2.427986786914165e6
2.458852068202409e6
2.4899378824201263e6
2.521243654250878e6
2.5527688004151545e6
2.584512766314937e6
2.616474991525642e6
2.648654923484404e6
2.681052024814334e6
2.713665765194508e6
2.7464956036180817e6
2.779541039128324e6
2.8128015555672953e6
2.8462766512659355e6
2.8799658391736774e6
2.913868614251042e6
2.9479845189356804e6
2.982313075998547e6
3.0168538238443616e6
3.0516063078828217e6
3.086570082805978e6
3.121744707104916e6
3.157129758098762e6
3.192724805689074e6
3.2285294365612017e6
3.2645432431152253e6
3.300765827295478e6
3.337196793944599e6
3.3738357602119674e6
3.4106823471805137e6
3.447736186112125e6
3.484996915179272e6
3.5224641729417383e6
3.5601376170629044e6
3.5980169025256694e6
3.6361016963253994e6
3.6743916707956693e6
3.712886509918473e6
3.751585946061417e6
3.7904895365590607e6
3.829597090852151e6
3.868908288858553e6
3.908422842174199e6
3.948140468002885e6
3.9880608932171348e6
4.0281838479649047e6
4.0685090660653445e6
4.109036300246881e6
4.149765290027072e6
4.1906957933960273e6
4.231827570199247e6
4.273160389106864e6
4.314694018413208e6