583175.4088286248
583192.1921188072
583237.1178080866
583310.5625341238
583413.3959571803
583546.5604063874
583711.0314846324
583909.3186589674
584142.3645244614
584412.5048903992
584722.1140586404
585073.7917271995
585470.343287301
585914.7339104544
586410.2992702314
586960.4283702672
587568.7579145323
588239.1035064082
588975.2427567746
589781.5275339432
590662.2585049341
591621.542980685
592663.9777850193
593794.1090251264
595016.5666906798
596336.1834661774
597757.3534044743
599285.7474915041
600925.4066681224
602681.539188177
604558.9927924353
606562.7001594916
608697.5237726839
610968.3684832045
613379.7718047254
615937.4413076914
618645.2780850207
621508.2915477718
624531.222163627
627718.4687205745
631074.7783728258
634604.5575142918
638312.156917969
642201.9452304731
646278.0714016058
650544.6562682665
655005.776717733
659665.324683631
664527.1826662684
669595.020572987
674872.4883843333
680363.1177238944
686070.3148243314
691997.3502802328
698147.5208799302
704523.8291887916
711129.2871618343
717966.7675114142
725039.0360776575
732348.7561887837
739898.4726487292
747690.6352094181
755727.579387854
764011.5525122706
772544.6773637048
781328.9886307239
790366.4137984543
799658.7872993612
809207.8426429926
819015.2111557578
829082.4420906679
839410.9898117031
850002.2274239942
860857.3802530171
871977.6932509356
883364.2381923122
895018.0378927669
906940.0303557484
919131.0719720393
931591.951811267
944323.3685598517
957325.9640773411
970600.3833872717
984146.8669751124
997966.0946220222
1.0120583613960755e6
1.0264239402638081e6
1.0410630961911527e6
1.0559760020642881e6
1.0711627869547922e6
1.0866235174019549e6
1.1023582118118845e6
1.118366838503085e6
1.134649312826289e6
1.1512055068962392e6
1.1680352452624051e6
1.1851383090530648e6
1.2025144376423308e6
1.2201633319588243e6
1.2380846510452256e6
1.256278019717169e6
1.2747430276115087e6
1.293479230150335e6
1.3124861510263449e6
1.3317632836294314e6
1.3513100925463052e6
1.3711260147258933e6
1.3912104613929573e6
1.4115628191835694e6
1.4321824514562013e6
1.4530686997573455e6
1.474220885344505e6
1.495638309281121e6
1.5173202570004005e6
1.539265994462065e6
1.5614747716978644e6
1.5839458272141037e6
1.606678384327231e6
1.62967165192885e6
1.6529248319710682e6
1.6764371130490005e6
1.7002076744242078e6
1.7242356881348037e6
1.748520318609636e6
1.773060723510298e6
1.7978560534453685e6
1.8229054560553425e6
1.8482080735224818e6
1.8737630463260163e6
1.8995695054846662e6
1.9256265934970279e6
1.951933441785804e6
1.9784891694926328e6
2.0052929273219416e6
2.0323438410894028e6
2.059641045462084e6
2.087183675170007e6
2.1149708687636973e6
2.1430017676890804e6
2.1712755153305884e6
2.199791258567573e6
2.228548149455827e6
2.2575453512187763e6
2.286782028232672e6
2.316257319516418e6
2.3459704183182423e6
2.375920495300738e6
2.4061067372209015e6
2.4365283368465826e6
2.4671844900246435e6
2.49807439958913e6
2.52919729102373e6
2.5605523654552507e6
2.592138851956765e6
2.6239559836286167e6
2.6560030137338396e6
2.6882791969962805e6
2.7207837681322023e6
2.7535160247290423e6
2.7864752311560498e6
2.8196606775663043e6
2.853071656182482e6
2.8867074722486413e6
2.920567439735787e6
2.954650880855809e6
2.988957127311437e6
3.023485520309318e6
3.0582354126430308e6
3.0932061606616583e6
3.1283971381963873e6
3.163807721206083e6
3.1994372990024695e6
3.2352852697292394e6
3.2713510435742387e6
3.307634033645514e6
3.344133670073399e6
3.380849387246604e6
3.417780630477397e6
3.454926859272786e6
3.492287522396106e6
3.529862118753576e6
3.5676501178752924e6
3.6056509911875143e6
3.6438642754107113e6
3.682289462382767e6
3.72092608068071e6
3.759773647244698e6
3.7988317085176487e6
3.8380998065416743e6
3.877577498267082e6
3.917264345417381e6
3.957159922750278e6
3.997263812189587e6
4.037575597298254e6
4.0780948835401214e6
4.11882127216736e6
4.1597543777330047e6
4.200893821718857e6
4.242239239228355e6
4.283790262700025e6