590318.3592608981
590333.8819332384
590375.4485777393
590443.4309209827
590538.7124174403
590662.2363653856
590814.960650933
590999.4692999576
591216.6565237094
591468.8791705696
591758.5435138785
592088.2585831496
592460.8148711235
592879.2309526748
593346.8502424427
593867.0800048572
594443.568430945
595080.1968749939
595780.7011674538
596549.5105210091
597390.9209222603
598309.0855804025
599308.6234591091
600394.1221515222
601570.2124105685
602841.7890531376
604213.2623858508
605690.3560690561
607277.1281868638
608978.8290421462
610800.3427014097
612746.64053639
614822.6222230839
617033.2325059508
619383.0464655005
621877.6070823865
624521.4846366665
627319.0953250919
630275.4410685457
633394.9485935424
636682.4215114634
640142.3047265469
643778.9929174962
647596.8982751151
651600.2138921369
655793.1051165021
660179.6937230167
664763.9140708412
669549.6954997571
674540.7509987473
679740.7742340579
685153.3453364007
690781.9110034639
696629.7859423007
702700.3120537705
708996.5348977414
715521.5099232199
722278.1526834068
729269.2712847737
736497.572875977
743965.6414052306
751675.9697919369
759630.9328617267
767832.8204282054
776283.7966084287
784985.9247001156
793941.1820841299
803151.4364198835
812618.459129136
822342.8349697045
832329.3972201033
842576.3882837773
853086.2947464697
863860.3779818006
874899.91575686
886206.0015818267
897779.7175207655
909622.004117552
921733.7560829048
934115.7906919769
946768.835135039
959693.5575818126
972890.6291810882
986360.3149763045
1.0001033194079262e6
1.0141199608474213e6
1.0284105344110093e6
1.042975326772867e6
1.057814531408532e6
1.0729282960669317e6
1.0883167094989219e6
1.1039798047887317e6
1.1199175685276343e6
1.136129932355811e6
1.1526167838277193e6
1.1693779620047752e6
1.186413262051702e6
1.2037224359780366e6
1.2213051969671892e6
1.239161215391008e6
1.2572901264018633e6
1.27569152958306e6
1.294364989204738e6
1.3133100372160552e6
1.3325261744593782e6
1.3520128722360916e6
1.3717695735652528e6
1.3917956948808192e6
1.4120906276843618e6
1.4326537390879109e6
1.453484374031669e6
1.474581856460371e6
1.4959454895857922e6
1.5175745600169534e6
1.5394683349203626e6
1.5616260644462393e6
1.58404698701917e6
1.606730324623452e6
1.6296752856150188e6
1.652881069826286e6
1.6763468632140364e6
1.7000718428932074e6
1.7240551773750477e6
1.7482960273310354e6
1.7727935464713108e6
1.7975468809153384e6
1.8225551734619585e6
1.8478175607304806e6
1.8733331786729456e6
1.8991011515427905e6
1.9251206151932403e6
1.9513906953561383e6
1.9779105038685335e6
2.0046791855059871e6
2.0316958557347956e6
2.058959644499653e6
2.0864696776741247e6
2.11422508573838e6
2.142225001883437e6
2.170468560668345e6
2.1989549011546327e6
2.2276831663001254e6
2.2566525248362003e6
2.2858620854428047e6
2.315311026216774e6
2.344998514427102e6
2.374923711224666e6
2.405085793856874e6
2.435483945385577e6
2.466117351988623e6
2.496985256306681e6
2.5280867298633717e6
2.5594210962858917e6
2.5909875429930524e6
2.6227852865412785e6
2.654813567302088e6
2.6870716389254066e6
2.719558717255269e6
2.752274091775599e6
2.7852170180856134e6
2.818386775668319e6
2.8517826468018903e6
2.88540392673929e6
2.9192499191022827e6
2.9533199373196787e6
2.987613301702917e6
3.0221293442890774e6
3.056867408054397e6
3.091826839594512e6
3.127007002945288e6
3.1624072645704052e6
3.1980270039286157e6
3.2338656099292324e6
3.2699224832913075e6
3.3061970287567787e6
3.3426886641582404e6
3.3793968181736465e6
3.416320924718247e6
3.4534604356404957e6
3.490814793116519e6
3.528383478734155e6
3.566165962011501e6
3.604161702462091e6
3.6423702287634537e6
3.680791024115989e6
3.719423608918771e6
3.7582674916959386e6
3.7973222109566377e6
3.836587300640065e6
3.876062310086227e6
3.9157467932337318e6
3.9556403137302604e6
3.9957424533919403e6
4.0360527828158615e6
4.0765709007947547e6
4.117296402463367e6
4.1582288943209285e6
4.199367991114979e6
4.240713321262175e6
4.282264510185268e6