429828.29909901775
429874.17746994004
429996.7784179107
430196.4006420226
430473.7304883145
430829.61565721384
431265.16296422866
431781.7515366811
432380.92541406734
433064.5281948857
433834.4370983618
434692.9486488134
435642.4771057771
436685.53556852776
437824.9481172104
439063.57834596094
440404.514292696
441850.9797696241
443406.2241750788
445073.8246679865
446857.38741456554
448760.3738972655
450786.6203400891
452939.9188086005
455223.3529884402
457643.1081317469
460200.800439785
462901.3014119873
465748.41205439763
468746.1639337962
471898.54556333437
475209.490219826
478682.9365315866
482322.7709638574
486132.85746431863
490116.5410984643
494278.96752744133
498622.44087154616
503151.06516517967
507868.3813211918
512777.8963745143
517883.0050536749
523187.03120622074
528693.2257726903
534404.7128514987
540324.5462160509
546455.7236567605
552801.0581107583
559363.3949678682
566145.3545937361
573149.5211718318
580378.424667572
587834.2918749917
595519.5477994363
603436.3300919988
611586.714698715
619972.6929153234
628596.1419910578
637458.8638545374
646562.5552138638
655908.82708071
665499.1773326168
675335.0503142321
685417.7783145031
695748.6128590072
706328.7184954056
717159.1830164911
728241.0028476877
739575.110034655
751162.3499616067
763003.5011997386
775099.2619208335
787450.2675445022
800057.0859099063
812920.2085177462
826040.0739000868
839417.0528435347
853051.4601911397
866943.55321696
881093.5256561774
895501.5322964054
910167.6662705841
925091.9714623285
940274.4536777223
955715.0561660428
971413.7033503833
987370.2462014044
1.0035845243251695e6
1.0200563287689462e6
1.0367854118624543e6
1.0537714936129455e6
1.071014260879477e6
1.0885133736219294e6
1.106268446620065e6
1.1242790905434124e6
1.1425448717387777e6
1.1610653373804837e6
1.1798400105401855e6
1.198868392088144e6
1.2181499618532488e6
1.2376841802076066e6
1.2574704892064712e6
1.277508313788871e6
1.2977970631478005e6
1.3183361315696975e6
1.3391248998477678e6
1.360162736162454e6
1.381448997331623e6
1.4029830341048054e6
1.4247641693121372e6
1.4467917450738274e6
1.4690650794721823e6
1.491583477166887e6
1.5143462558118002e6
1.537352713334758e6
1.5606021493688393e6
1.5840938526271065e6
1.6078271197328211e6
1.631801235671537e6
1.6560154913554043e6
1.6804691688284483e6
1.7051615539509645e6
1.7300919318765067e6
1.7552595896405051e6
1.7806638118834875e6
1.8063038884689799e6
1.8321791090350877e6
1.858288767095192e6
1.884632157684504e6
1.9112085783745523e6
1.9380173345405364e6
1.9650577327676346e6
1.9923290752607314e6
2.0198306878828215e6
2.0475618861791568e6
2.0755220108288454e6
2.103710355225575e6
2.132126282834421e6
2.160769137180918e6
2.1896382626687232e6
2.2187330123942927e6
2.2480527478633085e6
2.2775968392537413e6
2.3073646586991614e6
2.337355593221657e6
2.3675690267992555e6
2.3980043577975263e6
2.4286609875617144e6
2.4595383313938063e6
2.4906358041499984e6
2.521952838091694e6
2.5534888539300943e6
2.585243306304946e6
2.6172156410921956e6
2.6494053119269004e6
2.6818117880923213e6
2.7144345458564567e6
2.7472730510774674e6
2.780326808714178e6
2.813595308246959e6
2.847078058183612e6
2.880774574154325e6
2.914684358134477e6
2.9488069594609733e6
2.983141906913668e6
3.0176887450454435e6
3.0524470254422645e6
3.087416308692231e6
3.122596159602614e6
3.157986160815511e6
3.193585888629303e6
3.2293949353713547e6
3.265412899146959e6
3.3016393875346426e6
3.338074011030851e6
3.3747163922818727e6
3.411566157913472e6
3.4486229442388066e6
3.485886394963463e6
3.5233561547407624e6
3.561031884216542e6
3.5989132455214863e6
3.6369999098012787e6
3.675291554541215e6
3.7137878628164525e6
3.7524885528395637e6
3.7913932502320264e6
3.83050175163936e6
3.8698136887187627e6
3.9093288107146914e6
3.9490468375513456e6
3.988967500248087e6
4.0290905336006577e6
4.0694156755147497e6
4.1099426825793744e6
4.1506712991458266e6
4.191601301069369e6
4.232732408706997e6
4.2740644380624015e6
4.315597146995813e6