549869.2844481431
549892.0524345578
549952.927328381
550052.302455806
550191.0048863997
550369.9198938808
550590.1042195236
550853.8296539162
551162.1630709133
551517.315648187
551921.6099017111
552268.7236186321
552887.9079726734
553455.5433527115
554083.7007946062
554775.6663375971
555535.1768867973
556365.3253221784
557270.4021199272
558254.4170263499
559321.5206355832
560475.7165306126
561721.4498312748
563063.1320877232
564505.2127912877
566052.38344931
567708.930164703
569480.2424401133
571370.2896321405
573384.060449332
575526.2451921898
577801.5722496427
580214.7436063851
582770.4554423387
585473.2831248812
588328.0646717559
591339.1750694182
594511.2002929931
597848.6550152446
601355.7970411082
605037.1038869506
608896.7907579241
612939.0211649983
617167.8974578066
621587.4089813955
626201.4484604258
631013.8882753168
636028.376033482
641248.6072008302
646678.046437388
652320.1173897105
658178.136035482
664255.3048283214
670554.7103869247
677079.3548497678
683832.1181392348
690815.7818894471
698033.019462476
705486.3748670629
713178.3295558093
721111.2277865587
729287.3228710368
737708.7572954105
746377.5858479892
755295.7547708844
764465.1006973967
773887.3772608243
783564.2424775785
793497.2554861673
803687.8744682508
814137.4844666306
824847.374974513
835818.7419453918
847052.7146574195
858550.3141522551
870312.499083494
882340.1432331204
894634.0449498402
907194.9253295745
920023.4386001757
933120.1613705624
946485.6074565875
960120.2199737846
974024.377644209
988198.3963021975
1.0026425483372353e6
1.0173570068479697e6
1.0323419366229638e6
1.0475974171089018e6
1.0631234884915361e6
1.0789201314695054e6
1.0949872835038481e6
1.111324839649369e6
1.1279326303627696e6
1.1448104705030187e6
1.1619581158709992e6
1.179375286464564e6
1.1970616649092936e6
1.2150168972382192e6
1.2332405950938503e6
1.2517323361812928e6
1.2704916682895913e6
1.2895181082855756e6
1.3088111459658386e6
1.3283702398043121e6
1.3481948294953546e6
1.368284326043157e6
1.3886381190500248e6
1.4092555766773315e6
1.4301360469803177e6
1.4512788590369266e6
1.4726833247912512e6
1.4943487387926066e6
1.5162743822269146e6
1.5384595194787933e6
1.5609034054925584e6
1.5836052774337805e6
1.6065643680818293e6
1.6297798955877172e6
1.6532510722211874e6
1.6769770996876687e6
1.7009571731627032e6
1.7251904816938748e6
1.7496762105643572e6
1.7744135348041772e6
1.7994016313868887e6
1.8246396753043476e6
1.8501268302378235e6
1.875862267669145e6
1.9018451470663822e6
1.9280746421609367e6
1.9545499167851908e6
1.981270124691122e6
2.008234447897221e6
2.0354420531857598e6
2.0628921118523767e6
2.090583793447413e6
2.1185162786163157e6
2.146688749903841e6
2.1751003872128143e6
2.203750381257776e6
2.232637926649813e6
2.2617622246112027e6
2.2911224769155253e6
2.3207178961210116e6
2.350547698775885e6
2.3806111045930963e6
2.410907346616138e6
2.441435663174676e6
2.472195291754391e6
2.50318550542414e6
2.534405533945988e6
2.565854645414578e6
2.5975321261296477e6
2.6294372496270766e6
2.6615693142714165e6
2.693927624513064e6
2.7265114594583097e6
2.759320165857832e6
2.792353056901407e6
2.8256094686951074e6
2.8590887570267506e6
2.8927902376553267e6
2.9267132898957036e6
2.9608572829322796e6
2.9952215956088705e6
3.029805613646524e6
3.064608735968338e6
3.099630364673177e6
3.1348699177942933e6
3.1703268184073297e6
3.2060004982521925e6
3.241890400160694e6
3.277995977867194e6
3.3143166861793366e6
3.3508520042580804e6
3.3876014021966485e6
3.4245643709822744e6
3.461740409222659e6
3.4991290199659276e6
3.53672971133642e6
3.574542023260479e6
3.6125654581724005e6
3.6507995903921295e6
3.6892439516903274e6
3.727898106028013e6
3.7667616157085625e6
3.8058340579531696e6
3.8451150128985196e6
3.8846040749049475e6
3.924300839628539e6
3.9642049228555057e6
4.0043159350428004e6
4.0446334965237295e6
4.0851572470065625e6
4.1258868206223883e6
4.1668218641664283e6
4.207962031667679e6
4.2493069904190935e6
4.290856404988807e6