18995.01327167578
19115.00645329924
19434.9883689375
19954.959283880526
20674.919623291775
21594.869963904915
22714.81102286582
24034.743644018512
25554.668782009845
27274.587484670483
29194.50087405453
31314.410126501432
33634.316452914194
36154.22107847678
38874.125223372466
41794.030084232305
44913.93681743553
48233.84652334616
51753.76023295203
55473.678896375844
59393.603373550126
63513.53442716724
67833.47271773708
72353.41880085642
77073.37312643192
81993.33603977913
87113.3077843929
92433.28850617411
97953.27825889895
103673.27701069973
109593.2846513296
115713.30099998815
122033.325813497
128553.35879465762
135273.39960054186
142193.447850691
149313.5031349379
156633.56502088453
164153.63306085192
171873.706798274
179793.78577361093
187913.86952930028
196233.95761454408
204754.0495891085
213474.14502661783
222394.24351734563
231514.3446703176
240834.44811497192
250354.55350235844
260074.66050589597
269994.768821748
280114.8781688819
290434.9882888426
300955.09894528706
311675.209923313
322595.3210286489
333715.4320867003
345035.5429415086
356555.6534545995
368275.76350411994
380195.8729831123
392315.98179893615
404636.08987181284
417156.19713382126
429876.3035277795
442796.4090062132
455916.5135305022
469236.6170697237
482756.71960003383
496476.8211037283
510396.9215686296
524517.0209872281
538837.1193561968
553357.2166759213
568077.3129496735
582997.4081834778
598117.502385539
613437.5955659129
628957.6877361755
644677.778909141
660597.8690986021
676717.958319125
693038.0465858392
709558.1339143133
726278.2203202766
743198.3058197497
760318.3904287193
777638.4741630836
795158.557038783
812878.6390713828
830798.7202763496
848918.8006688674
867238.8802638323
885758.9590758248
904479.0371191049
923399.1144075919
942519.1909548792
961839.266774153
981359.341878342
1.0010794162799753e6
1.0209994899912585e6
1.0411195630240632e6
1.061439635389937e6
1.0819597071001162e6
1.1026797781655225e6
1.1235998485967885e6
1.1447199184042558e6
1.1660399875979922e6
1.1875600561877924e6
1.20928012418321e6
1.231200191593529e6
1.253320258427819e6
1.2756403246949087e6
1.2981603904034072e6
1.3208804555617217e6
1.3438005201780575e6
1.3669205842604171e6
1.390240647816624e6
1.4137607108543247e6
1.4374807733809853e6
1.4614008354039197e6
1.485520896930269e6
1.5098409579670313e6
1.5343610185210523e6
1.5590810785990374e6
1.5840011382075513e6
1.6091211973530308e6
1.6344412560417806e6
1.6599613142799842e6
1.6856813720737027e6
1.7116014294288813e6
1.737721486351354e6
1.764041542846847e6
1.7905615989209728e6
1.8172816545792504e6
1.8442017098270955e6
1.8713217646698146e6
1.8986418191126424e6
1.9261618731607122e6
1.953881926819035e6
1.9818019800925918e6
2.0099220329862407e6
2.0382420855047638e6
2.066762137652861e6
2.0954821894351551e6
2.1244022408561897e6
2.1535222919204365e6
2.18284234263228e6
2.2123623929960527e6
2.2420824430159964e6
2.272002492696295e6
2.3021225420410554e6
2.332442591054328e6
2.3629626397400936e6
2.393682688102265e6
2.424602736144696e6
2.4557227838711822e6
2.4870428312854487e6
2.518562878391172e6
2.5502829251919673e6
2.582202971691392e6
2.6143230178929465e6
2.646643063800081e6
2.6791631094161784e6
2.711883154744599e6
2.744803199788625e6
2.7779232445514905e6
2.8112432890363922e6
2.844763333246467e6
2.878483377184809e6
2.912403420854464e6
2.9465234642584324e6
2.9808435073996703e6
3.0153635502810813e6
3.05008359290554e6
3.085003635275867e6
3.120123677394842e6
3.1554437192652076e6
3.1909637608896634e6
3.22668380227084e6
3.262603843411399e6
3.2987238843139205e6
3.3350439249809366e6
3.371563965414962e6
3.408284005618456e6
3.4452040455938615e6
3.482324085343576e6
3.5196441248699613e6
3.557164164175353e6
3.594884203262044e6
3.63280424213231e6
3.6709242807883695e6
3.7092443192324303e6
3.7477643574666604e6
3.786484395493202e6
3.8254044333141632e6
3.8645244709316203e6
3.903844508347624e6
3.9433645455642017e6
3.983084582583338e6