18998.558854034927
19118.488880298493
19438.303288522715
19958.004799587303
20677.597774149384
21597.088127582392
22716.483215664222
24035.791694066662
25555.023355481462
27274.188949060117
29193.299986076934
31312.368535554226
33631.40702203676
36150.42801761137
38869.444044123346
41788.467382841685
44907.50990307104
48226.58290034701
51745.69695920503
55464.86183515453
59384.08635881571
63503.37836339082
67822.74463375408
72342.19087823505
77061.72172046124
81981.34071046552
87101.05035296736
92420.85215061896
97940.74666003583
103660.73355822181
109580.81171709178
115700.97928374485
122021.23376437425
128541.57211006037
135261.99080189381
142182.4859351673
149303.0532997195
156623.68845665123
164144.38681017165
171865.14367239657
179785.9543250087
187906.8140696808
196227.71827737064
204748.66242737178
213469.6421411715
222390.65321114188
231511.69162216363
240832.75356869408
250353.83546710422
260074.9339634662
269996.0459374279
280117.1685028267
290438.29900537204
300959.4350178719
311680.57433333714
322601.7149566694
333722.8550948629
345043.99314631324
356565.12768899044
368286.2574715698
380207.38139571174
392328.4985101197
404649.60799558787
417170.7091546911
429891.8014002951
442812.88424495823
455933.95729216665
469255.0202244625
482776.0727970545
496497.1148282858
510418.14619312674
524539.166814564
538860.1766585098
553381.1757290005
568102.1640597088
583023.1417125624
598144.1087718809
613465.0653409837
628986.0115387987
644706.94749696
660627.8733571523
676748.789268991
693069.6953878754
709590.5918737066
726311.4788880413
743232.3565954133
760353.2251600088
777674.0847451019
795194.9355143971
812915.777627746
830836.6112439771
848957.4365190327
867278.2536058696
885799.0626542215
904519.8638105231
923440.657217709
942561.4430153676
961882.2213388985
981402.9923210671
1.0011237560905261e6
1.0210445127726011e6
1.0411652624891944e6
1.0614860053588818e6
1.0820067414970351e6
1.1027274710158007e6
1.1236481940243524e6
1.144768910628875e6
1.1660896209327453e6
1.1876103250365288e6
1.209331023038327e6
1.23125171503345e6
1.2533724011150245e6
1.2756930813737058e6
1.2982137558978838e6
1.3209344247738826e6
1.3438550880859313e6
1.3669757459162157e6
1.3902963983450457e6
1.4138170454509319e6
1.4375376873105427e6
1.4614583239989413e6
1.4855789555894728e6
1.5098995821539734e6
1.5344202037627427e6
1.5591408204845907e6
1.5840614323869525e6
1.6091820395358864e6
1.6345026419961432e6
1.6600232398311952e6
1.6857438331032724e6
1.7116644218734072e6
1.7377850062015045e6
1.7641055861463395e6
1.7906261617655545e6
1.8173467331157855e6
1.8442673002526525e6
1.871387863230629e6
1.8987084221034406e6
1.9262289769237104e6
1.9539495277431773e6
1.9818700746126722e6
2.0099906175821705e6
2.038311156700769e6
2.066831692016717e6
2.095552223577492e6
2.1244727514297217e6
2.1535932756192884e6
2.1829137961912868e6
2.212434313190071e6
2.2421548266592855e6
2.2720753366418434e6
2.3021958431799365e6
2.332516346315127e6
2.3630368460882683e6
2.39375734253955e6
2.4246778357085213e6
2.455798325634154e6
2.487118812354707e6
2.518639295907909e6
2.5503597763308603e6
2.582280253660091e6
2.614400727931557e6
2.6467211991806454e6
2.6792416674420936e6
2.711962132750412e6
2.7448825951392734e6
2.778003054641929e6
2.811323511291128e6
2.844843965119117e6
2.8785644161576396e6
2.912484864437973e6
2.946605309990916e6
2.9809257528467937e6
3.015446193035486e6
3.050166630586424e6
3.08508706552858e6
3.120207497890529e6
3.155527927700391e6
3.1910483549858835e6
3.2267687797740074e6
3.262689202092097e6
3.298809621966657e6
3.3351300394236734e6
3.371650454488891e6
3.4083708671876676e6
3.4452912775449995e6
3.482411685585525e6
3.5197320913335187e6
3.5572524948129198e6
3.5949728960472923e6
3.6328932950599166e6
3.671013691873689e6
3.7093340865112115e6
3.747854478994755e6
3.7865748693462824e6
3.825495257587442e6
3.8646156437395774e6
3.9039360278237304e6
3.9434564098606743e6
3.98317678987086e6