19309.609289199565
19424.162778942933
19729.713002987904
20226.46115898376
20914.73014439235
21794.958867145833
22867.69456186547
24133.583281342377
25593.35877713104
27247.83006080601
29097.86780233556
31144.39005961371
33388.34753443551
35830.70854343282
38472.444390277364
41314.514924894436
44357.855197596495
47603.36273073318
51051.88627538382
54704.21581741194
58561.074199761395
62623.110264632545
66890.89375264042
71364.91180440914
76045.56711781587
80933.17765953681
86027.97782101567
91330.12088654077
96839.68265944357
102556.66607605136
108481.00662552785
114612.57839574736
120951.2005651617
127496.64416979795
134248.63898479726
141206.88037821878
148371.03599503794
155740.75218171292
163315.6600742579
171095.38118016953
179079.53258687543
187267.7315616276
195659.5996581632
204254.76627646707
213052.87165543291
222053.56943500094
231256.52861632264
240661.43513679763
250267.99300010104
260075.92502842075
270084.9732839407
280294.8991683584
290705.4832791863
301316.52505878743
312127.8422290196
323139.27015570126
334350.6609698579
345761.8827475888
357372.81848767976
369183.36539157806
381193.43335613515
393402.9444872178
405811.83186089643
418420.03862154105
431227.51704823866
444234.22768374614
457440.13848792657
470845.22405749245
484449.46488487633
498252.84668159543
512255.35974072374
526456.9983660356
540857.7603398194
555457.6464455939
570256.6600368887
585254.8066446257
600452.0936262424
615848.5298766596
631444.125526245
647238.891717161
663232.8403868208
679425.983937118
695818.3358047266
712409.9088854468
729200.7167662813
746190.7731323446
763380.0915504687
780768.6855602071
798356.5686858443
816143.7541050133
834130.2549145666
852316.0839467036
870701.2537738754
889285.7766950169
908069.6647225555
927052.9295717068
946235.5826600436
965617.6351029866
985199.0977134844
1.0049799810228003e6
1.0249602952494398e6
1.0451400503394325e6
1.065519255957462e6
1.086097921500409e6
1.1068760560874206e6
1.1278536686247522e6
1.1490307677196895e6
1.1704073617611227e6
1.1919834589650459e6
1.213759067251241e6
1.2357341943602783e6
1.25790884784028e6
1.2802830350391297e6
1.302856763119562e6
1.3256300390683834e6
1.3486028696949997e6
1.3717752616524082e6
1.395147221436499e6
1.4187187553882261e6
1.442489869702615e6
1.4664605704375936e6
1.4906308635251333e6
1.5150007547513908e6
1.5395702497904093e6
1.5643393541910585e6
1.58930807339093e6
1.6144764127125114e6
1.6398443773728262e6
1.6654119724838494e6
1.6911792030563597e6
1.7171460740030122e6
1.7433125901448282e6
1.7696787562095607e6
1.7962445768350072e6
1.8230100565761724e6
1.849975199898534e6
1.8771400111863802e6
1.9045044947546856e6
1.9320686548311939e6
1.959832495572392e6
1.987796021058646e6
2.015959235302894e6
2.0443221422460084e6
2.072884745760628e6
2.101647049654478e6
2.1306090576722138e6
2.1597707734900923e6
2.1891322007259857e6
2.218693342937178e6
2.2484542036208995e6
2.278414786218106e6
2.308575094109432e6
2.3389351306263353e6
2.3694948990380303e6
2.400254402573372e6
2.4312136443909276e6
2.462372627614896e6
2.4937313553093285e6
2.5252898304939014e6
2.557048056139536e6
2.589006035170235e6
2.621163770419315e6
2.6535212648010445e6
2.6860785211103335e6
2.71883554200416e6
2.7517923302278756e6
2.7849488884397983e6
2.8183052192591405e6
2.851861325264689e6
2.8856172089947546e6
2.9195728729501236e6
2.9537283195929863e6
2.988083551347629e6
3.0226385706029865e6
3.0573933797093327e6
3.0923479809850105e6
3.127502376711549e6
3.1628565689086593e6
3.1984105602231943e6
3.2341643528676084e6
3.270117948538421e6
3.3062713495694245e6
3.342624558046865e6
3.3791775760259856e6
3.4159304055336886e6
3.4528830485640983e6
3.4900355070852903e6
3.527387783035992e6
3.5649398783254107e6
3.6026917948383684e6
3.640643534429615e6
3.678795098928548e6
3.717146490139794e6
3.755697709839552e6
3.7944487597810444e6
3.8333996416918715e6
3.8725503572755274e6
3.911900908220096e6
3.951451296155323e6
3.991201522740278e6