191847.34213500263
191801.98204857102
191681.16751185284
191486.10586878614
191217.64902652704
190877.68156359883
190468.40952632364
189992.68671008354
189453.5735873529
188854.63636931227
188200.3786392668
187495.01298930656
186743.6992458148
185951.90781266408
185125.55233134623
184270.97481983164
183394.93466448956
182504.6152668552
181607.59633703405
180711.87191568254
179825.9088651438
178958.22756905315
178118.24508799924
177315.42823955216
176559.77586061918
175861.38516462452
175231.15249162333
174680.11765762963
174219.71465149507
173861.81534613544
173618.68540516586
173503.00468066355
173527.87744978766
173706.85743967062
174053.94585082712
174583.64258284282
175310.94345338174
176251.3857198298
177421.07160271157
178836.70723560618
180515.63629109625
182475.8858870451
184736.2087174496
187316.1303042677
190235.9965646331
193517.02402612555
197181.34865217496
201252.0612273121
205753.25658806064
210710.05311538026
216148.6081376491
222096.1082332291
228580.72498703885
235631.54593338576
243278.43700691717
251551.8498003879
260482.5727497247
270101.32272934244
280438.31548028905
291522.64177694893
303381.551821979
316039.5694037727
329517.5465523355
343831.51949129533
358991.5997647492
375000.8288991721
391854.1280191925
409537.46865357424
428027.32804439845
447290.57425029366
467284.82034813095
487959.3224947981
509256.3648162534
531113.0664000723
553463.4839243473
576240.8199553867
599379.5748832787
622817.4740177735
646497.0419120248
670366.7561478147
694381.7479475653
718504.1282202313
742702.8475289631
766953.4250803893
791237.3466625927
815541.4252517115
839857.0749101257
864179.5773879427
888507.3981963764
912841.5562868575
937185.0635647245
961542.4432375283
985919.320428367
1.0103220844189824e6
1.0347576140675067e6
1.0592330519247614e6
1.0837556489340565e6
1.1083326155327852e6
1.1329710314339087e6
1.1576777712762512e6
1.182459455515224e6
1.2073224161402022e6
1.2322726774949522e6
1.257315946070604e6
1.2824576100627077e6
1.3077027409353629e6
1.3330561052704186e6
1.3585221735527585e6
1.3841051324571865e6
1.4098089039244526e6
1.4356371535462635e6
1.461593312388793e6
1.4876805898905923e6
1.5139019838190135e6
1.540260302068891e6
1.5667581714549935e6
1.593398052768211e6
1.6201822549730628e6
1.6471129271084685e6
1.674192111723096e6
1.7014217091038206e6
1.7288035125853461e6
1.7563392076365207e6
1.7840303829814089e6
1.8118785371478503e6
1.8398850843586081e6
1.8680513622780202e6
1.8963786317038753e6
1.9248680933459562e6
1.9535208825986057e6
1.982338075413545e6
2.0113206955934886e6
2.0404697167767012e6
2.0697860707977312e6
2.09927062436811e6
2.12892423598967e6
2.158747704386484e6
2.188741798186421e6
2.218907252059264e6
2.2492447694174005e6
2.279755025198829e6
2.3104386650446085e6
2.341296316996551e6
2.3723285632160213e6
2.403535983378961e6
2.434919127551039e6
2.4664785352237886e6
2.4982147014237624e6
2.5301281258069463e6
2.562219282989471e6
2.594488633230217e6
2.626936617082307e6
2.659563662923822e6
2.692370184563707e6
2.7253565821462707e6
2.7585232552799387e6
2.791870529219264e6
2.8253988272461514e6
2.8591084775935006e6
2.8929998228043593e6
2.9270731902930113e6
2.96132890540191e6
2.9957672680481537e6
3.0303886018332136e6
3.0651931907229642e6
3.1001813212712365e6
3.135353271357257e6
3.170709311613675e6
3.206249705596457e6
3.2419747095815474e6
3.2778845730666853e6
3.313979539316776e6
3.3502598448036825e6
3.386725721164037e6
3.423377392790209e6
3.460215079338649e6
3.497238994779448e6
3.5344493494392755e6
3.57184634242438e6
3.609430178457895e6
3.6472010486745522e6
3.685159143586561e6
3.723304648376746e6
3.7616377441404667e6
3.8001586080365553e6
3.838867413101339e6
3.877764328331125e6
3.916849519233156e6
3.956123147623039e6
3.995585372244185e6
4.0352363471458526e6
4.075076224746246e6
4.1151051531961253e6
4.155323277771754e6
4.195730751211955e6
4.236327682217013e6
4.277114237600539e6
4.31809054187452e6
4.3592567252005935e6
4.400612916821349e6