19003.667868607663
19123.506966952933
19443.08020448769
19962.39383240376
20681.45786950305
21600.28590709249
22718.894846763753
24037.30457803735
25555.537604649595
27273.618630185636
29191.574111996524
31309.43179201953
33627.22023231984
36144.96833739041
38862.70489967041
41780.45816203076
44898.255423678
48216.12266793326
51734.0842463639
55452.16260694158
59370.37807323123
63488.74867675381
67807.29003959078
72326.01530874248
77044.93513680372
81964.05770696119
87083.38879752131
92402.93188095499
97922.6882524009
103642.65718216955
109562.83608694248
115683.22071430103
122003.80533566134
128524.58294363874
135245.54544789443
142166.6838689189
149287.98852297635
156609.44919874475
164131.0553227579
171852.7961092117
179774.6606991969
187896.63828248976
196218.71820544705
204740.890063903
213463.1437805489
222385.4696711166
231507.85849419615
240830.30149057557
250352.79041183132
260075.3175380188
269997.87568690977
280120.4582152867
290443.0590136646
300965.67249531526
311688.2935804016
322610.91767685406
333733.54065781325
345056.1588370237
356578.76894160395
368301.3680916283
380223.9537593334
392346.52375543374
404669.0761946997
417191.6094722175
429914.1222369453
442836.6133672899
455959.0819509628
469281.5272576241
482803.9487241786
496526.3459328358
510448.7185961253
524571.0665370782
538893.3896782231
553415.6880269648
568137.9616631793
583060.2107288962
598182.4354183918
613504.6359696435
629026.8126565367
644748.9657821851
660671.0956728169
676793.2026728981
693115.2871401899
709637.3494428033
726359.389952644
743281.4090484749
760403.4071081809
777725.3845076355
795247.3416236296
812969.2788240889
830891.1964745813
849013.0949340211
867334.9745544466
885856.8356804701
904578.6786491073
923500.5037893123
942622.3114223332
961944.101859774
981465.8754071713
1.0011876323605936e6
1.021109373008451e6
1.0412310976312687e6
1.0615528065019147e6
1.082074499885884e6
1.102796178041243e6
1.1237178412192147e6
1.1448394896641467e6
1.1661611236139152e6
1.1876827432999308e6
1.2094043489478687e6
1.2313259407772247e6
1.2534475190020998e6
1.2757690838311545e6
1.2982906354677721e6
1.3210121741105784e6
1.3439336999533821e6
1.367055213185286e6
1.3903767139910772e6
1.413898202551396e6
1.4376196790426527e6
1.4615411436375566e6
1.485662596504858e6
1.5099840378098467e6
1.5345054677142666e6
1.559226886376442e6
1.5841482939515167e6
1.6092696905914883e6
1.63459107644533e6
1.6601124516590708e6
1.6858338163759091e6
1.711755170736216e6
1.7378765148778656e6
1.7641978489360618e6
1.7907191730434275e6
1.8174404873302623e6
1.8443617919245334e6
1.8714830869515694e6
1.8988043725349698e6
1.9263256487958059e6
1.954046915853112e6
1.9819681738238302e6
2.0100894228228997e6
2.0384106629633834e6
2.066931894356181e6
2.095653117110549e6
2.1245743313337658e6
2.1536955371313826e6
2.1830167346071517e6
2.2125379238631083e6
2.2422591049996624e6
2.27218027811554e6
2.3023014433078035e6
2.332622600672072e6
2.363143750302332e6
2.3938648922910388e6
2.4247860267291768e6
2.4559071537064114e6
2.4872282733107535e6
2.5187493856289927e6
2.550470490746487e6
2.5823915887472755e6
2.614512679714072e6
2.6468337637282866e6
2.679354840869834e6
2.7120759112181035e6
2.7449969748505587e6
2.7781180318437e6
2.8114390822728653e6
2.844960126212234e6
2.878681163734844e6
2.9126021949126176e6
2.9467232198164347e6
2.9810442385160537e6
3.0155652510802066e6
3.050286257576593e6
3.0852072580718845e6
3.1203282526317993e6
3.1556492413210263e6
3.191170224203335e6
3.2268912013408327e6
3.2628121727964105e6
3.298933138631032e6
3.335254098904483e6
3.371775053675987e6
3.4084960030038785e6
3.4454169469456533e6
3.482537885557997e6
3.519858818896749e6
3.557379747016973e6
3.595100669972892e6
3.6330215878180536e6
3.671142500605124e6
3.7094634083861047e6
3.7479843112122267e6
3.786705209134007e6
3.8256261022012457e6
3.864746990463052e6
3.904067873967828e6
3.943588752763359e6
3.983309626896683e6