168722.93013494505
168683.28535082357
168577.85865349378
168407.57474050057
168173.3386758991
167877.27245509144
167521.73158770087
167109.2616090092
166643.1975727109
166127.27996203318
165565.70983890354
164963.18924298344
164324.77837308924
163656.1375025745
162963.2997125399
162252.74231124137
161531.3879191441
160806.5830620407
160086.1109752323
159378.16162335654
158691.34560108368
158034.68686058823
157417.61316849748
156849.9690767953
156342.00303622012
155904.34088880775
155548.06475703596
155284.70036607256
155126.11336105302
155084.65241215957
155173.10503024128
155404.72250511168
155793.22565118127
156352.8391733083
157098.29889981725
158044.89466559494
159208.4882074515
160605.55181771683
162253.20308638876
164169.2453827267
166372.20933068817
168881.39874256635
171716.93640424486
174899.81094690517
178451.92218832384
182396.12378116485
186756.25786571825
191557.18218353656
196824.7785417104
202585.9428470627
208868.54392824
215701.3472102754
223113.90226019293
231136.25149296914
239798.8663925024
249132.08121845702
259165.72549036847
269928.5197844493
281447.3495754432
293746.420056507
306846.2920660884
320762.80807475926
335505.98015861027
351078.88617086667
367476.6615142205
384685.6998529756
402683.13992399676
421436.7778974717
440905.4465600761
461039.8692357285
481784.09349487216
503077.1894215843
524855.3284785122
547053.9107459025
569609.6454147943
592462.3948971599
615556.6895384407
638842.8122356803
662277.4847577867
685824.1252350997
709452.7798580816
733139.7751429436
756867.2017442376
780622.311801123
804396.5434292256
828185.4105699448
851987.26188338
875802.9563373895
899635.2753502253
923488.4612098197
947367.8195780449
971279.4014604625
995229.7352275995
1.0192256187438575e6
1.0432739490174995e6
1.0673816074548252e6
1.0915553423724622e6
1.1158017220654048e6
1.1401270725230456e6
1.1645374500141037e6
1.1890386190756103e6
1.213636043783902e6
1.2383348853638317e6
1.2631400058725413e6
1.2880559759484034e6
1.3130870848628865e6
1.3382373523774305e6
1.3635105437485902e6
1.3889101830129987e6
1.4144395674201646e6
1.4401017810257128e6
1.4658997115002195e6
1.4918360590744643e6
1.517913357526677e6
1.544133970491805e6
1.5705001246250141e6
1.5970139029598506e6
1.6236772626458663e6
1.6504920428881678e6
1.6774599738022205e6
1.7045826838058745e6
1.7318617092408189e6
1.7592984975382702e6
1.7868944166033682e6
1.8146507600661805e6
1.8425687520852436e6
1.8706495521351504e6
1.8988942601701259e6
1.927303920798767e6
1.9558795258388394e6
1.9846220218782185e6
2.0135323063485173e6
2.042611237363905e6
2.0718596333996842e6
2.1012782761532003e6
2.1308679128039647e6
2.1606292584342016e6
2.190562998406048e6
2.220669788924361e6
2.2509502601202945e6
2.2814050168942586e6
2.3120346402669474e6
2.342839688825311e6
2.3738207010370046e6
2.404978194951974e6
2.4363126682735365e6
2.467824604307511e6
2.499514466298634e6
2.5313827029788313e6
2.5634297538734735e6
2.5956560184048195e6
2.628061920893315e6
2.660647846979833e6
2.6934141761130486e6
2.7263612754601766e6
2.7594895017622076e6
2.792799199972362e6
2.8262907055294625e6
2.859964343183742e6
2.893820428698713e6
2.9278592768812873e6
2.962081169452114e6
2.996486403951398e6
3.031075261834972e6
3.065848016976834e6
3.100804935470767e6
3.1359462878772216e6
3.171272305627386e6
3.206783244949354e6
3.242479345650455e6
3.278360841244612e6
3.31442795940882e6
3.350680922147755e6
3.387119946210714e6
3.4237452429355304e6
3.4605570185057353e6
3.497555474364832e6
3.534740807096953e6
3.572113208861822e6
3.6096728539034366e6
3.647419951729032e6
3.6853546681509283e6
3.723477179459547e6
3.7617876557323406e6
3.8002862650053767e6
3.838973170703199e6
3.8778485334838773e6
3.9169124968002397e6
3.9561652407867727e6
3.995606902501128e6
4.035237629068067e6
4.075057564491047e6
4.1150668499777564e6
4.1552656237773024e6
4.195654021557692e6
4.23623217584325e6
4.27700021692762e6
4.31795827218576e6
4.359106467176961e6
4.400444923927588e6