18997.957135335208
19117.897876637144
19437.740704511394
19957.487923423978
20677.143226649976
21596.71162421671
22716.199346068708
24035.613723041082
25554.963048891266
27274.256427352026
29193.503607519015
31312.71481073821
33631.90055932308
36151.07150039861
38870.238238390564
41789.41117382991
44908.60035820941
48227.81535696266
51747.06513326081
55466.357948078105
59385.70127903075
63505.10175897964
67824.56513294268
72344.09623422581
77063.69897754026
81983.37636843503
87103.13052726426
92422.96272583374
97942.87343486189
103662.86238025111
109582.92860619182
115703.07054316023
122023.28607897203
128543.5726314366
135263.92722043907
142184.34653923288
149304.82702247176
156625.3649111681
164145.9563135272
171866.5972598125
179787.2837545523
187908.011819234
196228.77753403876
204749.57707090513
213470.40672219486
222391.26292498346
231512.14227936766
240833.0415629145
250353.9577411067
260074.88797393366
269995.8296191717
280116.7802329012
290437.7375675455
300958.69956782623
311679.6643649249
322600.6302694437
333721.5957631093
345042.5594897194
356563.5202451283
368284.47696973756
380205.42873349006
392326.3747308401
404647.3142680918
417168.2467546689
429889.1716933866
442810.08867147664
455930.9973531662
469251.89746962505
482772.78881355585
496493.67123112245
510414.5446164394
524535.4089042813
538856.2640657712
553377.1101043171
568097.9470484213
583018.7749505135
598139.593881985
613460.4039303167
628981.2051962072
644701.9977911145
660622.7818350091
676743.5574545767
693064.3247814022
709585.0839508825
726305.8350998173
743226.5783675276
760347.3138930406
777668.0418146122
795188.7622708624
812909.475397149
830830.1813279645
848950.8801953571
867271.5721288483
885792.2572552287
904512.9356984975
923433.6075796891
942554.2730170052
961874.9321251009
981395.5850163996
1.0011162317998437e6
1.0210368725815585e6
1.0411575074647692e6
1.061478136549885e6
1.0819987599346023e6
1.102719377713886e6
1.1236399899801859e6
1.1447605968234167e6
1.1660811983311193e6
1.1876017945884524e6
1.209322385678488e6
1.2312429716819348e6
1.253363552677653e6
1.2756841287424099e6
1.2982046999510545e6
1.320925266376686e6
1.3438458280906319e6
1.366966385162485e6
1.390286937660255e6
1.4138074856504228e6
1.437528029197913e6
1.4614485683662903e6
1.4855691032176628e6
1.5098896338128643e6
1.534410160211422e6
1.5591306824716092e6
1.5840512006505264e6
1.6091717148041162e6
1.6344922249872084e6
1.6600127312535527e6
1.6857332336558457e6
1.711653732245772e6
1.7377742270740601e6
1.7640947181904793e6
1.7906152056438443e6
1.8173356894821147e6
1.8442561697523897e6
1.8713766465008e6
1.898697119772839e6
1.9262175896130712e6
1.9539380560653098e6
1.9818585191725977e6
2.009978978977256e6
2.0382994355208618e6
2.0668198888442726e6
2.0955403389876918e6
2.124460785990608e6
2.153581229891873e6
2.182901670729674e6
2.212422108541571e6
2.2421425433645244e6
2.2720629752348736e6
2.3021834041883447e6
2.332503830260138e6
2.363024253484845e6
2.3937446738965022e6
2.424665091528599e6
2.455785506414139e6
2.4871059185855202e6
2.51862632807469e6
2.5503467349130684e6
2.5822671391315903e6
2.614387540760701e6
2.64670793983037e6
2.6792283363700137e6
2.711948730408855e6
2.744869121975408e6
2.777989511097831e6
2.811309897803861e6
2.844830282120803e6
2.878550664075536e6
2.912471043694547e6
2.9465914210039196e6
2.980911796029331e6
3.015432168796086e6
3.0501525393291046e6
3.085072907652926e6
3.1201932737917467e6
3.155513637769379e6
3.1910339996092957e6
3.2267543593343575e6
3.262674716967718e6
3.298795072531817e6
3.335115426048665e6
3.37163577754006e6
3.4083561270274776e6
3.445276474532085e6
3.482396820074744e6
3.5197171636760137e6
3.557237505356164e6
3.594957845135153e6
3.6328781830326947e6
3.6709985190681764e6
3.7093188532607392e6
3.7478391856292426e6
3.786559516192283e6
3.8254798449681974e6
3.864600171975057e6
3.903920497230681e6
3.943440820752664e6
3.983161142558317e6