19127.406902486793
19245.07082883235
19558.874124497524
20068.90569928111
20775.308129732104
21678.274992708102
22778.047274407116
24074.908944106588
25569.18180163027
27261.21974671737
29151.402582535215
31240.12945662324
33527.81232193406
36014.8691675632
38701.71757715606
41588.768409750366
44676.420086208396
47965.05313849723
51455.02552345913
55146.668532238284
59040.28341878817
63136.13874677333
67434.4684970913
71935.47088279072
76639.30786279845
81546.1053141528
86655.9537903003
91968.90981207007
97484.99761329431
103204.21126592925
109126.51710697514
115251.85638818752
121580.14807288621
128111.2917386129
134845.17043069156
141781.65355969287
148920.59967911083
156261.85905982018
163805.27624517016
171550.6922890727
179497.94685022708
187646.8800617851
195997.33416157655
204549.1548466637
213302.19280876074
222256.304047146
231411.35134054202
240767.20450645164
250323.74091602425
260080.84577302507
270038.4122691593
280196.34160719847
290554.54293585016
301112.9331892142
311871.4368539072
322829.98568972055
333988.5183800838
345346.98019471555
356905.32255361206
368663.50273293845
380621.4832639351
392779.2317108365
405136.72017627256
417693.9249242423
430450.8260000447
443407.40686965536
456563.654075652
469919.5569123606
483475.1071231025
497230.2986201998
511185.1272238491
525339.5904253601
539693.6871649823
554247.417641671
569000.7831259453
583953.7858049716
599106.4286296916
614458.715202478
630010.649644889
645762.2365096067
661713.4806852601
677864.3873257648
694214.9617781587
710765.2095356055
727515.1361457077
744464.7472524227
761614.0484801454
778963.0454172126
796511.7436765647
814260.1487167166
832208.2659743503
850356.1007769101
868703.6583436773
887250.9437919034
905997.9621167467
924944.7181939312
944091.2167778574
963437.4624999126
982983.4598646323
1.0027292132691051e6
1.0226747269715704e6
1.0428200051248345e6
1.0631650517644014e6
1.0837098708153819e6
1.1044544660920426e6
1.1253988413069055e6
1.1465430000697253e6
1.1678869458772168e6
1.1894306821945736e6
1.2111742123097775e6
1.233117539472822e6
1.2552606668454276e6
1.2776035975058218e6
1.3001463344559579e6
1.3228888806241697e6
1.3458312388666058e6
1.3689734119741719e6
1.3923154026689369e6
1.415857213614325e6
1.4395988474096763e6
1.463540306599718e6
1.487681593670476e6
1.5120227110566457e6
1.536563661140362e6
1.5613044462528944e6
1.586245068679259e6
1.6113855306561005e6
1.636725834377346e6
1.662265981991701e6
1.6880059756065547e6
1.7139458172881939e6
1.740085509064569e6
1.7664250529248363e6
1.7929644508204276e6
1.8197037046677433e6
1.8466428163480991e6
1.8737817877055767e6
1.9011206205571843e6
1.9286593166826144e6
1.9563978778344486e6
1.9843363057289985e6
2.0124746020574532e6
2.040812768480036e6
2.069350806628365e6
2.0980887181070196e6
2.127026504493786e6
2.156164167338804e6
2.1855017081664563e6
2.2150391284760907e6
2.24477642974289e6
2.2747136134169493e6
2.3048506809243225e6
2.3351876336695654e6
2.365724473032692e6
2.3964612003722186e6
2.427397817023561e6
2.458534324304256e6
2.489870723506274e6
2.5214070159041085e6
2.5531432027503825e6
2.585079285280932e6
2.617215264708106e6
2.6495511421837145e6
2.682086919013133e6
2.7148225962293316e6
2.7477581750137447e6
2.7808936564891855e6
2.8142290417613047e6
2.8477643319189223e6
2.8814995280337385e6
2.9154346311617894e6
2.9495696423427146e6
2.983904562600399e6
3.0184393929434074e6
3.0531741343650874e6
3.08810878784391e6
3.1232433543436667e6
3.158577834814066e6
3.194112229959877e6
3.2298465413784394e6
3.265780769315729e6
3.3019149148827437e6
3.338248978960883e6
3.3747829624188635e6
3.4115168661124725e6
3.4484506908849347e6
3.4855844375677854e6
3.5229181069801413e6
3.5604516999294152e6
3.5981852172113396e6
3.6361186596104354e6
3.674252027899842e6
3.7125853228418706e6
3.7511185451880014e6
3.789851695678899e6
3.8287847750449236e6
3.867917784006294e6
3.9072507232726887e6
3.946783593544771e6
3.986516395512351e6