227585.7622573317
227532.21290967986
227389.6947204973
227158.97372897487
226841.2853395514
226438.34671724122
225952.33225834923
225385.9242043986
224742.19696423202
224024.73281607515
223237.55287482333
222385.10376844485
221472.29911930102
220504.424655672
219487.27258323197
218426.97537702345
217330.08754582953
216203.56995202648
215054.76314521075
213891.39201063977
212721.54895906197
211553.6979278362
210396.66805641243
209259.6307246802
208152.11061059817
207083.98681146908
206065.49002262158
205107.1814556179
204219.96815779264
203415.1165664583
202704.23675068334
202099.31125447643
201612.64227744046
201256.9755693233
201045.39852175454
200991.42547509144
201108.9778735843
201412.42365605076
201916.60614688118
202636.8562052357
203589.02509768208
204789.53483325418
206255.39518175853
208004.2542334392
210054.44142067764
212425.0145418838
215135.80861304305
218207.48569139116
221661.59012983847
225520.59271210415
229807.93978512517
234548.09738336765
239766.56771384628
245489.91814558787
251745.7606663989
258562.71686817805
265970.3394054574
273998.9763196375
282679.583444368
292043.43447354226
302121.760724165
312945.2511883233
324543.4515878558
336944.0052220025
350171.76366750634
364247.7713690427
379188.13127146487
395002.8280993752
411694.5448098945
429257.5561356513
447676.8886359327
466927.71777834324
486975.2350062783
507775.0176545036
529273.9261085801
551411.5462740015
574122.0683137813
597336.4629975937
620984.8003992443
644998.5125010258
669312.3896496791
693866.265956491
718606.2226195105
743485.3518475476
768464.04003179
793509.9293898114
818597.5199383434
843707.6569491108
868826.7090893035
893945.9235225093
919060.5965902514
944169.372423931
969273.5612540375
994376.5539661698
1.0194833185119887e6
1.044599967746878e6
1.0697333902490814e6
1.0948909818028347e6
1.1200803991829457e6
1.1453093933469774e6
1.1705856617728719e6
1.1959167489364315e6
1.2213099729456815e6
1.2467723739149754e6
1.272310677303873e6
1.2979312770417854e6
1.3236402243057177e6
1.3494432280508776e6
1.3753456589587713e6
1.4013525613911154e6
1.4274686591811199e6
1.4536983819402242e6
1.4800458680116944e6
1.5065149903104445e6
1.5331093670057314e6
1.5598323809039257e6
1.58668719918038e6
1.613676761905626e6
1.6408038516131376e6
1.6680710513013913e6
1.6954807854888747e6
1.7230353266375563e6
1.7507368126431522e6
1.7785872318240353e6
1.806588478645536e6
1.8347423084858386e6
1.8630503935581837e6
1.891514302398836e6
1.9201355181152828e6
1.9489154383151052e6
1.9778553787461636e6
2.0069566057951783e6
2.036220298422655e6
2.0656475741362243e6
2.0952395173606323e6
2.124997133884255e6
2.15492138944424e6
2.185013209075909e6
2.215273464156661e6
2.245702993820958e6
2.2763025968759144e6
2.307073038994161e6
2.338015045626281e6
2.369129323734522e6
2.400416541389092e6
2.4318773403229704e6
2.463512340702528e6
2.4953221348719206e6
2.5273072933469624e6
2.5594683638177495e6
2.5918058776935143e6
2.6243203406727873e6
2.6570122441953514e6
2.689882062994611e6
2.72293025191817e6
2.756157252653129e6
2.7895634912536545e6
2.8231493798794285e6
2.856915316787962e6
2.8908616878850916e6
2.924988866314262e6
2.9592972141402434e6
2.9937870816465537e6
3.028458809069803e6
3.0633127253914317e6
3.0983491513364147e6
3.133568408386495e6
3.1689707643489293e6
3.2045565463505774e6
3.240326027918759e6
3.2762794859657246e6
3.3124171899497346e6
3.3487393996553165e6
3.385246376808313e6
3.421938363904834e6
3.4588156027455702e6
3.49587833107797e6
3.533126777602897e6
3.5705611672381847e6
3.6081817169818827e6
3.6459886397820883e6
3.6839821434262646e6
3.7221624303524774e6
3.760529698442731e6
3.799084140853718e6
3.837825946205089e6
3.876755297720857e6
3.9158723761338275e6
3.9551773570007095e6
3.994670411825505e6
4.0343517097579334e6
4.074221413551865e6
4.114279684641104e6
4.1545266798189348e6
4.194962553200226e6
4.235587454828521e6
4.276401532270936e6
4.31740492963014e6
4.358597787840723e6
4.399980245437917e6