112885.4748803864
112861.4415723645
112797.66249262585
112694.9817262238
112554.7664412003
112379.00658480087
112169.85140315906
111930.50846318502
111664.32911675997
111375.2743090445
111067.86425601805
110747.02273409339
110418.2521293241
110087.52488017504
109761.30570942952
109446.5493862117
109150.68859286324
108881.64285628698
108647.82363753204
108458.10431614672
108321.83330217164
108248.8524361164
108249.48704576123
108334.54825510146
108515.34233984756
108803.68262880933
109211.89733242986
109752.84618082803
110439.93191182634
111287.13062377126
112309.0023436989
113520.72515040098
114938.12009688327
116577.68420753657
118456.62766782162
120592.9051138398
123005.26205020194
125713.27144758654
128737.37352490847
132098.91666136574
135820.18933227233
139924.44809613787
144435.93158218704
149379.8634027376
154782.42374237557
160670.70157040673
167072.595561665
174016.67002322077
181531.95961426978
189647.66005337134
198392.77983389868
207795.65672581244
217883.34570474317
228680.9344846168
240210.70806305777
252491.2180437178
265536.2884382985
279353.9992405703
293945.69654482015
309305.1531350524
325417.93402735336
342261.07347728685
359803.153949404
378004.8191187826
396819.7409727118
416195.99959905306
436077.75917665486
456407.1599245103
477126.21863853396
498178.6270022496
519511.30979753024
541075.6495989637
562828.346445329
584731.9007151588
606754.76036218
628871.1834755503
651060.8904101701
673308.5701086251
695603.2972670804
717937.9314215889
740308.5057819219
762713.6644210224
785154.1439597292
807632.3185605144
830151.8085283422
852717.1453876658
875333.4993147575
898006.4571179735
920741.8381889423
943545.5572197586
966423.5219217367
989381.5388530733
1.0124252626840677e6
1.0355601369018732e6
1.0587914290600892e6
1.0821240958278396e6
1.105562876820966e6
1.1291122551420082e6
1.1527764564741612e6
1.1765594610940302e6
1.200465009478259e6
1.224496613445207e6
1.248657567105705e6
1.2729509589106196e6
1.2973796820666129e6
1.3219464505284326e6
1.346653805299981e6
1.371504129475932e6
1.396499658168956e6
1.4216424889987651e6
1.4469345911983224e6
1.4723778164993979e6
1.4979739041331224e6
1.523724493950209e6
1.5496311285983454e6
1.5756952639743655e6
1.6019182749236117e6
1.6283014611228737e6
1.6548460479321529e6
1.6815532027462265e6
1.7084240262856921e6
1.7354595679273182e6
1.7626608201946635e6
1.79002873083497e6
1.817564199631541e6
1.8452680850594218e6
1.8731412057800007e6
1.9011843435394843e6
1.9293982460274822e6
1.957783627997353e6
1.9863411738906966e6
2.0150715401491704e6
2.0439753568925594e6
2.0730532267944168e6
2.1023057325919904e6
2.131733431618422e6
2.1613368614823567e6
2.1911165396913644e6
2.2210729651987227e6
2.2512066190324416e6
2.2815179650319517e6
2.3120074525645454e6
2.3426755135546243e6
2.3735225674936078e6
2.4045490123323277e6
2.435755261042837e6
2.467141672635438e6
2.498708622375289e6
2.530456465682538e6
2.562385549509094e6
2.594496209853478e6
2.6267887718099086e6
2.6592635520971166e6
2.691920858160043e6
2.724760988956625e6
2.7577842348105796e6
2.790990878451043e6
2.8243811948948703e6
2.8579554519696343e6
2.891713910039274e6
2.9256568233196414e6
2.959784438706326e6
2.9940969976944383e6
3.0285947352848696e6
3.063277880588599e6
3.098146656617185e6
3.133201283486719e6
3.1684419722866984e6
3.2038689315071837e6
3.239482364162576e6
3.2752824686391256e6
3.3112694385993266e6
3.3474434638982015e6
3.3838047280936553e6
3.4203534136611708e6
3.4570896970058084e6
3.4940137511366243e6
3.5311257454333496e6
3.568425845346055e6
3.6059142134403153e6
3.643591007786258e6
3.681456383844408e6
3.7195104941984713e6
3.7577534873806983e6
3.796185509476359e6
3.8348067034940505e6
3.8736172095736032e6
3.9126171649144823e6
3.9518067041282644e6
3.991185959234236e6
4.030755059590131e6
4.070514132073112e6
4.1104633011195213e6
4.1506026887890194e6
4.190932414897993e6
4.231452596911227e6
4.272163350139768e6
4.313064787811098e6
4.354157021132072e6
4.395440159073075e6