123894.88416432228
123867.51870319911
123794.85037900758
123677.71164022875
123517.45353314542
123315.95159910765
123075.5872816022
122799.25985682273
122490.37467765965
122152.83384212642
121791.0665322871
121409.96640455263
121014.94350078492
120611.86908321019
120207.11495424318
119807.52600715554
119420.39542693773
119053.54564480297
118715.20200363547
118414.0797006673
118159.36870341387
117960.7010117782
117828.18808437313
117772.40691597608
117804.41606209194
117935.74259564048
118178.4155252832
118544.95998894691
119048.42126698676
119702.38079474043
120520.96823424683
121518.90247195278
122711.49838878255
124114.70819141582
125745.15548561187
127620.15941514043
129757.78626726172
132176.88361207087
134897.12381755817
137939.04442271395
141324.09015279837
145074.64840556175
149214.07896254346
153766.73259585205
158757.95433119242
164214.0642274135
170162.3080441858
176630.77057832544
183648.23683781846
191243.99022773624
199447.54018491547
208288.24911740294
217794.86709592998
227994.93835130433
238914.10364000936
250575.26171417942
262997.6366857374
276195.77347711474
290178.4843525811
304947.8320008768
320498.24707246275
336815.82901439007
353877.980304173
371653.421150118
390102.65463784966
409178.9032031433
428829.4708468532
448997.4479741827
469623.6174619646
490648.43259844545
512013.88072285906
533665.1238616868
555551.7933526882
577628.9363943471
599857.5328335139
622204.6887416091
644643.5227884644
667152.8170574427
689716.5234783827
712323.1668870752
734965.2198339019
757638.4716624254
780341.4443852105
803074.8504623228
825841.1130871177
848643.9654587393
871488.092662454
894378.8514729975
917322.0282593966
940323.6644501326
963389.8952055272
986526.8479921056
1.009740546166603e6
1.0330368550472723e6
1.056421433401506e6
1.0798997038773396e6
1.1034768368136687e6
1.1271577392885212e6
1.1509470453515279e6
1.1748491371184504e6
1.1988681310599595e6
1.2230078980289141e6
1.2472720685748458e6
1.2716640490878483e6
1.2961870296125067e6
1.3208440014728878e6
1.3456377627959363e6
1.370570937946524e6
1.3956459847286935e6
1.420865209345855e6
1.446230771430178e6
1.4717447032948472e6
1.4974089089222383e6
1.5232251802422428e6
1.5491952033441379e6
1.5753205658689416e6
1.6016027653898313e6
1.628043212065577e6
1.6546432422874495e6
1.6814041172932857e6
1.708327029792985e6
1.7354131137208533e6
1.762663441527272e6
1.7900790332186758e6
1.8176608572179019e6
1.8454098368057043e6
1.873326850304182e6
1.9014127354995313e6
1.929668291096281e6
1.9580942847266197e6
1.986691443421465e6
2.0154604681291818e6
2.044402028962823e6
2.073516768497975e6
2.1028053039543135e6
2.1322682271052264e6
2.1619061074941577e6
2.1917194931030245e6
2.2217089114789353e6
2.2518748705021953e6
2.282217859778958e6
2.312738352878101e6
2.3434368050591922e6
2.3743136571279457e6
2.4053693351687184e6
2.4366042506284136e6
2.4680188024271205e6
2.4996133763802843e6
2.5313883460245575e6
2.563344073313674e6
2.595480910288716e6
2.627799196632181e6
2.6602992633904135e6
2.692981431405585e6
2.7258460124729807e6
2.7588933095777505e6
2.7921236168849664e6
2.8255372212361125e6
2.859134400937395e6
2.892915426948542e6
2.926880563392805e6
2.9610300669000596e6
2.995364188497526e6
3.029883171561244e6
3.0645872539273957e6
3.099476667350908e6
3.1345516380686024e6
3.1698123871339858e6
3.2052591290813047e6
3.240892075558122e6
3.2767114277787325e6
3.3127173899935707e6
3.348910156569259e6
3.385289918707747e6
3.4218568632447724e6
3.45861117277052e6
3.4955530260957885e6
3.5326825974685457e6
3.570000055756555e6
3.6075055748514114e6
3.6451993111751033e6
3.6830814269605246e6
3.7211520793756633e6
3.7594114213236948e6
3.7978596030278797e6
3.8364967719429214e6
3.8753230718550817e6
3.9143386439791336e6
3.9535436266488e6
3.9929381555235744e6
4.032522363512211e6
4.072296380922887e6
4.1122603354827906e6
4.1524143525254377e6
4.192758554990154e6
4.233293063405909e6
4.274017996008979e6
4.314933468923589e6
4.356039596176716e6
4.397336489422983e6