146104.34313044936
146070.6685060821
145981.1681838676
145836.6568076678
145638.44670102734
145388.39211619977
145088.79397330043
144742.5078308066
144352.80780724302
143923.56900097837
143459.06539146724
142964.07608102442
142443.85778283403
141904.16525276902
141351.1678673367
140791.50140957133
140232.29698886722
139681.07965735078
139145.85201197356
138635.063936662
138157.56555100036
137722.67231034487
137340.11944375484
137020.09081651934
136773.19597407157
136610.48494021595
136543.4705560822
136584.11046334618
136744.83024777932
137038.53367747332
137478.6238742146
138079.0149970841
138854.15513569617
139819.05875635956
140989.32071351167
142381.16129366096
144011.45446343458
145897.76340410823
148058.387242055
150512.39958050736
153279.69406108302
156381.02883473644
159838.06978218965
163673.43030784273
167910.70408580624
172574.48882614443
177690.39276459662
183285.02166088115
189385.93524553644
196021.56634404854
203221.08733785595
211014.22336392495
219430.9715706407
228501.2507514094
238254.427423169
248718.7367802827
259920.56910195894
271883.6344888011
284628.0120825111
298169.10731183994
312516.5686866073
327672.95344229275
343634.14785832306
360385.82120881625
377905.76944523805
396162.4699519073
415115.75389894727
434717.71511650045
454914.0565711553
475645.83244275296
496851.4218703442
518468.5914725305
540436.481015522
562697.3587116236
585198.0475249083
607890.9428343221
630734.6460229714
653694.1069858638
676740.8901160674
699852.1709567078
723010.875068038
746204.7360002226
769425.6964203839
792669.2445209534
815933.7842530173
839220.0670650414
862530.6722349871
885869.5748714977
909241.7704141111
932652.9670774566
956109.3321958223
979617.2995573616
1.0031834039756805e6
1.0268141639661094e6
1.050515988024336e6
1.0742951129342879e6
1.098157549306944e6
1.1221090558316184e6
1.1461551176432231e6
1.170300937234118e6
1.194551431691627e6
1.2189112355675139e6
1.2433847084328607e6
1.2679759435180249e6
1.2926887788085495e6
1.317526812200152e6
1.3424934114747022e6
1.3675917303133612e6
1.3928247206135052e6
1.4181951461900529e6
1.4437055945697143e6
1.469358491295142e6
1.495156107902016e6
1.5211005774288306e6
1.5471939010854673e6
1.5734379569198713e6
1.5998345147378051e6
1.6263852355709686e6
1.6530916908858893e6
1.679955349606827e6
1.706977614953129e6
1.734159802655098e6
1.761503159384688e6
1.789008865511703e6
1.8166780414605015e6
1.8445117488435488e6
1.8725109967947847e6
1.9006767453410185e6
1.9290099078664307e6
1.9575113550696236e6
1.98618191748048e6
2.0150223878731502e6
2.044033524091466e6
2.0732160511506016e6
2.1025706631138865e6
2.1320980255411966e6
2.1617987567747673e6
2.191673524832472e6
2.221722863234901e6
2.251947355863345e6
2.282347546746688e6
2.312923959768803e6
2.343677099507462e6
2.3746074529702184e6
2.405715489769278e6
2.437001662668558e6
2.468466410137039e6
2.500110155122111e6
2.5319333070107047e6
2.5639362614233587e6
2.5961194028507276e6
2.6284831015463956e6
2.6610277179536093e6
2.693753600857027e6
2.726661088965648e6
2.75975051038186e6
2.793022184220927e6
2.8264764202692406e6
2.860113519492733e6
2.893933774315802e6
2.927937469086757e6
2.9621248805858693e6
2.996496278142659e6
3.0310519237881983e6
3.0657920727234213e6
3.1007169731700365e6
3.135826868026608e6
3.1711219929835005e6
3.2066025779687576e6
3.242268847665022e6
3.2781210209142347e6
3.3141593113504685e6
3.3503839275882593e6
3.3867950731191635e6
3.423392946607146e6
3.46017774219933e6
3.497149649684089e6
3.534308854182786e6
3.5716555371977086e6
3.609189875758675e6
3.6469120426110066e6
3.684822207187542e6
3.722920535921927e6
3.7612071999446084e6
3.799682338912004e6
3.8383461175568304e6
3.8771986878680293e6
3.916240198740531e6
3.9554707959416076e6
3.9948906222375236e6
4.0344998174775406e6
4.0742985323250075e6
4.114286874620193e6
4.15446498899507e6
4.194833004661895e6
4.235391048061812e6
4.276139243424138e6
4.317077712285142e6
4.358206574428417e6
4.399525946633089e6