19000.110957110912
19120.01335030116
19439.754466783023
19959.338100940455
20678.770333941895
21598.059415178126
22717.215602925426
24036.25096848329
25555.179169129915
27274.015196409557
29192.77510519592
31311.475728750796
33630.13439673987
36148.76864521968
38867.39594080557
41786.03341520064
44904.697626126115
48223.404331589525
51742.16829840279
55461.00313745267
59379.92116997097
63498.933326084894
67818.04907386162
72337.27637974748
77056.6216970989
81976.08998157564
87095.6847304939
92415.40804308228
97935.26069857444
103655.24224882323
109575.35112221968
115695.58473566298
122015.93961159844
128536.41149770768
135256.9954856721
142177.68612864215
149298.47755334765
156619.36356715453
164140.33775832446
171861.39358678722
179782.5244685066
187903.72384923493
196224.98526993778
204746.3024229908
213467.66919910267
222389.07972736415
231510.5284054357
240832.00992337416
250353.51928085872
260075.05179806397
269996.60312107444
280118.16922274546
290439.74639947334
300961.33126453776
311682.9207384814
322604.5120375126
333726.1026598336
345047.69037072314
356569.2731860323
368290.8493598086
380212.4173595695
392333.97585800407
404655.52371213736
417177.05994888546
429898.58374908054
442820.0944326523
455941.5914464027
469263.07434744237
482784.54279427166
496505.9965334821
510427.4353906744
524548.859258444
538870.2680897096
553391.6618888562
568113.0407042042
583034.4046217701
598155.7537592419
613477.0882608141
628998.4082924572
644719.7140378662
660641.0056947581
676762.2834719113
693083.547586173
709604.7982606676
726326.0357208281
743247.2601962392
760368.4719159976
777689.671107926
795210.8580004467
812932.0328166019
830853.1957780077
848974.3471022497
867295.4870027477
885816.6156884219
904537.7333635904
923458.8402276848
942579.9364754683
961901.0222958581
981422.0978740952
1.0011431633896816e6
1.0210642190174772e6
1.0411852649275648e6
1.0615063012853828e6
1.082027328251904e6
1.1027483459835963e6
1.1236693546327795e6
1.1447903543476062e6
1.166111345272307e6
1.1876323275471926e6
1.2093533013090952e6
1.2312742666911045e6
1.2533952238230375e6
1.2757161728314138e6
1.298237113839554e6
1.3209580469678938e6
1.3438789723339512e6
1.3669998900523875e6
1.3903208002352512e6
1.4138417029920742e6
1.4375625984298266e6
1.461483486653233e6
1.4856043677646162e6
1.5099252418642058e6
1.534446109050078e6
1.5591669694182368e6
1.5840878230627573e6
1.6092086700758094e6
1.6345295105477255e6
1.6600503445670586e6
1.6857711722206299e6
1.7116919935935873e6
1.7378128087695097e6
1.7641336178303917e6
1.7906544208566544e6
1.8173752179273139e6
1.8442960091199677e6
1.8714167945106113e6
1.8987375741742004e6
1.9262583481841518e6
1.953979116612647e6
1.9818998795306005e6
2.010020637007735e6
2.0383413891125466e6
2.0668621359123513e6
2.0955828774733823e6
2.124503613860693e6
2.153624345138293e6
2.1829450713690976e6
2.2124657926149825e6
2.242186508936839e6
2.2721072203945355e6
2.3022279270469337e6
2.3325486289520166e6
2.3630693261667816e6
2.393790018747295e6
2.4247107067487338e6
2.455831390225468e6
2.4871520692308755e6
2.5186727438175846e6
2.550393414037359e6
2.58231407994116e6
2.6144347415791536e6
2.6467553990007057e6
2.679276052254277e6
2.711996701388015e6
2.744917346448894e6
2.778037987483307e6
2.811358624536942e6
2.8448792576547842e6
2.8785998868811238e6
2.9125205122595793e6
2.9466411338331345e6
2.9809617516440945e6
3.015482365734137e6
3.0502029761443217e6
3.0851235829150793e6
3.120244186086264e6
3.155564785697104e6
3.191085381786276e6
3.2268059743914423e6
3.262726563550741e6
3.298847149301143e6
3.3351677316789073e6
3.371688310719946e6
3.408408886459637e6
3.4453294589328547e6
3.482450028173967e6
3.5197705942168417e6
3.557291157094872e6
3.595011716840939e6
3.6329322734875134e6
3.671052827066545e6
3.7093733776095635e6
3.7478939251476345e6
3.786614469711401e6
3.825535011331055e6
3.864655550036391e6
3.903976085856751e6
3.9434966188211213e6
3.983217148958025e6