53358.66838336835
53358.47523017114
53358.30947491582
53359.123726996826
53362.46544449849
53370.47719909338
53385.89381776939
53412.045188126474
53452.8498647621
53512.82479362222
53597.07478520108
53711.292810947896
53861.76985080479
54055.39453841356
54299.61483999825
54602.53424412993
54972.82010571609
55419.75753502737
55953.235284805356
56583.783155795885
57322.55014228466
58181.33317406126
59172.588306138816
60309.44551487273
61605.72558712005
63075.9610196515
64735.41575692172
66600.10530499273
68686.81971721261
71013.14343801499
73597.47205216275
76459.02837234511
79617.8684422875
83094.8801342122
86911.76872000637
91091.02445807931
95655.86756990271
100630.16429281211
106038.30668497979
111905.0481342146
118255.28583916227
125113.78324931071
132504.82369982766
140451.7878199311
148976.6636712447
158099.46181545412
167837.59604512478
178205.19349100936
189212.40067617063
200864.70680804216
213162.34117131142
226099.78831423272
239665.490804165
253841.77854085696
268605.0637498755
283926.32131903514
299771.83471003576
316104.17569005996
332883.34766949667
350068.0242799404
367616.7727498085
385489.2038722577
403646.96719943255
422054.5460263031
440679.8302247941
459494.4676891571
478474.0122544945
497597.8863270647
516849.224615733
536214.6004827135
555683.6984903582
575248.9494676883
594905.1595406726
614649.1481539551
634479.4087543641
654395.800144677
674399.2750039224
694491.6361243823
714675.3383881819
734953.3135765821
755328.8293441101
775805.3726685105
796386.5559911861
817076.0430429769
837877.4907964293
858794.5043708669
879830.6039510817
900989.2011268921
922273.5800381156
943686.8894744477
965232.1336625258
986912.1714499258
1.008729715216236e6
1.0306873339155102e6
1.0527874560957258e6
1.0750323756797947e6
1.09742425684231e6
1.1199651403967957e6
1.1426569502825201e6
1.165501498892534e6
1.1885004961395436e6
1.2116555534060877e6
1.2349681898382385e6
1.2584398396761296e6
1.2820718567207237e6
1.3058655200462118e6
1.3298220388572495e6
1.3539425573107654e6
1.378228159187558e6
1.4026798710618054e6
1.4272986679833014e6
1.4520854752388657e6
1.4770411723159605e6
1.5021665964480827e6
1.5274625449631694e6
1.5529297779296678e6
1.5785690275795455e6
1.604380966488796e6
1.6303662723841993e6
1.6565255888671027e6
1.6828595073133598e6
1.7093686158923001e6
1.7360534733243089e6
1.7629146172660303e6
1.7899525639500811e6
1.8171678099631297e6
1.8445608341530322e6
1.8721320966076578e6
1.8998820426454658e6
1.9278111013766394e6
1.9559196869761304e6
1.984208199831878e6
2.012677027114779e6
2.0413265438362684e6
2.0701571118262447e6
2.099169083317427e6
2.128362798331557e6
2.157738587677284e6
2.1872967713338574e6
2.2170376594182597e6
2.246961557134433e6
2.2770687548869764e6
2.3073595394208487e6
2.3378341868745405e6
2.3684929684468405e6
2.39933614643625e6
2.4303639762344137e6
2.4615767072169287e6
2.492974581771015e6
2.5245578365366654e6
2.55632670205489e6
2.588281403008584e6
2.620422158685919e6
2.6527491830277285e6
2.6852626849651155e6
2.717962868237961e6
2.750849932250338e6
2.7839240712451306e6
2.8171854752984266e6
2.850634330174192e6
2.8842708173688417e6
2.9180951142588654e6
2.9521073946225354e6
2.9863078280765284e6
3.020696580748878e6
3.055273815411659e6
3.090039690909959e6
3.1249943629679247e6
3.160137984077854e6
3.195470703640477e6
3.23099266781512e6
3.2667040199043313e6
3.302604900075689e6
3.3386954466421213e6
3.3749757935986263e6
3.4114460733447224e6
3.4481064159849407e6
3.484956947208832e6
3.52199779259883e6
3.5592290750465966e6
3.596650913267519e6
3.6342634252637844e6
3.672066726454383e6
3.7100609301901334e6
3.7482461476089736e6
3.78662248779723e6
3.825190058017395e6
3.8639489633534322e6
3.902899307221644e6
3.942041191024641e6
3.981374714464558e6
4.0208999754901654e6
4.0606170701461756e6
4.1005260931451493e6
4.140627137232371e6
4.180920293610659e6
4.221405652319992e6
4.262083301238542e6
4.302953327136397e6
4.344015815320114e6