19023.744081562487
19143.226738121448
19461.854553204947
19979.64755875533
20696.637863017502
21612.869029356676
22728.39524111223
24043.28027458623
25557.596306923457
27271.4225955196
29184.844052274144
31297.949745440288
33610.83141308263
36123.58193398193
38836.29387065901
41749.05806299395
44861.96236441082
48175.090439923326
51688.52074822034
55402.325661990166
59316.57075219216
63431.31424012165
67746.60661395223
72262.49040935027
76979.00013902005
81896.16236741956
87013.99591121767
92332.5121527182
97851.71544887016
103571.60361855006
109492.16849096882
115613.39649808772
121935.26929538879
128457.7643957737
135180.8558036763
142104.51463743945
149228.70972818567
156553.40819036917
164078.5759558346
171804.17826051073
179730.18009319817
187856.5465910348
196183.24338895778
204710.23692081124
213437.49467038212
222364.98538619687
231492.6792431787
240820.5479705887
250348.56494500296
260076.7052480075
270004.94569639466
280133.26484690496
290461.6429792286
300990.0620609042
311718.50569614454
322646.9590641983
333775.4088465273
345103.8431473697
356632.2514057895
368360.624329275
380288.9537640583
392417.2326467413
404745.4548972547
417273.61534003256
430001.70961898845
442929.73412041855
456057.68589908455
469385.56260753697
482913.36243087566
496641.0840260907
510568.72646540357
524696.2891852257
539023.7719376984
553551.1747498951
568278.4978825636
583205.7417968069
598332.9071220536
613659.994628569
629187.0052021658
644913.9398229027
660840.7995451121
676967.5854818022
693294.2987886952
709820.9406547211
726547.5122808974
743474.0148901979
760600.4497026256
777926.8179315588
795453.1207932046
813179.3594745474
831105.535156904
849231.6489969377
867557.7021310905
886083.6956713054
904809.630704883
923735.5082930664
942861.3294722019
962187.0952473698
981712.8066041751
1.0014384644975271e6
1.0213640698576737e6
1.0414896235891583e6
1.0618151265721568e6
1.082340579662753e6
1.1030659836931285e6
1.1239913394733653e6
1.1451166477913237e6
1.166441909413994e6
1.187967125087474e6
1.209692295539352e6
1.2316174214772664e6
1.2537425035914155e6
1.2760675425545364e6
1.2985925390221828e6
1.3213174936348386e6
1.3442424070166892e6
1.3673672797778174e6
1.3906921125136581e6
1.4142169058064448e6
1.4379416602247613e6
1.461866376325246e6
1.4859910546517791e6
1.510315695737059e6
1.5348403001023459e6
1.559564868257878e6
1.5844894007036267e6
1.6096138979294198e6
1.634938360415305e6
1.6604627886318786e6
1.686187183040564e6
1.7121115440936883e6
1.738235872235518e6
1.7645601679017101e6
1.791084431519597e6
1.817808663509016e6
1.8447328642822918e6
1.8718570342432244e6
1.8991811737900423e6
1.9267052833128446e6
1.9544293631951269e6
1.9823534138136683e6
2.010477435538881e6
2.0388014287346853e6
2.0673253937587258e6
2.0960493309628572e6
2.124973240692688e6
2.1540971232882626e6
2.183420979083838e6
2.2129448084081057e6
2.2426686115845353e6
2.2725923889311827e6
2.302716140760741e6
2.333039867381146e6
2.3635635690952507e6
2.3942872462008684e6
2.42521089899106e6
2.456334527754673e6
2.4876581327752285e6
2.51918171433227e6
2.5509052727007577e6
2.582828808151392e6
2.614952320950614e6
2.6472758113606405e6
2.6797992796389153e6
2.7125227260410725e6
2.7454461508167074e6
2.778569554212213e6
2.811892936470231e6
2.8454162978297058e6
2.8791396385258487e6
2.9130629587904355e6
2.9471862588515887e6
2.981509538934106e6
3.01603279925934e6
3.0507560400453317e6
3.08567926150683e6
3.120802463855495e6
3.15612564729967e6
3.191648812044746e6
3.2273719582907367e6
3.2632950862402446e6
3.299418196089584e6
3.335741288031304e6
3.3722643622561437e6
3.4089874189520073e6
3.4459104583040453e6
3.483033480494821e6
3.5203564857041757e6
3.5578794741094527e6
3.5956024458852955e6
3.633525401204107e6
3.671648340235352e6
3.709971263147104e6
3.7484941701037395e6
3.7872170612681448e6
3.826139936800705e6
3.8652627968595964e6
3.9045856416006708e6
3.944108471177828e6
3.983831285742561e6