20781.65921898128
20874.62237882056
21122.81876884879
21527.048777589123
22088.603209526183
22809.249288914594
23691.211406143513
24737.146629239905
25950.11253134467
27333.546292554995
28891.19887663042
30627.118647749077
32545.590743099194
34651.08922524236
36948.223967027916
39441.68436230741
42136.18283948465
45036.39692795598
48146.91182342822
51472.164312328845
55016.38889737282
58783.56718082711
62777.38170794655
67001.17490364732
71457.91419618265
76150.1639429839
81080.06470227602
86249.32031261621
91659.19278116446
97310.50504337132
103203.65120437564
109338.61380281992
115714.98736701946
122332.00744099547
129188.5840271725
136283.338499806
143614.64276771064
151180.65973287096
158979.38390108105
167008.68127086398
175266.3276779956
183750.04482782498
192457.53350128944
201386.50355141674
210534.70038815172
219899.92764520945
229480.06661708676
239273.09152361244
249277.08174680857
259490.2308570724
269910.8525444288
280537.3840092073
291368.38724623894
302402.54803672864
313638.673539173
325075.688498095
336712.6302994393
348548.64349715854
360582.9730944771
372814.9583771309
385244.02580961504
397869.68220924784
410691.5079435025
423709.1499893218
436922.3163775321
450330.76846135163
463934.3166797417
477732.8143118596
491726.1526045457
505914.25610514806
520297.0783270599
534874.598035876
549646.8152451864
564613.7487669779
579775.4326731903
595131.9140883842
610683.2508667564
626429.5095904212
642370.7637900326
658507.0925295891
674838.5789568101
691365.309231276
708087.3715169905
725004.8551908524
742117.8500704418
759426.4459752736
776930.7319874909
794630.7963170762
812526.7257696196
830618.6056731612
848906.5195393674
867390.5489767081
886070.7735597028
904947.2707923987
924020.1161826459
943289.3824524728
962755.1410531087
982417.460973465
1.0022764087760355e6
1.0223320493306968e6
1.042584445370169e6
1.0630336576894452e6
1.083679745227085e6
1.104522765080758e6
1.1255627725764082e6
1.1467998214138628e6
1.168233963522931e6
1.1898652494809628e6
1.2116937282515285e6
1.2337194473809449e6
1.2559424530646165e6
1.278362790209314e6
1.3009805024626e6
1.3237956322728468e6
1.3468082209543167e6
1.3700183087352777e6
1.3934259347761646e6
1.4170311372942487e6
1.4408339534824654e6
1.4648344196530024e6
1.4890325712442948e6
1.5134284428293973e6
1.538022068211968e6
1.562813480368197e6
1.5878027115718948e6
1.6129897933498675e6
1.6383747565447453e6
1.6639576313453836e6
1.6897384472895868e6
1.7157172333839338e6
1.7418940176465057e6
1.768268828132015e6
1.7948416918940176e6
1.8216126355774684e6
1.8485816853103319e6
1.8757488666973938e6
1.9031142047820874e6
1.9306777242673512e6
1.958439449284637e6
1.9863994035491727e6
2.0145576103283854e6
2.0429140924723207e6
2.071468872381938e6
2.1002219720939794e6
2.129173413227004e6
2.1583232170282276e6
2.187671404349206e6
2.2172179956809916e6
2.2469630111618834e6
2.2769064705803613e6
2.307048393377676e6
2.337388798671453e6
2.3679277052363823e6
2.3986651315022246e6
2.429601095698608e6
2.4607356156360256e6
2.492068708878124e6
2.523600392673695e6
2.555330683991559e6
2.5872595995402033e6
2.619387155724978e6
2.651713368707782e6
2.684238254372362e6
2.7169618283992554e6
2.74988410608271e6
2.783005102595912e6
2.816324832840728e6
2.849843311461024e6
2.8835605526959095e6
2.9174765710920817e6
2.9515913804547554e6
2.985904994534299e6
3.020417426869538e6
3.0551286907865833e6
3.090038799402994e6
3.125147765643157e6
3.1604556022202093e6
3.1959623216595333e6
3.23166793637856e6
3.267572458507564e6
3.3036758998045996e6
3.3399782721824124e6
3.376479587254747e6
3.413179856435512e6
3.4500790909876367e6
3.4871773019994684e6
3.524474500399947e6
3.561970696949564e6
3.599665902254205e6
3.6375601267618695e6
3.675653380769849e6
3.7139456744222892e6
3.7524370177189885e6
3.7911274205116425e6
3.830016892511186e6
3.8691054432889493e6
3.908393082281367e6
3.9478798187834136e6
3.9875656619632477e6
4.0274506208552485e6