19035.341018265433
19154.618404869238
19472.701748325213
19989.618974667334
20705.41484760394
21620.150105773297
22733.900302606373
24046.754379284743
25558.813007741526
27270.18675303027
29180.994096722396
31291.35933715901
33601.41053827551
36111.27738094689
38821.08914390336
41730.97273534353
44841.05092912732
48151.44068376391
51662.251718230706
55373.58515666242
59285.533133654724
63398.1768028885
67711.5870155201
72225.82339735088
76940.93436643863
81856.9572317697
86973.91846826939
92291.83415034498
97810.710519758
103530.54466373671
109451.32527937749
115573.03350013553
121895.6437637789
128419.12469676572
135143.44000305262
142068.54933377512
149194.40912701562
156520.97340603653
164048.19452822398
171776.02386723546
179704.41244239305
187833.31147337003
196162.67287049448
204692.44965740794
213422.59632341145
222353.06912513688
231483.82631355769
240814.82831393217
250346.03785668063
260077.42005734338
270008.94246188726
280140.5750511613
290472.29021819995
301004.0627193982
311735.8696028044
322667.6901218409
333799.5056334049
345131.29948663607
356663.05689974
368394.764867535
380326.41197709565
392457.9883448427
404789.48546439677
417320.8960921725
430052.214134604
442983.43453674513
456114.55317929795
469445.56677971483
482976.4728009309
496707.26936624746
510637.9551800777
524768.5294564662
539098.9918513289
553629.3424048689
568359.5814847425
583289.7097384739
598419.7280490594
613749.6374967055
629279.439322731
645009.1349004966
660938.7257070533
677068.2133013657
693397.5993023738
709926.8853748019
726656.073200468
743585.1644918895
760714.1609570391
778043.0642947205
795571.8762074971
813300.5983577198
831229.2323967239
849357.7799457501
867686.2425946556
886214.6218997281
904942.9193826909
923871.1365287303
942999.2747881666
962327.3355675038
981855.320245961
1.0015832301597267e6
1.0215110666104935e6
1.0416388308639321e6
1.0619665241515697e6
1.0824941476712052e6
1.1032217025871756e6
1.1241491900328463e6
1.1452766111104996e6
1.1666039668931665e6
1.1881312584246353e6
1.2098584867227913e6
1.2317856527775764e6
1.2539127575544661e6
1.2762398019945163e6
1.298766787015185e6
1.3214937135118719e6
1.3444205823578916e6
1.3675473944067352e6
1.390874150490967e6
1.4144008514252985e6
1.4381274980048523e6
1.462054091008422e6
1.4861806311965107e6
1.5105071193142608e6
1.5350335560907382e6
1.559759942239566e6
1.5846862784601743e6
1.6098125654372412e6
1.6351388038425264e6
1.660664994334076e6
1.6863911375572134e6
1.7123172341445365e6
1.7384432847173715e6
1.7647692898849833e6
1.7912952502450093e6
1.8180211663845577e6
1.8449470388802844e6
1.872072868296791e6
1.8993986551912408e6
1.9269244001089083e6
1.9546501035861624e6
1.9825757661499036e6
2.010701388318119e6
2.0390269705997095e6
2.0675525134948017e6
2.0962780174954198e6
2.125203483084853e6
2.1543289107386013e6
2.1836543009240725e6
2.2131796541008977e6
2.242904970721382e6
2.2728302512302794e6
2.302955496064822e6
2.333280705655605e6
2.3638058804261084e6
2.394531020792758e6
2.4254561271653366e6
2.4565811999477395e6
2.4879062395363823e6
2.5194312463221713e6
2.5511562206895533e6
2.5830811630170313e6
2.6152060736771673e6
2.647530953036589e6
2.680055801455289e6
2.7127806192906364e6
2.7457054068916854e6
2.7788301646029227e6
2.8121548927646326e6
2.845679591707844e6
2.8794042617644933e6
2.913328903257619e6
2.947453516506189e6
2.9817781018245043e6
3.0163026595220543e6
3.051027189903703e6
3.0859516932696975e6
3.1210761699159765e6
3.1564006201338363e6
3.1919250439898823e6
3.227649442425437e6
3.263573815062105e6
3.299698162394916e6
3.336022484693076e6
3.37254678222327e6
3.409271055248204e6
3.4461953040267224e6
3.4833195288141067e6
3.520643729861785e6
3.558167907417687e6
3.5958920617260546e6
3.6338161930277734e6
3.6719403015601975e6
3.710264387557399e6
3.748788451250059e6
3.7875124928656234e6
3.8264365126283267e6
3.865560510759304e6
3.9048844874764555e6
3.9444084429949443e6
3.9841323775265743e6