18995.683217563274
19115.664462534507
19435.61471858823
19955.534715355723
20675.425622175113
21595.289025260106
22715.126897018883
24034.941558343897
25554.73563490316
27274.512008690202
29194.273765883874
31314.02414201868
33633.766467745925
36153.50411305291
38873.24043423039
41792.97872284666
44912.72215981275
48232.47377201979
51752.23639558234
55472.01264422943
59391.804883645396
63511.61521206805
67831.4454466842
72351.29711610731
77071.1714582307
81991.06942324135
87110.9916812314
92430.938633818
97950.91042918168
103670.90697988868
109590.92798287084
115710.97294095042
122031.04118532783
128551.13189857274
135271.24413743045
142191.37685537705
149311.5289241401
156631.69915426944
164151.88631425885
171872.08914813708
179792.30639173786
187912.53678632248
196232.77909175094
204753.0320969373
213473.29462891282
222393.56556050613
231513.8438161301
240834.12837634998
250354.4182811844
260074.71263218834
269995.0105934886
280115.3113919462
290435.61431653466
300955.9187170598
311676.22400231217
322596.5296378404
333716.83514332597
345037.1400897197
356557.4440960736
368277.74682716595
380198.047988754
392318.34732598334
404638.64461938245
417158.9396821017
429879.23235683574
442799.5225129847
455919.81004430645
469240.0948657374
482760.3769116859
496480.656133451
510400.9324975366
524521.2059832872
538841.4765815535
553361.7442934008
568082.0091278336
583002.2711014277
598122.5302367582
613442.7865614914
628963.0401074763
644683.2909099662
660603.5390069084
676723.784438376
693044.0272459923
709564.2674725873
726284.5051614358
743204.7403566107
760324.9731020927
777645.2034416187
795165.4314190416
812885.6570771828
830805.88045859
848926.1016050383
867246.3205575035
885766.5373560982
904486.752040052
923406.9646476568
942527.1752163082
961847.3837822806
981367.5903811427
1.0010877950473606e6
1.021007997814511e6
1.0411281987152522e6
1.061448397781353e6
1.0819685950437223e6
1.1026887905324071e6
1.123608984276656e6
1.144729176304918e6
1.1660493666448903e6
1.1875695553235167e6
1.2092897423670802e6
1.2312099278011175e6
1.2533301116505796e6
1.2756502939397558e6
1.2981704746923265e6
1.3208906539314229e6
1.3438108316796117e6
1.3669310079589118e6
1.3902511827908428e6
1.4137713561964398e6
1.4374915281962436e6
1.4614116988103702e6
1.485531868058466e6
1.5098520359597823e6
1.5343722025331538e6
1.5590923677970178e6
1.5840125317694433e6
1.6091326944681304e6
1.634452855910426e6
1.6599730161133404e6
1.6856931750935453e6
1.7116133328673954e6
1.737733489450941e6
1.7640536448599303e6
1.7905737991098098e6
1.817293952215754e6
1.8442141041926658e6
1.8713342550551423e6
1.8986544048175784e6
1.9261745534941023e6
1.9538947010984952e6
1.9818148476444595e6
2.009934993145357e6
2.0382551376143442e6
2.0667752810643516e6
2.0954954235080988e6
2.1244155649580806e6
2.153535705426591e6
2.182855844925714e6
2.212375983467334e6
2.242096121063144e6
2.272016257724648e6
2.302136393463143e6
2.3324565282897735e6
2.3629766622154824e6
2.3936967952510403e6
2.424616927407046e6
2.455737058693939e6
2.487057189121972e6
2.518577318701256e6
2.5502974474417316e6
2.5822175753531875e6
2.614337702445258e6
2.6466578287274255e6
2.679177954208999e6
2.7118980788992266e6
2.744818202807127e6
2.777938325941615e6
2.8112584483114625e6
2.8447785699253133e6
2.878498690791671e6
2.9124188109189197e6
2.9465389303153097e6
2.9808590489889663e6
3.015379166947898e6
3.0500992841999917e6
3.0850194007530087e6
3.120139516614607e6
3.155459631792325e6
3.1909797462935844e6
3.2266998601256222e6
3.2626199732957664e6
3.2987400858111135e6
3.3350601976786307e6
3.3715803089052183e6
3.4083004194976655e6
3.445220529462677e6
3.482340638806852e6
3.5196607475366932e6
3.5571808556586173e6
3.594900963178936e6
3.6328210701038954e6
3.670941176439624e6
3.7092612821921795e6
3.7477813873675284e6
3.786501491971561e6
3.8254215960100726e6
3.8645416994887874e6
3.9038618024133393e6
3.9433819047893e6
3.983102006622148e6