19152.140855052014
19269.37615450828
19582.042307476222
20090.24410830968
20794.1496246881
21693.987079765386
22790.040651614356
24082.645292751025
25572.18069561472
27259.064575864235
29143.745401022257
31226.69469289614
33508.399329320004
35989.3535851917
38670.05153110673
41550.97957276167
44632.60969273334
47915.392988646854
51399.75410623853
55086.08636625629
58974.74773423746
63066.05763475277
67360.29466285661
71857.69513006696
76558.45244143484
81462.71724906696
86570.59831115378
91882.16398225483
97397.44424964814
103116.43322606175
109039.09200810287
115165.35180150955
121495.11723719511
128028.26978489562
134764.67118918308
141704.1668713299
148846.5892152532
156191.7607132983
163739.49692502044
171489.60918924343
179441.90711437628
187596.20081076724
195952.30283866377
204510.02991132066
213269.20431100455
222229.6551054503
231391.2190681186
240753.74141145602
250317.07631734686
260081.08728069055
270045.6472866178
280210.6388516198
290575.9539352607
301141.49376577686
311907.1685505593
322872.89714863326
334038.60667053267
345404.2320405016
356969.71551211475
368735.00630964676
380700.05990027974
392864.8377431277
405229.30669773923
417793.43856057513
430557.20964311954
443520.6003132162
456683.5945989983
470046.1798002067
483608.34612784657
497370.08637064154
511331.3955843158
525492.2708106142
539852.7108120692
554412.7158463043
569172.2874434212
584131.4282213754
599290.1417048208
614648.4321910947
630206.3045933852
645963.7643358125
661920.817240446
678077.4694434234
694433.727308972
710989.5973742169
727745.0862395661
744700.200618887
761854.9471980867
779209.332635069
796763.363591162
814517.0465638892
832470.3880132744
850623.394273479
868976.0715483294
887528.4259199195
906280.4633247068
925232.1895567898
944383.6102656557
963734.7309542989
983285.5569751543
1.0030360935504017e6
1.0229863457403242e6
1.0431363184775728e6
1.0634860165554942e6
1.0840354446361666e6
1.104784607250013e6
1.1257335088059478e6
1.1468821535909413e6
1.168230545760335e6
1.189778689420234e6
1.211526588483554e6
1.2334742468064863e6
1.255621668142851e6
1.2779688561474336e6
1.3005158143842614e6
1.3232625463300871e6
1.3462090553746803e6
1.369355344832079e6
1.3927014179332436e6
1.4162472778397212e6
1.4399929276369088e6
1.4639383703452817e6
1.4880836089155604e6
1.5124286462374532e6
1.5369734851381953e6
1.5617181283845946e6
1.586662578688313e6
1.6118068387042074e6
1.6371509110354115e6
1.6626947982319372e6
1.6884385027945829e6
1.7143820271753063e6
1.7405253737805337e6
1.766868544970552e6
1.793411543060951e6
1.8201543703249826e6
1.8470970289967167e6
1.8742395212623926e6
1.9015818492783424e6
1.9291240151574695e6
1.9568660209752833e6
1.984807868771927e6
2.0129495605524648e6
2.0412910982866245e6
2.0698324839100847e6
2.098573719326413e6
2.127514806407422e6
2.156655746992047e6
2.1859965428886604e6
2.2155371958759353e6
2.2452777077037874e6
2.275218080092465e6
2.305358314733532e6
2.3356984132931274e6
2.3662383774081864e6
2.3969782086901637e6
2.427917908723587e6
2.459057479070412e6
2.4903969212637437e6
2.521936236815027e6
2.5536754272110187e6
2.585614493915112e6
2.617753438367639e6
2.650092261941608e6
2.682630966162964e6
2.7153695522780432e6
2.7483080216822615e6
2.78144637570673e6
2.8147846156627983e6
2.848322742841834e6
2.8820607585149007e6
2.9159986639344934e6
2.9501364603336058e6
2.9844741489266204e6
3.019011730909536e6
3.053749207460581e6
3.0886865797399976e6
3.1238238488912717e6
3.15916101604039e6
3.194698082063044e6
3.2304350487334556e6
3.2663719164638515e6
3.3025086865315265e6
3.338845359981756e6
3.3753819378447575e6
3.4121184211354326e6
3.4490548108537425e6
3.4861911079857596e6
3.523527313502941e6
3.561063428362671e6
3.598799453508682e6
3.6367353898712513e6
3.6748712383672534e6
3.71320699990069e6
3.7517426753625874e6
3.790478265631391e6
3.8294137715731426e6
3.868549194041805e6
3.9078845338790785e6
3.9474197919157487e6
3.987154968969813e6