19029.054788542926
19148.443386831612
19466.82171695566
19984.213431879223
20700.656444742388
21616.202196646715
22730.914672145314
24044.869188406286
25558.150989506234
27270.853687792856
29183.077587886393
31294.927906436642
33606.51303410399
36117.94271503156
38829.32633709701
41740.77126557856
44852.381350665004
48164.25550629561
51676.48650600761
55389.15994173904
59302.35337590943
63416.13569162079
67730.56663716318
72245.69656391593
76961.56634151179
81878.2074431867
86995.64218113186
92313.88407515758
97832.93833479307
103552.80243413779
109473.4667593911
115594.91530864537
121917.12642553641
128440.07354865386
135163.7259615257
142088.04952837914
149213.0074041182
156538.5607059344
164064.66915125248
171791.29162838287
179718.3867305588
187845.91322369289
196173.83046018454
204702.09873560592
213430.67958602123
222359.5360424777
231488.63282250913
240817.93648185808
250347.4155245963
260077.04047160986
270006.783896431
280136.620431148
290466.52674597705
300996.4815082481
311726.46532157203
322656.4606531138
333786.45174737327
345116.4245322097
356646.36651478126
368376.26670297503
380306.11545196845
392435.90440697677
404765.62637649925
417295.2752392738
430024.845843417
442954.33391533373
456083.7359722669
469413.04923839815
482942.2715682094
496671.4013741538
510600.43755989557
524729.3794598638
539058.2267819229
553586.9795590979
568315.6381007726
583244.202953266
598372.6748619468
613701.054738711
629229.3436320705
644957.5427019557
660885.6531960897
677013.6764314752
693341.6137758814
709869.4666358386
726597.2364324181
743524.9246126233
760652.5326197604
777980.0618893508
795507.5138601989
813234.8899365398
831162.1915157341
849289.4199661525
867616.5766320967
886143.6628288723
904870.6798426326
923797.6289286817
942924.5113128517
962251.3281839793
981778.080707846
1.0015047700139106e6
1.0214313972024466e6
1.0415579633433183e6
1.0618844694775464e6
1.0824109166176498e6
1.1031373057478727e6
1.124063637826299e6
1.145189913784727e6
1.1665161345302684e6
1.188042300945302e6
1.2097684138903285e6
1.2316944742022296e6
1.253820482697264e6
1.2761464401710297e6
1.2986723473987954e6
1.321398205138007e6
1.3443240141268242e6
1.3674497750868155e6
1.3907754887218683e6
1.4143011557207797e6
1.438026776755854e6
1.461952352485347e6
1.4860778835524258e6
1.5104033705870302e6
1.5349288142055706e6
1.5596542150114076e6
1.5845795735958032e6
1.6097048905379537e6
1.6350301664055341e6
1.66055540175479e6
1.6862805971320635e6
1.712205753071518e6
1.7383308700987338e6
1.7646559487289158e6
1.7911809894672201e6
1.8179059928102503e6
1.8448309592455141e6
1.871955889250492e6
1.8992807832960715e6
1.926805641843528e6
1.9545304653463224e6
1.9824552542499788e6
2.010580008992489e6
2.0389047300041602e6
2.0674294177078884e6
2.096154072519715e6
2.1250786948482976e6
2.1542032850957103e6
2.183527843657183e6
2.2130523709213748e6
2.242776867270751e6
2.272701333081389e6
2.302825768723011e6
2.3331501745597273e6
2.363674550949631e6
2.394398898244854e6
2.425323216791907e6
2.4564475069323312e6
2.487771769001336e6
2.5192960033294763e6
2.5510202102418463e6
2.5829443900585175e6
2.6150685430944194e6
2.6473926696599047e6
2.679916770059056e6
2.712640844594231e6
2.745564893560541e6
2.778688917249315e6
2.812012915947445e6
2.845536889937449e6
2.879260839497431e6
2.9131847649014285e6
2.9473086664191713e6
2.981632544316444e6
3.0161563988549653e6
3.0508802302925372e6
3.085804038883066e6
3.120927824876806e6
3.156251588520093e6
3.1917753298358433e6
3.2274990497203125e6
3.2634227477532765e6
3.299546424386775e6
3.3358700798484534e6
3.3723937143638376e6
3.409117328155093e6
3.446040921441123e6
3.483164494437784e6
3.5204880473577045e6
3.5580115804105634e6
3.595735093802845e6
3.633658587738391e6
3.6717820624177996e6
3.710105518039059e6
3.748628954797242e6
3.787352372884702e6
3.8262757724910583e6
3.8653991538033234e6
3.904722517005764e6
3.944245862280337e6
3.9839691898061642e6