79453.82279557572
79441.21127081104
79407.90608140867
79354.79480520933
79283.31892040372
79195.47236571822
79093.80064880359
78981.39495236194
78861.89667207754
78739.49222357664
78618.90845487319
78505.40995852184
78404.79550403514
78323.41006251011
78268.11877524055
78246.32203727798
78265.94758390979
78335.48885124901
78463.92087621082
78660.79254304295
78936.18528876649
79300.73367462665
79765.62824850061
80342.63023068398
81044.08344463157
81882.92500137043
82872.71970851935
84027.66033206979
85362.60466075086
86893.10169198943
88635.41187509091
90606.54868462062
92824.3056342632
95307.29149481101
98074.96130480367
101147.65281538069
104546.60562152357
108293.98803013976
112412.90308285598
116927.38354199906
121862.36445354213
127243.6298519466
133097.71849599888
139451.78962444008
146333.42810239084
153770.3782926647
161790.20769991472
170419.86089367664
179685.13176079324
189610.024373775
200216.00798632426
211521.19362744555
223539.44187924467
236279.46390055824
249743.94504312624
263928.79494602396
278822.57621395675
294406.20052086737
310652.9763337778
327529.0223087609
344994.0790804252
363002.67336987273
381505.56386003096
400451.36439329584
419788.2280769988
439465.39333350665
459434.6322639348
479651.3609151146
500075.4608838145
520671.7800987656
541410.3387932394
562266.2798901943
583219.6218645684
604254.8711275754
625360.5501290594
646528.6846803315
667754.2807285639
689034.8315289377
710369.8541324129
731760.4815202958
753209.1003140025
774719.0435422577
796294.3362713088
817939.4763975029
839659.2678724825
861458.6798925288
883342.7397202642
905316.4497869646
927384.7170653411
949552.3244306897
971823.8796483782
994203.8026311004
1.0166963123025276e6
1.0393054132087458e6
1.0620349040539612e6
1.0848883705628759e6
1.1078691950889314e6
1.1309805620493174e6
1.154225466062833e6
1.1776067213488151e6
1.2011269712370622e6
1.2247886976297083e6
1.2485942313818648e6
1.272545760370323e6
1.296645340861742e6
1.320894905757648e6
1.3452962708988083e6
1.369851146199077e6
1.3945611416298985e6
1.4194277745469033e6
1.4444524756704804e6
1.4696365956386945e6
1.4949814120648326e6
1.5204881323857117e6
1.546157900619606e6
1.571991800818013e6
1.5979908616861636e6
1.624156060921485e6
1.6504883272636537e6
1.6769885457817505e6
1.7036575592947202e6
1.7304961719251543e6
1.7575051512325956e6
1.7846852305837334e6
1.812037112443467e6
1.8395614688290122e6
1.8672589435232787e6
1.895130154721764e6
1.923175695674203e6
1.9513961363848029e6
1.9797920251586912e6
2.0083638887255443e6
2.0371122364362865e6
2.0660375575486405e6
2.095140324972071e6
2.124420993643798e6
2.153880004776936e6
2.183517784039216e6
2.2133347426920375e6
2.243331278734603e6
2.273507778427306e6
2.3038646147393403e6
2.3344021495924834e6
2.3651207339689285e6
2.396020708507817e6
2.4271024038927555e6
2.458366139760053e6
2.48981222923784e6
2.521440974625489e6
2.5532526706315638e6
2.585247603761805e6
2.6174260524967345e6
2.649788288183402e6
2.682334575090744e6
2.7150651702979733e6
2.7479803244106127e6
2.7810802822122877e6
2.8143652814735686e6
2.847835554369903e6
2.881491327666222e6
2.91533282359878e6
2.949360255773351e6
2.9835738358807736e6
3.01797376971624e6
3.0525602581515526e6
3.08733349757484e6
3.122293681355283e6
3.157440994127209e6
3.1927756207287605e6
3.228297740354533e6
3.2640075284677893e6
3.299905156727059e6
3.3359907929129647e6
3.3722646014494775e6
3.4087267431087075e6
3.4453773753813347e6
3.4822166524837622e6
3.5192447254894455e6
3.5564617424626416e6
3.593867848198691e6
3.6314631846907665e6
3.669247889403255e6
3.7072221026109657e6
3.745385956035239e6
3.783739580982994e6
3.8222831060667965e6
3.8610166575568435e6
3.8999403591109426e6
3.9390543322821376e6
3.9783586961656543e6
4.0178535677658827e6
4.0575390606702655e6
4.0974152898158985e6
4.1374823648429825e6
4.1777403943395414e6
4.218189484797873e6
4.258829741143158e6
4.299661266156826e6
4.340684160960641e6
4.381898524880737e6