19001.104760859336
19120.989465050254
19440.683664542346
19960.19184061821
20679.521175355418
21598.68141164632
22717.68466507319
24036.545192654172
25555.27912476471
27273.90416792265
29192.43928486026
31310.904358051193
33629.31985670002
36147.706494246435
38866.0849025887
41784.475318523226
44902.89730134947
48221.36946620744
51739.90925785054
55458.532756004424
59377.25451732913
63496.087455503715
67815.04275732624
72334.12983589765
77053.35631699076
81972.72805715742
87092.2491901444
92411.92219801241
97931.7480033352
103651.72607856442
109571.85456875988
115692.1304238416
122012.54953683924
128533.10688528219
135253.7966715059
142174.61246143185
149295.54731702508
156616.59392278406
164137.74470420356
171858.991935032
179780.32783695962
187901.74466677193
196223.23479366064
204744.7907656324
213466.4053649599
222388.07165550953
231509.78301841818
240831.5331802523
250353.31623336827
260075.1266487635
269996.95928247995
280118.80937662453
290440.6725555559
300962.5448180216
311684.4225257912
322606.30238995876
333728.18145478645
345050.05708008225
356571.9269217
368293.78891691676
380215.6412552191
392337.48236849793
404659.3109064308
417181.12571941584
429902.9258396963
442824.7104638529
455946.4789383593
469268.2307400126
482789.9654653955
496511.6828151638
510433.38258331665
524555.064643002
538876.7289386336
553398.3754754264
568120.0043105022
583041.6155455144
598163.2093195315
613484.7858029364
629006.3451918355
644727.8877032744
660649.4135708612
676770.9230412708
693092.4163707088
709613.893822795
726335.3556638742
743256.8021651952
760378.2335974281
777699.6502297373
795221.0523319921
812942.4401677072
830863.8139987087
848985.1740820616
867306.5206699076
885827.8540090716
904549.1743409407
923470.4819011282
942591.7769197318
961913.0596199407
981434.3302206025
1.0011555889337818e6
1.0210768359660604e6
1.0411980715183738e6
1.0615192957861735e6
1.082040508959631e6
1.1027617112235972e6
1.1236829027580225e6
1.1448040837379342e6
1.1661252543337233e6
1.1876464147111524e6
1.2093675650318735e6
1.2312887054531162e6
1.2534098361282435e6
1.2757309572067244e6
1.298252068834246e6
1.32097317115309e6
1.3438942643020866e6
1.3670153484166963e6
1.3903364236292888e6
1.4138574900692622e6
1.4375785478629877e6
1.461499597134182e6
1.4856206380037295e6
1.5099416705900356e6
1.5344626950089633e6
1.559183711373928e6
1.5841047197960701e6
1.6092257203842697e6
1.634546713245247e6
1.6600676984836094e6
1.6857886762019298e6
1.711709646500794e6
1.7378306094789386e6
1.764151565233229e6
1.7906725138586725e6
1.817393455448612e6
1.8443143900947177e6
1.8714353178867707e6
1.898756238913315e6
1.926277153261082e6
1.9539980610153459e6
1.981918962259879e6
2.0100398570770246e6
2.038360745547776e6
2.0668816277515776e6
2.0956025037667006e6
2.124523373669995e6
2.15364423753708e6
2.182965095442277e6
2.2124859474586854e6
2.2422067936582365e6
2.2721276341116563e6
2.3022484688884774e6
2.3325692980572022e6
2.363090121685162e6
2.3938109398385873e6
2.4247317525826637e6
2.4558525599816213e6
2.4871733620985122e6
2.518694158995512e6
2.5504149507337725e6
2.5823357373734955e6
2.6144565189739396e6
2.6467772955934242e6
2.6792980672892006e6
2.7120188341181427e6
2.7449395961357458e6
2.778060353396815e6
2.8113811059553213e6
2.844901853864408e6
2.878622597176398e6
2.9125433359428165e6
2.9466640702144424e6
2.9809848000412504e6
3.015505525472481e6
3.050226246556633e6
3.0851469633414736e6
3.1202676758740805e6
3.1555883842007946e6
3.1911090883673066e6
3.2268297884181067e6
3.2627504843982514e6
3.298871176351415e6
3.335191864320427e6
3.371712548347719e6
3.408433228475078e6
3.445353904743701e6
3.4824745771941906e6
3.5197952458665557e6
3.55731591080024e6
3.5950365720340936e6
3.6329572296064747e6
3.671077883555119e6
3.709398533917276e6
3.747919180729651e6
3.7866398240284314e6
3.8255604638492987e6
3.864681100227438e6
3.904001733197515e6
3.9435223627937725e6
3.983242989049904e6