67464.05916548404
67456.42925309291
67436.41694619326
67404.93290123541
67363.4565508187
67314.06223390705
67259.28000854724
67202.37251730025
67147.05001636158
67097.61753029091
67058.93816757484
67036.42263846527
67036.05910639116
67064.377218095
67128.45511555782
67235.951068792
67395.05785161257
67614.53867611894
67903.7204077378
68272.50033227619
68731.34586196303
69291.32339149353
69964.0823157228
70761.89005620309
71697.64105931474
72784.87161611917
74037.78624486056
75471.2760105945
77100.94617863413
78943.14386154703
81014.9848665646
83334.38568048217
85920.08988000781
88791.68206900478
91969.67901472049
95475.41097893647
99331.1631203673
103560.10080128413
108186.25668101208
113234.4787121703
118730.34393987586
124700.03400447356
131170.15323600944
138167.49107682175
145718.70636826882
153849.93255377826
162586.288844581
171951.29965222412
181966.22384667615
192649.29627426164
204014.92053571437
216072.83127161965
228827.29043137428
242276.36799117684
256411.38437588455
271216.5847654721
286669.1063541013
302739.28479137365
319391.3138572434
336584.22994924395
354273.18069299747
372410.8636812408
390949.046846168
409840.0466419781
429038.0626271053
448500.2903101092
468187.7647421855
488065.91713352595
508104.85795638163
528279.4160730285
548568.9810365669
568957.2098466684
589431.6223391055
609983.157822452
630605.7046525023
651295.6434529901
672051.4162398924
692873.1338027241
713762.2299605021
734721.158205472
755753.1392021367
776861.9436489348
798051.7177203714
819326.8422910897
840691.8174672332
862151.1744691764
883709.4070728703
905370.9231907882
927139.9988275925
949020.7620229907
971017.1680711596
993132.9920150699
1.0153718220329803e6
1.0377370594989306e6
1.060231919669542e6
1.0828594372854503e6
1.1056224741523373e6
1.128523722153442e6
1.1515657153486726e6
1.1747508360897284e6
1.198081324514164e6
1.221559286480645e6
1.2451867023402362e6
1.268965434640229e6
1.2928972364192544e6
1.316983758477495e6
1.3412265560718314e6
1.3656270945473667e6
1.3901867587774494e6
1.414906855624999e6
1.4397886205599625e6
1.4648332230238705e6
1.4900417702409807e6
1.515415312742424e6
1.5409548473082173e6
1.5666613209273021e6
1.5925356340692467e6
1.618578645193141e6
1.644791170808248e6
1.6711739909095285e6
1.6977278500641682e6
1.7244534603676717e6
1.7513515025518914e6
1.7784226290534472e6
1.805667465070787e6
1.8330866106074168e6
1.8606806414711329e6
1.8884501116231543e6
1.9163955532627671e6
1.9445174790555518e6
1.9728163830650982e6
2.0012927415038322e6
2.0299470125783563e6
2.058779640760934e6
2.0877910538648632e6
2.1169816667154273e6
2.1463518788039666e6
2.1759020780930305e6
2.2056326399757606e6
2.2355439265120607e6
2.265636294654947e6
2.295910081830362e6
2.326365621380943e6
2.357003235071727e6
2.387823236398289e6
2.418825927735217e6
2.4500116058620927e6
2.4813805581132486e6
2.5129330634151553e6
2.544669393939712e6
2.5765898118155506e6
2.608694583239509e6
2.640983951148237e6
2.67345816268773e6
2.706117457091329e6
2.7389620668108757e6
2.771992219801291e6
2.8052081354730893e6
2.8386100318165184e6
2.872198119413616e6
2.905972604175062e6
2.9399336874594064e6
2.9740815664749905e6
3.0084164317970034e6
3.0429384727612888e6
3.0776478724885196e6
3.1125448104673526e6
3.14762946258786e6
3.1829020003799614e6
3.2183625919743693e6
3.2540114016424697e6
3.2898485911335223e6
3.325874317910202e6
3.3620887358578867e6
3.3984919964177394e6
3.4350842477244777e6
3.471865634871637e6
3.5088363000378767e6
3.5459963826293554e6
3.58334601949082e6
3.620885343747297e6
3.658614487981302e6
3.696533578824732e6
3.7346427444079737e6
3.772942108135789e6
3.8114317913942696e6
3.8501119134932715e6
3.88898259142948e6
3.928043941469425e6
3.967296073589333e6
4.0067390998053034e6
4.046373128773385e6
4.0861982898238455e6
4.1262146199865923e6
4.166422289903075e6
4.206821378117241e6
4.247411984102197e6
4.288194207335012e6
4.329168139785953e6
4.370333877650037e6