18996.653960656215
19116.617912302157
19436.52230119727
19956.36852950632
20676.15884440874
21595.89629423662
22715.584669531367
24035.22843059452
25554.83262351215
27274.402787066327
29193.944852552842
31313.465038428432
33632.96974608429
36152.46545265525
38871.95860910151
41791.45554214112
44910.96236595586
48230.4848988477
51750.02859256767
55469.59847154761
59389.19908355805
63508.83446239206
67828.50810168934
72348.22294045157
77067.98135888988
81987.78518419406
87107.6357051409
92427.53369441045
97947.47943747648
103667.47276685166
109587.51310048351
115707.59948312333
122027.73062954929
128547.90496875967
135268.12068781414
142188.3757751932
149308.66806217132
156628.9952623196
164149.35500849877
171869.7448862208
179790.16246539258
187910.60532627712
196231.07108486656
204751.5574129858
213472.06205571978
222392.58284618246
231513.11771664437
240833.66470731804
250354.221972706
260074.78778560762
269995.3605391111
280115.93874690664
290436.5210420926
300957.10617471475
311677.69300821534
322598.28051515145
333718.86777214974
345039.4539544004
356560.0383295671
368280.6202532202
380201.19915971125
392321.7745591141
404642.3460295246
417162.91321175266
429883.47580340505
442804.03355342813
455924.58625759475
469245.13375239
482765.6759117337
496486.2126420162
510406.7438788557
524527.2695825567
538847.7897355416
553368.3043398686
568088.8134128585
583009.3169863857
598129.8151038575
613450.3078184673
628970.7951914482
644691.2772905787
660611.7541888139
676732.2259631953
693052.6926937443
709573.1544628015
726293.6113535613
743214.0634507521
760334.5108389247
777654.9536021611
795175.3918247655
812895.8255890587
830816.254976835
848936.6800684036
867257.1009425363
885777.5176763454
904497.9303452454
923418.3390228477
942538.7437810416
961859.1446895595
981379.541816776
1.0010999352289508e6
1.021020324990628e6
1.0411407111645899e6
1.061461093811905e6
1.0819814729919934e6
1.1027018487626133e6
1.123622221179992e6
1.144742590298818e6
1.1660629561723333e6
1.1875833188523338e6
1.209303678389344e6
1.2312240348324515e6
1.2533443882296225e6
1.275664738627547e6
1.2981850860717488e6
1.3209054306066893e6
1.3438257722757508e6
1.366946111121261e6
1.3902664471845857e6
1.4137867805061599e6
1.4375071111254706e6
1.461427439081186e6
1.4855477644110732e6
1.5098680871521374e6
1.534388407340585e6
1.5591087250118589e6
1.5840290402006889e6
1.6091493529411016e6
1.6344696632664467e6
1.659989971209416e6
1.685710276802061e6
1.7116305800758179e6
1.737750881061543e6
1.7640711797895052e6
1.7905914762893987e6
1.8173117705903908e6
1.8442320627211332e6
1.87135235270968e6
1.8986726405837047e6
1.9261929263703641e6
1.9539132100961534e6
1.9818334917874048e6
2.0099537714698124e6
2.0382740491686608e6
2.0667943249088041e6
2.0955145987146962e6
2.124434870610351e6
2.153555140619407e6
2.1828754087650855e6
2.212395675070236e6
2.2421159395573367e6
2.272036202248493e6
2.3021564631654327e6
2.3324767223295677e6
2.3629969797619404e6
2.393717235483249e6
2.4246374895138657e6
2.4557577418738655e6
2.487077992582952e6
2.5185982416605595e6
2.5503184891257994e6
2.5822387349974853e6
2.6143589792941376e6
2.6466792220339854e6
2.6791994632349187e6
2.711919702914715e6
2.744839941090717e6
2.777960177780054e6
2.811280412999594e6
2.844800646765944e6
2.878520879095458e6
2.912441110004244e6
2.9465613395081675e6
2.980881567622849e6
3.015401794363675e6
3.0501220197458086e6
3.085042243784172e6
3.120162466493488e6
3.1554826878882335e6
3.1910029079826907e6
3.2267231267907624e6
3.262643344326533e6
3.2987635606036517e6
3.3350837756355074e6
3.3716039894353566e6
3.408324202016262e6
3.4452444133911026e6
3.4823646235725614e6
3.51968483257315e6
3.557205040405193e6
3.5949252470808304e6
3.632845452612056e6
3.670965657010662e6
3.709285860288287e6
3.747806062456408e6
3.786526263526334e6
3.8254464635092146e6
3.864566662416048e6
3.9038868602576717e6
3.943407057044784e6
3.983127252787921e6