264659.11772073875
264597.7657788561
264434.4336526805
264169.8749004079
263805.2910914834
263342.3705798351
262783.2448111091
262130.5698233124
261387.19424495357
260556.8340166104
259643.25858998002
258650.8866211804
257584.49109499902
256449.2577242456
255250.80270613788
253995.1066699493
252688.55438357935
251337.91817637783
249950.3293453225
248533.29117003886
247094.6573795515
245642.62174949504
244185.72679133527
242732.84453118627
241293.16671417118
239876.20798408735
238491.80267751514
237150.1042545
235861.55104907783
234636.93765012815
233487.3229321455
232424.10716805817
231459.00307707128
230604.04571178474
229871.603036945
229274.38485460996
228825.4583338726
228538.25070778985
228426.59308681614
228504.70608618716
228787.25074099278
229289.34132849955
230026.57977449358
231015.0852250327
232271.5340615501
233813.19729329314
235657.98432447517
237824.4903081978
240332.04464813095
243200.76307116315
246451.6009431314
250106.40684017562
254187.97375033965
258720.0877372574
263727.56954028836
269236.30376725516
275272.98239900765
281866.4500354511
289044.95223631524
296838.76715341443
305278.7108342332
314396.2091763425
324223.00358927745
334790.7908483301
346130.67585761775
358272.57987400575
371244.4484237485
385071.3406583828
399774.333387139
415369.5136213705
431866.46324605565
449267.33553703874
467565.55657284806
486744.9662387619
506779.24373362854
527631.7037830072
549255.7255436606
571595.6679221708
594588.3449153387
618165.0277778059
642253.658155083
666781.286494379
691676.4069632512
716871.1088777642
742302.7191674202
767915.1590076097
793659.670446209
819495.1833399915
845388.1798457499
871312.346809828
897247.9560098797
923181.1176470546
949103.0013866397
975008.9840280137
1.0008979445531929e6
1.0267715257548825e6
1.052633530555359e6
1.0784893833762747e6
1.104345683825902e6
1.1302098339543962e6
1.1560897374007562e6
1.1819935591088864e6
1.2079295388214733e6
1.2339058489784556e6
1.25993048771226e6
1.2860112060712695e6
1.3121554503263212e6
1.3383703291966305e6
1.3646625790009385e6
1.391038595501813e6
1.4175043994337008e6
1.4440656415469784e6
1.4707276418125222e6
1.4974953679455402e6
1.524373483942763e6
1.551366342421328e6
1.578478008285559e6
1.6057122849851535e6
1.6330727236079597e6
1.6605626427189163e6
1.6881851466649154e6
1.7159431333679045e6
1.7438393179431236e6
1.7718762403087553e6
1.8000562813671113e6
1.8283816727183755e6
1.8568545092757107e6
1.8854767581196073e6
1.9142502673569429e6
1.943176783781667e6
1.9722579419633362e6
2.0014952908458973e6
2.0308902910011173e6
2.0604443228417297e6
2.0901586916344324e6
2.120034634705342e6
2.1500733241952034e6
2.1802758741770885e6
2.2106433402076336e6
2.241176726795929e6
2.2718769962327555e6
2.3027450536333704e6
2.3337817723165313e6
2.3649879819802027e6
2.3963644746987913e6
2.427912011525211e6
2.459631316084065e6
2.491523084744171e6
2.523587984329686e6
2.555826652500305e6
2.5882397087240177e6
2.620827744902272e6
2.6535913109823805e6
2.686530972652915e6
2.7196472480888586e6
2.7529406445420203e6
2.7864116496317573e6
2.8200607371383323e6
2.853888358637629e6
2.8878949549278836e6
2.922080950277184e6
2.9564467548641576e6
2.990992765643976e6
3.0257193667239356e6
3.0606269302032134e6
3.0957158163916785e6
3.1309863739876873e6
3.1664389416719847e6
3.20207384856211e6
3.2378914123010375e6
3.273891943135132e6
3.310075741293271e6
3.34644309816326e6
3.3829942977693533e6
3.419729615962834e6
3.4566493209270714e6
3.493753673598868e6
3.531042927545816e6
3.5685173306071125e6
3.606177122930673e6
3.64402253908551e6
3.682053807832881e6
3.720271151500348e6
3.7586747873788597e6
3.7972649272873225e6
3.836041777621804e6
3.8750055390960937e6
3.914156410491554e6
3.953494581525392e6
3.9930202406845056e6
4.0327335710887862e6
4.0726347508588936e6
4.1127239553561118e6
4.1530013550458113e6
4.1934671172628393e6
4.234121405740038e6
4.27496437723099e6
4.315996190844267e6
4.35721699821463e6
4.398626948156546e6