18994.914275458024
19114.909221080903
19434.89581537177
19954.87425499133
20674.844855114992
21594.808043277415
22714.764351100675
24034.714404127488
25554.658910037673
27274.59864558649
29194.534442549077
31314.467172939796
33634.39773439233
36154.32703512396
38874.25597964201
41794.18545499173
44914.11631837713
48234.04938547581
51753.985420534984
55473.9251278552
59393.869144878176
63513.8180369613
67833.77229371456
72353.73232697662
77073.69847023961
81993.67097946421
87113.65003513359
92433.63574538719
97953.62815007521
103673.62722556305
109593.63289011655
115713.64500970325
122033.66340405266
128553.68785285199
135273.7181018915
142193.75386914235
149313.79485055484
156633.8407256012
164153.8911624273
171873.94582259218
179794.00436545123
187914.0664518263
196234.13174755414
204754.19992630268
213474.2706720131
222394.34368096804
231514.4186633511
240834.4953444769
250354.57346568038
260074.6527848778
269994.7330768456
280114.8141332636
290434.89576254797
300954.97778950573
311675.0600548369
322595.1424145349
333715.2247391785
345035.30691316095
356555.38883383595
368275.4704108777
380195.5515650022
392315.6322275379
404635.71233934764
417155.7918500836
429875.87071735854
442795.9489059813
455916.0263873236
469236.1031384636
482756.17914172617
496476.254383988
510396.32885622163
524516.4025528607
538836.4754714386
553356.5476122412
568076.6189776938
582996.6895722618
598116.7594020271
613436.8284744439
628956.8967980928
644676.9643824722
660597.0312378067
676717.0973748936
693037.1628049475
709557.2275395088
726277.2915902378
743197.3549690093
760317.4176876743
777637.479758017
795157.5411918537
812877.6020007228
830797.662196089
848917.7217892075
867237.7807911204
885757.8392126359
904477.8970643245
923397.9543565039
942518.0110992509
961838.0673023396
981358.1229753539
1.0010781781275814e6
1.0209982327680693e6
1.0411182869056177e6
1.0614383405487873e6
1.0819583937059059e6
1.1026784463850707e6
1.123598498594163e6
1.144718550340848e6
1.16603860163259e6
1.1875586524766483e6
1.209278702880106e6
1.2311987528498431e6
1.2533188023925843e6
1.275638851514874e6
1.2981589002230926e6
1.320878948523474e6
1.343798996422099e6
1.3669190439249002e6
1.390239091037677e6
1.4137591377660981e6
1.437479184115697e6
1.4613992300918954e6
1.4855192756999866e6
1.5098393209451588e6
1.5343593658324874e6
1.5590794103669405e6
1.5839994545533874e6
1.6091194983965955e6
1.6344395419012418e6
1.6599595850719092e6
1.68567962791309e6
1.711599670429191e6
1.7377197126245375e6
1.7640397545033738e6
1.7905597960698602e6
1.8172798373280885e6
1.8441998782820725e6
1.8713199189357462e6
1.8986399592929892e6
1.9261599993576077e6
1.9538800391333164e6
1.9818000786238057e6
2.0099201178326798e6
2.0382401567634805e6
2.066760195419693e6
2.0954802338047456e6
2.1244002719220044e6
2.1535203097747834e6
2.182840347366335e6
2.2123603846998694e6
2.2420804217785313e6
2.2720004586054217e6
2.3021204951835847e6
2.3324405315160253e6
2.362960567605693e6
2.3936806034554853e6
2.4246006390682627e6
2.455720674446837e6
2.48704070959397e6
2.518560744512388e6
2.5502807792047695e6
2.58220081367375e6
2.6143208479219284e6
2.6466408819518583e6
2.67916091576605e6
2.7118809493669947e6
2.744800982757122e6
2.777921015938833e6
2.8112410489144954e6
2.8447610816864343e6
2.8784811142569445e6
2.9124011466282816e6
2.946521178802673e6
2.9808412107823053e6
3.015361242569338e6
3.050081274165897e6
3.085001305574072e6
3.1201213367959275e6
3.1554413678334937e6
3.190961398688773e6
3.226681429363712e6
3.262601459860289e6
3.2987214901804146e6
3.335041520325965e6
3.371561550298803e6
3.4082815801007547e6
3.4452016097336314e6
3.482321639199207e6
3.5196416684992337e6
3.5571616976354425e6
3.5948817266095323e6
3.6328017554231915e6
3.6709217840780667e6
3.7092418125757906e6
3.7477618409179715e6
3.7864818691061973e6
3.8254018971420308e6
3.864521925027015e6
3.903841952762662e6
3.94336198035048e6
3.9830820077919397e6