23119.6725561361
23188.094421601927
23370.9735553532
23669.455643864094
24085.396269620127
24621.351508715103
25280.56550025176
26066.953774906033
26985.0823303145
28040.142617687034
29237.92218086908
30584.769443842644
32087.553963799855
33753.62064756651
35590.73928282519
37607.04411074391
39810.97209258294
42211.1934446724
44816.52969474568
47635.87627604491
50678.11098511683
53952.002066630565
57466.110073249554
61228.68970011501
65247.58933395189
69530.15276880567
74083.12425432095
78912.55982642346
84023.74715793587
89421.13673104068
95108.28653637828
101087.82211927068
107361.41642197674
113929.78209032926
120792.69072256517
127949.00499185474
135396.73026794515
143133.0824706175
151154.56888850857
159457.08014521017
168035.98938248344
176886.25589153456
186002.52966816656
195379.25380630925
205010.76198564668
214891.36904504575
225015.45218180213
235377.52258439054
245972.28561655973
256794.69020067877
267839.96720399545
279103.65763942833
290581.6308348812
302270.09487249923
314165.5986966432
326265.028263263
338565.5977543194
351064.8363515815
363760.5719864599
376650.9129552962
389734.2279748722
403009.125571112
416474.4333010374
430129.17710426555
443972.5612693009
458003.9492559723
472222.84574564744
486628.87951250153
501221.7879147196
516001.4024081004
530967.6355147703
546120.468935574
561459.9429014018
576986.1467170627
592699.2103580476
608599.2970091868
624686.5966268012
640961.3201576434
657423.6948139684
674073.9597293776
690912.362417307
707939.1556367436
725154.5950343426
742558.9367081467
760152.4356451815
777935.3442683121
795907.910912582
814070.3797278388
832422.9889813002
850965.9712691042
869699.552630617
888623.952679044
907739.3841958694
927046.0531577262
946544.1587192826
966233.8932774331
986115.4426709348
1.0061889861320158e6
1.0264546966467174e6
1.046912741070339e6
1.0675632803402173e6
1.088406469712825e6
1.1094424589530518e6
1.130671392643039e6
1.152093410289116e6
1.1737086466549784e6
1.1955172320707017e6
1.2175192918748886e6
1.23971494822565e6
1.262104318658108e6
1.284687517110465e6
1.3074646539720737e6
1.330435836206726e6
1.3536011675607169e6
1.3769607485286798e6
1.4005146768835403e6
1.424263047510074e6
1.4482059525847842e6
1.4723434817686302e6
1.4966757222715614e6
1.5212027589769932e6
1.5459246746210228e6
1.5708415496713996e6
1.595953462762124e6
1.6212604902115655e6
1.6467627069848864e6
1.6724601858804238e6
1.698352998095071e6
1.7244412131769373e6
1.750724899289765e6
1.7772041221095065e6
1.803878947317359e6
1.8307494381905568e6
1.8578156568757107e6
1.885077664035187e6
1.9125355193938646e6
1.9401892810796308e6
1.9680390062857128e6
1.996084750798067e6
2.024326569663376e6
2.0527645163187198e6
2.0813986435116064e6
2.1102290029550605e6
2.1392556449058913e6
2.168478619395194e6
2.1978979748432697e6
2.2275137592048645e6
2.2573260192540633e6
2.287334801017653e6
2.317540149640812e6
2.3479421094554234e6
2.3785407239695163e6
2.409336035925968e6
2.440328087289823e6
2.4715169191417824e6
2.502902572196591e6
2.534485086150701e6
2.5662645000391495e6
2.5982408522696313e6
2.6304141805679374e6
2.6627845220134e6
2.695351913057569e6
2.7281163895033738e6
2.7610779866275038e6
2.7942367389615923e6
2.82759268057356e6
2.861145844949658e6
2.894896265001648e6
2.928843973094304e6
2.962989001056086e6
2.9973313802358015e6
3.0318711414006194e6
3.0666083148640255e6
3.1015429304473028e6
3.136675017471278e6
3.172004604814538e6
3.2075317208638405e6
3.24325639357921e6
3.27917865047455e6
3.315298518839243e6
3.351616024894191e6
3.388131195082478e6
3.4248440552269984e6
3.461754630755691e6
3.4988629466969864e6
3.536169027704132e6
3.5736728980462644e6
3.6113745816152636e6
3.649274101957963e6
3.687371482247699e6
3.725666745311045e6
3.7641599136525625e6
3.802851009412703e6
3.8417400544055123e6
3.880827070156212e6
3.9201120778162275e6
3.9595950982707217e6
3.9992761520694746e6
4.039155259485975e6
4.079232440478716e6