19051.602557055798
19170.59287913864
19487.9147743699
20003.60715700478
20717.73240886054
21630.375183387005
22741.640797061467
24051.6532499725
25560.552926395816
27268.494043407016
29175.64190438582
31282.169980743987
33588.25705639069
36094.08423857401
38799.83213435435
41705.67812026282
44811.7938614454
48118.34296868321
51625.47899997751
55333.343730245935
59242.065736426084
63351.75930898976
67662.52368265283
72174.44258715375
76887.5840895244
81802.00072089971
86917.729850888
92234.79428504045
97753.20305149676
103472.9523436391
109394.02658481426
115516.39958178374
121840.0357364037
128364.89128489481
135090.91553979393
142018.05210980814
149146.24007689045
156475.41511619877
164005.51054738543
171736.45829258562
179668.18976068738
187800.63662720958
196133.7315229875
204667.40862989041
213401.60417564807
222336.25685874588
231471.30816837767
240806.70263699398
250342.38802900267
260078.31544843077
270014.4393997787
280150.71781142004
290487.11198577896
301023.5865404892
311760.10930612806
322696.6512053862
333833.1861102918
345169.69068637595
356706.14421947725
368442.52848671353
380378.8274977786
392515.0274060261
404851.1162953865
417387.08403092716
430122.9220485735
443058.6233010427
456194.1820118346
469529.5935871881
483064.8544781087
496799.9620606983
510734.91452536616
524869.7107763701
539204.3503369433
553738.8332684312
568473.1600908265
583407.3317158389
598541.34938482
613875.214615554
629408.929150356
645142.4949169043
661075.9139876575
677209.1885495475
693542.3208732563
710075.3132933287
726808.1681680516
743740.8878982952
760873.4748785805
778205.9314902335
795738.260119649
813470.4630966749
831402.5427357123
849534.5013086111
867866.3410432035
886398.0641203288
905129.6726719764
924061.1687790301
943192.5544733962
962523.8317254906
982055.0024674427
1.0017860685709233e6
1.0217170318592648e6
1.0418478941055755e6
1.062178657034485e6
1.0827093223237381e6
1.1034398916040529e6
1.1243703664627066e6
1.1455007484433926e6
1.1668310390488238e6
1.188361239739761e6
1.210091351944358e6
1.2320213770460635e6
1.2541513163977123e6
1.276481171316985e6
1.2990109430885047e6
1.3217406329659664e6
1.3446702421721176e6
1.367799771901914e6
1.391129223321e6
1.4146585975699972e6
1.4383878957621686e6
1.4623171189875018e6
1.486446268310974e6
1.5107753447756064e6
1.535304349402027e6
1.560033283189141e6
1.5849621471160534e6
1.610090942141528e6
1.6354196692054467e6
1.660948329229045e6
1.6866769231155994e6
1.7126054517508124e6
1.738733916004099e6
1.7650623167282739e6
1.7915906547600066e6
1.8183189309208798e6
1.845247146018056e6
1.8723753008418889e6
1.8997033961718192e6
1.9272314327713766e6
1.9549594113911202e6
1.982887332768482e6
2.011015197628406e6
2.0393430066831112e6
2.0678707606325364e6
2.096598460165265e6
2.125526105957651e6
2.154653698675148e6
2.1839812389718816e6
2.213508727491057e6
2.2432361648656656e6
2.2731635517181144e6
2.3032908886601944e6
2.333618176294727e6
2.364145415213962e6
2.394872606000883e6
2.4257997492288626e6
2.4569268454630976e6
2.4882538952583084e6
2.5197808991615134e6
2.5515078577106725e6
2.583434771435441e6
2.6155616408571303e6
2.6478884664887832e6
2.6804152488341215e6
2.713141988393219e6
2.7460686856544935e6
2.7791953410999733e6
2.8125219552043783e6
2.8460485284351963e6
2.8797750612525786e6
2.9137015541099273e6
2.9478280074537643e6
2.9821544217235465e6
3.0166807973525277e6
3.0514071347672227e6
3.086333434387745e6
3.121459696628167e6
3.156785921896066e6
3.192312110371022e6
3.2280382631109557e6
3.2639643798455806e6
3.300090461181156e6
3.3364165074943365e6
3.3729425191582614e6
3.4096684965404845e6
3.446594440003175e6
3.4837203499034964e6
3.521046226593264e6
3.558572070419326e6
3.5962978817234267e6
3.6342236608425886e6
3.6723494081089073e6
3.7106751238498534e6
3.7492008083881955e6
3.787926462042144e6
3.826852085125441e6
3.8659776779474546e6
3.905303240813062e6
3.9448287740232847e6
3.984554277874457e6