19042.784652347793
19161.93052519989
19479.665026826624
19996.021124771854
20711.0516657861
21624.82835977056
22737.44041331252
24048.992848563386
25559.604550811695
27269.40610271397
29178.537453898316
31287.14533393299
33595.381387844565
36103.398530318605
38811.34966647871
41719.38482430113
44827.64916750911
48136.281014198044
51645.41014985317
55355.15636645058
59265.628270822825
63376.92236878944
67689.1224199708
72202.29906343787
76916.50968969308
81831.79855301631
86948.19709271971
92265.72444237459
97784.38809837092
103504.18471965432
109425.1010298844
115547.11479372744
121870.19584289045
128394.3071218608
135119.40573942388
142045.44399800812
149172.3703877959
156500.13053202943
164028.66807411474
171757.92548581632
179687.84481306857
187818.3683334885
196149.4391371738
204681.00162863854
213413.00194384373
222345.38830827086
231478.11130638077
240811.1240949242
250344.38255839486
260077.84540399362
270011.4742158708
280145.2334598938
290479.09045769135
301013.0153286082
311746.9809049476
322680.9626298954
333814.9384368933
345148.88861795637
356682.79567787773
368416.6442246699
380350.4207513487
392484.1135614367
404817.7125887034
417351.2092618778
430084.59637093125
443017.8679352667
456151.0190817679
469484.04592769244
483016.9454726519
496749.7154977727
510682.35447191907
524814.8614670451
539147.236077986
553679.4783542834
568411.5887329181
583343.5679819719
598475.4171480982
613807.1375112139
629338.7305417884
645070.1978664445
661001.5412343906
677132.7624916758
693463.8635552074
709994.8463959746
726725.713005096
743656.4654099228
760787.1056323389
778117.6356833081
795648.0575781451
813378.3732845113
831308.584756972
849438.6939144075
867768.702638464
886298.6127711727
905028.4261133692
923958.1444227555
943087.7694157296
962417.302756761
981946.7460780314
1.0016761009606854e6
1.0216053689450647e6
1.0417345515291117e6
1.062063650169844e6
1.0825926662846967e6
1.103321601251396e6
1.1242504564110064e6
1.1453792330677705e6
1.16670793249134e6
1.1882365559167208e6
1.2099651045482685e6
1.2318935795572517e6
1.2540219820859851e6
1.2763503132478665e6
1.2988785741283766e6
1.3216067657854971e6
1.344534889256593e6
1.3676629455472752e6
1.390990935643926e6
1.414518860510398e6
1.4382467210874571e6
1.4621745182961887e6
1.486302253036568e6
1.5106299261900196e6
1.535157538619047e6
1.5598850911678656e6
1.5848125846638998e6
1.6099400199171363e6
1.6352673977222398e6
1.6607947188576236e6
1.686521984086741e6
1.712449194157896e6
1.7385763498060924e6
1.7649034517520508e6
1.7914305007027448e6
1.8181574973526665e6
1.8450844423839625e6
1.8722113364645047e6
1.899538180253364e6
1.927064974395546e6
1.9547917195255186e6
1.982718416266543e6
2.0108450652313388e6
2.0391716670217752e6
2.0676982222297266e6
2.096424731436904e6
2.125351195215064e6
2.1544776141266553e6
2.1838039887245535e6
2.2133303195524216e6
2.2430566071452713e6
2.2729828520291825e6
2.3031090547212614e6
2.3334352157309866e6
2.363961335559103e6
2.394687414698224e6
2.42561345363304e6
2.4567394528412875e6
2.488065412791848e6
2.5195913339470844e6
2.551317216761723e6
2.58324306168346e6
2.6153688691529417e6
2.6476946396038295e6
2.680220373461907e6
2.71294607114987e6
2.74587173308057e6
2.778997359661457e6
2.8123229512938033e6
2.84584850837277e6
2.879574031287314e6
2.9134995204207017e6
2.9476249761503665e6
2.98195039884778e6
3.0164757888791743e6
3.0512011466050805e6
3.08612647238062e6
3.1212517665558127e6
3.1565770294751856e6
3.192102261257066e6
3.2278274628961547e6
3.263752634063536e6
3.2998777753051748e6
3.336202886939456e6
3.3727279692818034e6
3.409453022642925e6
3.4463780473289606e6
3.483503043641845e6
3.5208280118789417e6
3.5583529523334824e6
3.5960778652943433e6
3.6340027510464215e6
3.6721276098704445e6
3.710452442043236e6
3.748977247837639e6
3.787702027522664e6
3.826626781363496e6
3.8657515096216877e6
3.905076212554948e6
3.944600890417745e6
3.9843255434605884e6