19074.44834671337
19193.036886414382
19509.293002803257
20023.270888946165
20735.05742855875
21644.7705427412
22752.556965392883
24058.589504409523
25563.06385809474
27266.195080203048
29168.21377048033
31269.3620255649
33569.889471182076
36070.04909065906
38770.0933184515
41670.2702029575
44770.81995162279
48071.97164897027
51573.94045064246
55276.92514752621
59181.10617217659
63286.6440507972
67593.67830606659
72102.3268050336
76812.68551492775
81724.82865894824
86838.80922001958
92154.65975950556
97672.39350353024
103392.00565080318
109313.47485455846
115436.76483169378
121761.8260564709
128288.59749536811
135017.00834797128
141946.9797546354
149078.42647111483
156411.25840061772
163945.38211528113
171680.7021844375
179617.12242213503
187754.54699106514
196092.8813691837
204632.0331927982
213371.9129545664
222312.43460376223
231453.51599848206
240795.07926445926
250337.05105552188
260079.36272042798
270021.9503754438
280164.75494566606
290507.7220950027
301050.8021433642
311793.94992375874
322737.12461285887
333880.2895303326
345223.41192022525
356766.46270741464
368509.4163162677
380452.25030568126
392594.94525169116
404937.484432001
417479.853633348
430222.04084468214
443164.03618604183
456305.8315612909
469647.4205345685
483188.79813640454
496929.96069577994
510870.90568418364
525011.6315747129
539352.1377087086
553892.4241822844
568632.4917345325
583572.3416538597
598711.9756905907
614051.395982279
629590.6049811014
645329.6053986638
661268.400149114
677406.9923066909
693745.3850626289
710283.5816971165
727021.5855232152
743959.3999134077
761097.028230513
778434.473818627
795971.7400288181
813708.8301312114
831645.7473757602
849782.4949520633
868119.0759844057
886655.4935362248
905391.7505986192
924327.8500916358
943463.7948632532
962799.5876876392
982335.231266091
1.0020707282275417e6
1.0220060811298758e6
1.0421412924603574e6
1.0624763646383323e6
1.0830113000163576e6
1.1037461008823016e6
1.1246807694620613e6
1.1458153079205821e6
1.1671497183652075e6
1.1886840028443611e6
1.2104181633607117e6
1.2323522018540727e6
1.2544861202214789e6
1.2768199203100877e6
1.2993536039213361e6
1.3220871728127818e6
1.3450206286984475e6
1.3681539732541826e6
1.3914872081134492e6
1.4150203348753403e6
1.4387533551004631e6
1.4626862703166779e6
1.4868190820167698e6
1.5111517916627047e6
1.535684400685018e6
1.5604169104837747e6
1.5853493224312477e6
1.6104816378711597e6
1.635813858120781e6
1.6613459844711665e6
1.687078018188197e6
1.7130099605131198e6
1.7391418126643037e6
1.7654735758368338e6
1.7920052512031563e6
1.8187368399145887e6
1.8456683431021466e6
1.8727997618733183e6
1.9001310973202812e6
1.9276623505129076e6
1.9553935225028407e6
1.9833246143233797e6
2.0114556269901863e6
2.0397865615012501e6
2.0683174188372255e6
2.0970481999628623e6
2.1259789058257933e6
2.1551095373583063e6
2.184440095476881e6
2.2139705810826262e6
2.2437009950623736e6
2.273631338288088e6
2.303761611616864e6
2.3340918158932226e6
2.3646219519468355e6
2.3953520205945414e6
2.4262820226392453e6
2.4574119588730414e6
2.4887418300729296e6
2.5202716370051396e6
2.5520013804233265e6
2.5839310610694583e6
2.616060679673706e6
2.6483902369548245e6
2.6809197336183507e6
2.7136491703648935e6
2.7465785478785015e6
2.779707866834418e6
2.813037127897599e6
2.846566331722793e6
2.880295478954741e6
2.914224570228382e6
2.9483536061690906e6
2.9826825873927223e6
3.0172115145056886e6
3.051940388105691e6
3.086869208781093e6
3.1219979771118746e6
3.1573266936688977e6
3.192855358790371e6
3.2285839736953466e6
3.2645125382732344e6
3.3006410532786013e6
3.3369695192415887e6
3.373497936684827e6
3.410226306123112e6
3.4471546280636895e6
3.4842829030067897e6
3.5216111314451504e6
3.5591393138645566e6
3.596867450743634e6
3.634795542554434e6
3.6729235897620213e6
3.711251592825051e6
3.7497795521955607e6
3.788507468319222e6
3.8274353416354298e6
3.8665631725774533e6
3.9058909615722788e6
3.945418709041485e6
3.985146415400092e6