19642.836744858745
19751.972871661186
20043.142886055626
20516.727336186486
21173.33776023556
22013.807036138664
23039.176261105364
24250.678424059253
25649.71914956157
27237.854931098707
29016.769097299286
30988.246302599415
33154.14548896542
35516.37251283412
38076.85243580483
40837.50162264427
43800.202339367344
46966.77654216799
50338.963068981255
53918.396439761236
57706.588479928396
61704.91224173976
65914.58978861979
70336.68251098838
74972.08489833548
79821.52144464222
84885.54659086833
90164.54754149128
95658.74969035259
101368.22436333477
107292.89854946264
113432.56626021561
119786.90114648348
126355.47000776124
133137.74683147657
140133.12705306304
147340.94165674187
154760.47095020293
162390.95775592333
170231.61966693448
178281.6605426474
186540.2808168913
195006.68673720674
203680.0984494306
212559.75685741406
221644.92953398335
230934.91527816595
240429.04787651368
250126.69881814774
260027.2789498549
270130.2400297575
280435.0746536278
290941.31630943995
301648.5386332482
312556.3544077863
323664.41394109576
334972.4035834481
346480.04371714185
358187.08678530727
370093.31516555476
382198.5390304745
394502.59419728734
407005.33995899145
419706.6572607157
432606.44621481583
445704.62469807384
459001.12626284634
472495.89856020384
486188.90170406323
500080.10682734865
514169.49471980677
528457.0546192306
542942.783029374
557626.6827963948
572508.7619560905
587589.0333174188
602867.5133167064
618344.2215738185
634019.1802606768
649892.4136073582
665963.9474444701
682233.808813056
698702.0252892529
715368.6265314617
732233.640308179
749297.0959902524
766559.0225782704
784019.4488452154
801678.4034989648
819535.9144847736
837592.009524908
855846.7157617188
874300.0597482957
892952.0674182564
911802.7641066283
930852.1744794919
950100.3225452722
969547.231673518
989192.9245746126
1.0090374233247328e6
1.0290807493629759e6
1.0493229235220999e6
1.0697639660273418e6
1.0904038965399098e6
1.1112427341247038e6
1.132280497368408e6
1.1535172042680364e6
1.1749528723537182e6
1.1965875186654485e6
1.2184211597775975e6
1.2404538117950764e6
1.262685490431223e6
1.2851162109673403e6
1.3077459883171665e6
1.3305748369706387e6
1.3536027711238468e6
1.3768298045527118e6
1.4002559507492257e6
1.4238812228727636e6
1.4477056337715606e6
1.471729196011494e6
1.4959519218616327e6
1.5203738233329968e6
1.544994912186022e6
1.5698151998476484e6
1.59483469762979e6
1.620053416521894e6
1.6454713673136358e6
1.6710885605723318e6
1.6969050066515782e6
1.7229207157087359e6
1.74913569769022e6
1.7755499623652073e6
1.802163519306546e6
1.8289763779138925e6
1.85598854740165e6
1.8832000368121553e6
1.91061085504484e6
1.9382210108157704e6
1.9660305126923323e6
1.9940393690850437e6
2.0222475882561663e6
2.0506551783304415e6
2.0792621472814358e6
2.1080685029485677e6
2.1370742530414234e6
2.166279405122298e6
2.1956839666504003e6
2.2252879449303304e6
2.255091347162777e6
2.285094180423311e6
2.3152964516687896e6
2.345698167740049e6
2.376299335365975e6
2.4070999611806334e6
2.438100051676475e6
2.469299613273073e6
2.500698652265409e6
2.5322971748585775e6
2.5640951871113186e6
2.5960926951067266e6
2.628289704717137e6
2.6606862217574087e6
2.6932822519971454e6
2.7260778009815756e6
2.759072874300442e6
2.7922674774118173e6
2.8256616156894392e6
2.859255294424158e6
2.8930485188242192e6
2.9270412940195696e6
2.961233625060247e6
2.9956255169188e6
3.030216974492485e6
3.06500800260381e6
3.099998605785372e6
3.135188789130137e6
3.1705785570466765e6
3.206167914074451e6
3.2419568649216746e6
3.277945413540863e6
3.314133564486883e6
3.3505213220350076e6
3.3871086903973366e6
3.423895673723618e6
3.4608822761020665e6
3.4980685015635625e6
3.535454354077727e6
3.573039837557892e6
3.6108249558618995e6
3.648809712788963e6
3.6869941120860153e6
3.725378157445015e6
3.7639618525071344e6
3.802745200859031e6
3.841728206037937e6
3.880910871532382e6
3.920293200778141e6
3.9598751971674436e6
3.999656864039784e6