19089.15824055407
19207.48901368567
19523.061348398012
20035.93917834689
20746.22501046113
21654.05798374994
22759.61125666312
24063.088789471847
25564.721602591948
27264.763620038997
29163.487186965664
31261.17830419571
33558.13195193076
36054.64717264773
38751.02246112388
41647.55123157032
44744.51773282603
48042.193162335505
51540.832340221954
55240.670815957375
59141.9224963031
63244.777797639224
67549.40233059783
72055.93611035887
76764.4932502524
81675.16211350943
86788.00597384716
92103.06381124698
97620.35174631726
103339.86449925453
109261.57715308685
115385.44705548546
121711.41581891781
128239.41137670554
134969.35004399827
141901.13854272946
149034.67598806738
156369.85570661986
163906.56704365934
171644.69694108312
179584.1314194299
187724.7568913049
196066.46131053643
204609.135175317
213352.6723588906
222296.9708248244
231441.93316423602
240787.4670250091
250333.48542136865
260079.90693439014
270026.65579719294
280173.6619565085
290520.86094102566
301068.1938603599
311815.6071395261
322763.05236501386
333910.4860404951
345257.86932329927
356805.16773836187
368552.35096192965
380499.39238908526
392646.26899275545
404992.96095253486
417539.4514219243
430285.7261676289
443231.7734835054
456377.58377870324
469723.1494313563
483268.4645581814
497013.524815413
510958.32721368026
525102.8699509817
539447.1522543567
553991.174245291
568734.9368072822
583678.4414745832
598821.6903287766
614164.6859093802
629707.4311294613
645449.9292086782
661392.1836062088
677534.1979707822
693875.9760893066
710417.5218539084
727158.8391952451
744099.9321134669
761240.8045980241
778581.4606148861
796121.9041385641
813862.1390470528
831802.1691942603
849941.9983624496
868281.6302556818
886821.0685063656
905560.3166607306
924499.3781805303
943638.2564419699
962976.954733634
982515.4762544105
1.0022538241300042e6
1.0221920013827541e6
1.0423300109638403e6
1.0626678557404585e6
1.0832055385016068e6
1.1039430619578909e6
1.124880428747529e6
1.1460176414361375e6
1.1673547025209765e6
1.1888916144294406e6
1.2106283795346364e6
1.232565000135151e6
1.254701478478792e6
1.2770378167542405e6
1.2995740170959556e6
1.322310081586323e6
1.3452460122564186e6
1.3683818110909988e6
1.3917174800260596e6
1.4152530209558974e6
1.4389884357293567e6
1.462923726156506e6
1.4870588940057831e6
1.5113939410091292e6
1.535928868861209e6
1.560663679220558e6
1.5855983737128626e6
1.610732953929553e6
1.6360674214313987e6
1.6616017777474972e6
1.6873360243773793e6
1.7132701627913385e6
1.7394041944324994e6
1.765738120716426e6
1.792271943031844e6
1.8190056627424431e6
1.8459392811878417e6
1.8730727996797825e6
1.9004062195118582e6
1.9279395419512205e6
1.955672768243433e6
1.9836058996122554e6
2.011738937260619e6
2.0400718823707812e6
2.0686047361037848e6
2.0973374996023527e6
2.126270173988809e6
2.1554027603672687e6
2.184735259823122e6
2.2142676734235464e6
2.2440000022188034e6
2.273932247241456e6
2.3040644095067885e6
2.334396490014674e6
2.364928489747848e6
2.3956604096732074e6
2.4265922507422664e6
2.4577240138925575e6
2.4890557000443283e6
2.5205873101050216e6
2.5523188449670575e6
2.5842503055090858e6
2.6163816925957883e6
2.6487130070782737e6
2.6812442497920403e6
2.7139754215667285e6
2.746906523212363e6
2.7800375555285467e6
2.8133685193026555e6
2.8468994153100476e6
2.8806302443141714e6
2.914561007066883e6
2.948691704308689e6
2.9830223367687915e6
3.017552905165581e6
3.0522834102062685e6
3.087213852587903e6
3.1223442329971576e6
3.157674552109979e6
3.1932048103666557e6
3.2289350090911835e6
3.2648651482721185e6
3.3009952287630932e6
3.337325251191821e6
3.373855216177144e6
3.410585124328614e6
3.447514976246842e6
3.484644772524127e6
3.521974513743908e6
3.559504200481356e6
3.597233833303255e6
3.6351634127684413e6
3.673292939427634e6
3.7116224138238775e6
3.750151836492408e6
3.78888120796091e6
3.8278105287496382e6
3.866939799371602e6
3.906269020332358e6
3.9457981921310574e6
3.985527315259102e6