18995.527942134126
19115.51195353562
19435.46954699629
19955.40134454127
20675.308343053868
21595.19189481027
22715.05368132204
24034.89568118601
25554.720132820206
27274.529493157563
29194.326393194307
31314.113591245274
33633.89392670381
36153.67027248703
38873.445489824764
41793.22238475979
44913.00366898837
48232.79192289432
51752.58956421516
55472.398821096765
59392.221710220576
63512.060020265766
67831.91530031303
72351.78885343396
77071.68173486277
81991.59475456721
87111.52848373899
92431.4832647009
97951.459223728
103671.45628624197
109591.47419384422
115711.5125226661
122031.57070253957
128551.64803659676
135271.74372071197
142191.85686272933
149311.9865008085
156632.13162096048
164152.29117334782
171872.46408728056
179792.6492850851
187912.8456937171
196233.0522559889
204753.26793948223
213473.49174427375
222393.7227094821
231513.9599182007
240834.2025013917
250354.44964069972
260074.70057022775
269994.9545774192
280115.2110031967
290435.46924143174
300955.72873785347
311675.9889884736
322596.2495376882
333716.5099760399
345036.76993777655
356557.02909815096
368277.28717139596
380197.5439066774
392317.7990867387
404638.05252448603
417158.3040606347
429878.55356108537
442798.8009145043
455919.0460303236
469239.28883602604
482759.5292756968
496479.7673078186
510400.00290383596
524520.2360461401
538840.4667269303
553360.6949471146
568080.9207143679
583001.1440428196
598121.3649517149
613441.5834646367
628961.7996087356
644682.0134140633
660602.2249129686
676722.4341396124
693042.641129477
709562.8459190733
726283.048545292
743203.2490457037
760323.4474578002
777643.6438188661
795163.8381662846
812884.0305365601
830804.2209659629
848924.409490105
867244.5961439175
885764.780961595
904484.9639765796
923405.1452215143
942525.324728278
961845.5025277933
981365.6786503815
1.0010858531254248e6
1.0210060259815465e6
1.0411261972465863e6
1.0614463669476267e6
1.0819665351110166e6
1.1026867017623703e6
1.123606866926622e6
1.1447270306280244e6
1.1660471928901875e6
1.1875673537360805e6
1.209287513188109e6
1.231207671268043e6
1.2533278279971527e6
1.275647983396143e6
1.2981681374852036e6
1.3208882902840502e6
1.3438084418119222e6
1.3669285920875908e6
1.3902487411293993e6
1.4137688889552807e6
1.4374890355827454e6
1.461409181028942e6
1.4855293253106188e6
1.5098494684441877e6
1.5343696104457027e6
1.559089751330884e6
1.5840098911151337e6
1.60913002981354e6
1.6344501674408931e6
1.6599703040116914e6
1.6856904395401487e6
1.7116105740402068e6
1.7377307075255485e6
1.7640508400095988e6
1.790570971505525e6
1.8172911020262642e6
1.84421123158452e6
1.8713313601927345e6
1.898651487863183e6
1.9261716146079055e6
1.9538917404386536e6
1.9818118653671057e6
2.0099319894046555e6
2.0382521125625167e6
2.066772234851712e6
2.0954923562830845e6
2.1244124768672874e6
2.1535325966148013e6
2.1828527155359164e6
2.2123728336407887e6
2.2420929509393675e6
2.2720130674414616e6
2.3021331831567045e6
2.3324532980945953e6
2.362973412264465e6
2.3936935256754933e6
2.4246136383367153e6
2.4557337502570297e6
2.4870538614451806e6
2.518573971909784e6
2.5502940816593156e6
2.5822141907021184e6
2.614334299046408e6
2.646654406700267e6
2.6791745136716305e6
2.711894619968382e6
2.744814725598213e6
2.7779348305687164e6
2.8112549348873794e6
2.8447750385615635e6
2.878495141598521e6
2.912415244005396e6
2.946535345789226e6
2.980855446956939e6
3.0153755475153546e6
3.050095647471202e6
3.085015746831098e6
3.1201358456015675e6
3.1554559437890374e6
3.190976041399838e6
3.2266961384401354e6
3.262616234916177e6
3.2987363308340157e6
3.3350564261995857e6
3.371576521018773e6
3.4082966152973645e6
3.4452167090410762e6
3.4823368022555313e6
3.519656894946275e6
3.557176987118782e6
3.594897078778424e6
3.632817169930534e6
3.6709372605803288e6
3.7092573507329817e6
3.7477774403935694e6
3.786497529567122e6
3.8254176182585726e6
3.8645377064728043e6
3.9038577942146217e6
3.943377881488769e6
3.98309796829992e6