21267.112651680447
21354.133703165327
21586.526146503595
21965.204133069816
22491.643636166315
23167.868845079
23996.43332701111
24980.39595728652
26123.29172719935
27429.097239227325
28902.1912664288
30547.310809750114
32369.50148484485
34374.064423470394
36566.49919647379
38952.44231296304
41537.60426266607
44327.70314066681
47328.39849975566
50545.22313463823
53983.51758699971
57648.36567109099
61544.533908110025
65676.41534917854
70047.97931497768
74662.72842050286
79523.66286291562
84633.25540497471
89993.43365250394
95605.57380278385
101470.50369021221
107588.51560356413
113959.3881532765
120582.41640431761
127456.44927700063
134579.93272698155
141950.95757037005
149567.3103244795
157426.52572372812
165525.93936567783
173862.73938113256
182434.01592176012
191236.80735526688
200268.14280716018
209525.08002567178
219004.73861383228
228704.32826434134
238621.1721047369
248752.72518798275
259096.58854768646
269650.51898817084
280412.4351354917
291380.42014612065
302552.7215632427
313927.7486447064
325504.0678753576
337280.396604192
349255.59598431946
361428.6621119039
373798.71769208205
386365.002581691
399126.86449829134
412083.74979992065
425235.1943659991
438580.81503968453
452120.30094931857
465853.405996485
479779.94127224875
493899.7683202693
508212.7927174675
522718.95843044104
537418.2424264322
552310.6500217363
567396.2105672081
582674.973629047
598147.0055946291
613812.3866652965
629671.2082195939
645723.5704885754
661969.5805620076
678409.3506725526
695042.9966140098
711870.6365380064
728892.3898735152
746108.3764054377
763518.715488883
781123.5254680022
798922.9231737431
816917.0234197675
835105.9388641668
853489.7795918462
872068.6530250004
890842.6637842826
909811.9135608695
928976.5011626042
948336.5224660819
967892.0703398058
987643.2348500425
1.0075901031598184e6
1.0277327596973907e6
1.0480712861557114e6
1.0686057616629736e6
1.0893362627751976e6
1.1102628636409093e6
1.13138563605645e6
1.1527046495539485e6
1.174219971519502e6
1.1959316673776733e6
1.2178398001894418e6
1.2399444316794863e6
1.2622456213838172e6
1.284743427237331e6
1.3074379055211528e6
1.3303291109070056e6
1.3534170965953704e6
1.376701914343371e6
1.4001836145160089e6
1.4238622462276374e6
1.447737857221958e6
1.4718104941388103e6
1.4960802024232629e6
1.5205470264331335e6
1.5452110094774112e6
1.5700721937924589e6
1.5951306206994723e6
1.620386330547814e6
1.6458393627955008e6
1.6714897560319025e6
1.6973375480098526e6
1.723382775797374e6
1.7496254751404938e6
1.7760656818802569e6
1.8027034305589618e6
1.8295387551030773e6
1.8565716888526727e6
1.8838022644569466e6
1.9112305138185753e6
1.9388564683973626e6
1.9666801589259123e6
1.9947016155895405e6
2.0229208679988692e6
2.0513379452200364e6
2.0799528757437333e6
2.1087656875899737e6
2.1377764082361273e6
2.1669850646823053e6
2.1963916834226185e6
2.225996290479083e6
2.2557989114660495e6
2.2857995713747637e6
2.3159982949804985e6
2.3463951065484355e6
2.3769900298809777e6
2.4077830884174076e6
2.438774305127283e6
2.4699637026855475e6
2.5013513033283623e6
2.532937128948309e6
2.5647212010147027e6
2.596703540688875e6
2.628884168777063e6
2.6612631057288502e6
2.6938403716593594e6
2.72661598639729e6
2.759589969352167e6
2.7927623395217336e6
2.826133116078488e6
2.8597023174091727e6
2.8934699617572483e6
2.927436067077746e6
2.9616006510290345e6
2.9959637310105697e6
3.030525324130479e6
3.065285447235803e6
3.100244116905418e6
3.135401349471314e6
3.1707571609981693e6
3.2063115673098015e6
3.242064583882805e6
3.278016226604674e6
3.3141665098192003e6
3.3505154487220403e6
3.387063057961243e6
3.42380935196969e6
3.4607543449579775e6
3.497898050919815e6
3.5352404836491896e6
3.572781656728604e6
3.610521583538058e6
3.6484602772644563e6
3.6865977508943547e6
3.7249340172278555e6
3.7634690888796095e6
3.8022029782768944e6
3.8411356976593826e6
3.8802672591030374e6
3.919597674501487e6
3.9591269555926835e6
3.9988551139140464e6
4.0387821608647024e6