18995.198158555242
19115.18804583563
19435.161223891206
19955.118086173752
20675.059263244417
21594.985610459786
22714.89819142464
24034.798257653805
25554.68722499929
27274.56664752052
29194.438189365566
31314.303595201724
33634.16466096668
36154.0232037877
38873.88103338462
41793.7399245557
44913.60159240947
48233.46766898451
51753.33968343242
55473.219044976824
59393.10702908116
63513.00476699113
67832.91323840285
72352.83326741093
77072.76552135462
81992.71051244637
87112.66860187918
92432.6400060946
97952.62480489355
103672.6229510477
109592.6342810736
115712.65852683938
122032.6953276901
128552.74424284414
135272.80476368958
142192.87632594488
149312.95832126145
156633.0501083142
164153.1510231101
171873.26038847215
179793.37752280995
187913.50174746438
196233.63239380746
204753.76880887884
213473.9103602717
222394.05644027254
231514.20646898108
240834.35989677242
250354.51620607634
260074.67491250037
269994.83556538756
280114.99774790375
290435.16107670247
300955.32520123455
311675.48980275186
322595.6545931068
333715.81931333727
345035.983732122
356556.1476440736
368276.31086845696
380196.47324663086
392316.63464118977
404636.7949338047
417156.95402373426
429877.1118261658
442797.26827068493
455917.42330001004
469237.57686827664
482757.72894011973
496477.87948928046
510398.02849769755
524518.1759542333
538838.321853953
553358.4661974297
568078.608989517
582998.7502391499
598118.8899584993
613439.0281624801
628959.1648682626
644679.3000948528
660599.4338627092
676719.5661934366
693039.6971094757
709559.8266339176
726279.9547900935
743200.0816017648
760320.2070926437
777640.3312863105
795160.4542064084
812880.5758760241
830800.6963180982
848920.815555152
867240.9336092788
885761.0505021054
904481.1662547822
923401.2808879543
942521.3944217836
961841.506875828
981361.6182692646
1.0010817286206755e6
1.0210018379481642e6
1.0411219462693384e6
1.061442053601327e6
1.0819621599607938e6
1.1026822653639396e6
1.1236023698265338e6
1.144722473363916e6
1.166042575991018e6
1.1875626777223672e6
1.2092827785721351e6
1.231202878554089e6
1.2533229776816827e6
1.2756430759680115e6
1.2981631734258435e6
1.3208832700676492e6
1.3438033659055966e6
1.3669234609515572e6
1.3902435552171338e6
1.4137636487136676e6
1.4374837414522334e6
1.4614038334436784e6
1.4855239246985922e6
1.5098440152273572e6
1.5343641050401286e6
1.559084194146845e6
1.5840042825572505e6
1.6091243702808872e6
1.6344444573271093e6
1.6599645437050874e6
1.685684629423809e6
1.7116047144920954e6
1.7377247989185974e6
1.764044882711807e6
1.7905649658800534e6
1.8172850484315164e6
1.8442051303742332e6
1.871325211716072e6
1.8986452924647955e6
1.9261653726280201e6
1.9538854522131789e6
1.9818055312276576e6
2.0099256096786605e6
2.0382456875732807e6
2.0667657649184922e6
2.095485841721151e6
2.124405917987995e6
2.153525993725653e6
2.1828460689406334e6
2.2123661436393606e6
2.242086217828124e6
2.272006291513131e6
2.302126364700473e6
2.332446437396159e6
2.362966509606089e6
2.393686581336068e6
2.424606652591814e6
2.455726723378953e6
2.487046793703015e6
2.51856686356945e6
2.55028693298362e6
2.5822070019508004e6
2.6143270704761865e6
2.6466471385648916e6
2.679167206221933e6
2.7118872734522987e6
2.744807340260854e6
2.7779274066523984e6
2.8112474726316687e6
2.8447675382033205e6
2.878487603371942e6
2.9124076681420514e6
2.946527732518098e6
2.9808477965044645e6
3.0153678601054633e6
3.050087923325355e6
3.0850079861683175e6
3.1201280486384826e6
3.155448110739914e6
3.190968172476615e6
3.226688233852486e6
3.2626082948714783e6
3.298728355537419e6
3.335048415854062e6
3.371568475825131e6
3.4082885354542825e6
3.4452085947451387e6
3.4823286537012523e6
3.51964871232613e6
3.5571687706232304e6
3.5948888285959605e6
3.632808886247685e6
3.670928943581708e6
3.7092490006012972e6
3.7477690573096685e6
3.7864891137099983e6
3.825409169805415e6
3.8645292255989984e6
3.9038492810937883e6
3.943369336292791e6
3.9830893911989545e6