18997.01780308179
19116.97527388815
19436.862473604342
19956.681056377158
20676.433673229592
21596.123920322498
22715.756269426478
24035.33598246165
25554.869012440104
27274.361893657624
29193.82162351509
31313.25553824003
33632.6711899325
36152.07622011358
38871.478239489996
41790.884712258674
44910.30285193912
48229.73952304304
51749.20115769193
55468.693683916004
59388.22246743117
63507.792267603305
67827.40720655464
72347.07075206346
77066.7857126536
81986.55424439054
87106.37786810672
92426.25749572199
97946.193464322
103666.18557655532
109586.23314592935
115706.33504561539
122026.4897594425
128546.6954340372
135266.94993054913
142187.25087580885
149307.59571114328
156627.98173898426
164148.40616651683
171868.86614504358
179789.35880743965
187909.88129878527
196230.4308063052
204751.0045830896
213471.5999686584
222392.21440638762
231512.84545664053
240833.49080713408
250354.1482804303
260074.81583866396
269995.49158589414
280116.1737684743
290436.86077364354
300957.55112662417
311678.24348643154
322598.9366408235
333719.629500346
345040.32109183853
356561.01055124705
368281.69711823657
380202.3801254238
392323.05899476795
404643.7332284861
417164.40240278875
429885.06616089965
442805.7242066163
455926.376298985
469247.02224508725
482767.6618961714
496488.29514179745
510408.92190600914
524529.5421419766
538850.155828966
553370.7629694103
568091.3635837501
583011.9577095968
598132.5453981687
613453.1267122298
628973.7017240301
644694.2705135411
660614.8331668421
676735.3897748339
693055.9404319319
709576.485235288
726297.0242830613
743217.5576752209
760338.0855115259
777658.6078911814
795179.1249136552
812899.6366760748
830820.1432749465
848940.6448050234
867261.1413592454
885781.633028594
904502.1199020471
923422.6020664559
942543.0796066392
961863.5526048704
981384.0211418226
1.0011044852956703e6
1.0210249451425676e6
1.0411454007565866e6
1.0614658522097806e6
1.081986299572254e6
1.1027067429121537e6
1.1236271822958197e6
1.1447476177877747e6
1.1660680494508368e6
1.1875884773461155e6
1.2093089015332228e6
1.2312293220700757e6
1.2533497390132628e6
1.2756701524178737e6
1.2981905623376188e6
1.3209109688249542e6
1.3438313719310649e6
1.3669517717058905e6
1.3902721681982358e6
1.413792561455807e6
1.4375129515251918e6
1.4614333384520137e6
1.4855537222808308e6
1.5098741030553035e6
1.5343944808181482e6
1.5591148556111818e6
1.5840352274753808e6
1.60915559645089e6
1.6344759625770561e6
1.659996325892449e6
1.6857166864348871e6
1.7116370442414584e6
1.7377573993485647e6
1.7640777517919242e6
1.7905981016065653e6
1.8173184488269053e6
1.8442387934867428e6
1.8713591356191814e6
1.89867947525687e6
1.9261998124317862e6
1.9539201471753726e6
1.9818404795185179e6
2.0099608094915915e6
2.038281137124429e6
2.066801462446352e6
2.0955217854862134e6
2.1244421062723473e6
2.1535624248326365e6
2.182882741194484e6
2.2124030553848455e6
2.2421233674302404e6
2.272043677356754e6
2.302163985190014e6
2.3324842909552883e6
2.363004594677401e6
2.3937248963807714e6
2.4246451960894386e6
2.4557654938270855e6
2.487085789616958e6
2.5186060834819856e6
2.550326375444715e6
2.582246665527347e6
2.614366953751728e6
2.6466872401393685e6
2.6792075247113733e6
2.7119278074887157e6
2.7448480884918594e6
2.777968367741012e6
2.8112886452560774e6
2.8448089210566464e6
2.878529195162015e6
2.9124494675911865e6
2.9465697383628804e6
2.980890007495524e6
3.015410275007276e6
3.05013054091602e6
3.0850508052393664e6
3.1201710679946775e6
3.155491329199044e6
3.191011588869308e6
3.2267318470218815e6
3.2626521036733715e6
3.298772358839887e6
3.3350926125372183e6
3.3716128647810128e6
3.408333115586682e6
3.4452533649694165e6
3.4823736129441876e6
3.519693859525742e6
3.5572141047286345e6
3.594934348567183e6
3.6328545910555376e6
3.6709748322076127e6
3.709295072037137e6
3.747815310557654e6
3.786535547782504e6
3.8254557837248426e6
3.864576018397647e6
3.9038962518137023e6
3.943416483985628e6
3.9831367149258563e6