20426.020455392987
20523.676862366396
20784.35014805715
21208.735951583367
21797.955054627215
22553.539726477575
23477.41494815796
24571.874751275063
25839.55385391821
27283.394825278774
28906.61141989006
30712.64790891332
32705.135428071022
34887.84604996882
37264.64416419848
39839.43745546781
42616.12695289642
45598.557231645
48790.46846932787
52195.44896943785
55816.893921325034
59657.9636208734
63721.549259170904
68010.2426366617
72526.31187689415
77271.68312779849
82247.92868231387
87456.26151761226
92897.53620417409
98572.25588197287
104480.58496869833
110622.36682404597
116997.14603203505
123604.19419558602
130442.53862125459
137510.9929718467
144808.18904465152
152332.60908231672
160082.6172171394
168056.49049012605
176252.44786925215
184668.67723349054
193303.36015055157
202154.69384101272
211220.91046274756
220500.2935893401
229991.1917552142
239692.02953649353
249601.31594448458
259717.65049336368
270039.72706591873
280566.33647610934
291296.3659216877
302228.79895949
313362.7127345549
324697.27530067787
336231.741197253
347965.44746233855
359897.80858343083
372028.31142717774
384356.5099358459
396882.0199114508
409604.51376375096
422523.71542177454
435639.3954272714
448951.36624220293
462459.4778308294
476163.6134845334
490063.68597319047
504159.6339631807
518451.4187239589
532939.0211479224
547622.4390326648
562501.6846002875
577576.7823166358
592847.7669094189
608314.6816338507
623977.5766752495
639836.5078835711
655891.5354889656
672142.7231234498
688590.1368711696
705233.8446431421
722073.9152848696
739110.4182121633
756343.4228907408
773772.9984320839
791399.2132949638
809222.1349759658
827241.8298796503
845458.3630918259
863871.7982891239
882482.1976290102
901289.6217014581
920294.1294874547
939495.7783402425
958894.6239326467
978490.7203906978
998284.1201711426
1.0182748741896839e6
1.0384630318074954e6
1.058848640893433e6
1.0794317478509608e6
1.100212397728129e6
1.1211906341596367e6
1.1423664995136685e6
1.1637400348840612e6
1.1853112801756063e6
1.2070802741602655e6
1.2290470544289253e6
1.2512116575757721e6
1.273574119172265e6
1.2961344738179152e6
1.318892755177477e6
1.3418489960239222e6
1.365003228970388e6
1.3883554830891434e6
1.4119057907702655e6
1.435654180905591e6
1.459600682363726e6
1.4837453233448623e6
1.508088131371101e6
1.532629133322048e6
1.5573683554972578e6
1.582305823590524e6
1.607441562739963e6
1.6327755975318598e6
1.6583079520417545e6
1.6840386498353207e6
1.7099677140724524e6
1.73609516709098e6
1.7624210313111257e6
1.7889453283636954e6
1.8156680795126366e6
1.8425893056326378e6
1.869709027209913e6
1.8970272642622066e6
1.9245440365459393e6
1.952259363370663e6
1.9801732637090604e6
2.0082857561916113e6
2.0365968590930435e6
2.06510659041656e6
2.0938149676567377e6
2.1227220082805073e6
2.1518277292608796e6
2.181132147305624e6
2.2106352788455486e6
2.240337140017611e6
2.2702377466915054e6
2.3003371144601717e6
2.330635258650835e6
2.3611321943307673e6
2.391827936314103e6
2.422722499176944e6
2.453815897198422e6
2.4851081445520804e6
2.51659925504665e6
2.548289242316906e6
2.580178119764953e6
2.612265900583829e6
2.6445525977474875e6
2.677038224018497e6
2.7097227920045126e6
2.742606313978117e6
2.7756888021454085e6
2.8089702684852267e6
2.842450724759209e6
2.876130182557446e6
2.910008653313346e6
2.9440861480714562e6
2.978362678236157e6
3.012838254537788e6
3.047512887690007e6
3.0823865882453467e6
3.117459366607146e6
3.1527312329973713e6
3.1882021974976477e6
3.2238722700335872e6
3.259741460617105e6
3.2958097784202048e6
3.332077233147754e6
3.3685438341353037e6
3.4052095905858693e6
3.442074511563404e6
3.479138605996127e6
3.516401882684344e6
3.5538643502955944e6
3.5915260173708634e6
3.6293868923260947e6
3.66744698345633e6
3.7057062989295344e6
3.7441648468077364e6
3.782822635027041e6
3.821679671409426e6
3.860735963660726e6
3.8999915194029906e6
3.93944634611694e6
3.9791004511870067e6
4.0189538419009843e6