18995.062311137634
19115.054618925395
19435.03421689046
19955.001404318973
20674.956660858137
21594.900637148938
22714.834142238702
24034.758128109665
25554.673671747136
27274.581955262896
29194.484244505293
31314.381866566415
33634.276187533
36154.168589604946
38874.06044934243
41793.95311673719
44913.847896372594
48233.74602963998
51753.648679665086
55473.55691834664
59393.47171583568
63513.393932581894
67833.32431375753
72353.26348617637
77073.21195741683
81993.17011706157
87113.13823982253
92433.1164903092
97953.10492919867
103673.10352054687
109593.11213998405
115713.13058354358
122033.15857688502
128553.19578472331
135273.24182018184
142193.29625404207
149313.3586235689
156633.4284409461
164153.5052011173
171873.58838899946
179793.6774861539
187913.77197637272
196233.8713510788
204753.97511361307
213474.08278295049
222394.19389684906
231514.30801422236
240834.4247170125
250354.5436115434
260074.66432937485
269994.7865277267
280114.9098895452
290435.03412324825
300955.15896220005
311675.2841639533
322595.4095093363
333715.53480137617
345035.6598641246
356555.7845413587
368275.9086956071
380196.0322062031
392316.1549686324
404636.27689289115
417156.39790235244
429876.51793250546
442796.6369297909
455916.7548506388
469236.8716601628
482756.9873314633
496477.1018445668
510397.2151857351
524517.327346496
538837.4383230961
553357.548115971
568077.6567288118
582997.7641684146
598117.8704440369
613437.9755670227
628958.0795504323
644678.1824087217
660598.2841574522
676718.3848130568
693038.4843926041
709558.5829136579
726278.6803939645
743198.7768515971
760318.8723045918
777638.9667708842
795159.0602684583
812879.1528148742
830799.244427581
848919.3351237088
867239.4249200629
885759.5138330925
904479.6018788858
923399.6890731454
942519.7754312076
961839.8609679483
981359.9456979538
1.001080029635359e6
1.0210001127939335e6
1.0411201951870698e6
1.0614402768277975e6
1.0819603577287914e6
1.1026804379023737e6
1.1236005173605396e6
1.1447205961149563e6
1.1660406741769824e6
1.187560751557667e6
1.2092808282677892e6
1.2312009043178218e6
1.2533209797179974e6
1.2756410544782768e6
1.2981611286083711e6
1.320881202117768e6
1.3438012750157206e6
1.3669213473112602e6
1.3902414190132106e6
1.4137614901302003e6
1.4374815606706515e6
1.4614016306428157e6
1.4855217000547478e6
1.5098417689143452e6
1.5343618372293308e6
1.5590819050072662e6
1.5840019722555627e6
1.6091220389814777e6
1.6344421051921253e6
1.659962170894482e6
1.6856822360953854e6
1.711602300801543e6
1.7377223650195363e6
1.7640424287558247e6
1.7905624920167415e6
1.8172825548085123e6
1.8442026171372472e6
1.8713226790089316e6
1.8986427404294726e6
1.9261628014046606e6
1.9538828619401497e6
1.9818029220415582e6
2.0099229817143674e6
2.038243040963972e6
2.0667630997956754e6
2.095483158214692e6
2.1244032162261484e6
2.153523273835087e6
2.182843331046456e6
2.2123633878651457e6
2.2420834442959367e6
2.2720035003435523e6
2.3021235560126253e6
2.3324436113077267e6
2.3629636662333435e6
2.3936837207938926e6
2.4246037749937223e6
2.4557238288371116e6
2.4870438823282677e6
2.518563935471335e6
2.550283988270393e6
2.582204040729453e6
2.614324092852468e6
2.646644144643327e6
2.67916419610585e6
2.711884247243823e6
2.7448042980609504e6
2.7779243485608865e6
2.8112443987472327e6
2.844764448623527e6
2.878484498193261e6
2.9124045474598734e6
2.946524596426746e6
2.980844645097212e6
3.015364693474555e6
3.050084741562012e6
3.0850047893627635e6
3.1201248368799514e6
3.155444884116665e6
3.1909649310759525e6
3.2266849777607783e6
3.2626050241741505e6
3.298725070318976e6
3.3350451161981137e6
3.371565161814394e6
3.4082852071705996e6
3.4452052522694855e6
3.4823252971137506e6
3.5196453417060697e6
3.557165386049068e6
3.594885430145334e6
3.632805473997437e6
3.6709255176078794e6
3.7092455609791535e6
3.747765604113704e6
3.786485647013947e6
3.8254056896822597e6
3.8645257321209866e6
3.903845774332441e6
3.9433658163189082e6
3.983085858082634e6