19062.053776717905
19180.86007718074
19497.693837119165
20012.600983230994
20725.65514221284
21636.956234067766
22746.628579685042
24054.818571633936
25561.691967616804
27267.430886366245
29172.230572186425
31276.295956596616
33579.83829054197
36083.07161883068
38786.20944620752
41689.461513464325
44793.0308627327
48097.11106718365
51601.88386263157
55307.51709635451
59214.16304657019
63321.95712700111
67631.0169681275
72141.44187683542
76853.31264091021
81766.69167052917
86881.62343335773
92198.135154528
97716.23774150797
103435.92689473624
109357.1843639012
115479.97931037651
121804.26973968545
128330.00396757225
135057.12209019985
141985.55742527187
149115.2379246825
156446.08746609357
163978.0271354533
171710.97634535763
179644.85388772006
187779.57885935757
196115.07147945566
204651.25379692478
213388.05027801596
222325.38831112906
231463.19858697295
240801.41539985946
250339.97686664044
260078.82506654615
270017.906101402
280157.17013068456
290496.571311355
301036.0677280724
311775.62127239606
322715.1974997515
333854.765460128
345194.2975136314
356733.769124125
368473.15871131845
380412.4473342411
392551.61859575653
404890.65838504746
417429.5547014838
430168.2974054207
443106.8781540844
456245.29011003324
469583.5278367997
483121.58713541186
496859.46490257286
510797.1589993261
524934.6681321063
539271.9917402877
553809.1299003665
568546.0832318678
583482.8528180033
598619.4401321898
613955.8469748979
629492.0754124443
645228.1277303258
661164.0063852891
677299.7139694737
693635.2531739206
710170.626765144
726905.8375375291
743840.8883358696
760975.7819970036
778310.5213421575
795845.1091986267
813579.5483255653
831513.8414652395
849647.9913083679
867982.0004937253
886515.8716042821
905249.6071650927
924183.2096406001
943316.6814344844
962650.0248882542
982183.2422819401
1.001916335834629e6
1.021849307705433e6
1.0419821599939369e6
1.0623148947422805e6
1.0828475139370277e6
1.1035800195090305e6
1.1245124133376472e6
1.145644697250626e6
1.166976873027126e6
1.188508942396617e6
1.2102409070499393e6
1.2321727686249418e6
1.2543045287233554e6
1.2766361889048454e6
1.2991677506914653e6
1.321899215564359e6
1.3448305849739558e6
1.3679618603338636e6
1.3912930430239483e6
1.4148241343944266e6
1.4385551357631253e6
1.4624860484202944e6
1.4866168736265677e6
1.5109476126165676e6
1.535478266598401e6
1.560208836754444e6
1.5851393242436752e6
1.6102697302007854e6
1.6356000557384149e6
1.6611303019468933e6
1.686860469895353e6
1.7127905606321201e6
1.7389205751862277e6
1.765250514567037e6
1.7917803797648211e6
1.8185101717519606e6
1.84543989148378e6
1.8725695398956963e6
1.8998991179101942e6
1.927428626430938e6
1.9551580663462249e6
1.9830874385288302e6
2.01121674383664e6
2.0395459831126505e6
2.0680751571851908e6
2.096804266869191e6
2.1257333129650992e6
2.1548622962604184e6
2.1841912175293188e6
2.2137200775329676e6
2.243448877020491e6
2.2733776167284586e6
2.3035062973808832e6
2.333834919691157e6
2.364363484360151e6
2.39509199207787e6
2.4260204435225744e6
2.457148839363385e6
2.4884771802566643e6
2.520005466849746e6
2.5517336997792437e6
2.583661879671939e6
2.6157900071447394e6
2.648118082804761e6
2.680646107248053e6
2.7133740810664897e6
2.7463020048379353e6
2.7794298791328366e6
2.81275770451295e6
2.846285481531407e6
2.8800132107329103e6
2.913940892653801e6
2.9480685278224614e6
2.982396116759157e6
3.016923659976196e6
3.0516511579785286e6
3.0865786112632197e6
3.121706020320253e6
3.1570333856319045e6
3.192560707450343e6
3.2282879869084056e6
3.2642152238052706e6
3.300342418818656e6
3.3366695723942495e6
3.3731966849735766e6
3.4099237569915694e6
3.4468507888767715e6
3.4839777810518057e6
3.5213047339329706e6
3.558831647930674e6
3.596558523449294e6
3.6344853608876537e6
3.6726121606386616e6
3.710938923089825e6
3.74946564862306e6
3.7881923376148925e6
3.82711899043656e6
3.866245607454128e6
3.905572189028336e6
3.9450987355153705e6
3.984825247265874e6