18994.926065939493
19114.920801445827
19434.906838445022
19954.8843817726
20674.85375970535
21594.815417549864
22714.769909027033
24034.717885682738
25554.660084614356
27274.597314866434
29194.53044279074
31314.460376651317
33634.388051396876
36154.314413000044
38874.24040356967
41794.16694702701
44914.094936211986
48234.02522071215
51753.95859654703
55473.89579729772
59393.837486907374
63513.7842542383
67833.73660925658
72353.69498092408
77073.65971659901
81993.631082885
87113.60926777036
92433.59438389202
97953.58647275856
103673.5855097544
109593.59140974874
115713.60403313818
122033.62319215885
128553.6486573396
135273.68016390305
142193.71741809577
149313.76010322804
156633.8078854468
164153.86041910155
171873.91735168113
179793.9783283788
187914.04299591543
196234.1110062349
204754.18201943807
213474.255706326
222394.33175055415
231514.40985025704
240834.4897193291
250354.57108835128
260074.65370517503
269994.737335213
280114.82176148414
290434.9067844393
300954.9922216017
311675.0779070486
322595.163690786
333715.2494380122
345035.3350283138
356555.420354777
368275.50532332086
380195.5898513647
392315.67386738246
404635.7573097779
417155.8401261101
429875.9222722298
442796.00371148234
455916.08441404975
469236.1643560566
482756.2435190935
496476.32188949094
510396.3994578468
524516.4762183629
538836.5521684701
553356.6273084664
568076.7016408778
582996.775170355
598116.8479032336
613436.919847277
628956.9910114227
644677.0614055644
660597.1310403513
676717.1999270295
693037.2680772806
709557.3355031244
726277.4022167056
743197.4682303932
760317.5335565305
777637.598207392
795157.6621952853
812877.7255322281
830797.7882301619
848917.8503008102
867237.9117556738
885757.9726060102
904478.0328628296
923398.0925368787
942518.1516386529
961838.210178333
981358.2681659011
1.0010783256110311e6
1.0209983825231465e6
1.041118438911413e6
1.0614384947847473e6
1.081958550151823e6
1.1026786050210746e6
1.1235986594007108e6
1.1447187132987157e6
1.1660387667228628e6
1.1875588196807152e6
1.2092788721796484e6
1.23119892422683e6
1.2533189758292632e6
1.2756390269937648e6
1.2981590777269818e6
1.320879128035405e6
1.3437991779253697e6
1.3669192274030538e6
1.3902392764744991e6
1.4137593251456092e6
1.437479373422148e6
1.4613994213097633e6
1.4855194688139665e6
1.5098395159401633e6
1.5343595626936385e6
1.5590796090795689e6
1.5839996551030246e6
1.6091197007689714e6
1.6344397460822808e6
1.6599597910477272e6
1.6856798356699874e6
1.711599879953654e6
1.7377199239032315e6
1.764039967523139e6
1.7905600108177124e6
1.8172800537912105e6
1.844200096447817e6
1.871320138791627e6
1.898640180826683e6
1.9261602225569487e6
1.9538802639862937e6
1.9818003051185617e6
2.0099203459575055e6
2.0382403865068168e6
2.0667604267701246e6
2.0954804667509962e6
2.1244005064529437e6
2.153520545879414e6
2.1828405850337977e6
2.212360623919437e6
2.242080662539607e6
2.2720007008975386e6
2.3021207389964038e6
2.33244077683933e6
2.362960814429388e6
2.393680851769601e6
2.424600888862945e6
2.4557209257123484e6
2.4870409623206896e6
2.518560998690805e6
2.5502810348254875e6
2.582201070727483e6
2.614321106399495e6
2.646641141844187e6
2.6791611770641683e6
2.7118812120620394e6
2.744801246840328e6
2.777921281401535e6
2.8112413157481276e6
2.844761349882529e6
2.8784813838071246e6
2.9124014175242684e6
2.946521451036277e6
2.9808414843454324e6
3.0153615174539783e6
3.0500815503641325e6
3.085001583078069e6
3.1201216155979433e6
3.1554416479258654e6
3.1909616800639234e6
3.226681712014141e6
3.262601743778584e6
3.298721775359238e6
3.3350418067580606e6
3.371561837976989e6
3.4082818690179284e6
3.445201899882762e6
3.482321930573338e6
3.5196419610914825e6
3.557161991439002e6
3.5948820216176617e6
3.6328020516292187e6
3.6709220814753943e6
3.7092421111578816e6
3.7477621406783587e6
3.7864821700384826e6
3.8254021992398775e6
3.864522228284149e6
3.9038422571728793e6
3.943362285907633e6
3.983082314489948e6