180217.57750605932
180175.55394923635
180062.42823212018
179879.4992119001
179628.0461454728
179309.7205801091
178927.1465287187
178482.743665868
177979.75330917368
177421.96332307137
176813.51637568168
176159.02757714194
175463.59225892095
174732.73512863758
173972.3824110257
173189.09765554155
172389.56909938285
171581.10580433666
170771.39305088116
169968.5044965442
169180.95576352574
168417.62321501027
167687.80327838997
167001.18853293319
166367.86651765188
165798.28589835088
165303.35038097145
164894.32331769477
164582.88368366583
164381.12507734215
164301.56316941412
164357.15212613967
164561.29083650495
164927.85575423948
165471.20160967542
166206.2100054822
167148.28794738068
168313.426146437
169718.21677983252
171379.88988924588
173316.36663647488
175546.28643856652
178089.06766411863
180964.94553860222
184195.02328569183
187801.31821718268
191806.80387171835
196235.44926015526
201112.2421137173
206463.20233534725
212315.37093880097
218696.766123415
225636.32514088217
233163.73724881894
241309.28909307037
250103.57489279006
259577.1488677797
269760.03460776445
280681.1476900551
292367.5682348001
304843.682567992
318130.20764717937
332243.1079768407
347192.4720735552
362981.3833118691
379604.90221468057
397049.2364824615
415291.22442512575
434298.21960153506
454028.46160372795
474431.96693948086
495451.8954578249
517026.34563159803
539090.4224000348
561578.4168204407
584425.8954939009
607571.6476686915
630959.1634362219
654537.7978903507
678263.4509926282
702098.8508351173
726013.4815560093
749983.2416043244
773989.904121588
798020.4550060008
822066.3941191977
846122.9718449088
870188.7836149717
894264.5945464335
918353.357696454
942459.4500906039
966588.338632484
990746.2539072323
1.0149398658840349e6
1.0391761866048899e6
1.0634622735635983e6
1.0878051738101882e6
1.1122118067650476e6
1.1366888946936848e6
1.1612429127063209e6
1.1858800572740077e6
1.2106062242192836e6
1.2354270005328646e6
1.2603476626671483e6
1.285373179576905e6
1.3105082208162723e6
1.3357571669236307e6
1.3611241237449707e6
1.3866129354244513e6
1.4122271984110666e6
1.4379702756381212e6
1.4638453174258037e6
1.4898552664748244e6
1.516002877551326e6
1.5422907302279528e6
1.5687212402116093e6
1.5952966721451362e6
1.6220191519905955e6
1.648890663148037e6
1.6759130906522826e6
1.7030881903161318e6
1.7304176215331736e6
1.757902946108575e6
1.7855456379539138e6
1.8133470873960326e6
1.8413086108212338e6
1.8694314522744364e6
1.8977167907097558e6
1.9261657435873433e6
1.9547793723661539e6
1.9835586850817672e6
2.0125046407292937e6
2.0416181524980788e6
2.0709000913756685e6
2.1003512869021664e6
2.1299725328509486e6
2.1597645861902446e6
2.189728173468666e6
2.219863987426419e6
2.2501726948204185e6
2.280654933331006e6
2.3113113165282e6
2.3421424320295122e6
2.373148845595884e6
2.4043311029225793e6
2.4356897268853653e6
2.4672252235324755e6
2.498938079472893e6
2.530828764460248e6
2.5628977311582435e6
2.595145419610547e6
2.627572258580059e6
2.6601786431701723e6
2.6929649767707647e6
2.7259316423384016e6
2.7590790207329467e6
2.7924074529765286e6
2.825917297291991e6
2.859608891225334e6
2.893482563305526e6
2.927538631531188e6
2.961777405237071e6
2.9961991853731233e6
3.0308042639659205e6
3.0655929235141603e6
3.100565441247847e6
3.1357220857344414e6
3.1710631064100345e6
3.2065887809080305e6
3.2422993455655333e6
3.278195041799664e6
3.3142761048092907e6
3.3505427638823413e6
3.386995242592646e6
3.4236337473810604e6
3.4604585142533546e6
3.4974697390882573e6
3.534667624486279e6
3.5720523683368447e6
3.6096241638361947e6
3.6473831992831947e6
3.685329659290581e6
3.723463723885025e6
3.7617855692951167e6
3.8002953675623713e6
3.838993286959974e6
3.877879492324277e6
3.9169541444512317e6
3.956217401098769e6
3.9956694165183986e6
4.035310341721461e6
4.075140324276234e6
4.115159509093888e6
4.155368037824887e6
4.195766049505777e6
4.236353679862938e6
4.277131062423116e6
4.318098327514031e6
4.359255603792731e6
4.4006030160272205e6