290138.7266912771
290072.36133608833
289895.65479364275
289609.3541723073
289214.64417288813
288713.189268075
288107.0932775009
287398.9199543925
286591.6541921564
285688.7841159075
284694.0544862665
283611.9031880889
282446.9621223865
281204.35829336976
279889.6373368775
278508.66295125295
277067.73468361853
275573.5106017338
274032.99371117086
272453.5776401624
270842.9544249205
269209.1754471869
267560.6065189612
265905.9555040003
264254.21101876325
262614.6790951201
260996.9885511095
259411.03145547915
257866.9892411576
256375.39052227593
254946.96541371295
253592.81180802867
252324.27642593026
251153.0120925753
250090.98403981898
249150.44731571927
248343.98385315167
247684.50770968595
247185.25700603257
246859.88026417966
246722.33331087796
246787.01659121865
247068.75025270367
247582.79576054582
248344.90565118013
249371.34736061405
250678.9462697517
252285.12395804838
254207.94365186177
256466.15915330447
259079.2651020582
262067.55084252276
265452.1540218306
269255.11695024074
273499.4375605751
278209.1219194294
283409.2217638173
289125.8701016356
295386.28881608916
302218.7860617847
309652.7085989589
317718.3605898741
326446.8645372154
335869.95225488767
346019.67356233223
356928.0105856537
368626.3210096266
381144.7577845097
394511.45457021776
408751.5501201554
423886.15481441614
439931.1533739175
456895.9389092319
474782.18756319117
493582.69961965585
513280.45788375323
533848.0518392092
555247.4942163352
577430.6473009004
600340.1584313533
623910.9946161829
648072.453723221
672750.4830173438
697870.1521919173
723358.0748467606
749144.5571271743
775165.3624365466
801363.0385262147
827687.6854034392
854097.299253194
880557.693570136
907042.0015311169
933530.2440775495
960008.3629641816
986467.4980885615
1.0129031342462971e6
1.0393143106115367e6
1.0657029096071324e6
1.0920730263753906e6
1.118430381849105e6
1.1447819079725922e6
1.1711353656069203e6
1.1974989681023343e6
1.2238812437137982e6
1.2502907467130842e6
1.276735963931843e6
1.3032251951826941e6
1.3297664669451374e6
1.3563674968010727e6
1.3830356425720765e6
1.4097778844153793e6
1.4366008319785092e6
1.4635107050235597e6
1.4905133530631522e6
1.5176142619646853e6
1.5448185742588532e6
1.572131092652263e6
1.599556314028949e6
1.6270984353631544e6
1.6547613801922118e6
1.6825488127156086e6
1.7104641545144282e6
1.7385106025523306e6
1.7666911484419722e6
1.795008587750689e6
1.8234655386059792e6
1.852064452337837e6
1.880807627887924e6
1.9096972215620808e6
1.9387352589417186e6
1.9679236435871255e6
1.997264166043974e6
2.0267585170293488e6
2.0564082840977125e6
2.086214970087949e6
2.1161799938775357e6
2.1463047001056173e6
2.176590352583709e6
2.207038162251644e6
2.2376492682054997e6
2.2684247618933357e6
2.299365667822524e6
2.330472973315935e6
2.361747607858736e6
2.3931904698675117e6
2.424802407420742e6
2.456584234295162e6
2.488536734015713e6
2.520660630100699e6
2.552956653021885e6
2.5854254863170544e6
2.618067777680584e6
2.6508841562255574e6
2.6838752289482583e6
2.717041573581936e6
2.7503837491901023e6
2.7839022921099914e6
2.817597723653885e6
2.851470539719726e6
2.885521222003133e6
2.919750234696698e6
2.9541580262838686e6
2.9887450298208273e6
3.023511663938641e6
3.058458333400144e6
3.0935854302402595e6
3.12889333245429e6
3.1643824077212033e6
3.2000530115927313e6
3.2359054901257292e6
3.2719401762269824e6
3.3081573948860285e6
3.3445574700735994e6
3.381140678780137e6
3.417907347270426e6
3.454857753010256e6
3.4919921782347164e6
3.5293108941928246e6
3.56681416612189e6
3.604502252199039e6
3.642375403152542e6
3.6804338635839843e6
3.7186778713808865e6
3.7571076582359043e6
3.795723450767623e6
3.8345254687620536e6
3.873513926438249e6
3.912689033722932e6
3.9520509945682916e6
3.9916000086166416e6
4.0313362701885817e6
4.0712599686961095e6
4.1113712902121595e6
4.1516704150290466e6
4.192157521124232e6
4.232832780401692e6
4.273696361964414e6
4.3147484434323665e6
4.355989148705974e6
4.39741867327497e6