19012.25524448091
19131.94171005761
19451.110110294045
19969.7726088254
20687.948701122456
21605.6648359033
22722.953906239185
24039.854623912135
25556.410793424424
27272.670508064373
29188.68528241817
31304.509141051298
33620.19771518196
36135.80731360415
38851.39403811039
41767.01293145183
44882.717209415045
48198.557534999956
51714.58140190465
55430.83260334522
59347.35080061035
63464.17119345548
67781.32429044625
72298.83577846467
77016.72648313413
81935.0124158696
87053.70489796165
92372.81075218566
97892.33255215363
103612.26891870634
109532.61485293589
115653.36209560292
121974.49950327576
128496.01343230237
135217.88812230894
142140.10607306918
149262.64840615098
156585.49520977534
164108.6258619656
171832.0193232795
179755.6544088901
187879.51002667492
196203.5653881753
204727.80019022
213452.19476630056
222376.73021607997
231501.38850279225
240826.15253032558
250351.0061991879
260075.9344411972
270000.92323757417
280125.9596216835
290451.03166867903
300976.1284741871
311701.240123351
322626.3576535239
333751.4730102417
345076.57899918326
356601.66923301877
368326.7380916831
380251.78064192436
392376.7926122075
404701.77032392996
417226.7106457145
429951.61094180035
442876.4690253214
456001.28311362234
469326.0517856253
482850.773942316
496575.4487701845
510500.07570658624
524624.6544096576
538949.1847282372
553473.6666775895
568198.1004143858
583122.4862165276
598246.8244638277
613571.1156213235
629095.3602240767
644819.5588641318
660743.7121785912
676867.8208400963
693191.8855471893
709715.9070185601
726439.8859802647
743363.823171698
760487.7193305024
777811.5751903661
795335.391486726
813059.1689373899
830982.9082567699
849106.6101443974
867430.275287615
885953.9043589602
904677.4980160996
923601.0569009585
942724.5816404123
962048.0728424969
981571.5311034017
1.0012949570008236e6
1.0212183510975401e6
1.0413417139407943e6
1.0616650460630856e6
1.0821883479823805e6
1.1029116202021767e6
1.1238348632126127e6
1.1449580774904024e6
1.166281263499628e6
1.1878044216917523e6
1.2095275525070387e6
1.2314506563736938e6
1.2535737337093714e6
1.2758967849211753e6
1.2984198104058118e6
1.3211428105508748e6
1.3440657857341026e6
1.3671887363247059e6
1.3905116626830364e6
1.4140345651614578e6
1.4377574441040836e6
1.4616802998477996e6
1.485803132721775e6
1.5101259430484155e6
1.5346487311432094e6
1.5593714973149751e6
1.584294241866325e6
1.6094169650937312e6
1.6347396672877548e6
1.6602623487332333e6
1.685985009709458e6
1.711907650490218e6
1.7380302713444268e6
1.7643528725357857e6
1.7908754543229628e6
1.817598016960089e6
1.8445205606967527e6
1.8716430857773803e6
1.8989655924430382e6
1.9264880809298572e6
1.9542105514699868e6
1.982133004291505e6
2.0102554396185768e6
2.0385778576717004e6
2.0671002586671733e6
2.095822642818063e6
2.124745010333592e6
2.1538673614196107e6
2.183189696278465e6
2.2127120151091414e6
2.242434318107462e6
2.272356605465968e6
2.3024788773739454e6
2.3328011340178694e6
2.3633233755810317e6
2.3940456022437387e6
2.424967814183422e6
2.456090011574941e6
2.487412194589944e6
2.5189343633976686e6
2.550656518164581e6
2.582578659054563e6
2.6147007862289273e6
2.6470228998464225e6
2.6795450000628927e6
2.7122670870331633e6
2.745189160908286e6
2.778311221837457e6
2.8116332699675793e6
2.845155305443316e6
2.878877328407092e6
2.9127993389991634e6
2.9469213373577506e6
2.9812433236188837e6
3.0157652979165995e6
3.0504872603829103e6
3.0854092111478345e6
3.1205311503395215e6
3.1558530780841177e6
3.1913749945059735e6
3.227096899726199e6
3.2630187938674465e6
3.2991406770485826e6
3.335462549386192e6
3.371984410995758e6
3.408706261991048e6
3.4456281024841713e6
3.482749932585655e6
3.5200717524044e6
3.557593562047774e6
3.5953153616215177e6
3.6332371512300232e6
3.6713589309760192e6
3.709680700960893e6
3.748202461284551e6
3.786924212045489e6
3.825845953340821e6
3.8649676852663215e6
3.9042894079163484e6
3.9438111213840935e6
3.98353282576128e6