19181.630482232562
19298.357388798642
19609.674716660185
20115.70592965235
20816.64906307473
21712.773085169087
22804.412992791535
24091.963759071295
25575.87327774032
27256.634507929688
29134.776926591236
31210.857558019605
33485.45186902328
35959.144437349794
38632.51998232343
41506.154587284764
44580.60763711491
47856.414221615036
51334.0784832449
55014.06783746186
58896.80804568282
62982.67945507498
67272.01437903516
71765.0949520811
76462.15259521769
81363.36803884564
86468.87229106181
91778.7483503696
97293.03357470152
103011.72260040283
108934.77070301863
115062.09748858355
121393.59081353998
127929.11083392377
134668.49408263096
141611.557522909
148758.10245284362
156107.9182616155
163660.78596335262
171416.4814245021
179374.77835900144
187535.45097896727
195898.27635495947
204463.03641865938
213229.5196943842
222197.5227420058
231366.85126462876
240737.32099497534
250308.75832444444
260081.0007274298
270053.8969724747
280227.30717499036
290601.102700161
301175.1659447588
311949.39000783325
322923.6782925954
334097.94403294683
345472.1097710184
357046.1067833418
368819.8746456049
380793.36037510505
392966.5181222196
405339.30847327143
417911.6978925439
430683.6582159971
443655.16611857805
456826.20262525405
470196.7526577484
483766.8046024794
497536.34991276526
511505.3827386217
525673.8995929213
540041.8990342468
554609.3813990634
569376.3485363945
584342.8035875587
599508.7507715123
614874.195222385
630439.1428086273
646203.6000023577
662167.5737481301
678331.0713616179
694694.1004293342
711256.668741049
728018.7841601772
744980.4546848541
762141.688277011
779502.4928644708
797062.8763786051
814822.8465542211
832782.4110806732
850941.577496618
869300.3531847523
887858.7453823098
906616.7611524583
925574.4073883613
944731.690810941
964088.6179649377
983645.1952181561
1.003401428779289e6
1.0233573246678559e6
1.0435128887436977e6
1.0638681267220152e6
1.0844230441304045e6
1.1051776463601696e6
1.126131938652913e6
1.1472859261048925e6
1.168639613658507e6
1.1901930061855754e6
1.211946108345804e6
1.2338989247193804e6
1.256051459767604e6
1.278403717833856e6
1.3009557031534752e6
1.323707419858047e6
1.3466588719748044e6
1.369810063441465e6
1.3931609980990358e6
1.416711679701384e6
1.4404621119149583e6
1.4644122983281645e6
1.488562242446398e6
1.512911947702447e6
1.5374614174548232e6
1.562210654990094e6
1.58715966352925e6
1.6123084462258993e6
1.637657006171344e6
1.6632053463948756e6
1.6889534698665354e6
1.7149013794983232e6
1.7410490781482384e6
1.7673965686193015e6
1.7939438536614326e6
1.820690935974367e6
1.8476378182110074e6
1.87478450296733e6
1.9021309928040854e6
1.9296772902301024e6
1.95742339771003e6
1.985369317666131e6
2.0135150524792853e6
2.0418606044881255e6
2.070405975990978e6
2.099151169247961e6
2.128096186481421e6
2.157241029874648e6
2.186585701574711e6
2.216130203693072e6
2.2458745383072942e6
2.2758187074599518e6
2.305962713158604e6
2.3363065573818483e6
2.366850242072812e6
2.3975937691441183e6
2.4285371404769868e6
2.4596803579255743e6
2.491023423309791e6
2.522566338423795e6
2.554309105032439e6
2.5862517248727903e6
2.6183941996545335e6
2.65073653101515e6
2.683278720742702e6
2.716020770339976e6
2.7489626814552722e6
2.782104455668645e6
2.815446094536579e6
2.848987599591835e6
2.8827289723430774e6
2.9166702142768153e6
2.950811326856555e6
2.9851523115235465e6
3.0196931696974603e6
3.054433902776496e6
3.089374512137756e6
3.12451499913808e6
3.1598553651142805e6
3.19539561114639e6
3.231135739217971e6
3.2670757499398817e6
3.303215644787518e6
3.339555425001564e6
3.3760950918045524e6
3.412834646400872e6
3.4497740899773357e6
3.4869134237041255e6
3.524252648734126e6
3.5617917662034812e6
3.5995307772322013e6
3.637469682924202e6
3.675608484367575e6
3.713947182635115e6
3.7524857787842047e6
3.791224273857244e6
3.8301626688820547e6
3.869300964871948e6
3.90863916282576e6
3.948177263729336e6
3.987915268553398e6