19009.54307367871
19129.27771835761
19448.573907684593
19967.44194084812
20685.89832483724
21603.965453603305
22721.671176811957
24039.04826962443
25556.133817906986
27272.968536424392
29189.596034658127
31306.062044506645
33622.41365535495
36138.69852728979
38854.96414217474
41771.257082403055
44887.62238097197
48204.10290732882
51720.73884586185
55437.56724670694
59354.621661051366
63471.931862680955
67789.52365416876
72307.41875686921
77025.63477815132
81944.18525149266
87063.07974203139
92382.324009071
97901.92021740573
103621.86718838027
109542.16068187471
115662.79370058412
121983.75680822054
128505.03845468967
135226.62530028034
142148.50253460676
149270.6541824768
156593.06339555656
164115.7127256553
171838.58437225787
179761.66041258772
187884.9230029134
196208.35455686413
204731.93789908127
213455.65639301995
222379.49405055534
231503.43561424263
240827.46662248028
250351.57345679138
260075.7433711241
269999.9645071714
280124.22589656466
290448.5174521988
300972.8299501322
311697.15500341414
322621.48503051425
333745.8132180844
345070.13348032255
356594.4404140173
368318.7292649476
380242.99585983343
392367.236585116
404691.44832877757
417215.62844168406
429939.77469393436
442863.8852344416
455987.95855765603
469311.99345847155
482835.98900783266
496559.9445173166
510483.8595106975
524607.7336985449
538931.5669527501
553455.3592860042
568179.1108306318
583102.8218215257
598226.4925798017
613550.1234986867
629073.7150306571
644797.2676764086
660720.7819747662
676844.2584946323
693167.6978268325
709691.1005792492
726414.4673660062
743337.7988125228
760461.0955427475
777784.3581772884
795307.5873382486
813030.7836328209
830953.947665333
849077.0800275313
867400.1813008604
885923.2520542429
904646.2928440281
923569.3042132531
942692.2866922276
962015.240795329
981538.1670269155
1.0012610658757036e6
1.0211839378177946e6
1.0413067833161473e6
1.0616296028212544e6
1.0821523967713132e6
1.1028751655922835e6
1.1237979096988272e6
1.144920629494249e6
1.1662433253711702e6
1.1877659977115379e6
1.209488646887825e6
1.2314112732623057e6
1.2535338771883307e6
1.275856459010322e6
1.29837901906391e6
1.321101557677016e6
1.3440240751692231e6
1.3671465718529017e6
1.3904690480329292e6
1.4139915040074238e6
1.4377139400675262e6
1.4616363564982617e6
1.4857587535781288e6
1.510081131579906e6
1.5346034907705146e6
1.5593258314112402e6
1.5842481537581137e6
1.6093704580619738e6
1.634692744568658e6
1.660215013519161e6
1.685937265149775e6
1.7118594996921865e6
1.737981717373881e6
1.7643039184179879e6
1.7908261030433602e6
1.8175482714650207e6
1.844470423894142e6
1.8715925605375343e6
1.8989146815991604e6
1.9264367872788135e6
1.9541588777729154e6
1.9820809532744426e6
2.0102030139730608e6
2.0385250600553388e6
2.0670470917042778e6
2.095769109100169e6
2.124691112420031e6
2.1538131018380383e6
2.183135077525395e6
2.212657039650469e6
2.2423789883789495e6
2.2723009238737472e6
2.3024228462950187e6
2.3327447558005466e6
2.363266652545416e6
2.393988536682189e6
2.424910408360994e6
2.4560322677297844e6
2.487354114933795e6
2.5188759501162204e6
2.5505977734179148e6
2.582519584977541e6
2.614641384931592e6
2.646963173414388e6
2.6794849505577963e6
2.7122067164928135e6
2.7451284713472556e6
2.7782502152473563e6
2.81157194831742e6
2.8450936706798486e6
2.8788153824551525e6
2.9127370837620073e6
2.9468587747173687e6
2.9811804554363335e6
3.015702126032315e6
3.050423786617019e6
3.085345437300454e6
3.120467078191053e6
3.155788709395555e6
3.191310331019178e6
3.2270319431643924e6
3.26295354593499e6
3.299075139431541e6
3.335396723752695e6
3.3719182989961673e6
3.4086398652582224e6
3.445561422633718e6
3.4826829712161776e6
3.5200045110977497e6
3.557526042369281e6
3.5952475651202425e6
3.6331690794389667e6
3.6712905854123747e6
3.70961208312626e6
3.748133572665153e6
3.7868550541124027e6
3.8257765275501767e6
3.8648979930595104e6
3.9042194507202553e6
3.943740900611257e6
3.9834623428101316e6