20155.58051689466
20257.014702697474
20527.72744438884
20968.320121911085
21579.760859067173
22363.37162299935
23320.810552053255
24454.04977376836
25765.34895394877
27257.22488628985
28932.41249728269
30793.854196317254
32844.60761147181
35087.85677236308
37526.844021226156
40164.83169624202
43005.0583365311
46050.69761698056
49304.81763611032
52770.342747827104
56450.018739831874
60346.38153821065
64461.73032690126
68798.10534170759
73357.27072726333
78140.70268354937
83149.58297858057
88384.79771334797
93846.94117528343
99536.32442932756
105452.98821594082
111596.71957975328
117967.07169617554
124563.38616344918
131384.81714435184
138430.35664872956
145698.8603913238
153189.07342724813
160899.6553579389
168829.20431927222
176976.27953411665
185339.42214563425
193917.1739292798
202708.09406745108
211710.773460261
220923.84726611673
230346.0046632262
239975.99708345463
249812.64434747183
259854.83886130754
270101.5484479007
280551.8175834829
291204.7677441608
302059.595851391
313115.5726922011
324372.0416934753
335828.41262465215
347484.1612786137
359338.8240513631
371391.9942352256
383643.3178895195
396092.4897455935
408739.24908627
421583.375797619
434624.68651007954
447863.03095219337
461298.2884870181
474930.36483991746
488759.1890920866
502784.7108802734
517006.897804375
531425.7330834958
546041.2134160663
560853.3470415869
575862.1520090249
591067.6546164763
606469.8880025288
622068.8909908423
637864.7069270932
653857.3827849415
670046.968328452
686433.5153690976
703017.0772765428
719797.7082122881
736775.4629180464
753950.3962328542
771322.5627856855
788892.0166354248
806658.8116256518
824623.0000524152
842784.6337182048
861143.7632124583
879700.4379625228
898454.7062069844
917406.6149209867
936556.2097896243
955903.535282998
975448.634560714
995191.549537771
1.0151323209053016e6
1.0352709881391746e6
1.0556075895487303e6
1.076142162287735e6
1.0968747424193008e6
1.1178053649486743e6
1.1389340638371538e6
1.1602608720551883e6
1.1817858216392808e6
1.2035089437127819e6
1.2254302684862346e6
1.2475498253724463e6
1.2698676429702253e6
1.2923837491021028e6
1.3150981708971139e6
1.3380109346953428e6
1.3611220662407798e6
1.3844315905805044e6
1.4079395321844234e6
1.4316459148891605e6
1.4555507619773827e6
1.4796540961929976e6
1.5039559397480746e6
1.528456314340722e6
1.553155241202396e6
1.5780527410865903e6
1.6031488342979054e6
1.6284435407078096e6
1.6539368797721413e6
1.6796288705443025e6
1.7055195316788764e6
1.7316088814701021e6
1.7578969378246043e6
1.78438371832429e6
1.8110692401835083e6
1.837953520299999e6
1.865036575260294e6
1.8923184212794432e6
1.919799074357877e6
1.9474785501417862e6
1.9753568639955735e6
2.0034340310366838e6
2.0317100660595163e6
2.0601849836802264e6
2.088858798067458e6
2.1177315233945507e6
2.1468031734283995e6
2.1760737617198857e6
2.2055433016035003e6
2.2352118061732273e6
2.2650792883081133e6
2.295145760663179e6
2.32541123568429e6
2.3558757255996736e6
2.386539242451687e6
2.4174017980636233e6
2.44846340406823e6
2.479724071922727e6
2.5111838128311876e6
2.5428426379404776e6
2.5747005581171154e6
2.6067575840739957e6
2.639013726358281e6
2.6714689953399035e6
2.7041234012863142e6
2.7369769541530064e6
2.770029663867532e6
2.8032815401641936e6
2.836732592612096e6
2.8703828306606123e6
2.9042322635826e6
2.9382809005176574e6
2.9725287502763877e6
3.006975822069681e6
3.0416221244499134e6
3.076467666002079e6
3.1115124551902255e6
3.1467565003394457e6
3.1821998096475396e6
3.2178423911952144e6
3.2536842531749373e6
3.2897254029703513e6
3.3259658485188438e6
3.3624055974234566e6
3.3990446571755065e6
3.4358830351551557e6
3.4729207386324173e6
3.51015777477289e6
3.547594150634962e6
3.5852298731748303e6
3.6230649492458478e6
3.661099385604875e6
3.6993331889068615e6
3.7377663657135423e6
3.7763989224941954e6
3.8152308656193363e6
3.8542622013722034e6
3.893492935950661e6
3.9329230754561694e6
3.9725526259089923e6
4.012381593243759e6