19259.012917215558
19374.419326579693
19682.23289981518
20182.624729494142
20875.869339210563
21762.339765814104
22842.500922807536
24116.901396518486
25586.16386496427
27250.974392185788
29112.070770769744
31170.230245272207
33426.25695005979
35880.96907724363
38535.186427628316
41389.718178007024
44445.35159860652
47702.841339548
51162.900013388615
54826.1898687949
58693.315841648466
62764.81989148032
67041.17691523618
71522.79193070637
76209.99869670664
81103.0596311361
86202.16693307107
91507.44479255484
97018.95255649227
102736.68870347904
108660.59547437732
114790.56400472917
121126.43981525495
127668.02850558767
134415.10153385525
141367.40195604623
148524.65000245481
155886.548450092
163452.78766039177
171223.0502494456
179197.01538296923
187374.3626029983
195754.77521999128
204337.9432580925
213123.5659207952
222111.3537096511
231301.03003171092
240692.3324997233
250285.01385537712
260078.8425825775
270073.60324447625
280269.09656254656
290665.1392893583
301261.5639057559
312058.218151574
323054.9644891456
334251.67936864815
345648.252548014
357244.5862330266
369040.5944781342
381036.201945098
393231.3434743363
405625.96307225246
418220.01313151175
431013.4537018519
444006.2517163971
457198.3803101984
470589.8181592327
484180.5488761466
497970.5604305338
511959.84462623147
526148.396620092
540536.2144917934
555123.298816042
569909.6523772236
584895.2796029152
600080.1867207263
615464.3810695956
631047.8710709128
646830.6659970916
662812.7757892837
678994.210903335
695374.9821781481
711955.100734065
728734.577785648
745713.4247583136
762891.6529761157
780269.2737485737
797846.2983699144
815622.737853685
833598.6031434836
851773.904968005
870148.653828959
888722.8600190702
907496.5335811462
926469.6843138669
945642.3217683808
965014.4552447074
984586.093789514
1.0043572462176374e6
1.0243279210808993e6
1.0444981267044609e6
1.064867871179774e6
1.0854371623739905e6
1.1062060079305454e6
1.1271744152863724e6
1.1483423916710466e6
1.169709944101662e6
1.1912770794679904e6
1.2130438043971693e6
1.2350101253768408e6
1.257176048731507e6
1.2795415806180509e6
1.3021067270391523e6
1.3248714938501285e6
1.3478358867582956e6
1.370999911340064e6
1.3943635730406702e6
1.4179268771756643e6
1.441689828938774e6
1.4656524334121544e6
1.489814695560062e6
1.5141766202436534e6
1.538738212217996e6
1.5634994761360069e6
1.5884604165583935e6
1.613621037948312e6
1.6389813446823875e6
1.6645413410473294e6
1.690301031247036e6
1.7162604194022624e6
1.7424195095573089e6
1.7687783056782864e6
1.795336811656126e6
1.8220950313106112e6
1.8490529683939272e6
1.8762106265791846e6
1.903568009489001e6
1.9311251206708301e6
1.9588819636120468e6
1.9868385417375986e6
2.0149948584148313e6
2.0433509169509946e6
2.0719067205962539e6
2.1006622725463184e6
2.1296175759442486e6
2.158772633875455e6
2.18812744937715e6
2.217682025433744e6
2.247436364982601e6
2.277390470911196e6
2.3075443460577964e6
2.337897993218291e6
2.3684514151403406e6
2.399204614526973e6
2.43015759403721e6
2.46131035629163e6
2.492662903862373e6
2.5242152392852935e6
2.5559673650537273e6
2.587919283623336e6
2.620070997409856e6
2.6524225087442864e6
2.684973820101784e6
2.717724933657502e6
2.750675851723344e6
2.783826576531481e6
2.8171771102813096e6
2.850727455138342e6
2.884477613234114e6
2.9184275866687e6
2.9525773775097774e6
2.9869269877932156e6
3.0214764195250287e6
3.0562256746797566e6
3.0911747552036704e6
3.1263236630130806e6
3.1616723997730925e6
3.1972209677659026e6
3.232969368859545e6
3.268917604406292e6
3.305065676400933e6
3.341413586595793e6
3.3779613367175977e6
3.414708928467358e6
3.45165636352135e6
3.4888036435322366e6
3.52615077012826e6
3.563697744913587e6
3.6014445694709164e6
3.6393912453583754e6
3.677537774112874e6
3.7158841572493943e6
3.754430396261143e6
3.793176492620152e6
3.832122447777836e6
3.8712682631651307e6
3.9106139401923907e6
3.9501594802517784e6
3.989904884713926e6