19007.24928082213
19127.024692107152
19446.42900930239
19965.470952676114
20684.16449845911
21602.52860699159
22720.586857332004
24038.366998032623
25555.900426294873
27273.221610394263
29190.367467800024
31307.376711041274
33624.28919994831
36141.14527540241
38857.98512527117
41774.848173870356
44891.77253188302
48208.79447665579
51725.94801100243
55443.26448335701
59360.772279049066
63478.496585764224
67796.45922906823
72314.6785801898
77033.16952846145
81951.9435156716
87071.00862566498
92390.36972217401
97910.02862786759
103629.98433699543
109550.23325415063
115670.76945184589
121991.58493974879
128512.66994026217
135234.0131620189
142155.60207052418
149277.4231465079
156599.4621327096
164121.70426503313
171844.13448189263
179766.73761880456
187889.49857853042
196212.4024820378
204735.43479825108
213458.58145219658
222381.82891765606
231505.1642867094
240828.57532482024
250352.05051079998
260075.57906156714
269999.15094508434
280122.7568821958
290446.38833927683
300970.03751291084
311693.6973077433
322617.3613097716
333741.02375483717
345064.6794942538
356588.3239567765
368311.953120179
380235.56345368666
392359.15190003347
404682.7158262419
417206.252990924
429929.76150735863
442853.2398092977
455976.686622825
469300.10092819534
482823.48193921475
496546.82907321316
510470.1419272848
524593.4202562115
538916.6639515003
553439.87302373
568163.0475847016
583086.1878330021
598209.2940401768
613532.3665387896
629055.4057115414
644778.4119819393
660701.3858057583
676824.3276642298
693147.2380571425
709670.1174987238
726392.9665084903
743315.7856155225
760438.5753476643
777761.3362299397
795284.0687886433
813006.77353768
830929.4509876625
849052.1016398732
867374.7259860112
885897.3245074025
904619.89767474
923542.4459474576
942664.9697742233
961987.4695902292
981509.9458221924
1.0012323988836001e6
1.0211548291772417e6
1.0412772370948916e6
1.0615996230176252e6
1.0821219873162212e6
1.1028443303510784e6
1.123766652473039e6
1.1448889540233372e6
1.1662112353341698e6
1.1877334967287031e6
1.209455738522089e6
1.231377961020852e6
1.2535001645239661e6
1.2758223493228522e6
1.2983445157014935e6
1.3210666639372727e6
1.3439887943008344e6
1.3671109070562462e6
1.3904330024615526e6
1.413955080769003e6
1.4376771422249405e6
1.4615991870705357e6
1.485721215541438e6
1.5100432278684552e6
1.5345652242774446e6
1.5592872049894878e6
1.5842091702212282e6
1.609331120184911e6
1.6346530550885543e6
1.6601749751360756e6
1.6858968805274148e6
1.7118187714586165e6
1.7379406481221677e6
1.7642625107068731e6
1.7907843593979196e6
1.8175061943772489e6
1.8444280158235482e6
1.871549823911816e6
1.8988716188146388e6
1.9263934007010753e6
1.9541151697373292e6
1.9820369260866963e6
2.0101586699096644e6
2.038480401364104e6
2.0670021206048676e6
2.0957238277845117e6
2.124645523052826e6
2.1537672065571942e6
2.1830888784424867e6
2.2126105388511745e6
2.2423321879234556e6
2.2722538257971876e6
2.3023754526078915e6
2.33269706848908e6
2.3632186735719847e6
2.3939402679857016e6
2.42486185185727e6
2.4559834253118825e6
2.4873049884724356e6
2.5188265414601043e6
2.5505480843940745e6
2.582469617391682e6
2.61459114056843e6
2.6469126540379715e6
2.6794341579118976e6
2.7121556523010586e6
2.7450771373136113e6
2.778198613056368e6
2.811520079634522e6
2.845041537151648e6
2.8787629857097217e6
2.912684425409165e6
2.946805856348948e6
2.9811272786264624e6
3.015648692337685e6
3.0503700975771337e6
3.0852914944379046e6
3.1204128830117485e6
3.1557342633889928e6
3.1912556356586725e6
3.226976999907482e6
3.2628983562232987e6
3.2990197046911786e6
3.335341045394612e6
3.371862378416291e6
3.40858370383767e6
3.445505021739025e6
3.482626332199494e6
3.5199476352970493e6
3.557468931108571e6
3.5951902197097703e6
3.633111501175393e6
3.6712327755789957e6
3.7095540429931716e6
3.7480753034894583e6
3.786796557138383e6
3.825717804009476e6
3.864839044171314e6
3.904160277691468e6
3.9436815046366523e6
3.9834027250725585e6