18996.34651150182
19116.31593988395
19436.23485475809
19956.104445323595
20675.9266174481
21595.703956463723
22715.43967717135
24035.137562390068
25554.80189173024
27274.437362638244
29194.049005425462
31313.642093912626
33633.22205703179
36152.7943879145
38872.36455745403
41791.937931135384
44911.5196941554
48231.1147807432
51750.7278142296
55470.36305551602
59390.024361234944
63509.715152109624
67829.43839076224
72349.19656943696
77068.99170648516
81988.82535126447
87108.69859653343
92428.61209738198
97948.56609573653
103668.56044940511
109588.59466464169
115708.66793123083
122028.77915914396
128548.92701601774
135269.1099643329
142189.32629818443
149309.57417836657
156629.85166591025
164150.15675325802
171870.48739294446
179790.84152412385
187911.21709478032
196231.61208320383
204752.02451503737
213472.45247805485
222392.89413468412
231513.34773144271
240833.81160638726
250354.28419449597
260074.7640310661
269995.2497534027
280115.74010108394
290436.2339149482
300956.73013500776
311677.2277974365
322597.72603093996
333718.22405247594
345038.72116258595
356559.2167402302
368279.7102389155
380200.2011789563
392320.689144881
404641.17377890163
417161.65477641317
429882.13188097556
442802.60487968544
455923.0735993498
469243.5379013005
482763.99767861457
496484.4528519053
510404.9033665723
524525.3491889493
538845.7903041269
553366.2267138483
568086.6584327985
583007.0854880058
598127.5079162779
613447.9257627223
628968.3390792646
644688.7479233805
660609.1523569367
676729.5524452649
693049.9482562239
709570.3398596395
726290.7273260623
743211.1107273431
760331.4901351826
777651.8656208838
795172.2372559389
812892.6051101572
830812.9692529028
848933.3297522794
867253.6866750878
885774.040086721
904494.3900511327
923414.7366307476
942535.0798865295
961855.4198776138
981375.7566619847
1.0010960902958314e6
1.0210164208338899e6
1.0411367483294017e6
1.061457072834155e6
1.0819773943985398e6
1.1026977130715367e6
1.1236180289008291e6
1.1447383419327943e6
1.1660586522125837e6
1.1875789597841213e6
1.2092992646902548e6
1.2312195669726124e6
1.2533398666718702e6
1.2756601638276228e6
1.2981804584784776e6
1.3209007506621387e6
1.3438210404153957e6
1.3669413277741456e6
1.3902616127734657e6
1.4137818954476495e6
1.4375021758301812e6
1.4614224539538543e6
1.4855427298506957e6
1.5098630035520887e6
1.5343832750887373e6
1.5591035444906978e6
1.5840238117874248e6
1.6091440770077715e6
1.6344643401800208e6
1.6599846013318966e6
1.6857048604905813e6
1.711625117682734e6
1.7377453729345195e6
1.764065626271611e6
1.7905858777191862e6
1.817306127301986e6
1.844226375044302e6
1.871346620969929e6
1.8986668651023358e6
1.9261871074645496e6
1.9539073480790425e6
1.9818275869681444e6
2.009947824153644e6
2.0382680596569856e6
2.0667882934992462e6
2.0955085257011615e6
2.124428756283101e6
2.1535489852651055e6
2.1828692126668734e6
2.212389438507777e6
2.242109662806884e6
2.272029885582938e6
2.3021501068543633e6
2.3324703266393207e6
2.362990544955655e6
2.3937107618209207e6
2.424630977252391e6
2.4557511912670927e6
2.487071403881735e6
2.5185916151127988e6
2.5503118249764917e6
2.582232033488768e6
2.6143522406653357e6
2.646672446521652e6
2.6791926510728886e6
2.7119128543341234e6
2.7448330563200624e6
2.77795325704523e6
2.8112734565239353e6
2.84479365477026e6
2.8785138517980743e6
2.912434047621036e6
2.9465542422526e6
2.9808744357060157e6
3.015394627994332e6
3.0501148191304044e6
3.085035009126892e6
3.1201551979962722e6
3.1554753857508334e6
3.19099557240268e6
3.2267157579636066e6
3.2626359424455543e6
3.298756125860101e6
3.3350763082185932e6
3.371596489532285e6
3.4083166698122476e6
3.445236849069402e6
3.4823570273145097e6
3.5196772045581737e6
3.5571973808108508e6
3.594917556082834e6
3.6328377303843e6
3.670957903725242e6
3.709278076115535e6
3.7477982475649077e6
3.786518418082953e6
3.8254385876791296e6
3.864558756362762e6
3.903878924143038e6
3.9433990910290326e6
3.983119257029681e6