19216.852819893596
19332.97625100099
19642.692398843705
20146.14664818086
20843.57223121189
21735.285991466968
22821.682670842012
24103.22785392942
25580.449736921204
27253.929942133254
29124.293535414516
31192.198514233532
33458.32510775882
35923.36482990728
38588.00990678003
41452.94291290855
44518.82724380451
47786.298070697856
51255.954436041124
54928.352372599315
58803.99900088244
62883.34800709714
67166.79614169257
71654.68109830859
76347.28040507989
81244.81148114138
86347.43268434601
91655.24526625588
97168.29611727958
102886.58117887366
108810.04938911302
114938.60703913853
121272.12241175809
127810.4305795725
134553.33826163554
141500.62863733846
148652.06601374736
156007.4003089882
163566.37127095996
171328.7123525551
179294.1542942159
187462.42830119858
195833.26887993058
204406.41624178423
213181.61838775247
222158.6328415646
231337.22798561392
240717.18413002166
250298.29427581737
260080.36462183122
270063.2148308713
280246.6780938428
290630.60102073423
301214.8433789207
311999.2777071956
322983.7888368578
334168.27333129436
345552.6388610315
357136.8035196974
368920.6953012947
380904.25107966224
393087.4162430037
405470.14385014965
418052.39397349465
430834.13309639215
443815.3334641558
456995.97251404636
470376.0323266327
483955.4991118752
497734.36273415154
511712.61627012305
525890.2556109007
540267.2790834486
554843.6871307405
569619.4819959474
584594.6674592623
599769.2485823215
615143.2315147589
630716.6232777901
646489.4316088156
662461.664808949
678633.3316135008
695004.4410816149
711575.0025113008
728345.0252818353
745314.51895145
762483.4929963425
779851.9568824931
797419.9200648117
815187.3917648759
833154.3811480078
851320.8971997323
869686.9487178595
888252.5443259694
907017.6924393824
925982.401269832
945146.6788231432
964510.5328946124
984073.9710682392
1.0038370007361679e6
1.023799629067681e6
1.0439618630453469e6
1.064323709454843e6
1.0848851748950484e6
1.1056462657775255e6
1.1266069883411785e6
1.1477673486514916e6
1.1691273525936436e6
1.1906870059563764e6
1.2124463142923196e6
1.2344052830520007e6
1.2565639175401486e6
1.2789222229255515e6
1.3014802042469045e6
1.3242378664194501e6
1.3471952142338126e6
1.3703522523740283e6
1.3937089854088335e6
1.4172654178031324e6
1.4410215539176455e6
1.464977398020078e6
1.4891329542792374e6
1.5134882267776607e6
1.5380432195087536e6
1.5627979363806138e6
1.587752381223631e6
1.6129065577873872e6
1.6382604697473694e6
1.66381412070527e6
1.6895675141922012e6
1.7155206536701585e6
1.7416735425368242e6
1.7680261841244549e6
1.7945785817020473e6
1.821330738479132e6
1.8482826576084108e6
1.8754343421762802e6
1.9027857952267984e6
1.930337019741449e6
1.9580880186498398e6
1.9860387948309532e6
2.0141893511144868e6
2.0425396902799695e6
2.071089815058867e6
2.0998397281370726e6
2.128789432155925e6
2.157938929709851e6
2.1872882233503927e6
2.2168373155867523e6
2.2465862088877307e6
2.2765349056805186e6
2.3066834083509636e6
2.33703171924932e6
2.3675798406853564e6
2.398327774931358e6
2.4292755242226715e6
2.460423090762345e6
2.491770476712995e6
2.52331768420561e6
2.5550647153377957e6
2.5870115721732005e6
2.6191582567430474e6
2.651504771000069e6
2.6840511170468265e6
2.716797296690373e6
2.7497433118820917e6
2.7828891644987185e6
2.8162348563895067e6
2.8497803893753644e6
2.8835257652485636e6
2.917470985775064e6
2.951616052693364e6
2.9859609677156648e6
3.020505732528402e6
3.0552503487925124e6
3.0901948181438562e6
3.125339142194656e6
3.1606833223138186e6
3.196227360479551e6
3.231971258272366e6
3.267915016757649e6
3.3040586376474216e6
3.3404021224147617e6
3.3769454725124924e6
3.413688689370965e6
3.4506317743998677e6
3.4877747289891536e6
3.525117554508137e6
3.5626602523064488e6
3.6004028237142186e6
3.6383452700427077e6
3.676487592584291e6
3.7148297926131613e6
3.7533718713852013e6
3.7921138301385096e6
3.831055670093803e6
3.87019739245466e6
3.9095389984072954e6
3.9490804891226836e6
3.9888218657536968e6