239792.49163722433
239736.30153792264
239586.74598110456
239344.5650888784
239011.00396109314
238587.76411133027
238077.00553738087
237481.36952031165
236803.93149933778
236048.23348590697
235218.26529910002
234318.4390526603
233352.5214280832
232329.06917179056
231250.5041583234
230124.01042458107
228956.08941326092
227753.62170828442
226523.88690065057
225274.51876610157
224013.5452013529
222749.31998808903
221490.57476894977
220246.37578571896
219026.12861771864
217839.5854994349
216696.8376232321
215608.2999182609
214584.71750789898
213637.17700794374
212777.10581347242
212016.275165128
211366.78134511638
210841.1059642936
210452.08292393212
210212.94567409437
210137.30672477954
210239.202632787
210533.10757335188
211033.95824624825
211757.18436925934
212718.73495270795
213935.11810337158
215423.4368095197
217201.43102763948
219287.52278894157
221700.863670545
224461.3852171952
227589.85090814307
231107.90711199673
235038.13484358188
239404.09640127275
244230.37304835167
249542.60053167364
255367.47652497166
261732.75175878388
268667.2023401812
276200.5245580327
284363.2312803736
293186.4308249367
302701.55991341337
312940.00309950556
323932.5984955577
335709.0218831478
348297.023168462
361721.53444450663
376003.6297383791
391159.394989583
407198.72509123967
424124.1226254839
441929.61339231394
460599.8414715946
480109.4930709294
500423.1548544579
521495.6927692025
543273.131707463
565694.1485702423
588691.9504996706
612196.5009794157
636136.8548606056
660443.4492663788
685050.153670823
709895.9791222005
734926.1976518927
760093.3348816998
785357.2441641819
810685.1723374551
836051.3443753193
861436.3695430374
886826.5531964351
912213.0888962769
937591.3061984613
962959.9124575648
988320.3288594291
1.0136760831300678e6
1.0390322936482689e6
1.0643952300023062e6
1.0897719568374488e6
1.1151700359248358e6
1.1405972974800004e6
1.1660616533880152e6
1.1915709600178557e6
1.2171329163345443e6
1.242754984242071e6
1.2684443384979067e6
1.2942078345931694e6
1.320051984316713e6
1.345982952612406e6
1.3720065521533368e6
1.398128251742852e6
1.4243531801225164e6
1.4506861515737353e6
1.477131670401698e6
1.5036939461534861e6
1.5303769173913929e6
1.5571842647913715e6
1.5841194381354884e6
1.611185624586035e6
1.6383858572968268e6
1.6657229307763935e6
1.6931994802601e6
1.7208179708764274e6
1.7485807095157704e6
1.7764898561462923e6
1.8045474537242423e6
1.8327554079698662e6
1.8611155077491025e6
1.8896294563688696e6
1.9182988409799677e6
1.9471251657113915e6
1.9761098468145549e6
2.0052542298447844e6
2.0345595829628906e6
2.0640271095759645e6
2.0936579584854995e6
2.1234531889450336e6
2.1534138536339244e6
2.1835409249918587e6
2.2138353340266943e6
2.2442979694905747e6
2.274929680011114e6
2.305731275588017e6
2.3367035247491305e6
2.367847173486526e6
2.399162930126942e6
2.430651469351569e6
2.4623134474688424e6
2.4941494860048103e6
2.5261601862181984e6
2.558346123966149e6
2.5907078575708726e6
2.6232459176120674e6
2.6559608196110865e6
2.688853061162372e6
2.7219231180956913e6
2.7551714527800283e6
2.788598510787928e6
2.822204722660279e6
2.855990504063939e6
2.8899562579320585e6
2.92410237287468e6
2.958429226738823e6
2.9929371838488914e6
3.027626598213398e6
3.062497812967511e6
3.097551160451719e6
3.1327869632466086e6
3.1682055347263142e6
3.2038071791751552e6
3.2395921919836192e6
3.275560860384792e6
3.311713463546634e6
3.348050272992859e6
3.3845715521405526e6
3.4212775584222977e6
3.4581685426473487e6
3.4952447475514477e6
3.532506410647014e6
3.5699537636936554e6
3.607587030393545e6
3.645406431903068e6
3.683412181943616e6
3.721604489109502e6
3.7599835576674733e6
3.798549601607795e6
3.837302769946456e6
3.8762432972729728e6
3.9153713537775204e6
3.954687120277575e6
3.994190773868582e6
4.0338824870725907e6
4.0737624325817088e6
4.113830763792821e6
4.154087653892476e6
4.194533257184241e6
4.235167727726398e6
4.275991216999258e6
4.317003872912598e6
4.358205840068508e6
4.399597268347455e6