134957.66255740423
134927.09219173223
134845.87321075445
134714.8284138665
134535.29440191222
134309.12338739427
134038.66594144897
133726.78721460325
133376.8423248414
132992.70617691023
132578.73119879133
132139.74711908013
131681.09355008663
131208.56233260714
130728.43022989397
130247.44514397343
129772.80282273729
129312.16950091024
128873.65927929597
128465.84431620964
128097.73772473846
127778.80922840527
127518.97111512572
127328.59815228198
127218.50757925285
127199.97981073646
127284.77315220618
127485.11448836947
127813.72530503696
128283.83137092533
128909.18335518162
129704.07605238506
130683.37273415094
131862.53346617086
133257.6439363611
134885.45060029416
136763.39785987328
138909.6649944936
141343.21133967617
144083.81738386676
147152.12852600968
150569.69706323044
154359.02009467225
158543.57135032295
163147.82234791838
168197.24702088092
173718.30890306548
179738.407518832
186285.8122301127
193389.49800680723
201078.9840089338
209384.03525022228
218334.3153796197
227958.90633384397
238285.73592362428
249340.8618393624
261147.60792896428
273725.7916545378
287090.3606715831
301250.6581596832
316209.2205121884
331960.87285372155
348492.01264119765
365780.18109628465
383794.04172535206
402493.819208506
421832.2036633927
441755.71067437506
462206.3980005169
483123.8107064001
504447.0043161664
526116.4710323949
548075.8335345758
570273.2629270039
592662.3618235704
615202.8419929359
637860.6898186064
660608.0754759696
683423.0164940774
706288.8661147355
729193.712364308
752129.7301246661
775092.5341746345
798080.5707758242
821094.5541314182
844136.9848860647
867211.7108281853
890323.5722014441
913478.1013993355
936681.2842867344
959939.3592762877
983258.668291624
1.0066455390519854e6
1.030106196683461e6
1.053646696151119e6
1.077272881208349e6
1.10099034682876e6
1.1248044279700208e6
1.1487201824507772e6
1.1727423965751922e6
1.1968755809549135e6
1.2211239787292331e6
1.2454915763688749e6
1.2699821128826444e6
1.2945990939024058e6
1.3193458036136013e6
1.344225314650652e6
1.3692405084431854e6
1.394394079646608e6
1.4196885551995677e6
1.4451263052547446e6
1.4707095454297068e6
1.4964403585756796e6
1.5223207020071277e6
1.5483524121032986e6
1.5745372176241926e6
1.6008767456103405e6
1.6273725298348754e6
1.654026016317097e6
1.6808385709948107e6
1.707811485098726e6
1.734945980152685e6
1.7622432137209806e6
1.7897042825211491e6
1.8173302290534696e6
1.8451220433460637e6
1.8730806669912387e6
1.9012069971718441e6
1.9295018880811206e6
1.9579661561002575e6
1.9866005809947718e6
2.0154059053790844e6
2.044382843925518e6
2.0735320789631896e6
2.1028542647538884e6
2.1323500290342835e6
2.162019974193638e6
2.1918646800502883e6
2.221884703519735e6
2.2520805808725124e6
2.2824528281204607e6
2.313001943137963e6
2.343728405742119e6
2.3746326792258522e6
2.4057152109706723e6
2.436976432593261e6
2.468416762332733e6
2.5000366043900573e6
2.531836349641611e6
2.5638163768080813e6
2.595977053352917e6
2.6283187349633877e6
2.6608417663261006e6
2.6935464820960388e6
2.726433207503708e6
2.759502257749201e6
2.792753939521519e6
2.8261885504161967e6
2.8598063806422334e6
2.893607711247829e6
2.9275928164917585e6
2.9617619630105067e6
2.996115410624243e6
3.030653412141473e6
3.065376213946091e6
3.100284055810094e6
3.135377172538369e6
3.17065579180406e6
3.206120136349611e6
3.241770423409309e6
3.2776068647808786e6
3.313629667490614e6
3.3498390338363806e6
3.3862351608192157e6
3.42281824113227e6
3.4595884632674325e6
3.4965460113410717e6
3.533691065150763e6
3.5710238009101087e6
3.6085443905523154e6
3.6462530021855105e6
3.684149800356196e6
3.7222349469693764e6
3.7605085988663263e6
3.798970910934567e6
3.8376220342186163e6
3.876462116805079e6
3.915491303672653e6
3.9547097367814914e6
3.9941175552117988e6
4.0337148960964284e6
4.073501892196409e6
4.113478675027085e6
4.1536453729729154e6
4.1940021120810607e6
4.23454901588219e6
4.275286205441693e6
4.316213810703196e6
4.35733192710693e6
4.398640679478468e6