21971.382138125642
22050.63482734264
22262.35501272812
22607.57548616477
23087.96603871399
23705.821463306645
24464.044452626404
25366.12378756643
26416.107957944645
27618.57286091929
28978.58508743449
30501.659313480388
32193.710662319303
34061.00263324693
36110.08774885797
38347.746492845035
40780.91664743379
43416.624686401294
46261.90856063965
49323.74094515007
52608.94895316055
56124.13508167486
59875.59786360715
63869.25620372681
68110.57682825337
72604.50870641394
77355.42465139252
82367.07089384779
87642.53080034518
93184.19563963069
98993.75147521816
105072.17767075493
111419.7588037383
118036.10899955635
124920.20801769127
132070.44808697063
139484.68991181612
147160.32419427286
155094.34019980763
163283.3957971243
171723.88904697596
180412.02842887657
189343.9003890414
198515.53293799388
207922.95353023824
217562.24057000707
227429.5689599417
237521.24766928316
247833.75099463068
258363.7418233381
269108.0911918237
280063.8885789499
291228.4489389964
302599.3147378594
314174.254325479
325951.25629562326
337928.5219805223
350104.4550214309
362477.6511480458
375046.8845949882
387811.095896318
400769.37824735173
413920.9644798817
427265.21396074095
440801.60034215683
454529.69897542614
468449.17625400296
482559.7786948603
496861.32320868433
511353.6881245432
526036.8048092097
540910.6503160215
555975.2406927468
571230.624549066
586676.8783691021
602314.101091923
618142.4101905713
634161.9379680079
650372.8283055227
666775.2339247854
683369.3139659027
700155.231967668
717133.1540508008
734303.2475892273
751665.6798374252
769220.6172485198
786968.2238989462
804908.6618926271
823042.0898483603
841368.6631733704
859888.5333771192
878601.8480155696
897508.7505197162
916609.3800519737
935903.8716068137
955392.3558807217
975074.9593641603
994951.8037454532
1.0150230095212939e6
1.0352886889351717e6
1.055748953293832e6
1.0764039095209343e6
1.0972536609506789e6
1.11829830753734e6
1.1395379459430724e6
1.1609726696524895e6
1.1826025691975057e6
1.2044277322171752e6
1.2264482435882261e6
1.248664185550779e6
1.2710756378766964e6
1.2936826779394778e6
1.3164853808532674e6
1.3394838195249029e6
1.3626780648183585e6
1.3860681856078277e6
1.4096542488934896e6
1.433436319858612e6
1.4574144619752099e6
1.481588737066109e6
1.5059592053616268e6
1.5305259256311897e6
1.5552889551735567e6
1.5802483498682503e6
1.6054041643159238e6
1.6307564518168706e6
1.6563052644509878e6
1.682050653120387e6
1.7079926675987148e6
1.7341313567141083e6
1.7604667675548603e6
1.7869989472685575e6
1.8137279413151343e6
1.840653794252065e6
1.867776549929275e6
1.8950962511918803e6
1.92261293995682e6
1.9503266574707967e6
1.9782374440468918e6
2.0063453392554256e6
2.0346503818932073e6
2.0631526100151744e6
2.0918520609883522e6
2.1207487713761306e6
2.149842777198013e6
2.1791341137464233e6
2.2086228156398013e6
2.238308916873016e6
2.268192450894514e6
2.2982734504852467e6
2.32855194785755e6
2.3590279746522885e6
2.389701561961273e6
2.420572740338384e6
2.4516415398064153e6
2.482907989797488e6
2.5143721193863032e6
2.546033957016393e6
2.577893530707867e6
2.609950867992705e6
2.642205995945524e6
2.674658941027246e6
2.707309729700271e6
2.7401583876053155e6
2.7732049400054314e6
2.8064494118087883e6
2.8398918275140882e6
2.8735322112156823e6
2.9073705866149045e6
2.94140697702957e6
2.9756414054136747e6
3.0100738943354315e6
3.0447044660126637e6
3.079533142311796e6
3.1145599447504818e6
3.1497848945116135e6
3.185208012437872e6
3.2208293190523977e6
3.2566488345598527e6
3.2926665790852443e6
3.3288825717570516e6
3.365296832083899e6
3.401909379034286e6
3.4387202313167737e6
3.4757294073336213e6
3.5129369252244453e6
3.5503428028441058e6
3.5879470577863366e6
3.625749707372339e6
3.6637507686747643e6
3.7019502585080215e6
3.740348193437005e6
3.778944589782027e6
3.817739463595022e6
3.8567328308073967e6
3.8959247069442584e6
3.9353151074285903e6
3.9749040474201697e6
4.0146915418621735e6
4.054677605486928e6