90792.41128793507
90775.6349533544
90731.21733141606
90660.02878042732
90563.4826220928
90443.52405966553
90302.67704742678
90143.94583561874
89970.89877513945
89787.64202434101
89598.8022565473
89409.52974707531
89225.49637322253
89052.89574905732
88898.44230319097
88769.35403818477
88673.36916656562
88618.73983395714
88614.22497621036
88669.10762145717
88793.17722365484
88996.74937403423
89290.68005618037
89686.34426229695
90195.67634948005
90831.1741542549
91605.9054188072
92533.5425451478
93628.36866949557
94905.3137919734
96379.98286186013
98068.66783440151
99988.40365196127
102156.98813873422
104593.02485016288
107315.95686641408
110346.10158983944
113704.68508021996
117413.86789923956
121496.76314963325
125977.44140486585
130880.91680928145
136233.10805661886
142060.76576185957
148391.35746776717
155252.90079868905
162673.72056318246
170682.14911338154
179306.10502358252
188572.59850355564
198507.11102769725
209132.86874413854
220470.02043185665
232534.72227916235
245338.1894312928
258885.7577170252
273176.01212864404
288200.08353902015
303941.19759095466
320374.54094466346
337467.52254935476
355180.4523448142
373467.61185513844
392278.69139748416
411560.4319644405
431258.4012989355
451318.72538394213
471689.67911152693
492322.9978581291
513174.8805212928
534206.6465012878
555385.0589007009
576682.3589289975
598076.0666774926
619548.6076690373
641086.8311964573
662681.4681248113
684326.5728432902
706018.9796583928
727757.7999466751
749543.9617147413
771379.8179161216
793268.7884835566
815215.0862725832
837223.4652172693
859299.039292504
881447.115115973
903673.0766141878
925982.2867307051
948380.0229456093
970871.4177897228
993461.4257673987
1.0161547981761922e6
1.0389560673005398e6
1.0618695385911823e6
1.0848992885703621e6
1.1080491668283828e6
1.131322800653383e6
1.154723603641062e6
1.1782547835771488e6
1.201919352943338e6
1.225720136696593e6
1.2496597894310646e6
1.273740796867628e6
1.2979654952878146e6
1.322336075892631e6
1.3468545958160684e6
1.3715229881911497e6
1.396343070346061e6
1.4213165517175319e6
1.4464450426913411e6
1.4717300599224162e6
1.497173034822253e6
1.5227753190598642e6
1.5485381887650033e6
1.5744628531651984e6
1.6005504565035768e6
1.6268020837129853e6
1.653218764605816e6
1.6798014779875167e6
1.7065511542156301e6
1.7334687991256164e6
1.760554897597647e6
1.7878106164299618e6
1.8152366033061196e6
1.8428335944187269e6
1.8706022935202157e6
1.898543374299178e6
1.9266574839142882e6
1.954945241214549e6
1.9834072421228609e6
2.0120440572049394e6
2.0408562383027468e6
2.0698443139734818e6
2.099008794939791e6
2.128350172140493e6
2.1578689207207756e6
2.187565497793842e6
2.217440345419537e6
2.2474938908866537e6
2.2777265493398462e6
2.308138718196757e6
2.338730785165452e6
2.36950312538091e6
2.400456103470042e6
2.4315900695852507e6
2.462905368289993e6
2.4944023264928004e6
2.526081270645038e6
2.5579425137190716e6
2.5899863583757184e6
2.6222131004621065e6
2.654623027098863e6
2.6872164198545325e6
2.7199935493031447e6
2.752954679811198e6
2.786100071721947e6
2.8194299758755867e6
2.8529446373244007e6
2.886644294921612e6
2.9205291816956457e6
2.954599523992804e6
2.98885554585604e6
3.0232974626583057e6
3.0579254855818236e6
3.092739821134559e6
3.1277406708168327e6
3.162928231549259e6
3.1983026959376344e6
3.2338642517127944e6
3.2696130830737767e6
3.305549369633216e6
3.3416732873484474e6
3.3779850082226805e6
3.4144847006034027e6
3.4511725292049227e6
3.488048655217845e6
3.525113235669855e6
3.5623664276680043e6
3.59980838039445e6
3.637439242455968e6
3.6752591592191225e6
3.713268273395177e6
3.7514667241541604e6
3.789854648395621e6
3.8284321801332654e6
3.8671994508572416e6
3.90615658956619e6
3.94530372224209e6
3.9846409733907403e6
4.024168464538266e6
4.063886315153774e6
4.103794641932699e6
4.1438935606025895e6
4.1841831832862413e6
4.224663621340592e6
4.265334983281909e6
4.306197376042894e6
4.347250904571955e6
4.388495671912386e6