19015.462582837456
19135.09210568182
19454.10947156741
19972.529045527786
20690.37385170524
21607.675126706847
22724.471719198176
24040.809351700562
25556.73976390921
27272.319763939144
29187.61020441653
31302.674906763074
33617.57959460665
36132.3907967525
38847.17480240892
41761.99665462838
44876.91924292709
48192.00244543035
51707.302399896085
55422.870875563516
59338.75476250822
63454.995681392305
67771.6297112065
72288.68723418839
77006.19288819782
81924.16562152193
87042.61883877935
92361.56062673463
97880.99404845566
103600.91749317883
109521.32506961821
115642.20703048649
121963.55021702306
128485.33851269732
135207.55329681744
142130.17388960108
149253.17798026482
156576.54203461946
164100.24167729926
171824.25203801465
179748.54807339355
187873.1048486448
196197.8977871424
204722.9028853158
213448.0968917751
222373.45746055595
231498.96326639643
240824.59409597304
250350.3309141536
260076.15590508067
270002.05249361694
280128.0053486307
290454.0003707672
300980.0246672961
311706.06651549303
322632.1153185514
333758.1615535234
345084.1967145199
356610.2132498564
368336.20451507706
380262.16467782686
392388.0886881605
404713.9721972139
417239.81150315027
429965.6034901301
442891.3455730637
456017.03564477013
469342.67202556727
482868.25341654307
496593.7788563272
510519.2476801397
524644.6594842009
538970.0140901844
553495.3115165036
568220.5519487318
583145.7357157466
598270.8632668921
613595.9351522415
629120.9520046355
644845.9145242597
660770.8234645466
676895.6796209249
693220.4838194218
709745.2369098654
726469.9397507738
743394.5932164156
760519.1981789733
777843.7555059373
795368.2660668519
813092.7307104054
831017.1502812591
849141.5256064715
867465.8574986793
885990.1467530072
904714.3941469894
923638.600439544
942762.7663718024
962086.8926625547
981610.9800166768
1.0013350291171087e6
1.0212590406291662e6
1.0413830151997881e6
1.0617069534585099e6
1.0822308560176324e6
1.1029547234723815e6
1.1238785564021808e6
1.145002355370571e6
1.1663261209261708e6
1.1878498536026673e6
1.2095735539205105e6
1.2314972223858908e6
1.2536208594925264e6
1.2759444657216587e6
1.2984680415422337e6
1.3211915874124255e6
1.3441151037787606e6
1.367238591077675e6
1.3905620497351352e6
1.4140854801676625e6
1.437808882782025e6
1.4617322579764437e6
1.4858556061400173e6
1.5101789276538505e6
1.5347022228908667e6
1.5594254922161053e6
1.5843487359872686e6
1.6094719545548e6
1.6347951482621527e6
1.6603183174460144e6
1.6860414624365198e6
1.7119645835572917e6
1.7380876811261952e6
1.7644107554549307e6
1.790933806849248e6
1.8176568356095348e6
1.8445798420308074e6
1.8717028264019818e6
1.8990257890079985e6
1.9265487301279674e6
1.9542716500362852e6
1.9821945490025445e6
2.0103174272917057e6
2.038640285164394e6
2.0671631228762786e6
2.0958859406791977e6
2.12480873882045e6
2.15393151754335e6
2.183254277087063e6
2.212777017686792e6
2.2424997395739923e6
2.2724224429762443e6
2.302545128117299e6
2.332867795217502e6
2.363390444493563e6
2.3941130761585813e6
2.4250356904222644e6
2.4561582874913e6
2.4874808675685674e6
2.519003430854101e6
2.550725977544654e6
2.5826485078339316e6
2.6147710219125967e6
2.647093519968283e6
2.6796160021851943e6
2.7123384687463236e6
2.7452609198302086e6
2.7783833556130775e6
2.811705776268903e6
2.845228181968332e6
2.8789505728798104e6
2.91287294916912e6
2.946995310999625e6
2.9813176585321096e6
3.0158399919249928e6
3.050562311334312e6
3.085484616913735e6
3.120606908814729e6
3.155929187186392e6
3.1914514521756964e6
3.2271737039257856e6
3.2630959425816303e6
3.299218168283725e6
3.3355403811698603e6
3.372062581376532e6
3.408784769038206e6
3.445706944287384e6
3.4828291072547063e6
3.520151258068881e6
3.5576733968568137e6
3.5953955237434804e6
3.633317638852264e6
3.671439742304581e6
3.7097618342202697e6
3.748283914717405e6
3.7870059839124065e6
3.8259280419200547e6
3.865050088853538e6
3.904372124824398e6
3.943894149942763e6
3.9836161643170575e6