18995.288744904916
19115.277018111956
19435.245915161315
19955.19589229532
20675.127680705875
21595.042272255945
22714.94090029222
24034.82501606182
25554.696261378107
27274.55643832177
29194.40747663498
31314.251399433793
33634.09028929143
36153.926253357495
38873.76139019677
41793.597757883996
44913.437345282335
48233.28204493152
51753.13363006714
55472.99373485928
59392.863838371835
63512.74525243502
67832.63911314236
72352.54637615113
77072.46781534368
81992.40402471484
87112.35542313433
92432.32226161456
97952.30463271544
103672.30248168958
109592.3156189758
115712.34373365817
122032.38640752673
128552.44312945261
135272.5133096471
142192.5962937635
149312.69137635198
156632.79781372056
164152.91483588924
171873.04165758804
179793.1774884281
187913.32154141847
196233.47304119982
204753.6312305808
213473.79537620378
222393.96477334615
231514.13874953764
240834.31666741613
250354.49792679114
260074.68196594575
269994.86826228385
280115.0563324312
290435.2457318471
300955.4360540238
311675.62692933064
322595.8180236229
333716.00903659966
345036.1997000141
356556.3897756924
368276.5790540491
380196.76735111885
392316.95450756233
404637.14038616186
417157.3248700951
429877.5078610111
442797.68927725527
455917.8690524028
469238.0471332679
482758.2234788408
496478.3980586713
510398.5708518153
524518.7418453573
538838.9110335757
553359.0784171352
568079.244001664
582999.407797524
598119.5698188294
613439.7300828756
628959.8886095744
644680.0454209661
660600.2005407745
676720.3539940541
693040.5058068272
709560.6560058715
726280.8046182425
743200.9516714948
760321.0971931256
777641.2412104793
795161.3837509737
812881.5248413809
830801.6645083025
848921.8027778564
867241.939675662
885762.0752267978
904482.2094557909
923402.3423865819
942522.4740425514
961842.6044463789
981362.7336203016
1.0010828615858698e6
1.0210029883640766e6
1.0411231139753392e6
1.0614432384395213e6
1.0819633617759473e6
1.1026834840034032e6
1.1236036051401761e6
1.1447237252040529e6
1.166043844212351e6
1.1875639621819153e6
1.2092840791291797e6
1.23120419507011e6
1.2533243100203068e6
1.2756444239949542e6
1.2981645370088606e6
1.3208846490764867e6
1.3438047602119423e6
1.366924870428994e6
1.390244979741097e6
1.4137650881614021e6
1.437485195702753e6
1.461405302377727e6
1.4855254081986065e6
1.509845513177428e6
1.5343656173259676e6
1.5590857206557544e6
1.5840058231780853e6
1.6091259249040247e6
1.6344460258444208e6
1.6599661260099073e6
1.68568622541091e6
1.7116063240576526e6
1.7377264219601704e6
1.7640465191283105e6
1.7905666155717296e6
1.8172867112999167e6
1.8442068063221886e6
1.8713269006476707e6
1.898646994285367e6
1.926167087244106e6
1.9538871795325084e6
1.981807271159139e6
2.0099273621323528e6
2.038247452460377e6
2.0667675421512937e6
2.095487631213056e6
2.124407719653477e6
2.1535278074802435e6
2.182847894700905e6
2.2123679813229083e6
2.2420880673535485e6
2.272008152800022e6
2.3021282376693944e6
2.332448321968632e6
2.362968405704579e6
2.393688488883967e6
2.4246085715134228e6
2.4557286535994755e6
2.4870487351485337e6
2.51856881616692e6
2.5502888966608504e6
2.5822089766364438e6
2.614329056099724e6
2.6466491350566214e6
2.679169213512953e6
2.7118892914745044e6
2.7448093689469136e6
2.7779294459357527e6
2.8112495224465095e6
2.8447695984845837e6
2.878489674055297e6
2.9124097491638893e6
2.9465298238155167e6
2.9808498980152654e6
3.0153699717681347e6
3.050090045079065e6
3.0850101179528995e6
3.1201301903944327e6
3.1554502624083743e6
3.1909703339993707e6
3.2266904051719415e6
3.262610475930666e6
3.298730546279987e6
3.3350506162242587e6
3.3715706857677926e6
3.4082907549148346e6
3.445210823669583e6
3.4823308920361535e6
3.5196509600186204e6
3.557171027620991e6
3.594891094847215e6
3.6328111617011954e6
3.670931228186765e6
3.7092512943077083e6
3.747771360067761e6
3.7864914254706022e6
3.8254114905198556e6
3.864531555219102e6
3.9038516195718623e6
3.943371683581622e6
3.9830917472518035e6