19533.56979199827
19644.444836289265
19940.231574342513
20421.25519572552
21088.038059471204
21941.291149522374
22981.902477326403
24210.92267889685
25629.548072533828
27239.101568009704
29041.01167200714
31036.790252850136
33228.009167179174
35616.27660330438
38203.21331739086
40990.42906800707
43979.50070043777
47171.95049710331
50569.22702207291
54172.68766353707
57983.58348326083
62003.04659000896
66232.08019683178
70671.55131290777
75322.18618402563
80184.56840539108
85259.13952424617
90546.20200411082
96045.92429879618
101758.3477838333
107683.39525258161
113820.88067535542
120170.51991271645
126731.94208250435
133504.70127781807
140488.28840676925
147682.14281774714
155085.66362961842
162698.22050945225
170519.16366861574
178547.8331993996
186783.56742178698
195225.7103479763
203873.61819179734
212726.66487652465
221784.24677617702
231045.78634594008
240510.73515860754
250178.57581866125
260048.82381715963
270121.0280225141
280394.77110993006
290869.6692950094
301545.37191057275
312421.56031082594
323497.9467862054
334774.27313835523
346250.3091386927
357925.8508672998
369800.71898275206
381874.7569644965
394147.82936189923
406619.81999892194
419290.6305054932
432160.1782709406
445228.3952654645
458495.22641132784
471960.6282054636
485624.5674175552
499487.0199027415
513547.96948904445
527807.406954411
542265.3291235033
556921.7379867563
571776.6399949326
586830.0453341221
602081.9673486431
617532.4219844891
633181.4273178661
649029.0031394572
665075.1705812614
681319.9517993368
697763.3696968681
714405.4476878195
731246.2094881714
748285.6789545405
765523.8799181061
782960.8360520221
800596.570979816
818431.1077151214
836464.4690965465
854696.6774896976
873127.7547926579
891757.722385797
910586.601177165
929614.4115180814
948841.1732336095
968266.9056137702
987891.627424281
1.0077153569041835e6
1.0277381117691636e6
1.047959909241492e6
1.0683807660445073e6
1.089000698438163e6
1.1098197221938462e6
1.130837852701419e6
1.1520551048160126e6
1.1734714930879674e6
1.1950870316147993e6
1.2169017341142194e6
1.2389156139274281e6
1.2611286840698433e6
1.283540957202204e6
1.3061524456827708e6
1.3289631615276001e6
1.351973116475662e6
1.3751823219782638e6
1.3985907892095314e6
1.4221985290822235e6
1.4460055522528489e6
1.47001186913854e6
1.494217489932277e6
1.5186224245358638e6
1.5432266828579465e6
1.5680302742363005e6
1.5930332081081746e6
1.618235493594057e6
1.6436371396512475e6
1.6692381550534146e6
1.695038548406807e6
1.7210383281156768e6
1.7472375024713036e6
1.7736360795748008e6
1.8002340673792255e6
1.827031473694165e6
1.854028306171865e6
1.8812245723259207e6
1.908620279550514e6
1.9362154350888922e6
1.964010046059876e6
1.9920041194540558e6
2.0201976621374392e6
2.0485906808629818e6
2.0771831822599554e6
2.1059751728446074e6
2.1349666590262884e6
2.1641576470961343e6
2.1935481432449603e6
2.223138153556984e6
2.252927684016374e6
2.2829167405093615e6
2.313105328816943e6
2.3434934546344965e6
2.3740811235544686e6
2.404868341095442e6
2.435855112658334e6
2.467041443583133e6
2.4984273391070142e6
2.5300128043910386e6
2.5617978445108505e6
2.593782464420445e6
2.6259666691171047e6
2.6583504634006107e6
2.6909338520795694e6
2.7237168397534024e6
2.756699431082376e6
2.7898816306066886e6
2.823263442799094e6
2.856844872063309e6
2.8906259227341036e6
2.9246065990812783e6
2.9587869053063984e6
2.9931668455514596e6
3.0277464238903522e6
3.0625256443390613e6
3.0975045106444536e6
3.1326830270952145e6
3.168061197337934e6
3.2036390251526684e6
3.2394165144970976e6
3.275393668588101e6
3.3115704912540102e6
3.347946986053515e6
3.384523156494501e6
3.4212990060321055e6
3.458274538070514e6
3.4954497559660245e6
3.532824663024687e6
3.570399262505387e6
3.608173557619362e6
3.6461475515320096e6
3.684321247362932e6
3.7226946481877565e6
3.7612677570380317e6
3.800040576901435e6
3.8390131107242415e6
3.8781853614105796e6
3.9175573318286e6
3.9571290247879243e6
3.9969004430853864e6