18995.12337548216
19115.11459525305
19435.091307472117
19955.053853753445
20675.002781580682
21594.938833615393
22714.862933329467
24034.77616734612
25554.67976497233
27274.57507551131
29194.463543848004
31314.346684775155
33634.22605759784
36154.10324001586
38873.97980329432
41793.857288374886
44913.737184370955
48233.62090826848
51753.509787720264
55473.40504625067
59393.3077912467
63513.21900487864
67833.13953773509
72353.07010530525
77073.01128697796
81992.9635274559
87112.92714032232
92432.90231348363
97952.88911621155
103672.88750748851
109592.89734536229
115712.91839702323
122032.95034933211
128552.99281958303
135273.04536617937
142193.1074991921
149313.1786904333
156633.2583830852
164153.34600065008
171873.44095518457
179793.54265491437
187913.65051061072
196233.76394175476
204753.882381431
213474.00528056943
222394.13211153977
231514.26237085968
240834.39558133305
250354.53129359425
260074.6690870835
269994.80857053085
280114.94938203203
290435.09118875756
300955.2336863533
311675.37659807527
322595.51967374765
333715.66268853383
345035.80544159585
356555.9477546117
368276.0894706633
380196.2304520146
392316.37057936704
404636.5097499846
417156.6478764013
429876.78488498065
442796.9207145872
455917.05531548755
469237.18864786084
482757.32068100217
496477.45139211277
510397.5807655114
524517.7087915277
538837.835465877
553357.9607890572
568078.0847652811
582998.2074023071
598118.3287107015
613438.4487034138
628958.5673953515
644678.684803016
660598.8009441696
676718.9158375703
693039.0295027009
709559.1419596102
726279.2532285545
743199.3633301642
760319.472285026
777639.5801136136
795159.6868364543
812879.7924735927
830799.8970449459
848920.0005700673
867240.1030681394
885760.2045579386
904480.3050578283
923400.4045857332
942520.5031591585
961840.6007950845
981360.6975101599
1.0010807933205207e6
1.0210008882418835e6
1.0411209822895358e6
1.0614410754783493e6
1.0819611678227922e6
1.1026812593369305e6
1.123601350034455e6
1.144721439928684e6
1.1660415290325824e6
1.1875616173587628e6
1.2092817049195287e6
1.231201791726834e6
1.253321877792359e6
1.2756419631274745e6
1.298162047743265e6
1.320882131650558e6
1.3438022148599185e6
1.3669222973816528e6
1.3902423792258347e6
1.4137624604023132e6
1.4374825409207009e6
1.4614026207904164e6
1.4855227000206553e6
1.5098427786204307e6
1.5343628565985581e6
1.5590829339636702e6
1.5840030107242237e6
1.6091230868885056e6
1.6344431624646347e6
1.6599632374605755e6
1.6856833118841322e6
1.71160338574296e6
1.737723459044573e6
1.764043531796344e6
1.7905636040055011e6
1.8172836756791517e6
1.8442037468242694e6
1.871323817447688e6
1.8986438875561452e6
1.9261639571562575e6
1.953884026254475e6
1.9818040948572096e6
2.0099241629707196e6
2.0382442306011636e6
2.0667642977545932e6
2.0954843644369617e6
2.12440443065412e6
2.153524496411824e6
2.182844561715724e6
2.212364626571397e6
2.2420846909843055e6
2.272004754959837e6
2.3021248185032816e6
2.3324448816198558e6
2.362964944314682e6
2.393685006592802e6
2.4246050684591774e6
2.4557251299186954e6
2.4870451909761545e6
2.5185652516362905e6
2.5502853119037547e6
2.5822053717831294e6
2.614325431278926e6
2.6466454903955827e6
2.679165549137458e6
2.711885607508879e6
2.744805665514072e6
2.7779257231572047e6
2.8112457804423873e6
2.844765837373665e6
2.8784858939550184e6
2.9124059501903714e6
2.946526006083589e6
2.9808460616384745e6
3.0153661168587725e6
3.0500861717481795e6
3.0850062263103263e6
3.120126280548802e6
3.1554463344671284e6
3.190966388068789e6
3.226686441357164e6
3.2626064943356863e6
3.2987265470076776e6
3.3350465993764005e6
3.3715666514450856e6
3.408286703216907e6
3.445206754695012e6
3.4823268058824777e6
3.5196468567823577e6
3.5571669073976553e6
3.594886957731322e6
3.632807007786282e6
3.6709270575654046e6
3.709247107071526e6
3.74776715630744e6
3.786487205275901e6
3.8254072539796275e6
3.8645273024212937e6
3.903847350603539e6
3.943367398528975e6
3.98308744620016e6