277321.7674764744
277257.8912001593
277087.82431750756
276812.3165764215
276432.57000153325
275950.23928995954
275367.45939970843
274686.8060778481
273911.28667947615
273044.4073247529
272089.9539658922
271052.3741881924
269936.34009735635
268747.01782890747
267490.00466265494
266171.1989051715
264796.9513828958
263373.9703403766
261909.33364939116
260410.47226757175
258885.16448595046
257341.5380237856
255788.03300132198
254233.44236682254
252686.85224222214
251157.67496683766
249655.63465586238
248190.74516540646
246773.32400678625
245414.02276253907
244123.72849441462
242913.68826016763
241795.43774267464
240780.78201295805
239881.9136372638
239111.29479543553
238481.74240264946
238006.41923410262
237698.85696913672
237572.95966747266
237643.0428899315
237923.8437970466
238430.56012543794
239178.8676855614
240184.9646063793
241465.6025949768
243038.129935835
244920.53537758457
247131.4947440171
249690.4226162829
252617.52029406256
255933.83792381585
259661.32045712243
263822.86460894276
268442.3674167569
273544.76435225626
279156.062499864
285303.36600795435
292014.8330069294
299319.66955973057
307248.0326096625
315830.89250410284
325099.82713745034
335086.7368556854
345823.4495271245
357341.28053223074
369670.06979080185
382838.0452402128
396870.24878061365
411787.78973587963
427606.61894338485
444336.2714689173
461978.644870896
480526.8676746955
499964.35564728826
520264.23840186564
541389.2034160016
563291.8509806932
585915.7064101428
609196.6569257162
633064.9841266347
657447.6352146826
682270.6646484254
707461.6279281827
732951.6976613381
758677.4397375059
784582.0608497504
810616.2487676232
836738.4421869729
862914.7812885251
889118.6989233498
915330.3103339917
941535.6489994212
967725.8546856001
993896.3740450529
1.0200461571344684e6
1.0461769627157354e6
1.0722927356033544e6
1.098399057006515e6
1.1245026933508215e6
1.1506112123223469e6
1.176732690724311e6
1.2028754648044403e6
1.2290479330886996e6
1.2552584191547972e6
1.2815150736529315e6
1.307825796275551e6
1.334198152647722e6
1.3606393897915445e6
1.3871563706138046e6
1.413755585343408e6
1.4404431599755497e6
1.4672248459523115e6
1.4941060439165374e6
1.5210918088444711e6
1.5481868756550718e6
1.5753956666377536e6
1.6027223153870488e6
1.630170684526205e6
1.6577443812391483e6
1.6854467774115095e6
1.7132810222752043e6
1.741250061818726e6
1.7693566481142e6
1.7976033634400612e6
1.8259926241076908e6
1.854526694317165e6
1.8832076996919755e6
1.912037636044243e6
1.9410183826360817e6
1.9701517007076887e6
1.9994392583471558e6
2.028882623643234e6
2.0584832787873447e6
2.088242621303099e6
2.11816197474344e6
2.1482425950402915e6
2.1784856685715085e6
2.2088923242236977e6
2.2394636317523764e6
2.270200615298577e6
2.3011042363722613e6
2.33217542343791e6
2.3634150559348944e6
2.39482397418892e6
2.4264029838142134e6
2.4581528487231685e6
2.490074306338259e6
2.5221680600907244e6
2.55443478262123e6
2.5868751262268955e6
2.61948970804296e6
2.6522791250065425e6
2.6852439537205053e6
2.718384743587579e6
2.751702027616472e6
2.7851963172751535e6
2.81886810749867e6
2.852717872944766e6
2.886746072981674e6
2.9209531523794443e6
2.955339539230306e6
2.98990564824203e6
3.024651880028452e6
3.0595786206071065e6
3.094686251419913e6
3.1299751296818024e6
3.165445609916093e6
3.201098034311862e6
3.2369327339608697e6
3.2729500302249114e6
3.3091502352481415e6
3.3455336521341135e6
3.382100574849262e6
3.4188512898181034e6
3.455786074926906e6
3.4929052001251173e6
3.5302089292299524e6
3.5676975175458402e6
3.6053712144665923e6
3.6432302621077234e6
3.6812748969050255e6
3.7195053488234226e6
3.757921842355145e6
3.796524596326139e6
3.8353138235953134e6
3.874289732073429e6
3.913452524564787e6
3.9528023990307366e6
3.992339546201105e6
4.032064162657299e6
4.071976424382205e6
4.1120765140629e6
4.152364607385761e6
4.192840876638487e6
4.233505488895302e6
4.274358608971839e6
4.315400397095296e6
4.35663100996379e6
4.398050601502712e6