18995.867813161036
19115.845769412
19435.787302785597
19955.693270827498
20675.56504787816
21595.404498240518
22715.213940122136
24034.99610131637
25554.754067833288
27274.49122695814
29194.21120597236
31313.917807713282
33633.61494682741
36153.306584210965
38872.996664679726
41792.68905699697
44912.38749988118
48232.095551044404
51751.81654398318
55471.55355082748
59391.309352178956
63511.086414304096
67830.88687314095
72350.71252545466
77070.56482631115
81990.44489261656
87110.35351206097
92430.29115677369
97950.25800099694
103670.25394203214
109590.27862372246
115710.33146175178
122030.4116700755
128550.51828794379
135270.6502067075
142190.80619632947
149310.98493067973
156631.18501171496
164151.40499195375
171871.64339515427
179791.89873543786
187912.16953330184
196232.45433110115
204752.75170533825
213473.06027731625
222393.3787221667
231513.70577565164
240834.04023953358
250354.3809854554
260074.7269573895
269995.07717285457
280115.4307231066
290435.7867724085
300956.1445565254
311676.5033805531
322596.8626163004
333717.2216992043
345037.5801249633
356557.9374458145
368278.29326774104
380198.6472448932
392318.999077718
404639.3485082514
417159.69531687326
429880.0393186894
442800.38036019506
455920.718316516
469241.0530876702
482761.3845965634
496481.7127859547
510402.037616474
524522.3590638447
538842.677117314
553362.9917781353
568083.3030568936
583003.6109730729
598123.9155532089
613444.2168298212
628964.5148403456
644684.8096262193
660605.1012320459
676725.3897049277
693045.6750937885
709565.9574489712
726286.2368213407
743206.5132627005
760326.7868247451
777647.0575588825
795167.3255166579
812887.5907484025
830807.8533041271
848928.1132329335
867248.3705829844
885768.625401428
904488.8777343744
923409.1276268307
942529.3751227522
961849.620264775
981369.863094705
1.0010901036530553e6
1.0210103419792906e6
1.041130578111797e6
1.0614508120879144e6
1.081971043943974e6
1.102691273715291e6
1.1236115014362447e6
1.144731727140274e6
1.1660519508599322e6
1.1875721726268902e6
1.2092923924720394e6
1.231212610425396e6
1.2533328265162865e6
1.2756530407732583e6
1.298173253224149e6
1.3208934638961433e6
1.343813672815766e6
1.3669338800088994e6
1.3902540855008361e6
1.4137742893162994e6
1.4374944914794331e6
1.4614146920138823e6
1.4855348909427372e6
1.5098550882886269e6
1.5343752840736886e6
1.559095478319593e6
1.5840156710475779e6
1.6091358622784473e6
1.634456052032591e6
1.659976240330003e6
1.6856964271902775e6
1.7116166126326378e6
1.737736796675949e6
1.7640569793387228e6
1.7905771606391114e6
1.8172973405949536e6
1.844217519223765e6
1.8713376965427015e6
1.8986578725686842e6
1.926178047318316e6
1.9538982208077996e6
1.981818393053236e6
2.0099385640703351e6
2.038258733874557e6
2.0667789024811005e6
2.095499069904915e6
2.124419236160689e6
2.153539401262871e6
2.182859565225664e6
2.212379728063037e6
2.2420998897887343e6
2.2720200504162763e6
2.3021402099589426e6
2.3324603684298303e6
2.3629805258418038e6
2.3937006822075206e6
2.4246208375394368e6
2.455740991849826e6
2.487061145150738e6
2.5185812974540563e6
2.5503014487714656e6
2.5822215991144697e6
2.614341748494395e6
2.6466618969223853e6
2.6791820444093803e6
2.711902190966252e6
2.7448223366036033e6
2.777942481331905e6
2.811262625161477e6
2.844782768102472e6
2.878502910164888e6
2.9124230513585755e6
2.9465431916932357e6
2.98086333117842e6
3.015383469823537e6
3.0501036076378576e6
3.0850237446305077e6
3.1201438808104857e6
3.1554640161866494e6
3.190984150767728e6
3.226704284562227e6
3.2626244175787508e6
3.2987445498256492e6
3.3350646813111086e6
3.37158481204324e6
3.4083049420300233e6
3.445225071279338e6
3.4823451997989384e6
3.519665327596473e6
3.5571854546794803e6
3.594905581055381e6
3.6328257067315145e6
3.670945831715083e6
3.7092659560132097e6
3.7477860796329076e6
3.786506202581095e6
3.825426324864592e6
3.864546446490117e6
3.903866567464299e6
3.9433866877936847e6
3.9831068074847055e6