18994.974885892632
19114.968751509237
19434.952481301414
19954.926313948294
20674.890631965754
21594.845954235847
22714.79292596795
24034.73230636015
25554.664954298132
27274.591812503393
29194.51389047454
31314.432246549026
33634.34797015959
36154.26216358614
38874.175924608135
41794.090329814164
44914.00641957752
48233.92518387415
51753.847550262144
55473.774373545544
59393.706427384794
63513.644397954384
67833.58887949651
72353.54037186445
77073.49927982393
81993.46591404203
87113.44049357978
92433.42314969514
97953.41393076377
103673.41280810972
109593.41968254143
115713.43439139245
122033.45671587675
128553.48638860825
135273.52310105943
142193.5665109379
149313.61624922394
156633.67192689757
164153.73314119142
171873.79948134295
179793.87053391448
187913.94588724777
196234.02513577056
204754.10788341498
213474.19374658153
222394.28235664926
231514.3733618685
240834.46642885407
250354.5612436644
260074.65751248284
269994.7549619554
280114.85333924426
290434.95241182396
300955.0519670629
311675.1518116188
322595.25177071075
333715.3516872605
345035.4514209561
356555.5508472158
368275.6498564115
380195.7483523158
392315.84625158284
404635.9434824374
417156.0399837728
429876.1357041437
442796.2306008385
455916.3246391119
469236.4177911428
482756.5100354799
496476.6013561947
510396.69174233155
524516.7811871341
538836.8696876089
553356.9572441031
568077.0438595602
582997.1295393998
598117.214291004
613437.2981234195
628957.381047061
644677.4630734567
660597.5442150161
676717.6244848438
693037.7038965512
709557.782464145
726277.8602017767
743197.9371238595
760318.0132447763
777638.0885788298
795158.1631403618
812878.2369433758
830798.3100017866
848918.3823292551
867238.4539391829
885758.5248446872
904478.5950585983
923398.6645934385
942518.7334614374
961838.8016744583
981358.8692441332
1.0010789361817342e6
1.0209990024982421e6
1.0411190682043371e6
1.0614391333104093e6
1.0819591978265666e6
1.1026792617626362e6
1.1235993251281837e6
1.1447193879325122e6
1.1660394501846812e6
1.1875595118935006e6
1.209279573067568e6
1.2311996337152335e6
1.2533196938446583e6
1.2756397534637859e6
1.2981598125803594e6
1.3208798712019457e6
1.3437999293359246e6
1.3669199869894965e6
1.3902400441696998e6
1.4137601008834145e6
1.4374801571373576e6
1.461400212938108e6
1.4855202682920909e6
1.5098403232056042e6
1.5343603776848048e6
1.5590804317357256e6
1.584000485364274e6
1.6091205385762386e6
1.6344405913772949e6
1.659960643773003e6
1.6856806957688173e6
1.7116007473700875e6
1.7377207985820614e6
1.7640408494098885e6
1.790560899858622e6
1.8172809499332258e6
1.8442009996385716e6
1.8713210489794337e6
1.8986410979605222e6
1.9261611465864552e6
1.953881194861742e6
1.9818012427908613e6
2.0099212903781866e6
2.0382413376280176e6
2.066761384544584e6
2.0954814311320474e6
2.1244014773944933e6
2.1535215233359425e6
2.1828415689603426e6
2.212361614271591e6
2.2420816592735033e6
2.272001703969844e6
2.3021217483643075e6
2.33244179246054e6
2.362961836262121e6
2.39368187977257e6
2.4246019229953554e6
2.4557219659338915e6
2.48704200859153e6
2.5185620509715797e6
2.5502820930772913e6
2.582202134911866e6
2.6143221764784534e6
2.646642217780158e6
2.679162258820021e6
2.7118822996010683e6
2.74480234012625e6
2.7779223803984793e6
2.81124242042063e6
2.844762460195524e6
2.8784824997259458e6
2.9124025390146365e6
2.9465225780642936e6
2.980842616877575e6
3.0153626554571e6
3.0500826938054496e6
3.0850027319251588e6
3.1201227698187344e6
3.1554428074886417e6
3.1909628449373078e6
3.226682882167102e6
3.2626029191804146e6
3.2987229559795735e6
3.335042992566852e6
3.371563028944511e6
3.4082830651147673e6
3.445203101079819e6
3.4823231368418196e6
3.519643172402895e6
3.55716320776515e6
3.5948832429306405e6
3.6328032779014176e6
3.6709233126794826e6
3.7092433472668137e6
3.747763381665363e6
3.786483415877062e6
3.825403449903802e6
3.8645234837474553e6
3.903843517409863e6
3.943363550892853e6
3.9830835841982104e6