19444.149060258263
19556.474100077998
19856.109897862705
20343.333892493793
21018.59158249404
21882.489021456873
22935.782646656742
24179.366668727256
25614.258270487117
27241.58097716877
29062.546401197353
31078.435002782448
33290.57600003418
35700.32687651961
38309.05323905535
41118.10876178242
44128.81651150665
47342.450926702586
50760.22173618154
54383.25954456115
58212.6033989891
62249.190582848954
66493.84868749081
70947.2899444195
75610.10790421329
80482.77629908631
85565.65001315002
90858.96797243253
96362.85775871457
102077.34171990401
108002.34431925237
114137.70047939292
120483.16466211672
127038.42042304532
133803.09021075635
140776.74521496048
147958.91500381922
155349.09686090535
162946.76465748332
170751.3770672244
178762.38515928824
186979.23925374864
195401.39487631992
204028.31854995815
212859.49126460764
221894.4132978354
231132.6066575091
240573.6175886226
250217.01823857342
260062.40788565803
270109.4135260853
280357.69011937734
290806.92039400665
301456.81435980333
312307.10852384823
323357.5649186929
334607.969949576
346058.13309326314
357707.885478162
369557.07880009955
381605.5831801825
393853.2864153376
406300.0921533372
418945.91876284336
431790.6976022513
444834.3721300408
458076.8965056123
471518.23445016524
485158.35820071574
498997.2475196637
513034.8887726818
527271.2740945611
541706.4006313223
556340.2698290963
571172.8868261022
586204.2598809024
601434.3998737676
616863.3198605592
632491.0346714054
648317.560571776
664342.914951833
680567.1160628968
696990.1827881703
713612.1344444223
730432.990612369
747452.7709987836
764671.4952961877
782089.183077238
799705.853885393
817521.5267613948
835536.2206116788
853749.953953245
872162.7449198316
890774.6112426226
909585.5702322942
928595.6387650789
947804.8332802809
967213.1697761143
986820.6638208681
1.0066273305489852e6
1.0266331846632623e6
1.046838240459446e6
1.0672425118230279e6
1.087846012257721e6
1.1086487548612985e6
1.1296507524197246e6
1.1508520172736947e6
1.1722525615184524e6
1.1938523968723745e6
1.2156515350343268e6
1.237649986194567e6
1.2598477620800366e6
1.2822448729181068e6
1.304841328988185e6
1.3276371402856302e6
1.3506323165788702e6
1.3738268673896473e6
1.3972208020233796e6
1.4208141295600312e6
1.4446068588690315e6
1.468598998621258e6
1.4927905573070077e6
1.5171815432063604e6
1.541771964451048e6
1.5665618289363063e6
1.5915511444834936e6
1.6167399186896281e6
1.6421281590154842e6
1.66771587272527e6
1.6935030671161956e6
1.719489749078824e6
1.7456759255431902e6
1.77206160327017e6
1.7986467888862418e6
1.825431488899127e6
1.8524157096889967e6
1.8795994575182353e6
1.9069827385507987e6
1.9345655588242912e6
1.9623479242753035e6
1.9903298407311582e6
2.0185113139181144e6
2.0468923494663788e6
2.0754729529037e6
2.1042531296651987e6
2.133232885096051e6
2.1624122244432415e6
2.191791152870547e6
2.2213696754528275e6
2.251147797182681e6
2.2811255229681036e6
2.311302857634443e6
2.341679805931999e6
2.3722563725263113e6
2.403032562022988e6
2.434008378927292e6
2.46518382769541e6
2.4965589126973264e6
2.5281336382395043e6
2.5599080085590417e6
2.591882027824716e6
2.624055700093598e6
2.6564290294905365e6
2.689002019995401e6
2.7217746754328245e6
2.754746999699302e6
2.787918996585167e6
2.821290669822089e6
2.8548620230881325e6
2.8886330600003754e6
2.9226037841236107e6
2.956774198966966e6
2.991144307986341e6
3.025714114583466e6
3.060483622111424e6
3.095452833871942e6
3.1306217528966125e6
3.1659903828049432e6
3.2015587264658893e6
3.2373267874869844e6
3.2732945682155797e6
3.30946207197251e6
3.3458293017294705e6
3.3823962604153985e6
3.41916295091586e6
3.4561293760738587e6
3.493295538691459e6
3.5306614415300097e6
3.5682270873122793e6
3.605992478718727e6
3.643957618393493e6
3.682122508942078e6
3.720487152933225e6
3.7590515528989006e6
3.7978157113346104e6
3.8367796307012495e6
3.8759433134243265e6
3.9153067618996436e6
3.9548699784746105e6
3.9946329654839328e6