18997.448189233517
19117.397994482715
19437.264862769967
19957.050746247507
20676.758773544003
21596.39318871367
22715.959269193045
24035.463224956824
25554.91208162754
27274.313550896724
29193.675891066523
31313.00776039138
33632.31807197687
36151.61584455072
38870.910060564085
41790.20952964702
44909.5227656654
48228.85787066312
51748.22243644245
55467.62345992813
59387.06727443666
63506.559497687864
67826.10499532703
72345.70786072596
77065.37140917165
81985.09818587298
87104.88998627756
92424.74788712569
97944.67228666211
103664.66295230831
109584.71907411833
115704.83932237902
122025.02190779505
128545.26464302817
135265.5650037498
142185.92018902386
149306.32717892615
156626.78278956012
164147.28372457862
171867.82662164955
179788.40809666924
187909.02477992047
196229.67335141564
204750.35056889761
213471.05329211525
222391.7785033948
231512.5233231411
240833.2850220756
250354.06103007973
260074.8489417769
269995.6465193088
280116.45169277303
290437.262558561
300958.07737593236
311678.8945620693
322599.7126861151
333720.53046214685
345041.34674150817
356562.16050432716
368282.97085315664
380203.77700026514
392324.57826337614
404645.37405494554
417166.1638747668
429886.94730173226
442807.7239862315
455928.49364386697
469249.2560469387
482770.0110198628
496490.75843233604
510411.4981946678
524532.2302516055
538852.954578683
553373.6711787789
568094.3800760263
583015.0813148249
598135.774955634
613456.461072542
628977.1397508315
644697.8110848996
660618.475176353
676739.1321324867
693059.7820647457
709580.4250878037
726301.0613175236
743221.6908719038
760342.313868694
777662.9304249911
795183.5406582009
812904.1446829665
830824.7426131979
848945.3345607358
867265.9206352799
885786.5009442188
904507.0755925758
923427.6446828637
942548.2083151962
961868.7665866829
981389.3195925436
1.0011098674250508e6
1.0210304101740894e6
1.041150947927089e6
1.061471480769095e6
1.0819920087828534e6
1.1027125320487984e6
1.1236330506452317e6
1.144753564648312e6
1.166074074132184e6
1.1875945791689747e6
1.2093150798290463e6
1.2312355761807577e6
1.2533560682909025e6
1.275676556224501e6
1.298197040044951e6
1.3209175198141646e6
1.3438379955925564e6
1.3669584674390715e6
1.3902789354113124e6
1.4137993995655891e6
1.437519859956891e6
1.4614403166390576e6
1.485560769664694e6
1.5098812190853255e6
1.5344016649513724e6
1.5591221073121899e6
1.584042546216145e6
1.6091629817106167e6
1.634483413842049e6
1.6600038426559665e6
1.6857242681970033e6
1.7116446905089351e6
1.7377651096347303e6
1.7640855256165434e6
1.7906059384957182e6
1.8173263483128776e6
1.8442467551079167e6
1.871367158919904e6
1.898687559787376e6
1.926207957748079e6
1.953928352839118e6
1.9818487450969561e6
2.0099691345574365e6
2.0382895212557744e6
2.0668099052265775e6
2.095530286503898e6
2.1244506651211833e6
2.1535710411113393e6
2.182891414506712e6
2.212411785339114e6
2.2421321536398516e6
2.2720525194397043e6
2.302172882768932e6
2.332493243657348e6
2.3630136021342557e6
2.393733958228479e6
2.4246543119683876e6
2.4557746633819323e6
2.4870950124965566e6
2.5186153593393196e6
2.5503357039368344e6
2.582256046315302e6
2.614376386500512e6
2.6466967245178455e6
2.67921706039222e6
2.7119373941483884e6
2.7448577258105013e6
2.777978055402411e6
2.8112983829476074e6
2.8448187084692153e6
2.878539031990011e6
2.9124593535324214e6
2.946579673118541e6
2.9808999907701225e6
3.0154203065085933e6
3.050140620355065e6
3.0850609323303225e6
3.1201812424548585e6
3.155501550748839e6
3.1910218572321543e6
3.22674216192416e6
3.262662464844471e6
3.298782766012096e6
3.33510306544567e6
3.371623363163664e6
3.408343659184264e6
3.4452639535254007e6
3.482384246204744e6
3.519704537239706e6
3.5572248266474577e6
3.594945114444902e6
3.6328654006487373e6
3.670985685275386e6
3.709305968341058e6
3.747826249861732e6
3.786546529853156e6
3.82546680833086e6
3.8645870853101537e6
3.9039073608061317e6
3.9434276348336907e6
3.983147907407499e6