18999.270163901136
19119.187525223737
19438.968342002598
19958.61582720111
20678.135130138544
21597.53323606831
22716.81883122174
24036.002136918818
25555.094717272805
27274.109266008352
29193.05937700685
31311.959302995863
33630.82371676111
36149.66746556133
38868.50533756912
41787.351837097216
44906.22098219032
48225.12611352294
51744.07973230776
55463.09336087768
59382.177429434494
63501.341190351624
67820.5926580053
72339.9385754071
77059.38440452627
81978.93433937224
87098.59133935235
92418.35718032287
97938.2325207338
103658.2169800608
109578.30922680131
115698.5070732795
122018.8075747361
128539.20713065827
135259.70158531872
142180.2863272175
149300.956383982
156621.70651298718
164142.53128621995
171863.4251671108
179784.38258194167
187905.39798227066
196226.46590030575
204747.58099646715
213468.73809909984
222389.9322383683
231511.1586718037
240832.41290446837
250353.69070353208
260074.9881074733
269996.30143065884
280117.6272640704
290438.9624725686
300960.3041892566
311681.649807335
322602.99697028426
333724.34356029204
345045.6876856246
356567.02766665723
368288.36202539783
380209.68946455605
392331.0088605245
404652.31924571743
417173.6197963917
429894.90981907584
442816.18873805105
455937.4560849983
469258.7114849752
482779.9546488697
496501.18536214024
510422.40347712935
524543.6089028934
538864.8015991887
553385.9815708008
568107.1488575195
583028.3035325059
598149.4456953679
613470.5754681542
628991.6929913481
644712.7984204389
660633.8919227868
676754.9736751174
693076.0438609879
709597.1026692704
726318.1502907926
743239.1869198976
760360.2127505164
777681.2279755025
795202.2327882175
812923.2273774701
830844.2119308615
848965.1866325822
867286.151663297
885807.1071998621
904528.0534152378
923448.990478249
942569.9185537689
961890.8378017221
981411.7483789214
1.0011326504373223e6
1.0210535441249503e6
1.0411744295857872e6
1.0614953069598842e6
1.0820161763835107e6
1.1027370379891242e6
1.123657891905672e6
1.14477873825857e6
1.166099577169918e6
1.1876204087584955e6
1.2093412331401708e6
1.2312620504275148e6
1.253382860730521e6
1.2757036641562637e6
1.2982244608091388e6
1.3209452507911047e6
1.343866034201645e6
1.366986811137829e6
1.390307581694511e6
1.4138283459644187e6
1.437549104038106e6
1.4614698560042316e6
1.4855906019494173e6
1.5099113419585142e6
1.5344320761145498e6
1.5591528044987975e6
1.5840735271909004e6
1.6091942442688842e6
1.6345149558092225e6
1.6600356618868809e6
1.6857563625753603e6
1.7116770579467448e6
1.7377977480717883e6
1.7641184330199081e6
1.790639112859184e6
1.8173597876565084e6
1.8442804574775754e6
1.8714011223867205e6
1.898721782447398e6
1.9262424377217612e6
1.9539630882709187e6
1.9818837341549026e6
2.0100043754327402e6
2.0383250121624186e6
2.066845644400925e6
2.0955662722043316e6
2.124486895627713e6
2.153607514725256e6
2.1829281295502237e6
2.2124487401549993e6
2.2421693465911327e6
2.272089948909307e6
2.3022105471593523e6
2.332531141390357e6
2.3630517316505746e6
2.3937723179874686e6
2.424692900447752e6
2.4558134790774523e6
2.487134053921757e6
2.5186546250252225e6
2.550375192431673e6
2.582295756184249e6
2.614416316325419e6
2.646736872896978e6
2.6792574259399497e6
2.7119779754950996e6
2.7448985216021896e6
2.7780190643004975e6
2.8113396036287053e6
2.8448601396248904e6
2.878580672326554e6
2.9125012017706214e6
2.94662172799348e6
2.980942251030947e6
3.0154627709183064e6
3.050183287690317e6
3.0851038013812085e6
3.1202243120247177e6
3.155544819654063e6
3.191065324301978e6
3.226785826000349e6
3.2627063247814714e6
3.2988268206766346e6
3.335147313716538e6
3.371667803931588e6
3.4083882913517305e6
3.4453087760064933e6
3.482429257924969e6
3.519749737135829e6
3.5572702136673476e6
3.594990687547361e6
3.6329111588033573e6
3.671031627462381e6
3.7093520935511305e6
3.747872557095907e6
3.786593018122642e6
3.8255134766569133e6
3.864633932723927e6
3.903954386348534e6
3.943474837555271e6
3.983195286368285e6