19370.523960516948
19484.061432773087
19786.915252815234
20279.321810231108
20961.660577423216
21834.44755543323
22898.326414085066
24154.057514096683
25602.505049503685
27244.622637802648
29081.437507554263
31114.033995094534
33343.53613276285
35771.09026758655
38397.84776732218
41224.94803216208
44253.5027021524
47484.58056982368
50919.19392621165
54558.286821120506
58402.72494372378
62453.28692727079
66710.65826837874
71175.4268335679
75848.08039220738
80729.00599817981
85818.49111119613
91116.72630373946
96623.80937757145
102339.7506913094
108264.47948674129
114397.85099800047
120739.65413057707
127289.61950156179
134047.42764685815
141012.71722598854
148185.09303675804
155564.13375040673
163149.3992458781
170940.4373594842
178936.79017500117
187137.9996108906
195543.61239776164
204153.18441058818
212966.28430539678
221982.49664633413
231201.4243033671
240622.69037380602
250245.9395720801
260070.8391722298
270097.0795039687
280324.3741178268
290752.4596161401
301381.09523487644
312210.0621828724
323239.1628356192
334468.21978527267
345897.07473292155
357525.5873437894
369353.63432802685
381381.1076801843
393607.9140532259
406033.9732718627
418659.2172680766
431483.588915801
444507.0410469485
457729.5353704296
471151.0415639709
484771.53637758864
498591.00281852117
512609.42938577937
526826.8093799672
541243.1402764416
555858.4231309264
570672.6620794067
585685.8638643522
600898.0374030975
616309.1934535562
631919.3442442482
647728.5032099845
663736.6847309789
679943.9039118984
696350.1763905109
712955.518175747
729759.9455017364
746763.4747157289
763966.1221587935
781367.9040788104
798968.8367088008
816768.9358620736
834768.2172512566
852966.6962640185
871364.3879823086
889961.3071466861
908757.4681581092
927752.8850560671
946947.5715213983
966341.5408685468
985934.8060587326
1.0057273796955479e6
1.0257192740162619e6
1.0459105009334352e6
1.066301072015148e6
1.0868909985100338e6
1.107680291337364e6
1.1286689611399798e6
1.1498570182162323e6
1.1712444726488423e6
1.1928313342093884e6
1.2146176123965653e6
1.2366033164653094e6
1.2587884554426665e6
1.2811730381117081e6
1.3037570730481064e6
1.3265405685915877e6
1.349523532893813e6
1.3727059739005018e6
1.3960878993782955e6
1.4196693169062447e6
1.4434502338882056e6
1.467430657563072e6
1.491610595019536e6
1.5159900531710393e6
1.5405690388087735e6
1.5653475585289127e6
1.5903256188547683e6
1.6155032261404109e6
1.6408803866151457e6
1.6664571063467027e6
1.6922333914329335e6
1.7182092476290213e6
1.744384680726095e6
1.770759696373239e6
1.797334300107737e6
1.824108497368014e6
1.8510822934860743e6
1.8782556936959638e6
1.9056287031496612e6
1.9332013268938411e6
1.9609735698906512e6
1.988945437010796e6
2.0171169330443454e6
2.045488062695234e6
2.0740588305858215e6
2.1028292412606427e6
2.1317992991889757e6
2.1609690087582087e6
2.1903383742862814e6
2.2199074000172433e6
2.2496760901256655e6
2.279644448717069e6
2.309812479825936e6
2.340180187426068e6
2.3707475754196504e6
2.401514647658681e6
2.432481407911737e6
2.463647859906221e6
2.495014007297751e6
2.5265798536888524e6
2.558345402623883e6
2.590310657590576e6
2.622475621977154e6
2.6548402992456257e6
2.687404692728199e6
2.7201688056101557e6
2.753132641158967e6
2.786296202545318e6
2.819659492893286e6
2.8532225152788055e6
2.8869852727292795e6
2.920947768227706e6
2.955110004710347e6
2.9894719850687734e6
3.0240337121517556e6
3.0587951887632664e6
3.093756417667157e6
3.128917401372296e6
3.164278142961826e6
3.1998386448841523e6
3.235598909978181e6
3.271558940353999e6
3.307718738753288e6
3.344078307663422e6
3.380637649535995e6
3.4173967667862475e6
3.454355661793679e6
3.4915143369044373e6
3.5288727944294494e6
3.5664310366479363e6
3.604189065803808e6
3.6421468841104433e6
3.680304493749069e6
3.7186618968704315e6
3.757219095592862e6
3.7959760920068435e6
3.8349328881719736e6
3.87408948611921e6
3.913445887850429e6
3.9530020953412e6
3.992758110536781e6