203615.89695362878
203567.75980357683
203439.6789642369
203232.45305503582
202947.2795850983
202585.95471708252
202150.68435297578
201644.05194942307
201069.57377239058
200430.5042716523
199731.06693828254
198975.80042772848
198169.68091761754
197318.13472154245
196427.01236126068
195502.59328090298
194551.56155578027
193581.0225356196
192598.4750859364
191611.81524295456
190629.3180150606
189659.6600546315
188711.86908986905
187795.37369923983
186919.9687175787
186095.77378904555
185333.35204275398
184643.57414076713
184037.75066850174
183527.48503835694
183124.82454800935
182842.1987699608
182692.427136277
182688.76631675902
182844.90362301047
183174.9743442208
183693.5939700066
184415.8801500148
185357.48432883047
186534.61852972276
187964.0952267412
189663.36631138017
191650.56363814208
193944.54524172243
196564.94303837864
199532.21145149344
202867.6789360209
206593.5908318247
210733.165609785
215310.61646268677
220351.1934307623
225881.19103270143
231927.93755919204
238519.75728932678
245685.8944837048
253456.37756272752
261861.83199402198
270933.20600348373
280701.4022493702
291196.79946671036
302448.6529012126
314484.3520716351
327328.5668835221
341002.2122228121
355521.38466600387
370896.17978030886
387129.5467449459
404216.23137257923
422141.9195465384
440882.69092520257
460404.87640096236
480665.4400037221
501612.85647796735
523188.5157777312
545328.5640766534
567966.0211682331
591033.027230855
614463.0322341282
638192.7583645829
662163.8004418596
686323.8021294705
710627.185559609
735035.4424128684
759517.0760742114
784047.2327042541
808607.1523825009
833183.4998769986
857767.6106297639
882354.760931494
906943.4677889599
931534.8406406657
956132.0142650605
980739.6585440245
1.0053635585130964e6
1.03001027165687e6
1.0546868482206184e6
1.0794006072939793e6
1.1041589638323123e6
1.128969293906223e6
1.1538388344107086e6
1.1787746114185757e6
1.2037833844667561e6
1.2288716205421449e6
1.2540454692797393e6
1.2793107533366664e6
1.30467296997967e6
1.3301372923435746e6
1.3557085808781888e6
1.381391391764158e6
1.4071899950368924e6
1.4331083842014605e6
1.4591502960443106e6
1.4853192268132418e6
1.5116184415924805e6
1.5380509951005129e6
1.5646197456956343e6
1.5913273671025874e6
1.6181763630313706e6
1.6451690786931624e6
1.672307714722474e6
1.6995943332776064e6
1.7270308726749439e6
1.7546191552163956e6
1.782360894847583e6
1.8102577062104468e6
1.8383111118149485e6
1.8665225482088407e6
1.8948933733376407e6
1.9234248707271866e6
1.9521182565700742e6
1.9809746831517245e6
2.0099952437363993e6
2.039180976833689e6
2.0685328701268174e6
2.098051862899907e6
2.127738858310404e6
2.1575946962399157e6
2.187620198906028e6
2.217816150936749e6
2.248183283925996e6
2.2787223166120467e6
2.3094339335420146e6
2.340318788488022e6
2.3713775088066463e6
2.402610699043178e6
2.43401893711634e6
2.4656027731445944e6
2.4973627609417457e6
2.5292994082843815e6
2.5614132123584137e6
2.59370465558294e6
2.6261741897767605e6
2.658822281087256e6
2.6916493533534836e6
2.7246558239221782e6
2.757842096535042e6
2.7912085615044567e6
2.8247555983806155e6
2.8584835729214596e6
2.89239284188005e6
2.9264837452297956e6
2.960756621094176e6
2.9952117931420896e6
3.0298495746653746e6
3.0646702712922664e6
3.099674180761618e6
3.1348615902873543e6
3.170232780815701e6
3.205788025229265e6
3.2415275887741926e6
3.277451729395539e6
3.313560698855558e6
3.349854741544158e6
3.3863340968322908e6
3.4229989963222663e6
3.4598496667455104e6
3.4968863289980753e6
3.5341091983399624e6
3.571518484988888e6
3.609114396434655e6
3.6468971270462424e6
3.6848668771995655e6
3.723023835903995e6
3.761368189785724e6
3.7999001211470203e6
3.8386198077764097e6
3.877527423232663e6
3.916623138082965e6
3.955907118287943e6
3.9953795265561915e6
4.0350405221034284e6
4.0748902603149186e6
4.1149288936352697e6
4.1551565710836262e6
4.195573438955866e6
4.2361796395909935e6
4.276975313612839e6
4.3179605968063325e6
4.359135625556391e6
4.40050053020739e6