215527.68969809945
215476.82381312415
215341.46340089448
215122.38046880683
214820.8300356323
214438.51650902332
213977.66037281085
213440.9477078654
212831.49861254834
212152.88901601982
211409.20238863752
210604.92650217254
209744.99599623046
208834.78390380938
207880.0863929697
206887.12252762768
205862.5083670728
204813.27103090956
203746.82963048777
202670.99370401556
201593.94183069142
200524.2430662457
199470.81887003005
198442.9696335434
197450.35846882244
196502.95672494837
195611.17832630564
194785.73273625434
194037.7029257047
193378.53839290014
192820.05176115257
192374.4431851955
192054.26249816926
191872.50169118587
191842.54139467486
191978.1879903088
192293.7021175712
192803.81408870913
193523.75112178782
194469.27190388512
195656.6926679596
197102.92822902347
198825.53117313355
200842.73454494803
203173.49805451639
205837.55660746957
208855.47074015893
212248.67641123984
216039.5339802796
220251.3763027719
224908.54235887737
230036.41226865386
235661.41296129563
241811.0135433784
248513.69981469127
255798.85867357237
263696.6835283334
272237.9648655728
281453.81958443596
291375.31219480827
302032.98549717537
313456.24154136586
325672.60615770717
338706.84266111336
352579.94066517474
367308.02304558456
382901.12669486203
399362.0848345376
416685.429454839
434856.5245613061
453851.00888111105
473634.6633179324
494163.7660215512
515385.9912001024
537241.8325055635
559666.4775307742
582591.8572988652
605949.1300407023
629670.7033900253
653692.3275652436
677954.6976373862
702404.6650088759
726995.9658272294
751689.536612292
776453.4286256846
801262.4570527952
826097.6485738948
850945.5229039392
875797.3599831762
900648.440745227
925497.3418270517
950345.2729349995
975195.4949545437
1.0000528223417221e6
1.0249232059885925e6
1.0498133690616975e6
1.0747305335244134e6
1.0996821909145396e6
1.1246759212548202e6
1.1497192636341122e6
1.1748196105830981e6
1.1999841332565036e6
1.2252197334024492e6
1.2505330095261005e6
1.275930229533242e6
1.301417335802696e6
1.3269999323094194e6
1.352683282333734e6
1.378472355233386e6
1.4043717819603633e6
1.4303859118877659e6
1.4565188153207318e6
1.4827742939083048e6
1.5091559074536758e6
1.5356669799402794e6
1.5623106199569684e6
1.5890897405290436e6
1.616007046237918e6
1.643065099268718e6
1.6702662786371522e6
1.6976128216464955e6
1.725106825219037e6
1.7527502604130837e6
1.7805449774519815e6
1.8084927180524718e6
1.8365951223469574e6
1.8648537373337322e6
1.8932700214812949e6
1.9218453606216116e6
1.9505810425356012e6
1.9794783105523826e6
2.0085383398164385e6
2.037762222220935e6
2.0671510289456542e6
2.0967057508494963e6
2.126427343529513e6
2.156316714012547e6
2.186374732321283e6
2.216602211405404e6
2.246999958275089e6
2.2775687187233283e6
2.308309216374916e6
2.3392221300270907e6
2.3703081433932413e6
2.401567882893637e6
2.433001957422533e6
2.464610955248695e6
2.496395439758063e6
2.5283559535456346e6
2.560493017966953e6
2.5928071396072507e6
2.62529880043485e6
2.657968469747117e6
2.6908166005314006e6
2.7238436285378267e6
2.7570499756944417e6
2.7904360494499886e6
2.824002245726249e6
2.857748945330762e6
2.891676518919736e6
2.9257853244680264e6
2.96007570779963e6
2.9945480116311708e6
3.029202556913612e6
3.064039662635515e6
3.099059637113801e6
3.134262779340398e6
3.1696493801807063e6
3.205219722197543e6
3.2409740802369323e6
3.2769127215227135e6
3.313035906640671e6
3.3493438882375923e6
3.385836912828105e6
3.422515221574362e6
3.4593790471737282e6
3.496428618795639e6
3.533664157635687e6
3.57108588170526e6
3.608694001825127e6
3.6464887240853067e6
3.6844702501392025e6
3.722638776242402e6
3.7609944945227033e6
3.799537592577254e6
3.838268253282313e6
3.877186655488472e6
3.9162929739701054e6
3.9555873799933293e6
3.995070040592071e6
4.0347411190427304e6
4.0746007750100703e6
4.114649165168837e6
4.1548864422880546e6
4.19531275646892e6
4.235928253908465e6
4.276733078814624e6
4.317727370525233e6
4.358911267366324e6
4.4002849050667975e6