101880.05019104917
101859.52032305248
101805.08828561881
101717.6099414904
101598.4771928917
101449.60971885087
101273.4659671277
101073.02093057655
100851.15201186243
100613.78108102048
100363.55569354643
100106.16924570606
99847.17624530761
99592.6848127647
99349.25324362796
99123.95451163611
98924.37329524348
98758.57643052825
98635.14148334967
98562.7850249245
98552.07059005037
98612.06494606403
98753.65930829593
98987.93259166495
99326.47614314358
99781.4199564106
100365.43970547209
101091.76633739693
101974.21418842161
103027.19907981216
104265.7671857746
105705.61267202056
107363.12605270534
109255.41316839872
111400.33679880708
113816.55499650675
116523.56296771858
119541.71233892164
122892.28412570021
126597.48339129947
130680.48043286393
135165.41839543715
140077.40822226153
145442.4976514315
151287.61128801762
157640.447865032
164529.3284457527
171982.97447043197
180030.21517047845
188699.60073272127
198018.9159077413
208014.57208747443
218710.90283885004
230129.32507237254
242287.43194436055
255198.0081475971
268868.0401996288
283297.7914394048
298480.00443171366
314399.3446506822
331032.16122528765
348346.6294828617
366303.3543458044
384856.3569763856
403954.48969315836
423543.1046069811
443565.87898362894
463966.66187466576
484691.17112245515
505688.45324266393
526912.0068066758
548320.5583804776
569878.475342162
591555.862499566
613328.400602438
635176.9851665939
657087.2413168391
679048.9560732557
701055.4953328619
723103.2287520154
745190.9890166945
767319.5809846523
789491.3501013528
811709.8141973737
833979.3482040854
856304.9275552045
878691.9138197905
901145.8905658508
923672.5254518673
946277.4767627068
968966.3073752559
991744.4325864771
1.0146170800754327e6
1.037589262028994e6
1.0606657579754551e6
1.0838511072702035e6
1.1071496065424816e6
1.130565311007954e6
1.15410204010673e6
1.1777633857302566e6
1.2015527220025016e6
1.2254732149982476e6
1.2495278340808295e6
1.2737193640686427e6
1.2980504149963101e6
1.322523436174444e6
1.3471407230239687e6
1.371904429860572e6
1.3968165806612456e6
1.4218790752830626e6
1.447093701149283e6
1.4724621393631422e6
1.4979859743459811e6
1.5236666978873694e6
1.5495057189027923e6
1.5755043682473304e6
1.6016639036401568e6
1.6279855161019906e6
1.6544703333270974e6
1.6811194258429103e6
1.7079338090386665e6
1.7349144506106535e6
1.7620622667863644e6
1.789378135713597e6
1.8168628908221456e6
1.844517329067787e6
1.872342210429792e6
1.900338263322714e6
1.928506185292483e6
1.9568466420344708e6
1.985360274009306e6
2.0140476958307202e6
2.042909497141005e6
2.0719462452490397e6
2.1011584849805394e6
2.1305467412035735e6
2.1601115218434343e6
2.189853313592698e6
2.2197725872621313e6
2.249869797181853e6
2.2801453812561976e6
2.31059976651665e6
2.341233361447186e6
2.3720465634325594e6
2.403039757241101e6
2.434213315021315e6
2.4655675983550437e6
2.497102957267223e6
2.528819730838533e6
2.560718249348368e6
2.5927988332429407e6
2.6250617930213492e6
2.6575074310984462e6
2.6901360414648936e6
2.7229479099949184e6
2.755943314489041e6
2.789122526090311e6
2.822485807904546e6
2.856033417212188e6
2.889765603156334e6
2.923682610238294e6
2.9577846759835137e6
2.9920720317736953e6
3.0265449040256157e6
3.0612035132253934e6
3.0960480740892882e6
3.131078797492354e6
3.1662958881245106e6
3.201699546505746e6
3.2372899684693096e6
3.2730673442959473e6
3.3090318640052024e6
3.345183707372216e6
3.3815230543104294e6
3.4180500794755206e6
3.454764954000454e6
3.4916678452960877e6
3.5287589169871295e6
3.56603832964111e6
3.60350624024747e6
3.6411628020208753e6
3.6790081656156257e6
3.7170424775862154e6
3.755265885774658e6
3.7936785279984903e6
3.8322805443680733e6
3.8710720706152664e6
3.910053240367681e6
3.9492241839505592e6
3.9885850296655027e6
4.0281359032445e6
4.067876928140166e6
4.107808224717863e6
4.147929912282753e6
4.1882421070919437e6
4.228744923523633e6
4.269438473678231e6
4.310322867762803e6
4.351398214067731e6
4.392664618688084e6