157354.8904140327
157318.1949135109
157220.63585078352
157063.01862252518
156846.64007988226
156573.3417012033
156245.3967345831
155865.61054848987
155437.26871102207
154964.15755014532
154450.5201422754
153901.08663807137
153321.0385460082
152716.1409441546
152092.25377936565
151456.18468783065
150814.85126167783
150175.7074593644
149546.6356884621
148935.9436399862
148352.36216710988
147805.06537276707
147303.61651306882
146858.02432523572
146478.71265763653
146176.51526318348
145962.72702909596
145849.0419046672
145847.64488371767
145971.12219422028
146232.5609608429
146645.53204144412
147224.106474907
147982.87962783108
148937.00661592456
150102.2204703838
151494.86865243808
153131.94812660693
155031.14494747925
157210.87413102156
159690.32492886056
162489.50583360333
165629.29002252297
169131.45996376948
173018.74819282666
177314.8722739637
182044.55888447535
187233.55225764448
192908.60392916884
199097.42826024586
205828.62481617424
213131.5502105131
221036.120673142
229572.54903163348
238770.98017367724
248661.02947381072
259271.18631403745
270628.11721506214
282755.80422000063
295674.5993444396
309400.16573331936
323942.3829548155
339304.2406207938
355480.8913532347
372458.82653264864
390215.41977054265
408718.8508130335
427928.4802739689
447795.746437317
468265.5248308113
489277.874000335
510770.05773066287
532678.6303640637
554941.4783397428
577499.6266454456
600298.7015269962
623289.9979755464
646431.1249423458
669686.260404252
693026.0699749776
716427.3691173748
739872.6002055719
763349.2090011623
786848.9521636335
810367.2270345608
833902.4277414845
857455.3589474936
881028.6898341171
904626.5285375508
928254.0247334384
951917.0594311855
975621.9828234477
999375.411816217
1.0231840676502361e6
1.0470546493343075e6
1.0709937424425732e6
1.0950077509895198e6
1.119102848539897e6
1.1432849441187647e6
1.1675596667403195e6
1.191932353378913e6
1.2164080442775122e6
1.2409914925324884e6
1.2656871649973036e6
1.2904992548299497e6
1.3154316940470296e6
1.3404881646611195e6
1.3656721180509182e6
1.390986778128583e6
1.416435164459063e6
1.4420201080561755e6
1.467744250613303e6
1.4936100722528384e6
1.5196198964687823e6
1.5457759004708389e6
1.5720801274024886e6
1.5985344973125013e6
1.6251408141851076e6
1.651900774410196e6
1.678815980766863e6
1.7058879361433226e6
1.7331180636562207e6
1.7605077089943064e6
1.788058140305781e6
1.8157705629047728e6
1.8436461133134984e6
1.8716858762688488e6
1.8998908790310887e6
1.9282620951394334e6
1.9568004560508376e6
1.9855068484701551e6
2.0143821145052009e6
2.043427063973818e6
2.0726424571629246e6
2.102029040340321e6
2.131587514839858e6
2.1613185559611046e6
2.191222810338838e6
2.2213009010021216e6
2.2515534251529165e6
2.2819809540117476e6
2.312584040375666e6
2.3433632147751297e6
2.374318989376165e6
2.4054518571738144e6
2.4367622930414546e6
2.4682507566970307e6
2.499917691175759e6
2.5317635247199684e6
2.563788671148316e6
2.595993532206985e6
2.62837849431506e6
2.660943933598915e6
2.6936902140553566e6
2.726617687873309e6
2.7597266972538535e6
2.793017573850805e6
2.8264906402434753e6
2.8601462088342127e6
2.893984583276706e6
2.9280060590922376e6
2.9622109232028145e6
2.9965994533096887e6
3.0311719242097414e6
3.0659286000834224e6
3.10086973482555e6
3.1359955813532593e6
3.171306383266033e6
3.2068023786323634e6
3.2424837992865173e6
3.2783508713944317e6
3.3144038246391723e6
3.3506428562876694e6
3.387068185083527e6
3.423680015817493e6
3.460478548733453e6
3.4974639791545523e6
3.5346365095284446e6
3.5719963036769438e6
3.6095435551574463e6
3.6472784417492067e6
3.6852011374918595e6
3.7233118136573294e6
3.7616106359689683e6
3.800097770436991e6
3.8387733682578066e6
3.877637593884608e6
3.916690597308225e6
3.9559325281005735e6
3.99536353278011e6
4.0349837548534693e6
4.074793334722466e6
4.114792410271488e6
4.154981100942745e6
4.195359569702472e6
4.235927930889875e6
4.276686311619476e6
4.317634836462434e6
4.358773627667425e6
4.400102805042937e6