19106.63099532365
19224.656532066045
19539.41913783837
20050.994218509833
20759.502684330306
21665.108673274153
22768.016486033186
24068.466809805657
25566.732324952987
27263.112821882387
29157.92993066972
31251.521516520676
33544.23617102395
36036.42741867855
38728.44827797258
41620.64590705391
44713.356772941304
48006.90205002921
51501.583673833535
55197.6809023309
59095.44748919176
63195.10947561922
67496.8636083934
72000.87638035035
76707.28364355875
81616.19078351268
86727.67338575063
92041.77834751803
97558.52537147516
103277.90877472408
109199.89954869811
115324.44760360381
121651.4841363571
128180.92406366984
134912.66846309212
141846.60697891735
148982.62017727146
156320.58170751185
163860.36045003647
171601.82239267393
179544.83239467812
187689.25574952844
196034.9595537701
204581.81390167135
213329.69287607685
222278.4754001624
231428.0458792421
240778.29471266377
250329.11866479684
260080.42109785374
270032.11209592596
280184.1084953469
290536.3338133466
301088.7181225436
311841.197851039
322793.7155436039
333946.21958316443
345298.6638759128
356851.0075209419
368603.2145349197
380555.2533590542
392707.0966717666
405058.72096975765
417610.1062546046
430361.23570726183
443312.09539063845
456462.6739576402
469812.96237740066
483362.95368211105
497112.64273033803
511062.025987441
525211.1013271273
539559.8678435382
554108.3256914382
568856.475929106
583804.3203872591
598951.8615411292
614299.1024147783
629846.0464706843
645592.6975353989
661539.0597188463
677685.1373553781
694030.9349424816
710576.4571020976
727321.708501109
744266.693890187
761411.4179999845
778755.885542934
796300.1012345573
814044.0696769102
831987.79544374
850131.2830226155
868474.5368086016
887017.5611113226
905760.3601379421
924702.9379951709
943845.2986880139
963187.4461173953
982729.3840781683
1.0024711162759878e6
1.0224126462971315e6
1.0425539776410813e6
1.0628951137081515e6
1.0834360578057813e6
1.1041768131483395e6
1.1251173828609847e6
1.146257769995666e6
1.1675979774871427e6
1.1891380082665079e6
1.2108778650977327e6
1.2328175507225536e6
1.2549570678060076e6
1.2772964189428673e6
1.2998356066635496e6
1.322574633436712e6
1.3455135016700658e6
1.3686522137164276e6
1.391990771870719e6
1.4155291783783734e6
1.4392674354309093e6
1.4632055451738392e6
1.4873435097032806e6
1.5116813310720562e6
1.5362190112887558e6
1.5609565523191148e6
1.5858939560899166e6
1.6110312244872802e6
1.6363683593609787e6
1.6619053625232126e6
1.6876422357510908e6
1.7135789807870786e6
1.7397155993414004e6
1.7660520930915924e6
1.7925884636833968e6
1.8193247127326073e6
1.8462608418271884e6
1.8733968525211145e6
1.900732746347423e6
1.9282685248076546e6
1.9560041893777524e6
1.9839397415077903e6
2.012075182623334e6
2.040410514124746e6
2.0689457373882593e6
2.0976808537676996e6
2.126615864592901e6
2.155750771172079e6
2.1850855747912363e6
2.214620276714922e6
2.2443548781875023e6
2.2742893804322234e6
2.3044237846520026e6
2.3347580920342463e6
2.3652923037355305e6
2.396026420909075e6
2.426960444679654e6
2.4580943761580284e6
2.489428216434456e6
2.5209619665840296e6
2.552695627664032e6
2.5846292007154324e6
2.6167626867626095e6
2.649096086770302e6
2.6816294018591736e6
2.7143626328811697e6
2.747295780839637e6
2.780428846681816e6
2.8137618313404913e6
2.8472947357342904e6
2.881027560767347e6
2.9149603073306615e6
2.949092976301367e6
2.9834255685433024e6
3.017958084907403e6
3.0526905262318756e6
3.087622893341803e6
3.122755187051081e6
3.158087408160488e6
3.19361955723102e6
3.229351635711778e6
3.2652836437088912e6
3.301415582193587e6
3.3377474519094536e6
3.374279253589564e6
3.411010987955979e6
3.447942655720152e6
3.4850742575837206e6
3.5224057942378083e6
3.5599372663636776e6
3.597668674632784e6
3.635600019707063e6
3.673731302238873e6
3.7120625228714757e6
3.750593682238876e6
3.7893247809661236e6
3.828255819669483e6
3.8673867989566233e6
3.906717719426389e6
3.946248581670031e6
3.985979386269618e6