19944.725383878904
20049.238217959784
20328.129962869796
20781.918421358663
21411.43659605526
22217.820788823672
23202.49434748572
24367.147333291854
25713.712385074454
27244.337159884766
28961.35373692371
30867.245599421512
32964.612725836145
35256.134428820675
37744.53386109134
40432.53820658307
43322.84425154698
46418.08157014066
49720.77928259933
53233.33476495708
56957.98546098428
60896.78422414238
65051.578613402206
69423.99422324992
74015.42265875314
78827.01381247371
83859.67267489297
89114.06039687214
94590.59946026151
100289.48252626474
106210.68454204693
112353.97775757483
118718.94886472549
125305.01805854072
132111.45917579695
139137.42054861077
146381.94603138804
153843.99573519258
161522.46609897027
169416.20894049027
177524.04920486707
185844.80123425278
194377.28337857407
203120.33089753884
212072.8069973324
221233.61241352162
230601.6928294403
240176.04513231578
249955.72192798607
259939.83453184552
270127.5553835489
280518.11845042463
291110.81933389866
301905.0145199996
312900.11917252303
324095.6067461156
335491.00365031743
347085.8890434735
358879.89045124693
370872.6808999645
383063.97553621174
395453.5284080027
408041.12919939886
420826.6000718649
433809.79261087085
446990.5849250845
460368.878890974
473944.59755000926
487717.68272021256
501688.09275185276
515855.80047705834
530220.791305683
544783.0615808596
559542.6169591337
574499.4710587403
589653.644184114
605005.162261605
620554.0558099367
636300.3590804604
652244.1093140387
668385.3460572707
684724.1105713176
701260.4454347618
717994.3939129228
734925.9998059589
752055.3070277984
769382.3593825051
786907.2002513187
804629.872883658
822550.419326247
840668.8812458044
858985.2993805993
877499.7135498879
896212.1626887311
915122.6845347696
934231.3161440112
953538.093352525
973043.05104303
992746.2231041348
1.0126476424489846e6
1.0327473410244879e6
1.05304534984585e6
1.0735416990122194e6
1.094236417752701e6
1.1151295344154092e6
1.1362210765755936e6
1.1575110709775272e6
1.178999543614777e6
1.2006865197646765e6
1.2225720239604795e6
1.2446560800981026e6
1.2669387114246108e6
1.2894199405615905e6
1.3120997895655779e6
1.3349782798768403e6
1.3580554324294378e6
1.381331267628105e6
1.4048058053749506e6
1.4284790651024e6
1.452351065767022e6
1.476421825903165e6
1.5006913636139454e6
1.525159696596506e6
1.5498268421520027e6
1.574692817208879e6
1.5997576383319576e6
1.625021321732757e6
1.6504838832931512e6
1.6761453385631635e6
1.7020057027713484e6
1.7280649908566896e6
1.75432321744353e6
1.7807803968931525e6
1.807436543284947e6
1.834291670380367e6
1.861345791777229e6
1.8885989207214986e6
1.916051070285983e6
1.9437022532639797e6
1.9715524822294023e6
1.9996017695249347e6
2.0278501272698753e6
2.0562975673804716e6
2.0849441015517325e6
2.1137897412776533e6
2.142834497857359e6
2.1720783823904363e6
2.201521405779243e6
2.231163578750432e6
2.2610049118470517e6
2.2910454154300047e6
2.321285099691348e6
2.351723974648552e6
2.3823620501614776e6
2.413199335916605e6
2.444235841442664e6
2.47547157612693e6
2.5069065491811726e6
2.538540769641751e6
2.5703742465146715e6
2.602406988543759e6
2.634639004375727e6
2.667070302515282e6
2.6997008913749335e6
2.732530779106495e6
2.7655599738774095e6
2.798788483613907e6
2.832216316226858e6
2.865843479430837e6
2.899669980836618e6
2.9336958279373026e6
2.9679210281228595e6
3.0023455886476706e6
3.036969516462925e6
3.0717928190035783e6
3.1068155030287597e6
3.1420375753625426e6
3.1774590427372307e6
3.2130799117812943e6
3.24890018926036e6
3.2849198811522564e6
3.3211389940098384e6
3.3575575340728667e6
3.394175507490578e6
3.4309929203199837e6
3.4680097785287797e6
3.5052260879987804e6
3.5426418545237537e6
3.58025708381691e6
3.6180717815000033e6
3.656085953127197e6
3.6942996041572075e6
3.732712739980162e6
3.7713253659052914e6
3.810137487166806e6
3.8491491089192163e6
3.8883602362647783e6
3.9277708742016666e6
3.9673810276783984e6
4.0071907015692135e6