19777.3872779749
19884.43057831045
20170.04324647977
20634.669732698057
21279.024618134783
22104.08182711563
23111.05993008217
24301.40381011147
25676.76297739221
27238.966937010802
28989.997953985367
30931.961888540318
33067.057190263025
35397.543449851124
37925.708836345984
40653.83803337106
43584.18169496936
46718.92557855641
50060.16313254841
53609.8697203542
57369.87976215946
61341.86718122289
65527.32930295912
69927.57429352244
74543.7125689612
79376.65185325575
84427.09594513773
89695.5470031774
95182.31107817235
100887.50655721166
106811.07515612165
112952.79503609966
119312.29560120177
125889.07353962031
132682.50960806553
139691.88607106407
146916.40344382083
154355.19777591393
162007.35665496174
169871.93442361197
177947.9664211463
186234.4818986956
194730.51544441344
203435.11725858133
212347.36172490552
221466.35489493853
230791.24026275772
240321.20355824975
250055.47618586308
259993.3376610508
270134.1170399229
280477.193513054
291021.99625793414
301768.0035578654
312714.7416981075
323861.7830350159
335208.7440531308
346755.2830019564
358501.09746387106
370445.9217268499
382589.5241770485
394931.70462615485
407472.2916625627
420211.1403938838
433148.12939898757
446283.15898455126
459616.1486669737
473147.03514752537
486875.77037254284
500802.3197302429
514926.6603982047
529248.7797965639
543768.6742658964
558486.3492923967
573401.8107336988
588515.079133087
603826.1735166521
619335.1182159374
635041.9406615419
650946.6707343489
667049.3402483708
683349.9824563672
699848.631714813
716545.3229830407
733440.0916891866
750532.9733855533
767824.0035621198
785313.2174035682
803000.6500105297
820886.3355244157
838970.3078054142
857252.59997712
875733.244431002
894412.2728208025
913289.7160029375
932365.6040460047
951639.9661930582
971112.8309004578
990784.225812636
1.0106541777931228e6
1.0307227129233553e6
1.0509898565349258e6
1.0714556332237697e6
1.0921200668798941e6
1.1129831806915654e6
1.134044997176426e6
1.1553055382502119e6
1.1767648251780784e6
1.1984228786538297e6
1.220279718758731e6
1.2423353650715111e6
1.264589836637678e6
1.2870431519933662e6
1.3096953292201273e6
1.3325463858991545e6
1.3555963391966056e6
1.3788452058491593e6
1.4022930021885864e6
1.4259397441591523e6
1.4497854473227824e6
1.4738301268959206e6
1.4980737977405067e6
1.5225164743921843e6
1.5471581710899323e6
1.5719989016607604e6
1.5970386797999989e6
1.6222775188006011e6
1.6477154317177462e6
1.673352431335114e6
1.699188530175829e6
1.7252237405237502e6
1.7514580744072392e6
1.777891543639928e6
1.8045241597912223e6
1.831355934230272e6
1.8583868780901306e6
1.8856170023014108e6
1.9130463176200048e6
1.9406748345768421e6
1.9685025635250707e6
1.9965295146259915e6
2.0247556978610142e6
2.0531811230428393e6
2.0818057998053744e6
2.1106297376141446e6
2.1396529457830107e6
2.16887543344796e6
2.1982972095989734e6
2.2279182830733727e6
2.257738662559422e6
2.2877583565972387e6
2.317977373585423e6
2.348395721785583e6
2.37901340932178e6
2.409830444182002e6
2.4408468342217426e6
2.4720625871820203e6
2.5034777106588827e6
2.5350922121390305e6
2.566906098941261e6
2.5989193783911797e6
2.6311320575805856e6
2.6635441435235445e6
2.696155643169633e6
2.7289665632324764e6
2.7619769104563575e6
2.795186691370329e6
2.828595912515244e6
2.8622045802519554e6
2.8960127008621935e6
2.930020280530884e6
2.9642273253495977e6
2.998633841313724e6
3.0332398343290268e6
3.0680453099987973e6
3.103050274452747e6
3.1382547331392206e6
3.173658691612793e6
3.2092621553450013e6
3.245065129965502e6
3.2810676203291332e6
3.3172696318848105e6
3.3536711697846567e6
3.3902722391107297e6
3.4270728448510654e6
3.4640729919483345e6
3.5012726852556374e6
3.538671929554647e6
3.5762707295671813e6
3.614069089937765e6
3.652067015247138e6
3.6902645100117186e6
3.728661578679206e6
3.767258225637069e6
3.806054455208623e6
3.8450502716559377e6
3.8842456791821746e6
3.9236406819278216e6
3.9632352839755295e6
4.003029489359131e6