252149.77023780273
252090.97991624443
251934.4809710748
251681.03090273522
251331.84234627112
250888.61283731853
250353.4869983424
249729.08495984398
249018.4607024951
248225.12793140745
247353.05725980774
246406.71179269932
245390.58886744585
244310.26881136934
243171.274734201
241979.77818101968
240741.88227669869
239464.7324487321
238155.42360215078
236821.52983864266
235470.98351530256
234112.0531646488
232753.38897503584
231403.94170231404
230073.07386517889
228770.2309305986
227505.55392302657
226289.26135991074
225131.95101182783
224044.5435166252
223038.28382589648
222124.7478455167
221315.8404978081
220623.8085123504
220061.24730994404
219641.11355568437
219376.7429765596
219281.85495513867
219370.58760203412
219657.51217175674
220157.65782796397
220886.54055240974
221860.20025920137
223095.2307549053
224608.82127225984
226418.79892884748
228543.67409753174
231002.68902047802
233815.86872479392
237004.07381579754
240589.05271556845
244593.4936822219
249041.07038993973
253956.4864416933
259365.50192506713
265294.94699083024
271772.71461558307
278827.7203971248
286489.8190760646
294789.6728526916
303758.551480799
313428.04717045
323829.6941755563
334994.4784730405
346952.1930607549
359730.69122666866
373354.9677308884
387846.1280230158
403220.2141457695
419487.0144728329
436648.8475266498
454699.4537782663
473623.0816967819
493393.91194225027
513975.9233749774
535323.2198381297
557381.0112431596
580087.046212439
603373.5643435605
627169.5050636423
651402.9292010535
676003.2936665125
700903.5622639696
726041.8959812685
751362.912805239
776818.4534548447
802367.9148229626
827978.155666848
853623.1233745794
879283.2486158818
904944.7474137985
930598.7755107977
956240.7076787215
981869.3162939202
1.0074861439886412e6
1.0330948503820135e6
1.058700704421474e6
1.0843101438023401e6
1.1099303990147877e6
1.1355692083253288e6
1.1612345574347745e6
1.1869345359531783e6
1.212677147909063e6
1.238470250437236e6
1.2643214451982912e6
1.2902380787624882e6
1.3162270270447629e6
1.3422950292653847e6
1.368448322835446e6
1.3946928249897226e6
1.4210340972820227e6
1.4474773689501951e6
1.474027525302144e6
1.5006891527141575e6
1.5274665246909552e6
1.5543636529615354e6
1.5813842753547179e6
1.6085318824342387e6
1.6358097534854482e6
1.6632209301169845e6
1.6907682789430483e6
1.7184544679615628e6
1.7462819990536822e6
1.774253215609819e6
1.8023703171893905e6
1.8306353673808333e6
1.8590503044060587e6
1.8876169513685412e6
1.916337023869801e6
1.9452121393148773e6
1.9742438223304215e6
2.0034335127178808e6
2.0327825715248988e6
2.0622922884144164e6
2.0919638804852047e6
2.1217985063307527e6
2.1517972627481855e6
2.1819611944938023e6
2.212291292585086e6
2.2427885014207494e6
2.27345372246362e6
2.304287813312738e6
2.33529159224669e6
2.3664658454398913e6
2.397811322687709e6
2.429328737599208e6
2.4610187805792056e6
2.4928821094764634e6
2.524919356636425e6
2.5571311276559555e6
2.589518010666051e6
2.6220805623114407e6
2.6548193243267355e6
2.6877348176405e6
2.720827541889814e6
2.7540979810062344e6
2.787546601204513e6
2.8211738530052174e6
2.854980170487584e6
2.8889659744032393e6
2.923131670845555e6
2.9574776530296924e6
2.9920043012811695e6
3.0267119842887074e6
3.0616010590138654e6
3.0966718711078465e6
3.131924756734076e6
3.167360040680559e6
3.202978039329914e6
3.2387790597546655e6
3.2747633990904735e6
3.310931347329988e6
3.3472831860231357e6
3.3838191880079405e6
3.4205396201019506e6
3.457444740605893e6
3.4945348027174603e6
3.5318100506621427e6
3.569270723825481e6
3.606917054986988e6
3.644749270846118e6
3.6827675926032346e6
3.7209722358835414e6
3.7593634109887825e6
3.797941323298732e6
3.8367061728250673e6
3.87565815488181e6
3.914797460383364e6
3.9541242751473e6
3.9936387820503153e6
4.0333411583833713e6
4.073231577952138e6
4.1133102096506106e6
4.153577220509261e6
4.1940327729269434e6
4.234677025005756e6
4.275510132426573e6
4.31653224710555e6
4.357743517445921e6
4.399144089175841e6