18995.397663379626
19115.38399597432
19435.34774593728
19955.289445001632
20675.20994534428
21595.110402945546
22714.992255227684
24034.85719357054
25554.707131455463
27274.544169154004
29194.37055572786
31314.188649068645
33634.00087636967
36153.80969347377
38873.61754622529
41793.426833285004
44913.23987265595
48233.058870084365
51752.88589227556
55472.72284386144
59392.57144870439
63512.43323576159
67832.30952917386
72352.20144278702
77072.10987859052
81992.03552891631
87111.97888198812
92431.94023039126
97951.91968203327
103671.91717313277
109591.93248278034
115711.96524862459
122032.01498325981
128552.08109097998
135272.16288439778
142192.25960088064
149312.37041823225
156632.49446968234
164152.6308578198
171872.77866741095
179792.93697725429
187913.1048701073
196233.28144228293
204753.46581126825
213473.65712232783
222393.8545541002
231514.05732281384
240834.26468561578
250354.47594297692
260074.69044020923
269994.9075682206
280115.1267636324
290435.34750832693
300955.5693285142
311675.79179338564
322596.0145134912
333716.23713882716
345036.45935674856
356556.68088966154
368276.9014932919
380197.1209532266
392317.339083754
404637.5557249461
417157.77074064536
429877.9840162236
442798.1954565116
455918.4049840915
469238.61253697507
482758.8180673653
496479.021539773
510399.22292978794
524519.4222223578
538839.6194108139
553359.8144959318
568080.0074842714
583000.1983879106
598120.3872232991
613440.5740105959
628960.7587730081
644680.9415362246
660601.1223278963
676721.3011772236
693041.4781145368
709561.6531710455
726281.8263782831
743201.9977683652
760322.1673733399
777642.3352250777
795162.5013555345
812882.6657959127
830802.8285772174
848922.9897298896
867243.1492837878
885763.3072681421
904483.463711539
923403.6186418815
942523.7720864196
961843.9240715863
981364.0746233001
1.0010842237666777e6
1.021004371526185e6
1.0411245179256208e6
1.061444662988135e6
1.0819648067362504e6
1.1026849491918625e6
1.1236050903762851e6
1.1447252303102487e6
1.1660453690139367e6
1.1875655065069827e6
1.2092856428085398e6
1.2312057779372153e6
1.2533259119111924e6
1.2756460447481698e6
1.2981661764654052e6
1.320886307079753e6
1.343806436607657e6
1.366926565065164e6
1.3902466924679552e6
1.413766818831358e6
1.4374869441703416e6
1.4614070684995647e6
1.485527191833343e6
1.5098473141857062e6
1.534367435570377e6
1.5590875560007934e6
1.5840076754901218e6
1.6091277940512581e6
1.6344479116968464e6
1.6599680284392803e6
1.6856881442907099e6
1.7116082592630514e6
1.7377283733680015e6
1.7640484866170366e6
1.7905685990214113e6
1.8172887105921858e6
1.8442088213402175e6
1.8713289312761454e6
1.8986490404104574e6
1.926169148753449e6
1.9538892563151654e6
1.981809363105588e6
2.0099294691344572e6
2.0382495744113568e6
2.0667696789457118e6
2.09548978274679e6
2.1244098858236973e6
2.1535299881853913e6
2.182850089840673e6
2.21237019079822e6
2.2420902910665367e6
2.272010390654009e6
2.3021304895688714e6
2.3324505878192447e6
2.362970685413104e6
2.393690782358295e6
2.4246108786625443e6
2.4557309743334576e6
2.487051069378507e6
2.518571163805059e6
2.550291257620362e6
2.582211350831543e6
2.6143314434456257e6
2.64665153546952e6
2.679171626910011e6
2.7118917177738314e6
2.744811808067563e6
2.7779318977976926e6
2.811251986970622e6
2.844772075592642e6
2.878492163669952e6
2.9124122512086625e6
2.9465323382147835e6
2.9808524246942415e6
3.0153725106528644e6
3.0500925960964058e6
3.0850126810305174e6
3.1201327654607836e6
3.1554528493926926e6
3.190972932831659e6
3.2266930157829504e6
3.262613098251909e6
3.298733180243709e6
3.3350532617634255e6
3.3715733428160837e6
3.4082934234066345e6
3.4452135035399664e6
3.4823335832208786e6
3.51965366245412e6
3.5571737412443645e6
3.594893819596207e6
3.6328138975142017e6
3.670933975002816e6
3.709254052066461e6
3.7477741287094858e6
3.786494204936184e6
3.8254142807507813e6
3.8645343561574435e6
3.9038544311602768e6
3.9433745057633435e6
3.9830945799706355e6