18996.08687417298
19116.06092780261
19435.99211024106
19955.88143081579
20675.73050712119
21595.54153343923
22715.317238302625
24035.0608323348
25554.77594779247
27274.466571548823
29194.136972971217
31313.791628078136
33633.43514451034
36153.07218436884
38872.707390851894
41792.345317666666
44911.99036547805
48231.64672192381
51751.31831075346
55471.00874809707
59390.72130695995
63510.45889037414
67830.22401256912
72350.0187885574
77069.84493115653
81989.70375515141
87109.5961878179
92429.52278499267
97949.48375187365
103669.47896767274
109589.50801325479
115709.57020091487
122029.66460548852
128549.79009615953
135269.94536801268
142190.12897323963
149310.33935091394
156630.57485545278
164150.8337830732
171871.1143961317
179791.41494563592
187911.73369009327
196232.06891373557
204752.41894098552
213472.78214899765
222393.15697828517
231513.54194072715
240833.93562589007
250354.3367055953
260074.7439368019
269995.1561630395
280115.57231463335
290435.9914078446
300956.41254309914
311676.8349024318
322597.257746405
333717.6804104776
345038.1023010423
356558.52289104287
368278.94171668764
380199.358370882
392319.7725010272
404640.18380347843
417160.59201972536
429880.996932133
442801.3983600153
455921.7961563864
469242.1902035602
482762.5804107926
496482.96671070793
510403.3490569663
524523.7274209941
538844.1017901357
553364.4721658686
568084.8385606541
583005.2009974273
598125.5595074251
613445.9141289266
628966.2649059986
644686.6118874173
660606.9551256858
676727.2946762482
693047.6305966933
709567.962946279
726288.2917848792
743208.6171734704
760328.9391729026
777649.2578436879
795169.5732464988
812889.8854405807
830810.1944848002
848930.5004369545
867250.8033537357
885771.1032906407
904491.400301945
923411.6944406263
942531.9857584233
961852.2743055221
981372.5601311324
1.0010928432829404e6
1.0210131238073995e6
1.0411334017496938e6
1.061453677153775e6
1.0819739500624067e6
1.1026942205171601e6
1.1236144885585e6
1.1447347542257877e6
1.1660550175573416e6
1.1875752785904384e6
1.2092955373614423e6
1.2312157939056824e6
1.2533360482576794e6
1.275656300451037e6
1.2981765505185195e6
1.3208967984921266e6
1.3438170444030806e6
1.3669372882818454e6
1.3902575301581922e6
1.4137777700612235e6
1.4374980080193582e6
1.4614182440604265e6
1.4855384782116096e6
1.509858710499542e6
1.5343789409502808e6
1.5590991695893353e6
1.5840193964417013e6
1.6091396215318688e6
1.6344598448838384e6
1.6599800665211412e6
1.685700286466844e6
1.7116205047435733e6
1.7377407213735357e6
1.7640609363785174e6
1.7905811497798886e6
1.817301361598642e6
1.8442215718554002e6
1.8713417805703536e6
1.8986619877634193e6
1.9261821934541427e6
1.9539023976615928e6
1.9818226004047222e6
2.0099428017020226e6
2.0382630015716925e6
2.06678320003162e6
2.0955033970994037e6
2.1244235927923303e6
2.15354378712741e6
2.1828639801213583e6
2.212384171790616e6
2.2421043621513667e6
2.2720245512195183e6
2.3021447390107075e6
2.3324649255403453e6
2.3629851108235773e6
2.3937052948753014e6
2.4246254777101795e6
2.4557456593426573e6
2.4870658397869198e6
2.518586019056953e6
2.550306197166512e6
2.582226374129136e6
2.614346549958158e6
2.646666724666694e6
2.679186898267622e6
2.7119070707737384e6
2.744827242197522e6
2.7779474125513025e6
2.811267581847223e6
2.844787750097232e6
2.878507917313104e6
2.9124280835064254e6
2.9465482486886233e6
2.9808684128709366e6
3.0153885760644376e6
3.050108738280044e6
3.085028899528493e6
3.120149059820378e6
3.155469219166126e6
3.1909893775760103e6
3.226709535060038e6
3.26262969162835e6
3.2987498472907655e6
3.33507000205692e6
3.3715901559363594e6
3.408310308938483e6
3.4452304610725613e6
3.482350612347721e6
3.519670762772967e6
3.55719091235717e6
3.5949110611090707e6
3.6328312090372955e6
3.6709513561503375e6
3.7092715024565673e6
3.747791647964251e6
3.7865117926815236e6
3.825431936616414e6
3.8645520797768338e6
3.9038722221705858e6
3.9433923638053713e6
3.9831125046887686e6