18413.109279467375
18413.109279467375
18413.109279467375
18413.109279467375
18413.109279467375
18413.109278126445
18413.109277471638
18413.109278234886
18413.109277909287
18413.109277519223
18413.10928011006
18413.109277136566
18413.109277694894
18413.109278453223
18413.109280661345
18413.109288569554
18413.109311216147
18413.109378781606
18413.109539240526
18413.109900291136
18413.110646348534
18413.112090367737
18413.11472318809
18413.119284509172
18413.126840350815
18413.13886766709
18413.157343435727
18413.18485674038
18413.22468951765
18413.280920556805
18413.35851786344
18413.46341586439
18413.60260477467
18413.78418578957
18414.017431971297
18414.312826201713
18414.68211347575
18415.13829827121
18415.695683733094
18416.36984526996
18417.17765476294
18418.137245384612
18419.268005512262
18420.59054237575
18422.126670547732
18423.899358097668
18425.932705684798
18428.251908626582
18430.883223341458
18433.853926193493
18437.192289371334
18440.92752861585
18445.089802014176
18449.710153648848
18454.82051553832
18460.453668282018
18466.64323179143
18473.42365583229
18480.830203050093
18488.898952092903
18497.666796193516
18507.171381939523
18517.451430793735
18528.546112143624
18540.495773135364
18553.341504191252
18567.1253632811
18581.890269447584
18597.680195844674
18614.54011319937
18632.516064676187
18651.655205685653
18672.005875140516
18693.617648923595
18716.5414179543
18740.82944703495
18766.535469029433
18793.7147668482
18822.424255267542
18852.72260672752
18884.670389058832
18918.329956136222
18953.76592726926
18991.045085622078
19030.236571176276
19071.412033131557
19114.645804079104
19160.015057650904
19207.600009211383
19257.484111226993
19309.754272476406
19364.50108715833
19421.81908986965
19481.807019366177
19544.567977022554
19610.21027027409
19678.846976493638
19750.596810364445
19825.584399126277
19903.940706784695
19985.8035046096
20071.317863252232
20160.636716445126
20253.92143902533
20351.342505672703
20453.080185241575
20559.32531961019
20670.280152802407
20786.1592553885
20907.19051909011
21033.616265414665
21165.69443478893
21303.699922052052
21447.926022546562
21598.686021240377
21756.314963340577
21921.171579586844
22093.640096366697
22274.13392258843
22463.096307526903
22661.00448727067
22868.372603146912
23085.755233944525
23313.75132436293
23553.008558854213
23804.228219234967
24068.170556644647
24345.660782599472
24637.59572792743
24944.950957566645
25268.789974214335
25610.271815516753
25970.662074203225
26351.343746109676
26753.829427962424
27179.774701933842
27630.993048173696
28109.470124827203
28617.38284715789
29157.115809234892
29731.280164965923
30342.73253844559
30994.59351195721
31690.26496493943
32433.444898272588
33228.13815231377
34078.66095009359
34989.6364955508
35965.978606817866
37012.85977843343
38135.65997831244
39339.890347364126
40631.10236270429
42014.74899468149
43496.04223008314
45079.780169188656
46770.16807365487
48570.62882118605
50483.65698681827
52510.68287133062
54651.998420449876
56906.743399066036
59272.94890725409
61747.64645430748
64327.0167936004
67006.57870279686
69781.37432800769
72646.16501605956
75595.60234608696
78624.37472391393
81727.32326642913
84899.5289118459
88136.37015407853
91433.55783372358
94787.15035848354
98193.55503762353
101649.51530505074
105152.09796805508
108698.66877995979
112286.86952326787
115914.59364984921
119579.96228945063
123281.30054650365
127017.11705950415
130786.0833952089
134587.01611926
138418.86005549712
142280.6753272376
146171.62196826303
150090.94980333257
154037.98786898676
158012.13534222165
162012.85355324025
166039.6589784655
170092.11699367908
174169.83640369333
178272.46468989164
182399.68370611127
186551.2059814543
190726.77138090937
194926.1442288844
199149.11070822141
203395.47661131737
207664.7058755937
211957.71323437497
216273.2793517477
220611.62630161757
224972.63218195364
229356.1849991152
233762.1821705503
238190.52962923166
242641.14099287754
247113.93688404656
251608.8465261028
256125.7982015179
260664.7321356721
265225.5911090753
269808.32229237806
274412.8768427548
279039.20956317405
283687.2785955516
288357.0451444073
293048.4732197619
297761.52941119816
302496.1822383306
307252.40367889026
312030.16680304194
316829.4458733377
321650.2179352987
326492.4612346102
331356.1554802329
336241.2817133038
341147.82222130994
346075.76043951395
351025.0808681022
355995.7689929622
360987.8112198264
366001.19537113456
371035.9083646924
376091.93953806814
381169.27835834736
386267.91492610064
391387.83993794455
396529.04464181775
401691.52080371766
406875.1779174163
412080.17009073123
417306.411789798
422553.89653680474
427822.7172822778
433112.67414899316
438423.8566961591
443756.25977158285
449109.87850726326
454484.70830218424
459880.74480064015
465298.01240434847
470736.44423873804
476196.07138520014
481676.8776340055
487178.8900541165
492702.0875017765
498246.466996784
503812.0257055546
509398.76093345927
515006.6701354184
520635.7508773557
526286.0008526715
531957.4178633251
537649.9998244302
543363.7447457083
549098.6507277535
554854.715969853
560631.9387497695
566430.3174246822
572249.8504248087
578090.536251945
583952.3734808618
589835.3607357759
595739.4967239859
601664.7801734013
607611.2098994866
613578.7847379706
619567.503599571
625577.3654120825
631608.3691696794
637660.513889997
643733.79862498
649828.2224841093
655943.7845752286
662080.4840582052
668238.3201235565
674417.291989131
680617.3988881131
686838.6400645955
693081.0148311716
699344.522466981
705629.1623031124
711934.9336948518
718261.8359717702