137.81738146797352
137.81738146797352
137.81738146797352
137.81738146797352
137.81738146797352
137.81738146797352
137.8173814588824
137.8173814620457
137.81738146243126
137.81738146807467
137.8173814710952
137.8173814668937
137.81738146551473
137.8173814656351
137.81738147734188
137.81738150354917
137.81738161103726
137.81738190318623
137.81738264100176
137.81738435403523
137.81738798211427
137.81739516023816
137.8174084830047
137.81743192874723
137.81747130312843
137.81753473215133
137.81763321901704
137.81778126077094
137.81799739561467
137.81830480102883
137.81873187655083
137.81931273677688
137.8200877537205
137.82110387706257
137.82241508156883
137.82408261325008
137.82617521028612
137.82876928052542
137.83194894241086
137.83580612304087
137.84044043079774
137.8459591600418
137.8524771129285
137.86011644002141
137.86900646396325
137.8792834299748
137.89109026322248
137.9045763029908
137.91989704003493
137.93721387638143
137.95669371793815
137.97850886435288
138.0028366169991
138.02985905710185
138.05976276204026
138.09273861230596
138.1289814953823
138.16869012751516
138.21206681594782
138.25931728808123
138.3106505226032
138.36627854856005
138.4264163479442
138.49128168199186
138.56109498777954
138.63607928935014
138.71646009115332
138.80246530443455
138.8943251910099
138.9922723356519
139.09654155375094
139.20736993781512
139.32499677990862
139.44966365804402
139.58161438332147
139.72109503421328
139.86835404509085
140.0236422243339
140.1872128133
140.3593216012884
140.54022700457148
140.73019018935832
140.92947517418787
141.13834899457794
141.3570818632862
141.58594736789473
141.8252226289269
142.07518857858582
142.3361301659814
142.6083366467959
142.8921018963635
143.18772470290412
143.4955092108264
143.8157651943106
144.14880862655517
144.4949620710347
144.85455523632368
145.22792554464877
145.61541875121452
146.01738964247815
146.43420277132284
146.86623329005403
147.31386779824646
147.77750538081906
148.2575585990476
148.75445470775736
149.2686368814066
149.80056562992087
150.35072027802264
150.9196006138222
151.50772871285594
152.1156508741326
152.7439398005468
153.39319690509055
154.0640549219821
154.75718070677974
155.47327826717316
156.21309220414386
156.97741134865828
157.7670728209735
158.58296644109365
159.42603960459073
160.29730260480488
161.19783446126593
162.12878935449572
163.0914036002795
164.08700342878143
165.1170133658075
166.18296549952487
167.2865096822745
168.42942447135098
169.613629293478
170.84119756308544
172.11437089354672
173.43557450163743
174.80743375640006
176.23279176041711
177.7147280131916
179.25657783487065
180.86195238806084
182.5347586418505
184.2792189839805
186.09988913845189
188.0016736247729
189.989836549277
192.07000633517382
194.248170754277
196.530659597299
198.92411056531733
201.43541354178686
204.0716283419909
206.83987031883606
209.7471591511948
212.80022747338293
216.0052889578768
219.36776898573524
222.89200786302766
226.58095255471937
230.43586004677988
234.456041719198
238.63867935879506
242.97874254516145
247.4690270921668
252.1003221126392
256.861696414152
261.74087917217076
266.72469819778877
271.79953486850115
276.95175634274096
282.16809358451917
287.43594632589804
292.7436058505735
298.08039814337286
303.43675595654327
308.8042327022107
314.17547204771
319.544146628714
324.9048776209291
330.25314390789066
335.585188419001
340.89792601138845
346.18885657629596
351.4559846890404
356.69774747371844
361.9129500345463
367.1007089639892
372.2604030734222
377.39163086688137
382.4941739939335
387.56796598238213
392.6130656894966
397.6296347192265
402.61791834058096
407.57822936928136
412.5109346580418
417.41644359864375
422.2951986611977
427.14766734538864
431.97433549220034
436.7757017533768
441.55227291959244
446.304560141549
451.03307571410255
455.738330535124
460.4208319555229
465.0810820651155
469.71957630579567
474.33680238063613
478.93323939553517
483.50935716114935
488.06561573187196
492.60246504889983
497.12034466345864
501.6196836127145
506.1009003583536
510.56440277230035
515.0105882015691
519.4398435508169
523.8525454275194
528.2490603117694
532.6297447129086
536.9949453990195
541.3449995982495
545.6802352258525
550.0009711202616
554.3075172754251
558.6001750847996
562.8792375759235
567.1449896480941
571.3977083171743
575.637662943986
579.8651154582606
584.0803206050318
588.2835261402847
592.4749730693032
596.6548958438758
600.8235225771502
604.9810752348656
609.1277698362493
613.2638166408761
617.3894203306922
621.5047801867352
625.6100902605261
629.7055395418164
633.7913121161808
637.8675873220967
641.9345398997314
645.9923401358257
650.041154003445
654.0811432975091
658.1124657633588
662.1352752241804
666.1497217025097
670.1559515346797
674.154107487163
678.1443288653411
682.12675161249
686.1015084216956
690.068728827538
694.0285392960024
697.9810633319884
701.92642154573
705.8647317544669
709.7961090575307
713.7206659172522
717.6385122331458
721.549755419709
725.454500470653
729.3528500413037
733.2449044972732
737.130761996952
741.0105185336496
744.8842680144269
748.7521023048783
752.6141112953056
756.4703829478022
760.3210033485526
764.1660567612257
768.0056256802618
771.8397908623637
775.668631398168
779.4922247260849
783.3106466972088
787.1239716146805
790.9322722657935
794.7356199604454
798.5340845814177
802.3277346017503
806.1166371382266
809.9008579857826
813.6804616238452
817.4555112758632
821.2260689427391
824.9921954071366
828.7539502912958
832.5113920592963
836.2645780645616
840.0135645761212
843.7584067777783
847.4991588268231