480.5995156805928
480.5995156805928
480.5995156805928
480.5995156805928
480.5995156805928
480.5995156805928
480.59951567992096
480.59951568015464
480.59951568018226
480.5995156805772
480.59951568045295
480.5995156767421
480.59951565348837
480.59951553492454
480.5995150521645
480.5995134140594
480.59950864282627
480.59949638548204
480.5994680553997
480.5994081813883
480.5992909423952
480.59907597185287
480.59870359034363
480.59808972364937
480.5971207811091
480.5956487898299
480.59348705748505
480.5904065909439
480.5861334307578
480.5803470163155
480.57267962023906
480.56271683358926
480.54999905216766
480.5340238472884
480.5142491249904
480.490096911965
480.4609576375558
480.4261947677511
480.3851496480689
480.3371464447021
480.28149705090414
480.21750588920935
480.1444745047796
480.0617058999243
479.96850855665446
479.8642001059665
479.74811062541454
479.6195855486944
479.47798818459046
479.32270184985526
479.15313160924944
478.9687056753699
478.768876437824
478.55312117976365
478.32094248444844
478.07186836829055
477.80545214665227
477.52127207551433
477.2189307758312
476.8980544741627
476.558292074565
476.1993140776959
475.8208113790043
475.4224939448188
475.0040893965101
474.5653415113785
474.10600864923776
473.62586212149495
473.12468451134254
472.6022679555719
472.0584123843365
471.4929237509305
470.9056122250657
470.29629039176456
469.6647714210405
469.010867241747
468.3343867201402
467.6351338281506
466.91290581948346
466.1674914192745
465.39866901534026
464.6062048653874
463.7898513115167
462.9493450179027
462.08440522247963
461.19473201189373
460.2800046069039
459.33987969113923
458.3739897479484
457.3819414384565
456.3633140121457
455.31765774253245
454.24449242984696
453.1433059003108
452.0135526151437
450.85465228158847
449.66598855240005
448.44690778349656
447.19671786463357
445.9146871381829
444.60004340194655
443.2519730223657
441.86962014238543
440.4520860503164
438.99842864659763
437.5076621113432
435.9787567172484
434.4106388681468
432.8021913397937
431.15225378477953
429.45962353408424
427.72305670124507
425.94126968001365
424.1129410281875
422.2367138646585
420.31119878712633
418.33497739158844
416.30660656006444
414.22462350118326
412.08755175931026
409.89390827844386
407.6422117239745
405.33099221806435
402.95880271359914
400.52423229281715
398.0259216095316
395.46258095124955
392.8330111457238
390.1361279132586
387.3709901943707
384.5368328634406
381.6331048390991
378.65951314715267
375.61607389955657
372.50317126377536
369.3216255110571
366.07277130439553
362.75854767829753
359.3816009505384
355.94540205536634
352.45437933769057
348.91406819147676
345.3312776296132
341.71427411959144
338.07298069283894
334.4191892305674
330.76677946142627
327.1319370700121
323.5333579492847
319.99242085925533
316.533305614361
313.18302697724613
309.97134953372694
306.93054510315255
304.0949550258735
301.5003250497381
299.18289756306035
297.17826943132286
295.5200577767938
294.23845635905286
293.3587995544136
292.9002788727559
292.8749560942622
293.2871954380666
294.1335858999882
295.403358578457
297.0792364932278
299.1386035718864
301.55485025864544
304.29875260539177
307.33976749649713
310.647156912733
314.1908969903886
317.9423587837139
321.87477397186314
325.96351350746676
330.1862148145993
334.52279427976305
338.9553765475604
343.46817018760004
348.04731033863845
352.680686349961
357.3577647315007
362.06941769080106
366.8077598276059
371.56599799362044
376.3382946050864
381.11964514206915
385.90576922958365
390.69301447954507
395.4782723648256
400.2589045939063
405.0326791150341
409.79771452568286
414.5524320987078
419.29551384286543
424.0258667956565
428.7425917817515
433.4449565339714
438.13237260543025
442.80437519902785
447.4606060170447
452.10079814583196
456.7247632954967
461.3323805378338
465.9235866581495
470.49836778069186
475.05675215626826
479.59880390558413
484.12461748570763
488.6343130913633
493.12803257943045
497.6059358301407
502.0681977468783
506.5150056133323
510.94655674935404
515.3630565494541
519.7647167102657
524.1517537710803
528.524387845134
532.8828414205843
537.2273384799488
541.5581036296611
545.8753613938015
550.179335616196
554.4702489271813
558.7483223157723
563.0137747395847
567.2668228054508
571.5076805286259
575.7365590966197
579.9536666698591
584.1592082960492
588.3533857171294
592.5363973445038
596.7084381501465
600.8696996463259
605.0203698288376
609.1606331807486
613.2906706641951
617.410659725837
621.5207743129218
625.6211848983406
629.7120585181204
633.7935588009395
637.8658460166548
641.9290771199923
645.9834058009329
650.0289825374587
654.0659546522187
658.094466363974
662.1146588506541
666.1266703086501
670.1306360042654
674.1266883436244
678.114956931773
682.0955686137565
686.0686475654945
690.0343153340051
693.9926908821081
697.9438906953502
701.8880287741479
705.8252167404012
709.7555638720717
713.6791771629414
717.5961613693737
721.5066190748477
725.4106507202886
729.3083546952691
733.1998273338522
737.0851630177413
740.9644541636765
744.8377913262324
748.705263203323
752.5669567106961
756.4229570036455
760.2733475187255
764.1182100229048
767.9576246663705
771.7916699737093
775.620422959351
779.4439590728932
783.2623523010917
787.0756751963511
790.8839988865136
794.6873931066524
798.4859262691848
802.2796654379458
806.0686764132455
809.8530237621775
813.6327707670814
817.4079795359675
821.1787110368218
824.9450250466449
828.7069802631266
832.464634251575
836.2180435295209
839.9672635893965
843.7123488416678
847.4533527383511