86.09460241918454
86.06836495156071
86.02451964677019
85.96289123181052
85.88323231995885
85.78522137227237
85.66846001916198
85.53246968348239
85.37668745451765
85.20046114730953
85.00304342872278
84.78358492558043
84.54112615812367
84.27458814409542
83.98276146738077
83.66429358233509
83.31767404325346
82.9412173323006
82.53304283417548
82.0910514571561
81.61289826422146
81.09596033206927
80.53729889804595
79.93361463670607
79.28119462712381
78.5758492567812
77.81283692250774
76.98677387589379
76.09152607435365
75.12007924338235
74.06438287426629
72.91516347602301
71.66170280609958
70.2915784369778
68.79036916289691
67.14133916383739
65.32513986453732
63.31961966678704
61.099933314885114
58.639334973128186
55.911376394349205
52.8947339605879
49.582345479985904
45.995999686879685
42.203783629454044
38.32935152285479
34.53597110655829
30.982222978849617
27.77622630901313
24.9596391016215
22.522035535350234
20.42504036216368
18.621134830468865
17.064005807456276
15.712817172501866
14.533231318359402
13.497012546464589
12.581153106591223
11.76693936368155
11.039116517584052
10.385193923368478
9.794886429173616
9.259672558584766
8.772446983086015
8.327247746374681
7.919041123708855
7.5435520061887065
7.197128826804378
6.87663575064244
6.579366037555825
6.302971988903692
6.045407987363626
5.804883766472072
5.579826412094032
5.368848263507229
5.170720846543724
4.98435270178218
4.808771074175505
4.643106124693191
4.486577859257335