92.22110558992777
92.21953620974055
92.21690275093381
92.21317827147374
92.20832464114346
92.20229212947251
92.19501885510827
92.18643010843981
92.17643752225676
92.16493809114745
92.15181301309772
92.13692635070477
92.12012347686311
92.10122929323948
92.0800461866807
92.05635169470109
92.02989583699762
92.00039806286176
91.96754377172347
91.93098033183388
91.89031251183343
91.84509724347778
91.79483759731913
91.73897582564105
91.67688530583645
91.60786118488076
91.5311094566262
91.4457341542297
91.35072226849651
91.24492586954895
91.1270408009116
90.9955811230539
90.84884822072526
90.68489319132144
90.50147064859783
90.29598145052773
90.06540098511934
89.80618836601212
89.51417001245187
89.18438839878804
88.81090250022343
88.38652009173524
87.90243169880515
87.34769915169078
86.70852314699106
85.96716387832615
85.10029628608787
84.07640223648178
82.85143274979143
81.36115501316937
79.50661271387696
77.12373442842978
73.91125869587142
69.22902703462152
61.44859154862065
48.04839834243631
36.27867835394001
29.33790453393869
24.794455054670518
21.52659925310084
19.03404764323901
17.05677514194241
15.443476007690844
14.098798163544982
12.95904099298562
11.979718753960828
11.128662341373255
10.38194502882694
9.721351891068847
9.132742188590466
8.604952963097674
8.129043400825893
7.697761130325566
7.3051570573091
6.9463020773618
6.617075588644532
6.31400468025121
6.034140858890622
5.77496385727146
5.534306289677695
5.31029351591022
5.101295623837962
4.905888545523826
4.722822570024971
4.5509961699052885
4.3894347276332715
4.237272781595493
4.093738893609667
3.9581434729240375
3.8298679815339147
3.708356140475041
3.593106291729097
3.483664638462399
3.3796200204328746
3.28059866296137
3.186260272728679
3.096294278166639
3.010416764546884
2.92836739368076
2.849907449829942