1.024380472130488
1.0247473953012731
1.0253629917836293
1.0262333901025689
1.0273672540389287
1.028775867307289
1.0304732438791373
1.0324762646856844
1.0348048421233902
1.0374821136474643
1.0405346663076784
1.0439927939632547
1.047890789558777
1.0522672747203377
1.0571655694353068
1.0626341046637775
1.0687268810714752
1.075503977282709
1.0830321109695757
1.0913852565231965
1.1006453230597661
1.1109028961071366
1.12225804631231
1.1348212080825528
1.1487141300962
1.164070898206407
1.1810390297185869
1.1997806350158446
1.2204736382961543
1.2433130441157876
1.2685122278258503
1.296304216872123
1.3269429145358644
1.3607041944719291
1.397886763401936
1.4388126441463058
1.4838270660959731
1.5332974569214488
1.5876110935478345
1.6471707661503325
1.7123875086181028
1.7836689821755898
1.8614013795857502
1.9459215663962202
2.037474289766265
2.1361460987251837
2.2417620138411074
2.353720667565515
2.4707235653698554
2.5903123089215034
2.7080329416511884
2.8158085701149678
2.898422132375251
2.9248018975597
2.8247725587052686
2.5158808926822362
2.2611415870022213
2.1350165954395974
2.0598905904390916
2.007359695564675
1.966672444285325
1.9329578065695092
1.9037037260911747
1.8774896133909902
1.8534550782428052
1.8310504778084133
1.809909245179376
1.7897779926305353
1.770476120358014
1.7518714172366112
1.733864765210823
1.7163802429804482
1.6993585465523564
1.682752509543699
1.6665239882841738
1.6506416554160412
1.6350794095304102
1.6198152120156588
1.6048302233809335
1.5901081555012975
1.5756347757608
1.5613975301532221
1.5473852431794586
1.5335878916029473
1.5199964167809559
1.5066025784843644
1.4933988361420152
1.4803782520220974
1.4675344121460143
1.4548613605958316
1.4423535450159815
1.4300057708085854
1.4178131623503618
1.4057711302781541
1.3938753431587272
1.3821217033702342
1.3705063260491195
1.3590255208272528
1.3476757754469149
1.3364537428197951