0.9974753447299869
0.9974421206912459
0.9973863702091395
0.9973075233765829
0.9972047737035469
0.9970770692590231
0.9969231012753652
0.9967412897304497
0.9965297659812772
0.9962863519971626
0.9960085361126212
0.9956934447072244
0.9953378096531127
0.9949379308329641
0.9944896332624392
0.9939882180586911
0.9934284065105682
0.9928042763547453
0.992109188918128
0.9913357059380501
0.9904754945666776
0.989519218433722
0.9884564125401064
0.9872753393301824
0.9859628225477474
0.9845040546575119
0.9828823730139612
0.9810789985784717
0.9790727293618331
0.9768395792964729
0.9743523503040601
0.9715801222371312
0.9684876418187837
0.9650345817289377
0.961174646844634
0.9568544677066309
0.9520122393702276
0.9465760171374455
0.9404615648113986
0.9335696040739156
0.9257822520556306
0.916958337493849
0.9069271382226421
0.8954798453350168
0.8823576681186303
0.86723482561651
0.8496934781183327
0.8291854189967582
0.80497091711261
0.7760156820321714
0.7408051688626273
0.6969798660214201
0.6405355646738324
0.563825599734065
0.450559284308494
0.2906295005952513
0.17257547074807422
0.10298628779977848
0.05215961182131634
0.009923751480755971
-0.027570616003036452
-0.062085324587386026
-0.09454194353048218
-0.12547082220075767
-0.15520009094123122
-0.18394486307686808
-0.21185312991712113
-0.2390310141638885
-0.26555743419927547
-0.2914930045215609
-0.31688564215192905
-0.34177421231275495
-0.3661909655542188
-0.3901632073785395
-0.4137144674695543
-0.43686533480035283
-0.45963406546247043
-0.482037032338293
-0.5040890634167958
-0.5258036999680984
-0.5471933966477689
-0.5682696785694423
-0.589043266329111
-0.6095241767123172
-0.6297218049779669
-0.6496449927088372
-0.6693020837593879
-0.6887009737718222
-0.7078491437458272
-0.7267537200281424
-0.7454214581583587
-0.763858814656289
-0.7820719481171059
-0.8000667442982676
-0.8178488347000625
-0.8354236131452444
-0.8527962508087645
-0.8699717098214945
-0.8869547677271994
-0.9037499818881489