0.9983168964866956
0.9982947471275355
0.9982575801394655
0.9982050155844292
0.9981365158024069
0.9980513795060598
0.9979487341836238
0.9978275264870166
0.9976865106542383
0.9975242346648328
0.997339024075143
0.997128963138217
0.9968918731021483
0.9966252872220558
0.9963264221750464
0.9959921453725556
0.9956189376738159
0.9952028509032773
0.9947394592788766
0.9942238039588366
0.9936503297112681
0.9930128122893122
0.9923042750269174
0.9915168928869852
0.9906418816987138
0.9896693697719104
0.988588248676232
0.987385999052596
0.9860484862415291
0.984559719531316
0.9829015668697364
0.9810534148251475
0.9789917608998819
0.9766897211530831
0.974116431230247
0.9712363118049445
0.9680081595807071
0.9643840114255475
0.9603077098748731
0.9557130693832332
0.9505215013710465
0.9446388916631777
0.9379514254823332
0.930319896890506
0.9215717787461188
0.9114898837445001
0.8997956520787334
0.8861236126638734
0.8699806114070516
0.8506771213523134
0.8272034459041862
0.7979865773408097
0.7603570431041704
0.7092170664674537
0.6337061895011624
0.5270863336487835
0.4483836470316266
0.4019908583575933
0.3681064076684071
0.33994916742004366
0.3149529224066139
0.2919431166656754
0.27030537061710613
0.24968611812667785
0.22986660558570993
0.21070342411033183
0.19209791282701882
0.17397932326727927
0.15629504317573728
0.13900466288621072
0.12207623771722442
0.10548385751978362
0.08920602192629845
0.07322452726768436
0.05752368708708344
0.042089775401445095
0.026910621482012953
0.011975310072640521
-0.002726044243688275
-0.017202468712685715
-0.03146226670850405
-0.04551312155197573
-0.05936218030875917
-0.07301612083763054
-0.08648120663008108
-0.09976333200227394
-0.11286805983084447
-0.125800651828603
-0.13856610185555596
-0.1511691519306635
-0.16361430917868924
-0.1759058805567255
-0.18804796994666928
-0.20004450119015615
-0.2118992286239716
-0.22361574813320706
-0.23519750717128263
-0.24664781382937662
-0.2579698447438079
-0.26916665416997043