1.0061632032772727
1.0062596700818371
1.00642150742319
1.0066503148819357
1.006948353114997
1.0073185651920051
1.007764604506397
1.0082908691291468
1.0089025431367404
1.0096056449903816
1.0104070835223937
1.0113147216477394
1.012337448470721
1.0134852599976736
1.0147693490143443
1.0162022044874375
1.0177977209746307
1.0195713184792174
1.0215400728128206
1.0237228567904049
1.0261404923468287
1.0288159130367047
1.031774336298637
1.0350434443917624
1.0386535720095873
1.0426378974646
1.047032633356534
1.0518772105608225
1.0572144467073985
1.0630906874846784
1.0695559039487659
1.0766637229113303
1.0844713592188364
1.0930394061585593
1.102431424224106
1.1127132451414363
1.1239518748616342
1.1362138322875355
1.1495626926854636
1.1640555029774413
1.1797375877836533
1.1966350343078982
1.214743789564291
1.2340137351410054
1.254325171759257
1.2754535639066615
1.2970155986644971
1.318384437261901
1.3385519017143317
1.3558940778290487
1.367748334043989
1.3695871968690538
1.3532239277220128
1.3023538766602851
1.1809147406037017
0.9535610201642446
0.7768281173177998
0.6806615334116908
0.6160876726860254
0.5657272608162187
0.5230025579202726
0.4849195720298587
0.4499241748892855
0.41713034286602424
0.3859960665785489
0.35617082145821044
0.3274173141706811
0.299568542261909
0.2725029248336699
0.24612924690137916
0.2203772003192066
0.19519124948106104
0.17052654262826783
0.14634612002069858
0.12261896623670943
0.09931862517832446
0.07642219719396959
0.053909601616104474
0.031763025799949496
0.00996650807589905
-0.011494382519132706
-0.03263279501247052
-0.05346079220811628
-0.0739895063064413
-0.09422926425924416
-0.11418969479913255
-0.1338797952158597
-0.15330801668710325
-0.1724823101942663
-0.19141021650052714
-0.21009884012527102
-0.22855493090074752
-0.24678490405215214
-0.2647948671774527
-0.2825906441424211
-0.3001777960153964
-0.3175616397747092
-0.3347472758806527
-0.3517395607833853
-0.3685431826796828