697017.4970372543
696995.0951855894
696935.4487045251
696839.111701271
696707.1183514984
696540.5129447264
696340.5594738042
696110.5623541042
695851.3185936329
695565.7965203067
695256.9439812729
694927.91481289
694582.127036755
694224.5152330315
693855.4970221629
693482.9248187738
693110.0407340181
692741.6611979548
692382.4357795848
692037.8016574166
691713.1514485062
691413.6478299213
691144.8737548953
690913.1981461014
690723.9061487985
690583.286950319
690497.2071843669
690472.4325454793
690514.7847322439
690630.5385828539
690826.322008024
691108.4710267972
691483.4023006817
691957.5906414625
692537.1463325233
693229.1766683816
694040.0582788795
694975.9089632154
696042.5258067824
697246.8000547639
698595.0602059306
700093.3742550284
701748.1378395277
703564.4963563291
705549.3046685222
707708.1186093219
710046.726561742
712570.8478853332
715286.0262978169
718197.7057653446
721311.2552596435
724631.9336411499
728164.8399683285
731914.9908069946
735887.2512446427
740086.397653892
744517.0330121275
749183.6817117581
754090.6446277644
759242.2176503845
764642.4701324031
770295.3728645736
776204.744033236
782374.2950086852
788807.5822536447
795509.0359016254
802478.8674142408
809723.3394322002
817244.4026799074
825044.9444358932
833127.7187948747
841495.345562216
850150.8782674852
859094.9355954265
868331.4921758363
877862.0414684039
887688.5632178322
897812.8987960471
908236.763538477
918961.75832931
929989.3600707245
941320.932837728
952957.7077380721
964900.8021033385
977151.2733206848
989709.9970956391
1.0025777642017998e6
1.0157552930643425e6
1.0292431642445694e6
1.0430418618246012e6
1.057151779989066e6
1.0715732150801334e6
1.0863063691267455e6
1.1013513529584913e6
1.1167081903748927e6
1.1323768188281877e6
1.1483570929029193e6
1.1646487867978965e6
1.181251597282731e6
1.1981651450126774e6
1.2153889760620706e6
1.232922578205748e6
1.2507653548038679e6
1.2689166582806625e6
1.2873757652650424e6
1.3061419108471547e6
1.3252142645741333e6
1.3445919279792698e6
1.3642739820180517e6
1.3842594251286779e6
1.4045472358559924e6
1.4251363295784534e6
1.4460255966887674e6
1.4672138717738427e6
1.4886999624554934e6
1.510482637848876e6
1.5325606363835002e6
1.5549326648309624e6
1.577597405990541e6
1.6005535139503498e6
1.623799618069842e6
1.6473343345563929e6
1.6711562287192447e6
1.6952639109592927e6
1.7196558994453321e6
1.7443307508198265e6
1.7692869924511914e6
1.7945231470024213e6
1.8200377396652629e6
1.845829237752883e6
1.8718961594810819e6
1.8982370019659377e6
1.9248502431296583e6
1.951734388413785e6
1.9788879200806615e6
2.0063093340661484e6
2.0339971237338241e6
2.0619497836065236e6
2.090165822759162e6
2.118643750002382e6
2.147382081617167e6
2.176379343492161e6
2.2056340745858382e6
2.235144815229605e6
2.264910125303652e6
2.294928569354377e6
2.3251987292744378e6
2.3557192002405333e6
2.3864885903258407e6
2.417505519954629e6
2.4487686273491047e6
2.480276567205015e6
2.512028005731263e6
2.5440216352707865e6
2.5762561471643825e6
2.6087302814657665e6
2.641442765117101e6
2.674392333140694e6
2.707577798577377e6
2.7409979242336196e6
2.7746515473747654e6
2.8085374787626485e6
2.8426546093567065e6
2.8770017356196353e6
2.9115778092462174e6
2.946381720746152e6
2.9814123998210435e6
3.0166687977251024e6
3.0521498784148796e6
3.0878546339368336e6
3.123782073303701e6
3.1599312352732862e6
3.196301123978562e6
3.2328908574991715e6
3.2696995013409317e6
3.3067261624509674e6
3.3439699675997314e6
3.381430061372004e6
3.4191056124355043e6
3.456995788623146e6
3.495099810543596e6
3.5334168922913047e6
3.5719462444703234e6
3.6106871645777663e6
3.6496389068725556e6
3.688800770930196e6
3.7281720519896206e6
3.7677521045976356e6
3.8075402454446247e6
3.84753584952466e6
3.887738289181741e6
3.9281469641507696e6
3.968761278905144e6
4.009580663287972e6
4.0506045596371125e6
4.091832429140427e6
4.1332637281133784e6
4.174897958221986e6
4.216734627240858e6
4.258773239833197e6