237694.20315379256
237772.7626945287
237982.3802288452
238323.35917054318
238796.2376725288
239401.73447555114
240140.7569547772
241014.41973877125
242023.99476471866
243170.94835091368
244456.91556213176
245883.69533337923
247453.22988385052
249167.6044069789
251029.07683072877
253039.98196743624
255202.78668171933
257520.0709195181
259994.49176411642
262628.81781885924
265425.85163140134
268388.4793984544
271519.63017486106
274822.2832181073
278299.42670987686
281954.0713781256
285789.2551114757
289807.9907482604
294013.36291104776
298408.2717375831
302995.72970683395
307778.6772644684
312759.9934172265
317942.5366971381
323329.08334733173
328922.38280899555
334725.11046787736
340739.82082390215
346969.14030138205
353415.0624143336
360080.8564515145
366968.0302877277
374079.0056502074
381415.8968958155
388980.6917465704
396775.3192928606
404801.6218042609
413061.34195282334
421556.07626829634
430287.41667072196
439256.8091641987
448465.6200279996
457915.1208254
467606.4938887429
477540.8380757093
487719.16201390186
498142.38600267307
508811.3487847366
519726.8101231154
530889.4438020581
542299.8477773377
553958.546016505
565865.9873150248
578022.5491966353
590428.5422256056
603084.2044635911
615989.7159689483
629145.1914999573
642550.6878126283
656206.201984633
670111.6791718903
684267.012857255
698672.0443502655
713326.5670919645
728230.3310026224
743383.042368418
758784.3654626865
774433.9275247034
790331.318552597
806476.0941559533
822867.7781870773
839505.8638200638
856389.815982594
873519.0732144472
890893.0494818687
908511.1359589789
926372.7027065908
944477.100581388
962823.6625253063
981411.7055849191
1.0002405317774465e6
1.0193094308218462e6
1.0386176773619842e6
1.0581645407081735e6
1.077949277318582e6
1.0979711373997277e6
1.1182293632138844e6
1.1387231916490542e6
1.1594518561249245e6
1.1804145852826855e6
1.2016106055345226e6
1.223039142107674e6
1.2446994195416844e6
1.266590662301702e6
1.2887120952306935e6
1.3110629457216663e6
1.3336424434180418e6
1.3564498213822688e6
1.3794843151606186e6
1.4027451669192605e6
1.4262316188333384e6
1.4499429245126583e6
1.4738783419391816e6
1.4980371329157166e6
1.522418566873997e6
1.5470219239440397e6
1.5718464922520823e6
1.5968915533567842e6
1.6221564153068447e6
1.6476403936511793e6
1.673342795934293e6
1.6992629532274096e6
1.7254002049553194e6
1.751753894993733e6
1.778323374578934e6
1.8051080220491886e6
1.8321072066767244e6
1.8593203072167984e6
1.8867467336094189e6
1.9143858847690476e6
1.942237177713094e6
1.9703000391143602e6
1.998573906252554e6
2.0270582271196807e6
2.0557524690202225e6
2.0846560753093937e6
2.1137685487002134e6
2.143089373938522e6
2.172618048230686e6
2.2023540817200383e6
2.232296999039597e6
2.2624463278445574e6
2.2928016097032567e6
2.3233623979314496e6
2.3541282542035235e6
2.3850987490505087e6
2.4162734647817924e6
2.447651992016811e6
2.479233933275733e6
2.511018898349666e6
2.543006510557196e6
2.5751963964634826e6
2.607588195339202e6
2.6401815574197317e6
2.672976138852492e6
2.705971606508461e6
2.739167635747529e6
2.772563911649609e6
2.8061601250388734e6
2.8399559788050116e6
2.873951180334633e6
2.9081454469487956e6
2.9425385097332885e6
2.977130095049958e6
3.0119199472143734e6
3.0469078187568216e6
3.0820934736741125e6
3.117476642010223e6
3.1530571299261153e6
3.1888347051362237e6
3.2248091525247134e6
3.260980264925102e6
3.2973478408241444e6
3.3339116862695552e6
3.3706716133011524e6
3.4076274404603504e6
3.444778992456248e6
3.482126100568088e6
3.519668601122062e6
3.5574063363956003e6
3.595339155117302e6
3.633466911138543e6
3.6717894638862275e6
3.710306678004441e6
3.7490184385502767e6
3.787924575862944e6
3.8270250126431966e6
3.866319624562192e6
3.905808295353176e6
3.9454909223045446e6
3.9853674037810247e6
4.025437642304794e6
4.0657015461390074e6
4.106159027346613e6
4.146810001901839e6
4.187654389355638e6
4.228692114082382e6
4.269923103403864e6
4.311347289022821e6
4.352964605974521e6