381860.8458582015
381901.5347717748
382010.6493873361
382188.33033054357
382435.34949838393
382752.62956303405
383141.5181323101
383603.4340956977
384140.11133148544
384753.6436959822
385446.1152858129
386220.07400484383
387078.180031557
388023.2839226844
389058.5124643865
390187.0819641381
391412.4557462055
392738.187872523
394167.97008215357
395705.7742605605
397355.6192692318
399121.46255007375
401007.5779559077
403018.22699455486
405157.74491268804
407430.5403060656
409841.0120416515
412393.7481320716
415093.11715675646
417941.87646727613
420949.87556965556
424116.26221999957
427447.236912334
430947.2680117559
434620.7237989834
438471.80074083374
442505.23627818585
446724.78171101154
451134.74048003694
455739.16510387673
460542.0595789595
465547.30952326325
470758.72188333387
476179.9945999024
481814.7306510261
487666.4176505349
493738.47193878004
500034.14809107
506556.6637604547
513309.0263315507
520294.18684999034
527514.9764121186
534974.100719553
542674.1436172826
550617.587061741
558806.7806946111
567243.9698590534
575931.2644812961
584870.6826024737
594064.1133640517
603513.3394059177
613220.0255042611
623185.7322325509
633411.9112631485
643899.908575112
654650.9563084601
665666.1955908631
676946.6636865909
688493.2995515531
700306.9453402181
712389.4520734324
724738.1726770364
737356.9901200343
750245.283146089
763403.455080186
776831.8332256384
790530.6461496284
804500.0768403797
818740.2170787087
833251.0917549068
848032.6601536474
863084.8169506674
878407.3900123929
894000.1573458716
909862.8253359915
925995.061426085
942396.4712865807
959066.6138592628
976005.0006208373
993211.098001914
1.0106843318788996e6
1.0284240835493891e6
1.0464297018042959e6
1.0647004959728085e6
1.0832357451416545e6
1.1020346933946023e6
1.1210965578269716e6
1.1404205272606853e6
1.160005766366426e6
1.1798514149286845e6
1.1999565915954146e6
1.2203203962557367e6
1.2409419070640188e6
1.2618201918155255e6
1.2829542973819373e6
1.3043432620566762e6
1.325986111708986e6
1.3478818550038193e6
1.370029507208952e6
1.392428052783493e6
1.415076495924219e6
1.4379738210567306e6
1.4611190049512694e6
1.4845110361516033e6
1.5081488896532166e6
1.5320315575780903e6
1.5561579862877615e6
1.5805271866776096e6
1.6051381338918926e6
1.6299898133511632e6
1.6550812181464224e6
1.6804113413163326e6
1.705979184179154e6
1.7317837548689176e6
1.757824071654046e6
1.784099148442372e6
1.8106080156250768e6
1.8373497305160868e6
1.8643233325375328e6
1.8915278522553085e6
1.9189623915048493e6
1.9466260238123713e6
1.9745178196041982e6
2.0026368997413083e6
2.030982368623864e6
2.059553364072613e6
2.0883489870733768e6
2.11736841456318e6
2.1466108036725065e6
2.1760753264155407e6
2.2057611697357283e6
2.2356675359154176e6
2.265793630614345e6
2.296138679930968e6
2.3267019324833546e6
2.3574826394515634e6
2.3884800631299247e6
2.4196934849486696e6
2.451122199478072e6
2.4827655143830716e6
2.5146227491074675e6
2.546693236198023e6
2.5789763333835234e6
2.611471383435449e6
2.6441777748308685e6
2.6770949022986735e6
2.710222142956612e6
2.743558925081174e6
2.7771046789202103e6
2.8108588439754755e6
2.844820870326913e6
2.8789902289077737e6
2.9133663832624517e6
2.947948839402577e6
2.982737096187126e6
3.0177306869213167e6
3.0529290840097535e6
3.0883318805246134e6
3.1239386097737537e6
3.1597488365980545e6
3.195762132713575e6
3.231978084052348e6
3.2683962861504797e6
3.305016348197522e6
3.3418378865819955e6
3.378860531689803e6
3.4160839206047384e6
3.453507704501188e6
3.491131543554048e6
3.528955102976411e6
3.5669780663648285e6
3.605200119757263e6
3.643620962134121e6
3.6822403010737887e6
3.7210578521155445e6
3.7600733651505355e6
3.7992865068281973e6
3.838697074014024e6
3.8783048125724243e6
3.918109473886667e6
3.9581108250561412e6
3.9983086388806337e6
4.0387027051382493e6
4.079292803099651e6
4.120078741367941e6
4.161060315972672e6
4.202237341468437e6
4.243609634904891e6
4.285177021526849e6
4.326939336672311e6