551976.8873680509
551980.8654133002
551991.6550819495
552009.7346204445
552036.0135517074
552071.6016787227
552117.9144009729
552176.8225451569
552250.3456152022
552340.8108037218
552450.905684956
552583.5796942473
552741.9667669829
552929.5004942061
553149.9344719013
553407.1182470139
553705.1743567642
554048.4916524342
554441.386153773
554888.7898698982
555395.5926461831
555966.5673575719
556606.9616213357
557322.0113818662
558117.0272372172
558997.5851777032
559968.8419749263
561037.1497190483
562207.4081476193
563485.5719481565
564877.3131725423
566388.3573111835
568024.4203335425
569791.2136572385
571694.425082089
573739.72224411
575932.7365171404
578279.0435759141
580784.2176358695
583453.5683639339
586292.6426244224
589306.7113304117
592500.9937869238
595880.6468651379
599450.7010007261
603216.0875822642
607181.6972178151
611352.2198990321
615732.3294748031
620326.4873625528
625139.0922691732
630174.4175586572
635436.6040989129
640929.6633548881
646657.4900767554
652623.8465647838
658832.366758424
665286.54905961
671989.7628512165
678945.2535240359
686156.1199646695
693625.345060751
701355.7680935808
709350.114489922
717610.9693629014
726140.7738308908
734941.876683131
744016.4683805659
753366.6307400386
762994.3083154467
772901.3401422945
783089.4371173634
793560.1891095107
804315.077377921
815355.4549338786
826682.5754864205
838297.5742766194
850201.4829711497
862395.223633619
874879.616458721
887655.3836816002
900723.1458171211
914083.4222975501
927736.6556788203
941683.1714738475
955923.2344937961
970457.0058098403
985284.5703482698
1.0004059296767126e6
1.0158210123919011e6
1.031529667156391e6
1.0475316711620947e6
1.0638267338025244e6
1.080414496112849e6
1.0972945350735784e6
1.1144663657655185e6
1.1319294441402042e6
1.1496831696598465e6
1.1677268876867837e6
1.1860598916510676e6
1.2046814264171072e6
1.2235906896700733e6
1.2427868364867074e6
1.2622689799067695e6
1.2820361894292457e6
1.3020875031675017e6
1.3224219270446284e6
1.343038416332237e6
1.3639359224159853e6
1.3851133490587883e6
1.4065695818954338e6
1.428303476927792e6
1.4503138748144826e6
1.4725995917300389e6
1.4951594246697014e6
1.517992158539296e6
1.5410965551691726e6
1.5644713741526383e6
1.5881153547187205e6
1.6120272313400365e6
1.6362057273453153e6
1.6606495660694716e6
1.685357441907698e6
1.7103280831303403e6
1.7355601880885155e6
1.7610524559298037e6
1.7868036013777778e6
1.812812321835232e6
1.8390773283888286e6
1.8655973278698942e6
1.8923710400299877e6
1.9193971854030006e6
1.9466744781606623e6
1.9742016698380625e6
2.0019774907058044e6
2.0300007122331476e6
2.0582700419915386e6
2.0867843007629868e6
2.1155422526440844e6
2.144542689434138e6
2.1737844453181615e6
2.2032662452333895e6
2.2329870144024296e6
2.26294555886021e6
2.293140745021132e6
2.32357143914449e6
2.354236526385116e6
2.385134911291244e6
2.4162655125023434e6
2.447627260298887e6
2.479219126216559e6
2.511040031855117e6
2.5430889789007995e6
2.575364968205331e6
2.607867007009423e6
2.640594134472326e6
2.673545404253752e6
2.7067198520482834e6
2.7401165927453283e6
2.7737347114508087e6
2.8075733490861203e6
2.841631589601867e6
2.8759086109669106e6
2.910403577142317e6
2.9451156732472167e6
2.980044098555838e6
3.015188071549594e6
3.0505468279098575e6
3.086119615051761e6
3.12190570349546e6
3.1579043762081573e6
3.1941149315438727e6
3.2305366860465566e6
3.2671689749866277e6
3.304011138715351e6
3.3410625513661485e6
3.37832258237538e6
3.4157906293593002e6
3.4534661048423206e6
3.4913484184933905e6
3.5294370317320204e6
3.567731398799148e6
3.606230929922135e6
3.6449351767708496e6
3.6838436052301223e6
3.722955729990751e6
3.7622710694999243e6
3.801789160195694e6
3.841509552140146e6
3.8814318078506556e6
3.9215554978722134e6
3.961880210483995e6
4.0024055463915947e6
4.043131111972014e6
4.0840565328983054e6
4.125181442138405e6
4.1665054834741424e6
4.208028312418088e6
4.249749600217825e6
4.291669019266548e6