562170.1419999542
562172.1292854191
562177.5879960645
562187.0632410024
562201.4111714299
562221.767928637
562249.311216308
562286.6578872459
562335.1135552382
562397.2625115288
562475.8112913965
562573.7318666335
562694.1889695632
562840.6136414297
563016.8142028688
563226.6598373421
563474.3120309949
563764.1784542179
564100.6052451414
564488.5833400104
564933.0348654481
565438.7682519888
566011.0748581992
566655.237349271
567376.6116757804
568180.8236086793
569073.0698126719
570059.7808639251
571145.8832175912
572337.3975151792
573640.0499574888
575059.6258639977
576601.8966787254
578272.6451037889
580077.5406861905
582022.5289690989
584113.0993092277
586354.9588363951
588753.7573449647
591314.8547224825
594043.8852547478
596946.1847483624
600027.0450721161
603291.69082829
606745.2300289983
610392.6651814913
614238.9621357054
618288.8854273859
622547.1836080921
627018.3948769248
631706.9921077263
636617.3234927881
641753.6094171031
647119.9340061188
652720.2725580672
658558.4615989488
664638.2087966566
670963.0911490617
677536.5510410442
684361.9111808076
691442.3423520576
698780.9032415121
706380.5054049288
714243.9472967854
722373.8854314593
730772.8327497315
739443.2067536722
748387.26758986
757607.1643923345
767104.9103829353
776882.4082724762
786941.4340869462
797283.6407694395
807910.5714658786
818823.639487006
830024.1576729856
841513.3185174153
853292.2107823493
865361.8075680148
877722.9850972812
890376.5156659356
903323.0695459751
916563.2139355467
930097.4357525685
943926.1067879354
958049.5335635683
972467.9179511641
987181.3837064601
1.0021899708662819e6
1.0174936401791198e6
1.0330922755750575e6
1.0489856870385865e6
1.0651736125366692e6
1.0816557216329346e6
1.098431617476399e6
1.1155008397598993e6
1.1328628670872515e6
1.1505171199254468e6
1.1684629629405637e6
1.1866997069928078e6
1.205226612852869e6
1.2240428925641205e6
1.243147713485806e6
1.2625401997259473e6
1.2822194296988416e6
1.3021844511996852e6
1.3224342733614873e6
1.342967858357247e6
1.3637841605095183e6
1.3848820853674146e6
1.4062605196137305e6
1.4279183184183734e6
1.4498543191437684e6
1.4720673362956375e6
1.4945561616344044e6
1.5173195735839033e6
1.5403563300595079e6
1.5636651798412902e6
1.5872448543095454e6
1.6110940778969517e6
1.635211563040378e6
1.6595960215278002e6
1.6842461347342434e6
1.7091606172358147e6
1.7343381544980214e6
1.7597774307426678e6
1.7854771407839532e6
1.811435970293518e6
1.8376526118580413e6
1.864125754319593e6
1.8908541001410196e6
1.917836350567286e6
1.945071200572067e6
1.9725573814140863e6
2.0002936056686554e6
2.028278622720539e6
2.0565111192945633e6
2.0849898959922583e6
2.113713695348924e6
2.1426812877653292e6
2.1718914856646396e6
2.2013429947478073e6
2.2310347101451266e6
2.2609654265752984e6
2.291133978457708e6
2.3215392156220726e6
2.3521800002774587e6
2.383055213641125e6
2.4141637734857006e6
2.445504544621853e6
2.477076475488117e6
2.508878510030195e6
2.540909605837906e6
2.5731687410344323e6
2.6056549013674664e6
2.6383671039820584e6
2.671304381579933e6
2.704465766346734e6
2.737850313333682e6
2.77145710536599e6
2.8052852430441915e6
2.8393338299882277e6
2.8736020045160097e6
2.9080889058094e6
2.9427937030874584e6
2.977715574530227e6
3.0128537186436276e6
3.0482073518579337e6
3.083775702227784e6
3.119558021613931e6
3.1555535742417052e6
3.1917616395333405e6
3.228181518014589e6
3.264812524102031e6
3.301653986353778e6
3.338705251294224e6
3.375965680680499e6
3.4134346525382483e6
3.4511115631817468e6
3.488995805760808e6
3.5270868266501147e6
3.5653840529232705e6
3.60388691326649e6
3.6425949111291813e6
3.681507508666954e6
3.7206242068859935e6
3.759944509767891e6
3.7994679401363293e6
3.8391940369160855e6
3.879122342915711e6
3.919252430036951e6
3.959583848498239e6
4.0001162102725636e6
4.040849101724292e6
4.081782136953053e6
4.122914937069021e6
4.164247135655406e6
4.205778376195327e6
4.247508320160457e6
4.2894366286328565e6