301053.4851816817
301114.61036713806
301277.7482951713
301543.2882224582
301911.8282834771
302384.230031707
302961.5528259863
303645.13377360406
304436.43910359347
305337.22571767983
306349.3945144068
307475.13757770066
308716.6752347952
310076.53723486175
311557.3947437897
313162.02270640037
314893.41276893823
316754.5238677114
318748.65601251565
320879.11438608123
323149.22857719345
325562.60210607573
328122.65403291385
330833.0646534049
333697.47003600304
336719.57152340736
339903.0671892916
343251.75123572326
346769.2929490899
350459.4245279335
354325.8781277591
358372.3484714498
362602.437994489
367019.7955013765
371627.9666619722
376430.45436367893
381430.6989598705
386632.0606230546
392037.83251608117
397651.2300019305
403475.3793563999
409513.3269146024
415768.0106199174
422242.29689988855
428938.91682219494
435860.527216404
443009.7014935288
450388.88541633706
458000.3986102068
465846.51111790247
473929.3420732735
482250.92990666314
490813.18807561207
499617.9382009058
508666.90127306874
517961.68564491067
527503.80274279
537294.6515598686
547335.5540448445
557627.7203639545
568172.2544476888
578970.191058272
590022.4562171235
601329.8915668539
612893.2485529743
624713.1942430758
636790.3129186784
649125.1082006485
661718.0073040558
674569.3573700599
687679.4332800953
701048.4530650175
714676.5445067589
728563.7831846963
742710.1792187282
757115.6827526812
771780.184476372
786703.5201454049
801885.4744961667
817325.7780117088
833024.1163531377
848980.1270781504
865193.4068127812
881663.5084562023
898389.9472677622
915372.2016066721
932609.7151892782
950101.8992044677
967848.1345117737
985847.7733258521
1.0041001416450201e6
1.0226045414330058e6
1.0413602472376932e6
1.060366520477594e6
1.0796226007099194e6
1.099127706295161e6
1.1188810361754126e6
1.1388817799855128e6
1.1591291187384431e6
1.179622220621915e6
1.2003602370874193e6
1.2213423138180978e6
1.242567588442959e6
1.2640351968087428e6
1.2857442610407495e6
1.3076939061502533e6
1.3298832524324472e6
1.3523114144639918e6
1.3749775122589902e6
1.3978806641226471e6
1.4210199810649757e6
1.4443945888386245e6
1.4680036047629607e6
1.4918461581168296e6
1.515921371697469e6
1.5402283938790974e6
1.5647663352308976e6
1.5895343648179434e6
1.6145316253066293e6
1.6397572755122497e6
1.665210481412319e6
1.6908904143064911e6
1.716796256954365e6
1.7429271988589072e6
1.7692824396184785e6
1.7958611885645876e6
1.8226626638661292e6
1.8496860935900758e6
1.8769307170178774e6
1.9043957829170576e6
1.9320805520367005e6
1.9599842963749648e6
1.988106291916943e6
2.0164458406927139e6
2.045002243562502e6
2.0737748136330247e6
2.1027628839477543e6
2.131965789012892e6
2.161382883691734e6
2.1910135278725596e6
2.220857100483714e6
2.2509129827028792e6
2.281180576350728e6
2.3116592900270177e6
2.3423485464264145e6
2.373247779958663e6
2.4043564338738155e6
2.4356739659709847e6
2.4671998438126594e6
2.4989335524891205e6
2.53087457829383e6
2.563022425277722e6
2.5953766090584006e6
2.627936654804944e6
2.660702097932566e6
2.69367248720485e6
2.7268473797687315e6
2.760226348430426e6
2.7938089694472435e6
2.8275948339713947e6
2.8615835434383196e6
2.895774709961991e6
2.9301679491612464e6
2.9647628982144105e6
2.9995591929195514e6
3.034556507745864e6
3.0697544472284014e6
3.1051527313184035e6
3.140751022231532e6
3.1765490075142058e6
3.2125463875623215e6
3.248742863481192e6
3.285138150742713e6
3.321731972614303e6
3.3585240595216975e6
3.395514150961774e6
3.4327019947639806e6
3.4700873456051117e6
3.50766996683392e6
3.545449626571399e6
3.5834261059780307e6
3.6215991867429717e6
3.659968666896686e6
3.698534340461471e6
3.7372960156169245e6
3.7762535047665555e6
3.8154066299906475e6
3.8547552094544433e6
3.8942990833125506e6
3.934038084982045e6
3.973972066890303e6
4.0141008768219464e6
4.0544243540300243e6
4.0949423807020783e6
4.135654811205847e6
4.1765615307751494e6
4.217662407649484e6
4.258957326740849e6
4.300446175676425e6
4.342128850030845e6