450455.9912833304
450481.05508234206
450548.1587527225
450657.6859828564
450810.45903356554
451007.5042685264
451250.17317108944
451540.0798968395
451879.1919450942
452269.6155430917
452713.7065921324
453214.25167667173
453774.1571403902
454396.49922334723
455084.69905522995
455842.29214111605
456673.02320633264
457580.8522105703
458569.7817818593
459644.1994757229
460808.5537296915
462067.1476123981
463424.73047740635
464886.01287479146
466455.0341039041
468138.97359788424
469940.4239431059
471865.3117938557
473918.45843232766
476104.9689110048
478429.90847771004
480898.3023028373
483515.193223705
486285.5829161547
489214.4527641219
492306.2369206327
495567.33264347195
499001.0609856821
502612.6916869586
506406.89668594365
510388.30924121727
514561.4459091882
518930.7402876218
523500.54865784146
528275.0868863072
533258.4803408033
538454.8044085496
543867.9060434117
549501.6677355464
555359.7184060041
561445.6336382746
567762.8629231106
574314.7305617088
581104.4296443728
588135.0432358619
595409.5205697569
602930.693709817
610701.2573138608
618723.7956592357
627000.7620576762
635534.4919958536
644327.1897091726
653380.9495262358
662697.7403679639
672279.4125047124
682127.6967976983
692244.2119043195
702630.4699054719
713287.8678699951
724217.6804531012
735421.0930755957
746899.1782310022
758652.9096120495
770683.1574203679
782990.6931550989
795576.1980585482
808440.2549007586
821583.3609360761
835005.9234715379
848708.2644475994
862690.6254792566
876953.1693692894
891495.9746044355
906319.0598005727
921422.3511499611
936805.7339142612
952468.9894464347
968411.8743508065
984634.0608782121
1.0011351684460767e6
1.0179147604404737e6
1.034972346920992e6
1.0523073869854007e6
1.069919291250435e6
1.0878074243620331e6
1.105971107370584e6
1.124409619795864e6
1.143122202585323e6
1.1621080600366865e6
1.1813663607259623e6
1.2008962426696182e6
1.2206968122412034e6
1.2407671490565313e6
1.2611063060638634e6
1.2817133093681964e6
1.3025871682972244e6
1.3237268698557073e6
1.3451313730109097e6
1.3667996429107706e6
1.3887305965341053e6
1.4109231681211623e6
1.4333762699491184e6
1.4560887881642806e6
1.4790596256804042e6
1.5022876612403102e6
1.5257717737661349e6
1.549510828758494e6
1.5735037028457422e6
1.597749257807979e6
1.622246362270335e6
1.6469938784514344e6
1.6719906772096502e6
1.6972356133992244e6
1.722727573878647e6
1.7484654674588074e6
1.774448053238875e6
1.8006743380879965e6
1.8271431748454717e6
1.8538534626421295e6
1.8808041053287925e6
1.9079940224041755e6
1.935422139472382e6
1.9630873796729262e6
1.9909887033537382e6
2.0191250572861724e6
2.0474954217940387e6
2.0760987431709296e6
2.10493403834481e6
2.1340003072277354e6
2.1632965627508373e6
2.1928218669452122e6
2.2225751623302484e6
2.2525556039012843e6
2.2827622290385077e6
2.3131941247022524e6
2.3438503834020575e6
2.374730126201636e6
2.405832470469945e6
2.437156566283129e6
2.4687015653894227e6
2.5004666432784135e6
2.532450983723101e6
2.564653790877008e6
2.5970742808709224e6
2.6297116812346834e6
2.6625652442428563e6
2.6956342336370246e6
2.7289179086447e6
2.7624155820471942e6
2.7961265504493504e6
2.830050133556149e6
2.8641856759974114e6
2.898532506314358e6
2.933090010498868e6
2.967857559692031e6
3.002834568669045e6
3.0380203787643146e6
3.073414478359493e6
3.1090162741835234e6
3.1448252250525956e6
3.180840785495931e6
3.217062431582473e6
3.253489651959361e6
3.2901219498067396e6
3.3269588370964155e6
3.3639998427049676e6
3.4012445047375606e6
3.4386923739352655e6
3.476343018185681e6
3.5141960392173254e6
3.552250964557072e6
3.590507422062476e6
3.6289650241065444e6
3.66762339167111e6
3.7064821561632706e6
3.7455409900420373e6
3.7847994728168845e6
3.824257321977836e6
3.863914212808365e6
3.9037698220708286e6
3.9438238405680656e6
3.984075974413529e6
4.0245259362474736e6
4.06517344458264e6
4.106018272995026e6
4.1470600879672067e6
4.188298674696928e6
4.229733785757183e6
4.271365192931266e6
4.313192665592767e6