254233.54563708464
254307.41657865333
254504.52953130472
254825.22578786954
255270.04853180615
255839.76046903292
256535.30861795205
257357.8729120695
258308.78495240834
259389.58557423146
260602.0052858122
261947.90248800296
263429.3496875151
265048.5417947499
266807.8461997268
268709.8365648023
270756.7879621033
272951.7466677667
275297.41103444627
277796.70471283863
280452.5908781851
283268.1268295766
286246.4098987853
289390.60473474464
292703.8784175102
296189.43230189744
299850.49194930226
303690.2806403484
307712.06013977784
311918.9474673896
316314.1560072547
320900.84337664885
325682.0679669307
330660.91883746424
335840.3938094109
341223.43487774767
346812.9242660244
352611.6580308452
358622.07441188686
364847.4509810869
371290.26581444324
377952.25340357923
384836.77844086353
391945.5621236546
399280.8718092793
406844.8961026097
414639.671098757
422667.13492981903
430929.0555568854
439427.2296123685
448163.27257826604
457138.7291941656
466355.0429106718
475813.5621339156
485515.5517740644
495462.177391326
505654.5129329127
516093.545950748
526780.1815618023
537715.2316271333
548899.4252180875
560333.4192288774
572017.7847071608
583953.0179798938
596139.5420261775
608577.7052400801
621267.7886838132
634210.0057533621
647404.5059055225
660851.3748622956
674550.6465469868
688502.2717158145
702706.1858361576
717162.2433373115
731870.2575483364
746829.9935933946
762041.1715330658
777503.4634381998
793216.5096646029
809179.9050584761
825393.2104803906
841855.951932985
858567.6232144883
875527.6879007074
892735.5812688591
910190.7122005646
927892.4681769331
945840.201294125
964033.2617116575
982470.9668614812
1.0011526224324959e6
1.0200775146623108e6
1.0392449144177391e6
1.0586540841934306e6
1.0783042710261568e6
1.0981947133436166e6
1.1183246395817294e6
1.1386932687358763e6
1.1592998172692722e6
1.1801434926739028e6
1.2012234997003821e6
1.2225390390668963e6
1.2440893081283793e6
1.2658735060226684e6
1.2878908275046996e6
1.310140470590403e6
1.3326216328646638e6
1.3553335238057273e6
1.3782753186512277e6
1.4014462512922348e6
1.4248455235341673e6
1.4484723438054114e6
1.4723259413564445e6
1.4964055313430717e6
1.5207103481674562e6
1.545239632926952e6
1.5699926290858844e6
1.594968581457911e6
1.6201667591756163e6
1.6455864375165328e6
1.6712268865812824e6
1.6970873922880753e6
1.7231672510298444e6
1.7494657659630007e6
1.7759822525961036e6
1.802716035071196e6
1.8296664472478577e6
1.8568328319000849e6
1.8842145469837768e6
1.9118109540520357e6
1.9396214291659729e6
1.967645358581213e6
1.9958821399116796e6
2.024331178855283e6
2.0529919028903216e6
2.0818637153279837e6
2.1109460804511914e6
2.140238442912735e6
2.1697402620709077e6
2.199451007630806e6
2.2293701696734484e6
2.25949723400448e6
2.2898317099395376e6
2.320373110613656e6
2.3511209626361486e6
2.3820748009915235e6
2.413234172492794e6
2.4445986333205225e6
2.476167752483625e6
2.5079411043713363e6
2.5399182805705843e6
2.5720988745748037e6
2.604482494872585e6
2.637068758922133e6
2.6698572917360393e6
2.7028477301997836e6
2.736039719539239e6
2.7694329160590013e6
2.8030269812652357e6
2.83682158964978e6
2.870816420983057e6
2.9050111658131247e6
2.939405527946986e6
2.9739992084698686e6
3.008791924338264e6
3.0437834057992874e6
3.0789733776618433e6
3.1143615827716114e6
3.149947769233076e6
3.185731690011166e6
3.2217131126013324e6
3.2578918040880454e6
3.294267542728833e6
3.3308401134006456e6
3.367609307175972e6
3.404574923126351e6
3.441736766177218e6
3.479094648424052e6
3.5166483875770275e6
3.554397807169526e6
3.592342739314817e6
3.6304830183893684e6
3.6688184906681506e6
3.7073490015536565e6
3.7460744048679443e6
3.784994560087544e6
3.8241093339942647e6
3.863418592819728e6
3.902922214656107e6
3.942620077243316e6
3.9825120732521107e6
4.02259808387867e6
4.0628780063863844e6
4.1033517419705177e6
4.144019192380038e6
4.184880266153517e6
4.225934876075651e6
4.267182938548133e6
4.308624372541953e6
4.350259103459417e6