283755.8796185099
283821.6248798497
283997.07885076664
284282.61317399214
284678.81324344815
285186.48960614426
285806.6844123289
286540.65073916665
287389.83374401147
288355.93890782807
289440.70107053185
290646.30965930165
291974.89060744224
293428.8475316353
295010.76627826865
296723.29426636745
298569.26264259533
300551.62450955843
302673.44644251
304937.8949772542
307348.1785291976
309907.73648003105
312619.8386551051
315487.99634989747
318515.6856754536
321706.41521126905
325063.72445826
328591.2188047385
332292.39816513937
336170.78831418254
340229.9391925564
344473.3416805592
348904.43042817933
353526.62746967946
358343.2956131322
363357.73523796885
368573.1853577731
373992.8250826943
379619.68786354514
385456.84771424346
391507.2076214504
397773.61638730054
404258.81329196296
410965.4662387668
417896.1100081204
425053.2187867466
432439.14086747204
440056.15653155453
447906.416245025
455991.97223492863
464314.78026427736
472876.69337207987
481679.4537141975
490724.7099300012
500014.01593664393
509548.8166047756
519330.46538974135
529360.2044691093
539639.2043774666
550168.5257086316
560949.1423970922
571981.9383973777
583267.7116294341
594807.1737196022
606600.9553634231
618649.5998305404
630953.5854363246
643513.3003547743
656329.0683109828
669401.1374873685
682729.6910469519
696314.847444369
710156.6587414083
724255.1169151784
738610.1560879019
753221.655451217
768089.4380914471
783213.2800918296
798592.9054511567
814227.9930907475
830118.1791939007
846263.0568883296
862662.1816405484
879315.0698030398
896221.2039855123
913380.0335906092
930790.9771668217
948453.4244149224
966366.7381235706
984530.2553563674
1.002943292623368e6
1.0216051419779004e6
1.0405150739315329e6
1.0596723475020507e6
1.0790761997933309e6
1.0987258559020166e6
1.1186205252059265e6
1.1387594065150814e6
1.1591416882055223e6
1.1797665481015805e6
1.2006331613305807e6
1.2217406880381857e6
1.243088282465326e6
1.2646750983739318e6
1.2865002894099816e6
1.308563009216784e6
1.3308623995965214e6
1.3533976082461535e6
1.3761677804202158e6
1.39917206622798e6
1.4224096106470432e6
1.4458795726514822e6
1.469581103794898e6
1.4935133690719698e6
1.517675530848641e6
1.5420667685120287e6
1.5666862375932226e6
1.5915331418209192e6
1.6166066654373943e6
1.6419060066728978e6
1.6674303716774818e6
1.6931789737552586e6
1.719151026226906e6
1.745345790385791e6
1.771762477733425e6
1.7984003497384675e6
1.8252586660034014e6
1.8523366991435764e6
1.879633728915781e6
1.907149046680386e6
1.9348819563014118e6
1.9628317703877776e6
1.9909978095023383e6
2.0193794151763192e6
2.0479759311386573e6
2.0767867138846826e6
2.1058111350725144e6
2.135048571259517e6
2.164498418430209e6
2.1941600766947977e6
2.2240329664853984e6
2.2541165432448504e6
2.28441013844796e6
2.3149133104698644e6
2.3456254842922147e6
2.3765461301158406e6
2.4076747316934234e6
2.439010781775714e6
2.4705537898489917e6
2.502303265239045e6
2.534258743751333e6
2.5664197529433724e6
2.598785851438171e6
2.6313565953863263e6
2.664131554048171e6
2.6971103092318675e6
2.7302924506554618e6
2.763677582689735e6
2.7972653132425444e6
2.831055265480494e6
2.8650470682576597e6
2.8992403653706266e6
2.933634803218732e6
2.9682300454719905e6
3.003025756193286e6
3.038021606338827e6
3.073217321911781e6
3.1086125549499453e6
3.14420702630252e6
3.180000445687093e6
3.2159925409198035e6
3.25218303748402e6
3.288571674088305e6
3.3251581971511394e6
3.3619423604337503e6
3.3989239255232406e6
3.436102661266408e6
3.473478344796613e6
3.5110507595661967e6
3.548819694989092e6
3.586784950647509e6
3.6249463282391583e6
3.6633036445933036e6
3.7018567111886744e6
3.7406053574157855e6
3.77954941081358e6
3.8186887097106683e6
3.858023091565722e6
3.8975524105733796e6
3.937276516913609e6
3.9771952780126682e6
4.0173085486840424e6
4.057616203933096e6
4.0981181227984927e6
4.1388141815765365e6
4.1797042756976117e6
4.220788282460654e6
4.262066103914661e6
4.303537637688722e6
4.345202791313982e6