361890.66919532546
361936.3235542858
362058.2160810052
362256.78696761734
362532.69654057885
362886.9287122948
363320.63118753606
363835.3026795059
364432.6017209962
365114.5065956529
365883.129026306
366740.85545980197
367690.3694732492
368734.3280426264
369875.7966480842
371117.8971489079
372463.9607215717
373917.46911188134
375481.99688545906
377161.34424104216
378959.36838017113
380880.0287052598
382927.31074961205
385105.3869487726
387418.42891484627
389870.6821428485
392466.3951165556
395209.96554734325
398105.60966149403
401157.6855702702
404370.51129890664
407748.4040575754
411295.5964337848
415016.363367882
418914.89154933556
422995.1930725543
427261.7581964104
431718.2028566658
436368.60678578366
441216.8330833145
446266.67248937313
451521.82544268516
456985.8910284238
462662.3507440598
468554.6432710538
474666.0405435321
480999.9711655468
487558.8556366246
494346.35623043287
501365.07015028666
508617.7748621502
516107.07647837745
523835.50999083836
531805.4725746983
540019.2648071502
548479.0542661838
557186.9106780192
566144.7694601393
575354.4783680626
584817.7587915146
594536.2304110829
604511.3992088116
614744.6683602951
625237.3388588015
635990.6102675986
647005.5686006084
658283.2189474785
669824.4629681163
681630.1096895661
693700.8746108011
706037.387741656
718640.1941821347
731509.7535732584
744646.4430717655
758050.5631084143
771722.3391915397
785661.9204188029
799869.3887826845
814344.7565344035
829087.9699694596
844098.9143700263
859377.4133264376
874923.2332200641
890736.0860691704
906815.6297753889
923161.4730585854
939773.176467998
956650.2555429263
973792.1824937847
991198.3889745651
1.0088682680878579e6
1.0268011767487285e6
1.0449964377831791e6
1.063453341492157e6
1.0821711504551817e6
1.1011490961230018e6
1.1203863861556025e6
1.1398822033794527e6
1.1596357093770609e6
1.1796460438077329e6
1.1999123289422947e6
1.2204336735391915e6
1.2412091547448442e6
1.2622378614243404e6
1.28351885139367e6
1.305051178552788e6
1.326833887571732e6
1.3488660087687785e6
1.3711465795394557e6
1.3936746122953398e6
1.4164491296236452e6
1.4394691528593944e6
1.4627336857681598e6
1.4862417522494015e6
1.5099923565075686e6
1.5339845273448545e6
1.55821724819687e6
1.582689566629361e6
1.6074004948102664e6
1.632349060246848e6
1.6575342957930053e6
1.682955235476214e6
1.708610924589248e6
1.734500413034773e6
1.7606227622977241e6
1.7869770322615616e6
1.813562304307227e6
1.840377660875385e6
1.8674222079721808e6
1.894695013985576e6
1.9221952285153905e6
1.94992196803476e6
1.9778743598857226e6
2.006051561746935e6
2.034452727418948e6
2.063077042345789e6
2.0919236555696048e6
2.1209917898827614e6
2.150280684471328e6
2.179789449419681e6
2.2095174297758313e6
2.239463866368348e6
2.269627912118547e6
2.3000089458902795e6
2.330606218115978e6
2.3614190284522953e6
2.392446684751679e6
2.423688509564612e6
2.4551438472567955e6
2.4868120428989967e6
2.518692461218044e6
2.5507844774643714e6
2.5830874842890063e6
2.6156008829022823e6
2.648324086468253e6
2.681256525456624e6
2.714397644193459e6
2.7477468839143193e6
2.7813037224684213e6
2.8150676336040203e6
2.8490381089275777e6
2.88321465405177e6
2.917596771203609e6
2.952183993380727e6
2.9869758734479747e6
3.02197195973376e6
3.0571717669910225e6
3.0925749194251928e6
3.1281809832794657e6
3.163989552911017e6
3.2000002388074836e6
3.2362126500171246e6
3.272626414964473e6
3.309241171826017e6
3.346056569221233e6
3.3830722567518177e6
3.4202879081902904e6
3.4577031987702535e6
3.4953178149036495e6
3.533131448566014e6
3.5711438076346028e6
3.609354603759413e6
3.6477635598041494e6
3.686370407555036e6
3.7251748840424563e6
3.764176740112444e6
3.803375733576084e6
3.842771614093716e6
3.8823641695159604e6
3.922153174592663e6
3.9621384144005408e6
4.0023196838780693e6
4.042696785111737e6
4.083269522788079e6
4.12403772083577e6
4.1650011933673327e6
4.206159771675801e6
4.247513290137883e6
4.289061590677496e6
4.33080452058823e6