503420.54987951805
503434.3229138476
503471.23378393304
503531.75512575445
503616.742149463
503727.26144331746
503864.7079476708
504030.86408158456
504227.67227367364
504457.38263957103
504722.5901507717
505026.13594407873
505371.0114560383
505760.5500607937
506198.3381401706
506688.0905777822
507233.7681421674
507839.550806528
508509.6556064552
509248.7386424852
510061.513645754
510952.5356958344
511926.8329543791
512989.4193282
514145.3589490584
515399.97219384083
516758.2001627684
518226.0109182293
519808.1524683772
521510.22715781216
523337.6527538208
525295.8325085493
527390.1853755598
529626.1057368519
532008.9626591997
534544.0972842372
537236.8087784052
540092.334601755
543115.8812171356
546312.144689068
549687.2809796543
553245.1744833558
556991.0489914161
560929.6882735824
565065.7590707142
569403.8217647704
573948.4030248851
578703.788685425
583674.307897025
588864.0344498316
594276.9880410514
599917.0641564247
605788.0262170772
611893.50630319
618237.0259395717
624821.969561893
631651.598293117
638729.0379209539
646057.2761794245
653639.2045143519
661477.5614976997
669574.9628220343
677933.8959222077
686556.7270547112
695445.7004815973
704602.9165128865
714030.3738298095
723729.9592606181
733703.3806163938
743952.3079736348
754478.2488099204
765282.6134579484
776366.6890800237
787731.6609954899
799378.6028475867
811308.4883149711
823522.184180212
836020.4591434875
848803.984566557
861873.334735841
875228.9928678796
888871.3542826874
902800.7181203037
917017.3150594599
931521.2715132132
946312.6569025926
961391.4491507793
976757.5579724913
992410.8198862895
1.00835100327003e6
1.024577810036743e6
1.041090878778014e6
1.0578897872927599e6
1.074974055019063e6
1.0923431456576998e6
1.1099964697123717e6
1.127933387360848e6
1.1461532100711036e6
1.164655204194655e6
1.1834385880442986e6
1.2025025549293165e6
1.2218462360481974e6
1.2414687428024034e6
1.2613691486217305e6
1.2815464895059338e6
1.3019997814994913e6
1.322728007437829e6
1.3437301159275551e6
1.3650050613561447e6
1.3865517802823472e6
1.4083690182210964e6
1.430455814108573e6
1.4528109674115856e6
1.475433322677968e6
1.4983217076954148e6
1.521474943409467e6
1.5448918313617418e6
1.5685711897089211e6
1.5925117935578162e6
1.6167124427358476e6
1.6411719174621524e6
1.6658890050129502e6
1.6908624697976056e6
1.7160911097107865e6
1.7415736975257248e6
1.767309016879512e6
1.7932958543300352e6
1.8195329985942615e6
1.84601924514064e6
1.8727533903205711e6
1.8997342449982704e6
1.926960625026295e6
1.9544313390166918e6
1.982145236722851e6
2.0101011475355285e6
2.0382979419005068e6
2.0667344331974273e6
2.0954095414444518e6
2.1243221360886884e6
2.1534711146416506e6
2.182855416291479e6
2.212473864822455e6
2.242325514231273e6
2.2724092572307964e6
2.3027240706451638e6
2.333268935775903e6
2.364042839664214e6
2.395044794941397e6
2.426273827930255e6
2.4577289763451265e6
2.489409296707909e6
2.5213138594494755e6
2.553441751874866e6
2.5857920794856823e6
2.618363952735893e6
2.651156515722612e6
2.684168921001085e6
2.7174003163459785e6
2.7508499089448596e6
2.784516886126385e6
2.8184004651653236e6
2.852499875226529e6
2.8868143654995346e6
2.9213432251029564e6
2.9560856789147765e6
2.9910410480394666e6
3.026208628650612e6
3.0615877831489816e6
3.097177815335972e6
3.132978094546341e6
3.1689879905738505e6
3.2052068878524895e6
3.241634187236942e6
3.2782693050898323e6
3.315111668572076e6
3.3521607470061276e6
3.3894159460760406e6
3.426876764795398e6
3.464542688173597e6
3.5024132089204304e6
3.540487849427333e6
3.5787661291114846e6
3.6172475668286905e6
3.6559317441610536e6
3.6948182073036246e6
3.7339065374864386e6
3.773196314418816e6
3.8126871427179165e6
3.852378630278578e6
3.892270401678673e6
3.932362087262676e6
3.9726533178827325e6
4.013143801138511e6
4.0538331352112563e6
4.094721034086368e6
4.135807176528778e6
4.1770912580067404e6
4.2185729844591515e6
4.260252075384446e6
4.302128218317785e6