615545.9111177097
615537.8378235996
615516.4322372447
615482.2408927002
615436.1912039795
615379.394289946
615313.0960947929
615240.1402730818
615161.6556345413
615080.4044974614
614999.1946485164
614921.0709047066
614849.3214489371
614787.49956546
614739.5179449338
614709.4100511477
614701.468151767
614720.2725864754
614770.3166896589
614856.7755903027
614984.7855010235
615159.3248129443
615385.8866198142
615669.9788037234
616017.2000771225
616433.3258748311
616923.8376743386
617495.6180090983
618153.4121695331
618903.8577074464
619752.8543711414
620706.4689678715
621770.7478004701
622951.7900236528
624255.3220826786
625688.0701882378
627255.8390197942
628964.459247466
630819.3660095844
632826.9705847511
634993.0690490003
637323.3170864235
639823.347015863
642498.7474879762
645354.9802698737
648397.4117033205
651631.3724471459
655062.0073064982
658694.4156294235
662533.2855454627
666584.1879281732
670851.1217678911
675338.940308897
680052.1053919767
684994.9634977081
690171.6227389919
695586.5397115012
701243.3009746638
707145.8566900827
713297.9058725412
719703.070404104
726364.5764951773
733285.9153693081
740470.1896313052
747920.4242087619
755639.4919504614
763630.1779326068
771895.0889573446
780436.7370770713
789257.4762995394
798359.5517302372
807745.0759483585
817416.0508668395
827374.2894139229
837621.5766175063
848159.5183213239
858989.6118846192
870113.2408490763
881531.6733721967
893246.0616062109
905257.4544209454
917566.7897295572
930174.8857633953
943082.4838807604
956290.2022721337
969798.570868354
983608.017393352
997718.8812424785
1.0121314072768599e6
1.0268457537905189e6
1.0418619909878678e6
1.0571801078740775e6
1.072800012050129e6
1.0887215324333524e6
1.1049444238285508e6
1.1214683676321744e6
1.1382929753531115e6
1.1554177905850194e6
1.1728422945279428e6
1.1905659025891158e6
1.208587973054556e6
1.2269078063295463e6
1.2455246504089748e6
1.2644376994123978e6
1.2836460956654644e6
1.3031489420186505e6
1.3229452946163504e6
1.3430341531037104e6
1.3634145044990361e6
1.384085277192702e6
1.405045374581138e6
1.4262936616767193e6
1.4478289763876193e6
1.4696501289000204e6
1.4917558985244143e6
1.5141450502203638e6
1.5368163132171282e6
1.5597684091695466e6
1.5830000322445736e6
1.6065098645118629e6
1.630296574891531e6
1.6543588221408362e6
1.6786952297036431e6
1.7033044529846672e6
1.7281851343227436e6
1.7533358155571339e6
1.7787551893740539e6
1.8044418414994508e6
1.8303943811921547e6
1.856611411126373e6
1.883091548057282e6
1.9098333999531607e6
1.9368355681608922e6
1.9640966855636274e6
1.9916153696428041e6
2.0193902482248866e6
2.0474199565194107e6
2.0757031559595715e6
2.1042384628522065e6
2.1330245536468e6
2.162060110932298e6
2.191343806315339e6
2.220874340352241e6
2.2506504274185766e6
2.28067079556613e6
2.310934148494333e6
2.3414392523950916e6
2.3721848720970647e6
2.4031697879594527e6
2.434392791806197e6
2.4658526933379676e6
2.497548321917843e6
2.52947851812263e6
2.5616421460801256e6
2.5940380748965847e6
2.626665207245126e6
2.659522459901646e6
2.6926087390055205e6
2.725923017371441e6
2.7594642513500033e6
2.7932314272233383e6
2.827223545512645e6
2.861439624555404e6
2.895878705042936e6
2.930539841337963e6
2.9654221155533125e6
3.0005246122544855e6
3.03584644904422e6
3.071386749964527e6
3.107144666886892e6
3.1431193650519904e6
3.1793100254559624e6
3.2157158494769568e6
3.252336061057095e6
3.289169891630502e6
3.32621659615912e6
3.3634754456797345e6
3.4009457285418874e6
3.438626753607915e6
3.47651782979075e6
3.514618311518363e6
3.5529275501237507e6
3.5914448876355453e6
3.630169750915269e6
3.6691015206467924e6
3.7082396223996733e6
3.7475834852377656e6
3.7871325560344835e6
3.826886300365509e6
3.8668441869355836e6
3.907005725571416e6
3.9473704318844783e6
3.9879377807590165e6
4.0287073262711936e6
4.069678620041764e6
4.110851222948833e6
4.1522247009393764e6
4.1937986431627288e6
4.235572652776027e6
4.277546333781201e6