572524.0403509086
572524.027939274
572524.162179634
572524.9648922795
572527.3260165082
572532.3816036509
572541.3155828606
572556.7546166137
572580.0231766471
572613.7259615643
572660.579381088
572723.5668521482
572805.9148156384
572911.4414124162
573042.7853084448
573205.0536052391
573402.0380553005
573638.1770225698
573917.8542811369
574246.080342926
574627.8432905786
575067.9743528448
575571.8113594719
576144.674533266
576791.9838581944
577519.3959458257
578332.1533349298
579236.7636700493
580238.1755340474
581342.4869958162
582555.4661715406
583882.9612458412
585330.8021641101
586904.8312340202
588610.7811976994
590454.6605875307
592442.0247362468
594578.6418001793
596870.2383279541
599322.2254389747
601940.3214489591
604729.9273301637
607696.4041817132
610845.0537891416
614181.0511639011
617709.4740538682
621435.3626592396
625363.5546241255
629498.8762480755
633845.9379881328
638409.2855300357
643193.3556195894
648202.4324059553
653440.680899119
658912.1530994589
664620.7608097559
670570.2882232559
676764.3878511152
683206.5787026683
689900.2565707144
696848.672178833
704054.9537840548
711522.0881315724
719252.9472301202
727250.2599248526
735516.6102388551
744054.4877430581
752866.2213101761
761954.0289584078
771319.9919378263
780966.0793755997
790894.1327981029
801105.8692468631
811602.8948362102
822386.6840784578
833458.6103506016
844819.9247353532
856471.7721413559
868415.1821191758
880651.0852377886
893180.3053221245
906003.5633947816
919121.4760478107
932534.5744963709
946243.2852756935
960247.9499942227
974548.8131191386
989146.0415038024
1.0040397125786425e6
1.0192298238635305e6
1.0347162940275903e6
1.0504989658845644e6
1.0665776089066751e6
1.0829519218815546e6
1.0996215356058101e6
1.1165860154422354e6
1.1338448640577511e6
1.1513975241229003e6
1.1692433806136046e6
1.1873817635155164e6
1.2058119501229124e6
1.2245331681566979e6
1.2435445988030233e6
1.2628453771176436e6
1.2824345929254738e6
1.302311302618548e6
1.3224745227970257e6
1.3429232205538698e6
1.3636563553240271e6
1.3846728336651735e6
1.4059715476055536e6
1.4275513517408385e6
1.449411075946773e6
1.4715495385244596e6
1.493965526308426e6
1.5166578103848137e6
1.5396251448567775e6
1.5628662703041877e6
1.5863799098616922e6
1.6101647785631279e6
1.6342195784022952e6
1.658543009668054e6
1.6831337421070805e6
1.7079904760074536e6
1.7331118840718803e6
1.7584966348224988e6
1.7841434083180793e6
1.8100508738203298e6
1.8362177026797317e6
1.8626425792719559e6
1.8893241752256944e6
1.916261294172479e6
1.9434522616560766e6
1.9708961398534796e6
1.9985915034441412e6
2.0265370849863219e6
2.0547315464410207e6
2.0831736693448948e6
2.1118621744652065e6
2.1407958107049037e6
2.1699733685754547e6
2.199393529073351e6
2.2290551734046703e6
2.258957065624216e6
2.2890980205146894e6
2.319476865414704e6
2.35009246042855e6
2.380943622838187e6
2.4120292467501517e6
2.443348217724082e6
2.4748994395748256e6
2.5066818340835096e6
2.5386943361392925e6
2.5709359014416896e6
2.6034054931925554e6
2.636102124524289e6
2.669024769998302e6
2.7021724380120304e6
2.7355442014156315e6
2.769139101622887e6
2.8029562159462143e6
2.8369946336917556e6
2.8712534629077534e6
2.9057318274510945e6
2.940428874688029e6
2.9753437623347603e6
3.0104756690423912e6
3.045823791421538e6
3.081387337718646e6
3.1171655406514737e6
3.153157645053047e6
3.189362912965693e6
3.2257806244792673e6
3.2624100764497775e6
3.2992505798408384e6
3.336301463715963e6
3.373562072425122e6
3.411031766557252e6
3.44870992594758e6
3.4865959269566564e6
3.5246892003715076e6
3.562989157233692e6
3.601495210100184e6
3.640206844338268e6
3.6791235174888596e6
3.7182447054656968e6
3.757569901105021e6
3.797098613487196e6
3.836830367234081e6
3.8767646927645253e6
3.916901139827952e6
3.957239269639604e6
3.997778658149589e6
4.0385188870859956e6
4.07945955848106e6
4.1206002985631265e6
4.1619406791507984e6
4.203480383573183e6
4.245219043647615e6
4.287156310683553e6