349381.41396838904
349430.27722454024
349560.3968680047
349772.5112470987
350066.72012863227
350444.5263004779
350906.8942236211
351455.27179746865
352091.29613962164
352816.899172851
353634.1405054297
354545.39485479845
355553.20945697895
356660.2852824697
357869.5672851149
359184.12461007165
360607.2178480091
362142.2423095651
363792.6896306274
365562.3035775878
367454.8245864321
369474.14169661654
371624.15213881887
373908.9040485206
376332.4795582973
378899.00338579563
381612.6513207122
384477.68540968583
387498.2192003558
390678.4928974963
394022.70708733145
397535.0668063628
401219.66254512046
405080.6697288413
409122.1369487769
413347.96988783777
417762.498259422
422369.2364023441
427172.13264312
432174.92004442867
437381.25978414516
442794.72427751555
448418.77332151483
454256.802086015
460312.0754445074
466587.7364512605
473086.88840154733
479812.45869689377
486767.3510717306
493954.2492695454
501375.7925241714
509034.4982748941
516932.76492024097
525072.8720133903
533457.0035201078
542087.2129176195
550965.458502391
560093.5648216611
569473.2722906419
579106.1980091928
588993.8577254496
599137.6575008273
609538.9036649035
620198.801452552
631118.456221672
642298.872953607
653740.9624620205
665445.5584384489
677413.3479611556
689645.0115490047
702141.0904043291
714902.0584551975
727928.3043085057
741220.1449201817
754777.8137934918
768601.4784260094
782691.2325436043
797047.1029825832
811669.0529012916
826556.9810572488
841710.7281909328
857130.0765773696
872814.7539689473
888764.436139777
904978.7485204344
921457.2693596656
938199.5317888747
955205.0263359839
972473.2029385314
990003.4734577728
1.0077952141634591e6
1.0258477657218042e6
1.0441604398279977e6
1.0627325164589048e6
1.081563248098319e6
1.1006518638721039e6
1.1199975650938982e6
1.1395995334742423e6
1.1594569315415185e6
1.1795688990396608e6
1.1999345484002815e6
1.220553035559145e6
1.2414234119766345e6
1.2625447773264002e6
1.283916204435741e6
1.3055367590886392e6
1.3274054992510497e6
1.3495214700491028e6
1.3718837241423181e6
1.3944912893845895e6
1.4173432129096189e6
1.4404385317973357e6
1.4637762691409723e6
1.487355467287398e6
1.5111751580206277e6
1.5352343902967733e6
1.5595321730004866e6
1.5840675770438816e6
1.6088396388943163e6
1.633847415070063e6
1.6590899611574332e6
1.6845663404101706e6
1.7102756239678059e6
1.7362168901213373e6
1.7623892257179425e6
1.788791727195108e6
1.8154234963069344e6
1.8422836471822462e6
1.869371315010295e6
1.8966855977153066e6
1.9242256742218628e6
1.9519906903169265e6
1.9799798034343119e6
2.008192200420427e6
2.0366270609454333e6
2.0652836116684882e6
2.0941610198765828e6
2.1232585412328476e6
2.152575409085642e6
2.182110869923589e6
2.2118641916069724e6
2.2418346761836573e6
2.272021508542275e6
2.3024240952542527e6
2.333041715001232e6
2.363873695348396e6
2.39491937187591e6
2.4261780947949793e6
2.4576492373890243e6
2.4893321672440516e6
2.5212262793967174e6
2.553330975178142e6
2.5856456722759623e6
2.6181697978319614e6
2.650902790404137e6
2.683844105275777e6
2.7169932053460414e6
2.7503495744911702e6
2.783912695964031e6
2.817682067442567e6
2.8516572207939187e6
2.8858376664260253e6
2.920222937145102e6
2.9548125918845553e6
2.989606186506378e6
3.024603309601712e6
3.0598034785853084e6
3.0952063755140156e6
3.1308115484984657e6
3.166618624461981e6
3.2026272327534244e6
3.238837001927429e6
3.275247578798398e6
3.311858619415073e6
3.348669787645748e6
3.3856807592997225e6
3.4228912149050045e6
3.4603008511489723e6
3.4979093705774397e6
3.535716479495256e6
3.573721902947693e6
3.611925367364249e6
3.650326610372941e6
3.688925377603174e6
3.7277214220001837e6
3.7667145067307903e6
3.8059044036962297e6
3.845290876271637e6
3.884873724291901e6
3.9246527347601326e6
3.9646277062208382e6
4.0047984442603923e6
4.045164763201354e6
4.0857264805977e6
4.126483424443771e6
4.167435432173129e6
4.208582335268847e6
4.249923981500257e6
4.291460222324087e6
4.333190915347323e6