236656.19079378233
236735.04793254702
236945.45868466064
237287.72538245245
237762.3846320122
238370.15265243748
239111.9340843398
239988.83902644677
241002.13727115115
242153.28848065113
243443.92301667473
244875.83342816736
246450.9726529116
248171.368016383
250039.32033448105
252057.13933466366
254227.28728390814
256552.32311855062
259034.9055449609
261677.79232071774
264483.76972838445
267455.7177945209
270596.5530429289
273909.2432013503
277396.779159036
281062.11608491023
284908.32303629455
288938.38540893106
293155.3753604612
297562.17998716247
302161.7987504775
306957.15847923607
311951.12545724283
317146.54415024794
322546.17788052256
328152.76214007323
333968.9587889161
339997.3094954421
346240.35833667533
352700.29263033846
359380.1573505538
366281.52156356454
373406.79048862844
380758.0702028946
388337.33112314134
396146.4912865093
404187.3806353287
412461.72949296515
420971.1233411591
429717.1416068191
438701.2191942363
447924.64102838817
457388.8785184679
467094.8927176427
477043.84274561924
487236.7267969629
497674.45557640994
508357.85883511754
519287.68710347277
530464.6055014267
541889.2036613647
553561.9974634574
565483.428010535
577653.865429919
590073.6132497079
602742.90283622
615661.9078469904
628830.736969893
642249.4412879287
655918.0123887584
669836.3903949446
684004.463970334
698422.069981222
713088.9977093667
728004.9931806098
743169.7591673399
758582.9566316318
774244.2098212942
790153.1059920855
806309.1983399075
822712.0084998854
839361.0277263899
856255.7192507716
873395.5201694269
890779.8462953939
908408.0786325124
926279.5956528486
944393.7445916102
962749.8580258244
981347.2528499737
1.0001852311033831e6
1.0192630826907223e6
1.0385800826553223e6
1.058135500842175e6
1.0779285943919467e6
1.0979586143559115e6
1.118224803825637e6
1.1387264013145864e6
1.1594626408573263e6
1.1804327530564459e6
1.201635955525504e6
1.2230715047500902e6
1.2447385974557546e6
1.2666364697573096e6
1.288764348373652e6
1.3111214626514395e6
1.3337070442808638e6
1.3565203284311916e6
1.379560552768327e6
1.4028269618859799e6
1.4263188000970685e6
1.4500353233836708e6
1.4739757921916991e6
1.4981394705781625e6
1.5225256306432516e6
1.547133554931006e6
1.5719625342786128e6
1.597011852286378e6
1.6222808201360933e6
1.647768750157323e6
1.6734749693771063e6
1.699398794791645e6
1.7255395730242254e6
1.7518966527883979e6
1.7784693924153452e6
1.8052571542268377e6
1.8322593294575578e6
1.8594752995516951e6
1.8869044573422498e6
1.9145462241396592e6
1.9424000129397335e6
1.9704652530050918e6
1.9987413841468336e6
2.0272278569340415e6
2.055924141117731e6
2.0848296827196248e6
2.113943986790501e6
2.1432665405579642e6
2.172796843663997e6
2.202534408722615e6
2.23247876256335e6
2.262629435360184e6
2.292985971153593e6
2.323547924946594e6
2.3543148612588104e6
2.3852863526530676e6
2.4164619836379e6
2.447841347009403e6
2.479424047432262e6
2.5112096967024636e6
2.5431979202987705e6
2.575388346994653e6
2.6077806174784014e6
2.640374384506217e6
2.673169305988771e6
2.706165050705097e6
2.739361295795035e6
2.7727577282339945e6
2.8063540406381665e6
2.840149937634355e6
2.874145128364098e6
2.908339331748415e6
2.9427322806893354e6
2.977323703105202e6
3.0121133448597514e6
3.0471009601693084e6
3.0822863140309933e6
3.1176691388348397e6
3.1532492416969906e6
3.189026391782339e6
3.2250003753899056e6
3.2611709868548065e6
3.297538025798179e6
3.334101299700981e6
3.3708606218538084e6
3.4078158120210893e6
3.4449666961653912e6
3.4823131067220806e6
3.5198548811758216e6
3.557591862954056e6
3.5955239018634856e6
3.6336508528402653e6
3.671972576363614e6
3.7104889380840687e6
3.749199824017929e6
3.7881050656487513e6
3.8272045864254767e6
3.8664982630112255e6
3.9059859800232565e6
3.9456676356526585e6
3.98554312907994e6
4.0256123636614196e6
4.06587524847953e6
4.1063316963573303e6
4.146981624054199e6
4.1878249517963855e6
4.228861604788346e6
4.270091510958265e6
4.31151460271013e6
4.353130815646336e6