604549.5099391539
604543.4670312412
604527.4718559644
604502.074705801
604468.193536401
604426.975838662
604379.5394455125
604328.8021204829
604275.8953576747
604223.5322553348
604174.5117438359
604131.8734947699
604098.8586949
604079.0059783218
604076.2136931942
604094.4839331321
604138.0803765345
604211.5474032046
604319.3552070004
604466.6404282033
604658.5027961676
604899.9005273558
605196.2200866876
605553.0031724434
605975.7806716867
606470.2824930871
607041.9433464749
607697.581399775
608441.9410971587
609281.5408128675
610222.275333711
611270.1352229436
612431.1206035955
613711.2685442975
615116.2506019949
616652.7316167409
618326.4361136643
620143.1472857192
622108.2466027801
624228.0728016157
626508.3441753244
628954.654780231
631572.5512142264
634367.6030766598
637345.1489008615
640510.5041484652
643868.9224439099
647425.4789955997
651185.1969559299
655152.9280034363
659333.4451790674
663731.4139161739
668351.3455711576
673197.6347685619
678274.551868085
683586.1233772918
689136.7435159615
694929.9086294463
700969.4958188317
707259.1278460708
713802.2823802178
720602.3149120368
727662.4356347412
734985.7424395952
742575.1778397282
750433.5492107045
758563.5648158097
766967.7573590036
775648.5727868379
784608.2884386495
793849.0806402407
803372.9947636685
813181.960258403
823277.7292836059
833662.0176408321
844336.3677219192
855302.2135052729
866560.8789908459
878113.5665772405
889961.3761869463
902105.2951925435
914546.2071996166
927284.8787003027
940321.9946497858
953658.1248043431
967293.7491155227
981229.2481550289
995464.9158608138
1.0100009538119752e6
1.0248374770056993e6
1.0399745165325196e6
1.0554120226335959e6
1.0711498663858068e6
1.0871878419757204e6
1.1035256713940464e6
1.1201630049943738e6
1.1370994250268266e6
1.1543344478141065e6
1.1718675289088343e6
1.1896980600937102e6
1.2078253777261784e6
1.2262487620828487e6
1.24496744246038e6
1.2639805963644935e6
1.2832873529146942e6
1.3028867993695182e6
1.3227779814206497e6
1.3429598889908395e6
1.363431500246041e6
1.3841917372424826e6
1.4052394982931074e6
1.4265736445408019e6
1.4481930118400035e6
1.4700964097694894e6
1.4922826179281054e6
1.5147504033199064e6
1.5374984987042937e6
1.5605256305020556e6
1.5838304973968456e6
1.6074117916591219e6
1.6312681870907787e6
1.6553983534121248e6
1.679800923256927e6
1.7044745640701796e6
1.729417907538103e6
1.754629577997898e6
1.7801082133096694e6
1.8058524352659096e6
1.8318608711971848e6
1.8581321391655267e6
1.8846648735028547e6
1.9114577000045718e6
1.9385092387329827e6
1.9658181425686516e6
1.9933830453183644e6
2.02120259835244e6
2.049275456494451e6
2.0776002844093342e6
2.1061757556857257e6
2.135000569564482e6
2.164073392688875e6
2.1933929388955263e6
2.2229579343204238e6
2.2527671075303406e6
2.282819199507665e6
2.3131129710834334e6
2.343647193933947e6
2.3744206730914125e6
2.405432178788333e6
2.436680543806867e6
2.4681646016052417e6
2.499883222941817e6
2.5318352193276864e6
2.5640195314326896e6
2.596435029554669e6
2.6290806471412214e6
2.6619553321117754e6
2.6950579967277893e6
2.728387646000496e6
2.7619432570726112e6
2.7957238404811146e6
2.829728418559049e6
2.8639560333333584e6
2.8984057476292634e6
2.933076638252569e6
2.967967808461229e6
3.003078365871453e6
3.0384074474400016e6
3.0739542017958914e6
3.109717799261401e6
3.14569742635544e6
3.1818922851962405e6
3.2183015986095327e6
3.254924604841781e6
3.2917605606413744e6
3.328808738830692e6
3.366068429000638e6
3.403538938318793e6
3.4412195939512714e6
3.4791097233155607e6
3.517208698136577e6
3.555515887413968e6
3.594030650998172e6
3.632752431308298e6
3.671680627162334e6
3.71081467957845e6
3.7501540314908666e6
3.789698148410641e6
3.8294465102370926e6
3.8693986063746256e6
3.909553943413003e6
3.9499120417544604e6
3.9904724384379988e6
4.0312346748629813e6
4.072198315548425e6
4.1133629356915406e6
4.154728113179485e6
4.196293449953234e6
4.238058561195703e6
4.280023097255822e6