247279.86931496023
247355.69934370855
247558.04134158147
247887.20803481233
248343.75452216718
248928.41968340627
249642.13645523615
250486.05109563147
251461.4783377667
252569.9257204459
253813.0858231349
255192.78448281056
256711.04859347283
258370.02688336026
260172.03885542104
262119.4990320019
264214.9464218487
266461.0493167414
268860.55037037213
271416.3100403469
274131.2234527925
277008.27807247883
280050.5008874396
283260.9805858765
286642.8097929382
290199.1097136905
293933.0288203175
297847.70523837104
301946.99425718107
306231.90901388635
310707.59756288654
315376.44997689954
320241.456070937
325305.60514091933
330571.80611879437
336042.92967179953
341721.7484463841
347610.9797595184
353713.2711717143
360030.93541750417
366567.22034230013
373323.5148073521
380303.1138592742
387507.5188305895
394939.0766725666
402599.83222100185
410491.74062676425
418616.65815974574
426976.28078598564
435572.32133132126
444406.32195139246
453479.7438099178
462793.9871445962
472350.30135551386
482149.89249709016
492193.8585434032
502483.2099730418
513018.87160645414
523801.68741671613
534832.41101874
546111.7151685882
557640.2023004533
569418.3912821691
581446.7282556058
593725.5882617993
606255.2741201782
619036.0230910956
632068.0073015379
645351.3362696198
658886.0588691228
672672.1668200644
686709.5987387624
700998.2377990963
715537.9165072418
730328.4210547181
745369.491449997
760660.8228970163
776202.0710091527
791992.8516227265
808032.7437131283
824321.2918819594
840858.0081504406
857642.3735667337
874673.8407627824
891951.8356014232
909475.7590859125
927244.9890736926
945258.8822241534
963516.775591256
982017.9880768054
1.0007618224320313e6
1.019747566997959e6
1.038974493406251e6
1.0584418670173031e6
1.0781489378995271e6
1.098094949359505e6
1.1182791355153532e6
1.1387007218467894e6
1.1593589323054054e6
1.1802529826300764e6
1.2013820886571135e6
1.2227454538904938e6
1.2443422950460848e6
1.266171817937525e6
1.2882332303909215e6
1.3105257422067695e6
1.333048564279222e6
1.355800910939624e6
1.3787819972495507e6
1.4019910456748512e6
1.4254272769378084e6
1.4490899237458487e6
1.4729782216460614e6
1.4970914158558268e6
1.5214287430062713e6
1.5459894701928082e6
1.5707728527343953e6
1.59577814683111e6
1.6210046495063752e6
1.6464516344814692e6
1.6721184081571535e6
1.6980042674433095e6
1.7241085201229788e6
1.7504304985776749e6
1.7769695302183852e6
1.8037249563616288e6
1.8306961284221655e6
1.857882407488841e6
1.8852831662571123e6
1.912897786561018e6
1.9407256605887718e6
1.9687661919111335e6
1.9970187946321503e6
2.025482892572561e6
2.0541579300534537e6
2.0830433265735607e6
2.112138562927043e6
2.141443100545402e6
2.170956414817458e6
2.200677992445683e6
2.2306073382096235e6
2.2607439546883814e6
2.2910873665529042e6
2.321637102410877e6
2.3523927038477426e6
2.3833537210740903e6
2.4145197157606445e6
2.4458902586821793e6
2.477464932876847e6
2.5092433278370732e6
2.541225048318499e6
2.5734097017424465e6
2.605796910114578e6
2.638386304266965e6
2.6711775223122565e6
2.7041702139182677e6
2.7373640370465238e6
2.7707586600822764e6
2.8043537570220404e6
2.838149014296955e6
2.8721441232812833e6
2.9063387858244386e6
2.9407327173969774e6
2.975325630318627e6
3.0101172514602034e6
3.045107321906269e6
3.0802955775428982e6
3.115681771203604e6
3.151265660211047e6
3.1870470081156753e6
3.223025591321823e6
3.259201186618898e6
3.2955735812009983e6
3.3321425687686303e6
3.368907949304797e6
3.405869530203143e6
3.4430271247206177e6
3.480380553021048e6
3.517929640757432e6
3.5556742192739383e6
3.5936141279418613e6
3.631749209967543e6
3.670079315052345e6
3.708604299153431e6
3.747324036462622e6
3.7862383490738827e6
3.8253471539894375e6
3.864650309223032e6
3.9041476998478114e6
3.943839208171793e6
3.9837247333212807e6
4.023804162091442e6
4.06407739757524e6
4.104544345436104e6
4.1452049137230325e6
4.1860590153807546e6
4.22710656797046e6
4.268347493552418e6
4.309781714234009e6
4.351409162137521e6