734342.6153405942
734314.0336374061
734237.8518330003
734114.7284112459
733945.6490921801
733731.6624187595
733474.0183672538
733176.2376838708
732838.9516066975
732465.2245735376
732058.0580399549
731620.6461490702
731156.4633320476
730669.4247689741
730163.1914732995
729642.5096028566
729111.7586765516
728575.8237143767
728039.4254662932
727508.0988927202
726987.3259659327
726482.354619537
725999.0809066718
725543.3511199888
725121.2009582662
724739.1463212674
724402.1144751908
724118.1027695845
723892.5402408998
723732.186484981
723643.5317845965
723633.0553857777
723707.3121295004
723873.05162059
724136.7261675475
724505.1320728761
724984.6845180996
725582.3401239986
726303.705861149
727155.8624440271
728145.3598017568
729278.4296286871
730561.6914146955
732000.3499125625
733601.5925774808
735371.1220892462
737314.9598781824
739438.946934414
741748.9139743123
744250.4879401422
746950.4946799981
749850.6734501097
752960.0733808787
756282.6867966332
759823.6050287901
763587.0008671702
767580.1682481947
771805.394411698
776268.0247478539
780972.5895379224
785923.3839676756
791124.5177864202
796580.3193914465
802294.4539345118
808270.790948245
814514.084791779
821024.5389844719
827808.8471267258
834869.1585327194
842208.5679387264
849830.0569053876
857736.46572628
865930.5248423385
874414.7255815937
883191.6035954156
892263.4264891876
901632.3816944569
911300.522394297
921269.7728032374
931541.9372398385
942118.6935994106
953001.6010074082
964192.1731556915
975691.4686523192
987500.965448015
999621.6434898996
1.0120544779742674e6
1.024800354496478e6
1.0378600161647445e6
1.0512341170103494e6
1.0649232071623008e6
1.0789277323773643e6
1.0932480426888186e6
1.107884391148013e6
1.1228369379609777e6
1.1381057514496727e6
1.1536908117511743e6
1.1695920131222531e6
1.185809166704841e6
1.2023420019572405e6
1.2191901709232822e6
1.2363532499112983e6
1.2538307432095497e6
1.2716220833270177e6
1.2897266355821246e6
1.3081437014014206e6
1.3268725238087582e6
1.345912265177317e6
1.3652620666096434e6
1.3849209778890652e6
1.404888026085303e6
1.4251621701023194e6
1.4457423285063887e6
1.4666273765998292e6
1.4878161437925524e6
1.509307421859966e6
1.5310999642675752e6
1.5531924939079094e6
1.5755837044860781e6
1.5982722315227124e6
1.62125671462374e6
1.6445357628250213e6
1.6681080152622622e6
1.6919718098136438e6
1.71612590442752e6
1.740568750581895e6
1.7652988448818233e6
1.7903146782920272e6
1.8156147306268117e6
1.8411974590410907e6
1.8670613312167223e6
1.8932047979859621e6
1.919626286516685e6
1.9463242592767482e6
1.9732971453829017e6
2.000543387433658e6
2.0280614204350123e6
2.0558496828969552e6
2.0839066205441167e6
2.112230681490247e6
2.140820316456663e6
2.1696739838558477e6
2.198790157027118e6
2.2281673056441452e6
2.2578039218870546e6
2.287698495305486e6
2.317849533847702e6
2.348255666294681e6
2.378915102910646e6
2.409826713809356e6
2.440988951222866e6
2.472400391811626e6
2.504059626573347e6
2.5359652672022386e6
2.5681159289688747e6
2.600510264226364e6
2.633146936384341e6
2.666024594882678e6
2.699141972960367e6
2.7324977563058953e6
2.766090701304546e6
2.7999195421803915e6
2.8339830944579914e6
2.868280069376951e6
2.902809349962479e6
2.9375697440282498e6
2.972560107035787e6
3.0077793142742417e6
3.0432262532418086e6
3.078899845320532e6
3.1147990179971177e6
3.1509227459100895e6
3.18727010171616e6
3.2238396922302847e6
3.260630954301586e6
3.297642777156127e6
3.334874219135384e6
3.3723243561362945e6
3.409992290319989e6
3.4478771212664987e6
3.485978006691091e6
3.5242940951159843e6
3.562824533224895e6
3.6015685572881713e6
3.6405253589022155e6
3.6796941783415056e6
3.7190742614896684e6
3.7586648780444586e6
3.7984653109527198e6
3.838474872823457e6
3.878692879822904e6
3.919118674333544e6
3.9597531828934583e6
4.0005910764687504e6
4.0416364503093115e6
4.0828871415374237e6
4.124342573819782e6
4.1660021854111827e6
4.207865441729626e6
4.249931803908549e6