541944.2841214224
541950.2392912277
541966.3155733517
541992.8796684104
542031.1433402898
542081.8939158563
542146.6252244526
542227.22291656
542325.6940072012
542444.3332047472
542585.8137294352
542753.0544734967
542949.1901291775
543177.6119946976
543442.9600435272
543746.3059679734
544094.5072142002
544490.9813015714
544940.0204017893
545446.5139644302
546015.3074998355
546651.1441800661
547359.2210130281
548144.728445537
549012.9326294257
549969.3584849664
551019.1210818515
552168.4958834823
553422.3529850801
554786.5817513816
556266.798956989
557868.6700865073
559597.8513907632
561459.9944787266
563460.7174431657
565605.6308118731
567900.2975829735
570350.2269237207
572960.9187242661
575737.2620128703
578685.8303574544
581811.6089070436
585117.424036352
588611.056267248
592296.5658389265
596178.8089453584
600262.6024148265
604552.5595254379
609053.2806416247
613769.1521647386
618704.4945328176
623863.507850492
629250.2549767847
634868.6719648787
640722.5803201369
646815.6607612111
653151.4745221824
659733.4524610507
666564.8688040293
673648.9113581388
680988.6036175448
688586.8511496725
696446.4219835374
704569.9692539583
712960.0078551569
721618.9068470172
730548.9478953152
739752.2519782223
749230.8322641593
758986.5743624243
769021.2459646474
779336.4952174714
789933.8514253367
800814.7348747599
811980.4398256945
823432.1600879359
835170.9769255936
847197.8663422099
859513.6969630825
872119.2382719412
885015.1621275311
898202.0409102817
911680.3473532754
925450.4800920405
939512.7211035595
953867.2939249589
968514.3205077614
983453.8481028748
998685.8424492595
1.0142101986187692e6
1.0300267313527565e6
1.0461351894300855e6
1.0625352526312214e6
1.0792265355049884e6
1.0962085898883692e6
1.113480907592257e6
1.1310429230413493e6
1.148894016557793e6
1.1670335133947325e6
1.1854606926108662e6
1.204174783778232e6
1.2231749711994098e6
1.242460398746409e6
1.2620301694982152e6
1.2818833441485236e6
1.3020189559062014e6
1.3224360020769588e6
1.3431334368326887e6
1.3641102076623559e6
1.385365217710446e6
1.4068973528767752e6
1.4287054706916148e6
1.4507884135655854e6
1.4731450030535187e6
1.4957740406792862e6
1.5186743194174233e6
1.5418446137022958e6
1.5652836656782764e6
1.5889902506075418e6
1.612963115931549e6
1.637200972383277e6
1.661702574644777e6
1.6864666266929503e6
1.7114918645620483e6
1.7367770074455151e6
1.7623207687597168e6
1.78812187435589e6
1.8141790434839341e6
1.8404910030952126e6
1.8670564756306717e6
1.8938742022493335e6
1.9209429198894375e6
1.9482613634453507e6
1.975828302683627e6
2.0036424888192147e6
2.0317027116128842e6
2.060007703381437e6
2.0885563018967083e6
2.117347293829842e6
2.146379492245131e6
2.1756517527522044e6
2.2051628221077723e6
2.234911647209732e6
2.264897053504346e6
2.295117932319514e6
2.3255731788834464e6
2.3562616882571112e6
2.3871823920332287e6
2.4183342309588934e6
2.4497161572881495e6
2.481327142195222e6
2.513166174101877e6
2.5452322541911025e6
2.577524428254853e6
2.6100416786892484e6
2.6427830893436987e6
2.675747734188118e6
2.7089346730243447e6
2.742343039080897e6
2.7759719388052267e6
2.8098205134497494e6
2.8438879091843874e6
2.8781733028215445e6
2.912675899750692e6
2.947394861409775e6
2.9823294296510033e6
3.017478840794627e6
3.0528423499263674e6
3.088419223256927e6
3.1242087498577563e6
3.1602102307512383e6
3.1964229823354515e6
3.232846339253513e6
3.269479652483303e6
3.306322281879306e6
3.343373616622713e6
3.380633043318606e6
3.4180999757426847e6
3.455773842142667e6
3.493654071029715e6
3.5317401304970635e6
3.5700314877424845e6
3.608527596792178e6
3.647227992116631e6
3.6861321643657703e6
3.72523964163833e6
3.764549956557628e6
3.8040626588373203e6
3.8437773110990366e6
3.883693489765344e6
3.923810776816954e6
3.964128773199184e6
4.00464709115851e6
4.0453653495524675e6
4.086283184702743e6
4.127400240991177e6
4.168716173800108e6
4.21023064710317e6
4.25194334475362e6
4.293853948165452e6