684896.9369932754
684876.5917192635
684822.4362095086
684735.0229254237
684615.3699646052
684464.5306744549
684283.7773919927
684076.3287456075
683843.0473193878
683586.8710257955
683310.7231579219
683017.7451629092
682711.2640689978
682396.3306582203
682073.3715285959
681750.0403385275
681429.6363360932
681116.9497521621
680816.6074999188
680534.009628392
680274.5180062418
680043.2647503001
679845.8046109952
679688.4616352577
679576.477741928
679516.1135696558
679513.197124673
679574.4328263596
679705.6108527159
679912.9749329197
680203.0818342196
680582.2259610302
681056.7770751967
681633.1548079922
682317.4191805325
683116.6271004885
684037.0725426491
685084.8372295134
686265.6685264405
687586.4000944162
689053.2694553109
690672.2974662668
692449.510165482
694390.8995532189
696502.3459183179
698789.6391264477
701258.5285226844
703914.5879259342
706763.3450919411
709810.1806543281
713060.3734193221
716519.1039634645
720191.4237639912
724082.2487012284
728196.3799734915
732538.4200826029
737113.1782969586
741924.8253312686
746977.6783446344
752275.9578170782
757823.65341458
763624.664818158
769682.724436205
776001.4742931116
782584.3824302035
789435.7897420032
796555.9136338326
803950.8115316695
811622.4702999137
819573.6471907508
827807.0330142726
836325.173277576
845131.017262458
854225.2154902722
863611.5505172828
873291.500586157
883266.9687075692
893539.7258315233
904111.4238609648
914983.5939570235
926157.6489572249
937634.884943306
949416.4797463632
961503.4952225968
973896.8987034984
986597.542863009
999606.1433110544
1.0129233678958061e6
1.0265497401748933e6
1.0404857006245254e6
1.0547315897234995e6
1.0692876558704423e6
1.0841540543724445e6
1.099330852059443e6
1.1148180300230691e6
1.1306154846307836e6
1.146723031752957e6
1.1631404084443823e6
1.179867276115701e6
1.1969032222027222e6
1.2142477642759671e6
1.231900351452556e6
1.249860368399752e6
1.2681271377788053e6
1.2866999152341934e6
1.3055779106065228e6
1.324760274488206e6
1.3442460892858747e6
1.3640344199148822e6
1.3841242498139192e6
1.4045145443653206e6
1.425204210270372e6
1.4461921198778842e6
1.467477108500204e6
1.4890579737037006e6
1.5109334805172891e6
1.533102364446295e6
1.5555633338089264e6
1.5783150642898448e6
1.601356214099045e6
1.6246854163231028e6
1.6483012898817747e6
1.6722024077886331e6
1.6963873716002803e6
1.720854734824899e6
1.7456030659263e6
1.7706308735947057e6
1.7959367030769815e6
1.8215190790536054e6
1.847376515140672e6
1.8735075288466094e6
1.8999106401299285e6
1.926584318374048e6
1.9535271025744171e6
1.9807374918219652e6
2.0082138962877144e6
2.0359551425673128e6
2.063959441137074e6
2.0922253968181917e6
2.1207515697086696e6
2.149536486502994e6
2.1785787001418383e6
2.2078767676413907e6
2.237429254131806e6
2.2672347434364846e6
2.2972918238485865e6
2.327599101159105e6
2.3581551967959907e6
2.388958741679567e6
2.420008382727801e6
2.4513027822101684e6
2.4828406213097293e6
2.5146205925575234e6
2.546641411014049e6
2.5789017961062924e6
2.611400504893171e6
2.6441363047061265e6
2.677107950173042e6
2.710314279147038e6
2.7437540904404703e6
2.777426226245587e6
2.811329541539372e6
2.845462931644726e6
2.8798252371062036e6
2.9144154282809533e6
2.949232420806047e6
2.9842751689775116e6
3.019542648273134e6
3.055033847060645e6
3.0907477820831016e6
3.126683484625721e6
3.1628400179784694e6
3.1992164099382954e6
3.235811800547145e6
3.2726252785230647e6
3.309655973159394e6
3.346903033358096e6
3.3843656256945934e6
3.4220429397140555e6
3.4599341650878536e6
3.498038542834685e6
3.5363553079450615e6
3.574883691332885e6
3.6136230102902986e6
3.6525725377758965e6
3.691731593454078e6
3.7310994983440945e6
3.7706756042363383e6
3.8104592673563557e6
3.850449873050602e6
3.890646811644487e6
3.931049495890867e6
3.9716573549475865e6
4.0124698311882857e6
4.0534863832140146e6
4.094706487810565e6
4.136129618257096e6
4.1777552875713315e6
4.219583021133143e6
4.261612339034239e6