241767.25429748054
241844.64992522754
242051.16890897803
242387.10761557546
242853.02144722393
243449.63575014335
244177.8669545933
245038.8451168449
246033.86061639726
247164.3962261307
248432.11654967282
249838.8184891659
251386.4953768289
253077.2515548557
254913.3717106592
256897.23383685367
259031.32521786974
261318.26725638713
263760.75370992697
266361.5930620353
269123.62599528756
272049.7833551384
275143.0363725708
278406.4103579655
281842.9388301221
285455.6794276193
289247.7176289306
293222.1222082686
297382.01186627627
301730.35139261815
306270.2004508083
311004.55153752
315936.3334929324
321068.45215191937
326403.7565472976
331945.0294304965
337694.9948547062
343656.2900444777
349831.49456191063
356222.8578850714
362833.5268319438
369665.1023480266
376720.0644716447
384000.5785132076
391508.6814836239
399246.3518304024
407215.4798978893
415417.85688350163
423855.12236272974
432528.9175517083
441440.73145860306
450591.9743278705
459983.96043668035
469617.9117032171
479494.970236119
489616.181035302
499982.50372367795
510594.8133448007
521453.90533680515
532560.488364089
543915.1893110544
555518.5682701147
567371.1027489587
579473.1993235463
591825.1954879067
604427.3580249152
617279.8898602462
630382.9305515226
643736.5589789212
657340.7941313562
671195.6009578239
685300.8919055231
699656.525917738
714262.3129755259
729118.018135539
744223.3619309962
759578.0216438614
775181.6363890996
791033.8070027443
807134.0987499652
823482.044506186
840077.1448923172
856918.8717126205
874006.6693177129
891339.9565777841
908918.128675112
926740.5588860746
944806.6003254082
963115.5876115044
981666.8382845016
1.0004596547080547e6
1.0194933258206095e6
1.0387671248247824e6
1.0582803192450015e6
1.078032162626941e6
1.0980219023212355e6
1.1182487772095026e6
1.1387120178394075e6
1.1594108555262666e6
1.1803445116853504e6
1.2015122081090824e6
1.2229131633801747e6
1.2445465954262773e6
1.2664117221408773e6
1.2885077606279894e6
1.3108339309132807e6
1.3333894545233604e6
1.3561735564192117e6
1.3791854636547924e6
1.4024244097163705e6
1.4258896276314112e6
1.449580362019651e6
1.4734958614640923e6
1.4976353784487178e6
1.5219981722544755e6
1.5465835188432275e6
1.5713906840399727e6
1.5964189510679066e6
1.6216676108736629e6
1.64713596562911e6
1.67282332390546e6
1.6987290009317836e6
1.7248523194855682e6
1.7511926257291413e6
1.777749260779791e6
1.8045215735145162e6
1.8315089420411082e6
1.8587107349884869e6
1.8861263389718859e6
1.9137551491617216e6
1.9415965724693094e6
1.969650027185416e6
1.9979149352725833e6
2.0263907401191492e6
2.0550768973361389e6
2.0839728400254792e6
2.1130780620119236e6
2.1423920377378073e6
2.1719142552372944e6
2.201644214290334e6
2.2315814322531074e6
2.2617254243048187e6
2.292075727577745e6
2.322631882377788e6
2.3533934427826717e6
2.384359970675748e6
2.415531040034404e6
2.4469062317567067e6
2.4784851415093313e6
2.5102673697480457e6
2.542252499238627e6
2.574440247553898e6
2.6068301466116174e6
2.6394218728458392e6
2.672215073944517e6
2.7052094096188117e6
2.7384045479181753e6
2.7718001668038997e6
2.8053959500632337e6
2.8391915933331773e6
2.873186797553709e6
2.907381273307324e6
2.941774745187878e6
2.9763669333852753e6
3.0111575750307967e6
3.0461464178878665e6
3.0813332188463854e6
3.11671770230902e6
3.152299669098927e6
3.1880788810459184e6
3.224055117594824e6
3.260228166099399e6
3.2965978199845264e6
3.3331638796755783e6
3.36992615291268e6
3.406884452854689e6
3.444038599554801e6
3.4813884195716325e6
3.5189337447437067e6
3.556674412822199e6
3.594610268252274e6
3.6327411606583204e6
3.67106694529086e6
3.709587483539547e6
3.7483026545902714e6
3.787212286798332e6
3.8263162981348475e6
3.8656145610539373e6
3.905106956301135e6
3.9447933764003143e6
3.9846737175252587e6
4.0247478785044774e6
4.0650157644837983e6
4.105477284424185e6
4.1461323513656184e6
4.1869808819089336e6
4.228022797542511e6
4.269258022916904e6
4.31068648698291e6
4.352308122344786e6