649498.7520665604
649484.5594867399
649446.8304910974
649386.1097325811
649303.9434408476
649199.706656005
649073.7350976515
648936.3665119178
648780.7403353803
648612.3147443108
648433.9658435528
648248.7814406162
648060.1244975771
647871.5897650813
647687.1904079221
647511.0271991678
647347.4579309791
647201.1779318874
647076.7455784229
646979.4509906454
646914.5550649016
646887.1097130252
646902.7326314279
646967.0617537028
647085.8045122244
647264.896534879
647510.0626015863
647827.8210829656
648223.7706858036
648704.290816349
649275.5046217435
649943.6451852495
650714.9321100202
651595.6238034677
652591.6206202463
653709.8112750674
654956.2488270253
656336.8974162644
657857.3508762736
659524.230038469
661343.5663973733
663321.1852928225
665462.936624008
667774.6101149601
670261.8720167725
672929.8728028121
675785.4533925642
678832.680075775
682077.3095306854
685524.470003054
689179.2538530834
693046.6145563694
697131.3699273894
701438.2182629715
705971.73535818
710736.2720227909
715736.4616858342
720976.1906000264
726459.6009308682
732190.6326500684
738173.0629416188
744410.556961288
750906.628433402
757664.6768884357
764687.9534711787
771980.4740342817
779542.4925469656
787379.5909981648
795493.583782007
803887.0413871801
812562.4229091692
821522.0540864462
830768.1472710376
840302.7139371512
850127.7482689485
860245.0553234547
870656.3208156738
881363.125841606
892366.922226363
903669.0510659562
915270.7333294826
927173.0817458533
939377.0900070573
951883.6578739008
964693.5660089239
977807.4995089124
991226.0353977911
1.0049496582641354e6
1.0189787524759532e6
1.0333136098466458e6
1.0479544303178983e6
1.062901325891674e6
1.0781543222051575e6
1.0937133604778033e6
1.1095783024255754e6
1.1257489307480243e6
1.1422249527497955e6
1.1590060021106128e6
1.1760916449533878e6
1.1934813755348676e6
1.2111746258435992e6
1.2291707646369995e6
1.2474691024429554e6
1.2660688913690895e6
1.2849693245816836e6
1.3041695526817401e6
1.3236686736877281e6
1.3434657228784612e6
1.3635597221734347e6
1.3839496187104029e6
1.4046343447024322e6
1.4256127805856434e6
1.4468837763925e6
1.468446150189434e6
1.4902986871027525e6
1.5124401443046632e6
1.534869253021314e6
1.557584720988011e6
1.5805852368753457e6
1.6038694603643925e6
1.6274360398131781e6
1.6512836113563343e6
1.6754107708111075e6
1.6998161427673344e6
1.7244983100164882e6
1.7494558557465612e6
1.7746873566777965e6
1.8001913780529974e6
1.8259664877475274e6
1.8520112391911487e6
1.8783241996799188e6
1.9049039412644387e6
1.9317489780739634e6
1.9588578937320176e6
1.9862292896116418e6
2.0138616275484078e6
2.0417536548436559e6
2.0699038147848838e6
2.098310723851716e6
2.1269729846061254e6
2.155889213910089e6
2.185058022856986e6
2.2144780169038763e6
2.2441478687911425e6
2.2740662099772925e6
2.3042317065338492e6
2.3346430364160286e6
2.3652988924993686e6
2.396197982349906e6
2.4273390274606785e6
2.4587207568888953e6
2.490341943115036e6
2.5222013393706856e6
2.5542977414403176e6
2.58662994969355e6
2.6191967780937115e6
2.6519970889472966e6
2.685029705823243e6
2.718293536069493e6
2.7517874592897533e6
2.7855103943629153e6
2.819461267309796e6
2.85363902840382e6
2.8880426478862534e6
2.9226711148899533e6
2.9575234324713517e6
2.992598627707427e6
3.027895741208921e6
3.0634138667409536e6
3.099152019569192e6
3.1351093598125493e6
3.171284998850381e6
3.2076780346330334e6
3.2442876868094066e6
3.281113079767953e6
3.3181534219828174e6
3.355407924996869e6
3.392875821450216e6
3.430556359091917e6
3.4684487904551174e6
3.5065524263785933e6
3.5448665284891785e6
3.58339041808046e6
3.6221234582868465e6
3.661064979388246e6
3.700214354580062e6
3.739570957917023e6
3.779134198693088e6
3.8189034812424188e6
3.858878241227927e6
3.8990579205507603e6
3.939441981754592e6
3.980029894854288e6
4.020821166899279e6
4.0618152839897326e6
4.103011772517691e6
4.144410160673442e6
4.1860099939946556e6
4.227810837586559e6
4.269812259396266e6