256871.94257710027
256945.07476846574
257140.21852826487
257457.7180104128
257898.11970278053
258462.19264357604
259150.8898934334
259965.40223562825
260907.06805494058
261977.44238794435
263178.26912689244
264511.6100841691
265978.9645768076
267583.1589797905
269326.3515822521
271211.04123607406
273239.8424346346
275415.5035779448
277740.85281543434
280218.83784519753
282852.44724592613
285644.76331244316
288598.91121405864
291718.0831929691
295005.475380932
298464.3167068615
302097.8630256611
305909.3700467859
309902.1286235383
314079.2878103886
318444.0926135116
322999.73383630195
327749.3002294946
332695.9154030252
337842.6097864843
343192.3577359265
348748.0755831592
354512.5911880577
360488.3743145063
366678.7363386542
373086.2021603425
379712.511081857
386561.0836049672
393633.65445545793
400932.5316568591
408459.9398837022
416217.9411218775
424208.50928340724
432433.4298740607
440894.5358564749
449593.47074964945
458531.80685585015
467711.01516000484
477132.47101828386
486797.4646755154
496707.1872581963
506862.7371573065
517265.12566014496
527915.281639422
538814.0355941027
549961.3189099999
561360.2813228127
573009.0377788084
584908.9295689021
597060.3979406457
609463.8087423325
622119.4575168262
635027.580068136
648188.3340643046
661601.8227123134
675268.0923781459
689187.1068976864
703358.8137078467
717783.0783526332
732459.7246712353
747388.5274783565
762569.2158308576
778001.4699508286
793684.9379049754
809619.2213795427
825803.8874750723
842238.4677672524
858922.4610107837
875855.3351212309
893036.5290973312
910465.4549863641
928141.4997067004
946064.0269484615
964232.3788663137
982645.8771390056
1.0013038278089333e6
1.0202055174384726e6
1.0393502163454569e6
1.058737186290642e6
1.078365673065942e6
1.0982349135109005e6
1.1183441340004301e6
1.1386925512066635e6
1.159279378954308e6
1.180103821738448e6
1.2011650805037208e6
1.2224623551105277e6
1.2439948325208174e6
1.2657617137577382e6
1.2877621873920765e6
1.3099954469155704e6
1.3324606845798625e6
1.3551570965096354e6
1.3780838784417007e6
1.401240237838629e6
1.4246253655003412e6
1.4482384830857748e6
1.4720787942651901e6
1.4961455236194963e6
1.5204378883322966e6
1.544955135287727e6
1.5696964954146892e6
1.594661207447926e6
1.61984854041315e6
1.6452577498602066e6
1.6708881071465379e6
1.696738890891765e6
1.7228093906659866e6
1.749098903852877e6
1.7756067384796082e6
1.8023322124344765e6
1.8292746571847808e6
1.8564333961170577e6
1.8838077933943197e6
1.9113971997096415e6
1.9392009845567008e6
1.967218529778746e6
1.9954492202443732e6
2.0238924614839316e6
2.0525476724715456e6
2.0814142499996366e6
2.1104916522368286e6
2.1397793169535734e6
2.1692766990022985e6
2.1989832602635697e6
2.2288984853136768e6
2.2590218533482216e6
2.2893528696432435e6
2.319891038076918e6
2.350635884113897e6
2.381586933305516e6
2.412743727962888e6
2.444105818729067e6
2.4756727691252436e6
2.5074441496891445e6
2.539419542103721e6
2.571598539216377e6
2.603980742815708e6
2.6365657653025785e6
2.669353226689545e6
2.7023427590666986e6
2.73553400263503e6
2.7689266092196573e6
2.8025202355457298e6
2.836314551582776e6
2.870309232782106e6
2.904503965264027e6
2.9388984478761125e6
2.97349237849625e6
3.008285469064698e6
3.0432774468651144e6
3.0784680318344324e6
3.113856963450505e6
3.1494439853607034e6
3.1852288471719497e6
3.221211313425329e6
3.2573911467570597e6
3.293768122878913e6
3.3303420213752054e6
3.367112631901814e6
3.404079749629629e6
3.441243176229424e6
3.4786027210912434e6
3.5161581983608184e6
3.553909429149591e6
3.591856242273899e6
3.6299984693743875e6
3.6683359542432595e6
3.706868539386253e6
3.74559607608098e6
3.784518421307152e6
3.8236354393829526e6
3.862946993973097e6
3.902452961019368e6
3.942153215874046e6
3.9820476491697496e6
4.022136139603873e6
4.0624185825657723e6
4.1028948771557296e6
4.1435649231851846e6
4.1844286271773092e6
4.22548590008179e6
4.266736656416583e6
4.308180812870615e6
4.34981829480774e6