661137.5598342003
661121.3197838509
661079.0107895961
661008.5207115078
660913.5008844271
660794.1397975663
660648.9280001208
660489.2501556809
660307.7902156541
660110.1643644134
659899.2760275903
659678.2299305971
659450.4017696644
659219.4164320353
658989.6784454922
658764.1873350854
658548.4515713182
658346.8345568635
658163.9033383895
658004.9898893809
657875.3963668976
657780.1847316021
657725.0366117795
657715.6162752296
657757.6785322775
657857.1910415613
658019.9203270244
658252.4418640175
658560.4086568245
658950.2199534429
659428.0693053738
660000.2334434921
660672.9820989512
661452.640281541
662345.150092856
663357.4665533553
664495.7186443543
665765.9119033607
667173.6883305097
668725.7474061055
670428.1899072442
672286.9064772485
674307.7964781348
676496.7281166828
678859.4341552871
681401.1215513388
684128.7483479065
687046.3976393297
690159.9139140267
693474.5282895559
696995.3716223775
700727.4827345388
704675.755274674
708844.9337600309
713239.754453393
717864.5676792895
722724.0958137288
727822.3049062083
733163.424339102
738751.4655775358
744590.282730382
750683.6169061676
757035.0594694247
763648.0860509173
770526.0242274927
777672.9956446509
785089.2387264761
792780.5011435018
800748.6418533286
808996.3042337212
817526.020260025
826340.1879475683
835441.1017746811
844830.8105215614
854511.410566301
864484.7614273838
874752.622183567
885316.5745539411
896178.3161371518
907339.071060387
918800.1824448946
930562.8232086637
942628.0459303927
954996.8082310827
967669.9460818693
980648.2061120712
993932.1967515599
1.0075224747333967e6
1.0214194662345401e6
1.0356235110505109e6
1.050134854216048e6
1.0649536522557863e6
1.080079972368079e6
1.0955137962314629e6
1.111255023940266e6
1.1273034748374582e6
1.1436588908004689e6
1.1603209384062013e6
1.1772892148972226e6
1.194563243283104e6
1.2121424831479331e6
1.2300263285319807e6
1.2482141131266e6
1.2667051116844793e6
1.285498536533134e6
1.3045935567916075e6
1.3239892865838115e6
1.3436847758389423e6
1.3636790592874982e6
1.3839710951922885e6
1.4045598255184114e6
1.4254441383571802e6
1.4466228900430277e6
1.4680949032829832e6
1.4898589660784286e6
1.5119138379838208e6
1.534258216456747e6
1.5568909075457412e6
1.579810498328139e6
1.6030156771406452e6
1.6265050871009296e6
1.6502773580308773e6
1.674331077549183e6
1.6986648617160786e6
1.7232772831618576e6
1.7481669144476946e6
1.7733323180608684e6
1.7987720486080241e6
1.8244846583147307e6
1.8504687012091507e6
1.8767226983389992e6
1.9032525118120569e6
1.9300347459444713e6
1.9570898882214604e6
1.9844091633292215e6
2.0119911421660946e6
2.0398343484594077e6
2.0679373438821733e6
2.0962987105249232e6
2.12491701833533e6
2.1537908494984563e6
2.182918805932873e6
2.212299464017227e6
2.241931475543277e6
2.271813446887083e6
2.3019440207977514e6
2.3323218508177907e6
2.3629456069163564e6
2.39381396858879e6
2.4249256364068766e6
2.456279312796536e6
2.4878737467353125e6
2.519707665683854e6
2.5517798402454467e6
2.5840890476691285e6
2.616634074255497e6
2.6494137596575613e6
2.682426901586129e6
2.715672383186406e6
2.7491490589836766e6
2.782855823905605e6
2.816791579312023e6
2.850955251007464e6
2.8853457863109894e6
2.9199621492848443e6
2.9548033196981405e6
2.9898683013462997e6
3.025156111018095e6
3.0606658344912725e6
3.0963964691724246e6
3.132347068674894e6
3.168516819861525e6
3.2049047649159916e6
3.2415100868530525e6
3.2783319195036846e6
3.3153694353435463e6
3.3526218258674783e6
3.390088300741791e6
3.427768090288924e6
3.4656604258506224e6
3.5037645881498465e6
3.5420798644573437e6
3.5806054889730485e6
3.6193408521204796e6
3.6582852545905868e6
3.697438051311803e6
3.7367985990814837e6
3.7763662899788665e6
3.8161405111464113e6
3.8561206819827557e6
3.8963062279420467e6
3.9366965957110794e6
3.9772912474842295e6
4.018089651614449e6
4.0590913030962395e6
4.100295705350006e6
4.1417023726116884e6
4.1833108343800474e6
4.225120647011842e6
4.267131361315682e6