672936.9564090042
672918.6652399326
672869.9940455907
672791.4914770887
672684.1651402218
672549.081943107
672384.6121932927
672202.5661416241
671995.2189000945
671768.3398227063
671524.8461715195
671267.8689734201
671000.7925464284
670727.2631962224
670451.7285893174
670177.1616768483
669909.1448079275
669652.0538366716
669410.4772479826
669189.7919267319
668995.3257546596
668832.1744149877
668705.8643654386
668622.6733325488
668587.8154165274
668607.5020535202
668687.5297275748
668834.5379383578
669054.2102493877
669352.9908818837
669737.1282619574
670212.956731356
670786.7875129972
671464.999573668
672253.5910961512
673159.570384322
674189.1489984776
675348.3654128824
676642.9279782404
678079.5879347312
679664.5306092721
681403.7025189628
683303.0706918056
685368.5641407563
687605.9879427694
690020.6000324817
692619.4780355388
695406.7326730257
698388.2844630658
701569.4468664115
704955.4156559417
708551.3034382459
712362.0874404261
716392.5807611968
720647.5945758641
725131.5588376909
729849.2618586796
734804.7621216743
740002.3572957076
745446.1365775242
751140.0311005879
757087.8589722232
763293.2871105773
769759.8724304541
776491.0058276202
783490.9315066014
790759.8688403678
798303.7258469621
806124.4086965935
814224.634997242
822607.0104880688
831274.0056405654
840227.9773429679
849471.0736788992
859005.433955285
868832.9909620103
878955.5793719159
889374.9024633938
900092.54589633
911109.9751283157
922428.5388961835
934049.4706114607
945973.8829559549
958202.7922768805
970737.0915245912
983577.5829789673
996724.9286808404
1.0101797378372987e6
1.0239424866055541e6
1.0380135648299035e6
1.0523932634812351e6
1.067081784444917e6
1.0820792387691182e6
1.0973856496288986e6
1.1130009569781064e6
1.1289250180436012e6
1.145157610928282e6
1.161698436366158e6
1.1785471240980139e6
1.1957032275454917e6
1.2131662349048913e6
1.230935567057184e6
1.2490105825670664e6
1.267390579433185e6
1.286074790954521e6
1.3050624058195227e6
1.3243525558940133e6
1.343944306322518e6
1.3638366984813104e6
1.3840287280149083e6
1.4045193218582056e6
1.4253073857089889e6
1.4463917832876933e6
1.4677713430935263e6
1.4894448572428953e6
1.511411087174369e6
1.5336687670039944e6
1.556216603409791e6
1.5790532732480362e6
1.6021774368960075e6
1.6255877313725788e6
1.6492827797831637e6
1.6732611623281222e6
1.697521487577059e6
1.7220623178140142e6
1.7468822173920728e6
1.771979734294077e6
1.7973534264452532e6
1.8230018029619858e6
1.8489234027649614e6
1.8751167621773283e6
1.9015804036658588e6
1.928312837377916e6
1.9553126231231354e6
1.9825782491019657e6
2.0101081583495769e6
2.0379012014041431e6
2.0659555879810255e6
2.0942699847328346e6
2.1228429401502805e6
2.151673011569717e6
2.180758775861952e6
2.210098812376134e6
2.2396917096099234e6
2.2695360750021655e6
2.29963052086776e6
2.3299736774327275e6
2.360564190382676e6
2.3914007153745648e6
2.4224819439759976e6
2.453806505337423e6
2.485373163660936e6
2.5171806179251275e6
2.5492276076200665e6
2.5815128793001724e6
2.6140352135128058e6
2.6467934047701466e6
2.6797862322335127e6
2.713012554426424e6
2.7464712005750784e6
2.780161040953095e6
2.814080951661637e6
2.8482298547778986e6
2.8826066128046354e6
2.9172102372203763e6
2.9520396421638792e6
2.98709381672787e6
3.0223717611345276e6
3.057872487693437e6
3.0935950364756933e6
3.1295384624571227e6
3.165701851710649e6
3.2020842552750884e6
3.238684835115669e6
3.2755027026390964e6
3.3125370089420327e6
3.3497869246391156e6
3.3872516376175513e6
3.4249303585198475e6
3.462822297756717e6
3.500926716588007e6
3.5392428702348485e6
3.577770009883814e6
3.6165074706448247e6
3.6554545470278305e6
3.694610575369946e6
3.733974894387753e6
3.773546878643245e6
3.8133258978790124e6
3.8533113542529386e6
3.8935026576866093e6
3.933899236666704e6
3.974500538960857e6
4.0153060167995174e6
4.056315149315893e6
4.0975274306737906e6
4.1389423450823934e6
4.1805594224533127e6
4.222378200823983e6
4.264398216540633e6