434087.0691433671
434115.7655848105
434192.5777227258
434317.86500451737
434492.43517653656
434717.303324912
434993.79764344706
435323.5136010889
435708.3271112301
436150.39636751846
436651.9926322006
437215.83850283595
437844.79762270977
438541.89665667946
439310.4970903469
440154.04390393384
441076.2372962771
442080.94714317936
443172.1090220205
444354.01455999457
445631.01947170834
447007.35073172825
448487.64866975776
450076.5324778565
451777.93658132677
453598.9191749549
455541.9851098424
457612.92386499734
459816.45865765016
462157.5837962044
464641.19092329557
467272.23237297265
470055.6058709235
472996.1801804204
476098.80964316963
479367.8229370988
482809.36201253673
486426.771492262
490225.085349725
494208.85777010885
498382.5779506089
502750.62091001566
507317.27611568687
512086.7552933601
517063.1251606038
522250.3928632615
527652.4279694795
533272.9876519478
539115.7908491594
545184.3237798462
551482.0150339832
558012.2232483613
564777.9741706516
571782.4754478593
579028.6222245994
586519.2189517376
594256.9634280504
602244.4111863107
610484.0156432529
618978.0969295538
627729.003022917
636738.3821929925
646008.6295875679
655541.4496617676
665338.5739506811
675401.6159334134
685732.0774419433
696331.3507828673
707200.7291918395
718341.3829685571
729754.3886125277
741440.7254478937
753401.263097745
765636.7783900369
778147.9539082204
790935.3812080405
803999.559749146
817340.905476295
830959.7480717818
844856.3350951301
859030.8373453314
873483.3501181961
888213.8880336897
903222.4086590948
918508.7819148606
934072.8370799904
949914.3088988893
966032.9001276536
982428.2450451229
999099.9201479186
1.0160474514412808e6
1.0332703146093052e6
1.050767937522699e6
1.0685397025979706e6
1.0865849493304766e6
1.1049029764834861e6
1.1234930443713723e6
1.142354377199018e6
1.1614861656081525e6
1.1808875672789412e6
1.2005577113226205e6
1.2204956985443067e6
1.2407006042028181e6
1.2611714826264298e6
1.2819073592172386e6
1.3029072463117475e6
1.324170139379417e6
1.3456950003927872e6
1.367480808306057e6
1.3895264888541305e6
1.4118309966194178e6
1.4343932499755388e6
1.4572121578080626e6
1.4802866401621574e6
1.5036155958915292e6
1.5271979322870367e6
1.5510325198870879e6
1.575118274900368e6
1.599454081983117e6
1.6240388356680158e6
1.64887142647324e6
1.673950753519438e6
1.699275702102002e6
1.7248451898118649e6
1.7506581173415408e6
1.7767133934343096e6
1.803009941594798e6
1.8295466868543248e6
1.856322561600242e6
1.8833365072143069e6
1.9105874765219341e6
1.9380744312497615e6
1.9657963274829204e6
1.9937521722341357e6
2.0219409380200722e6
2.0503616493236031e6
2.0790132828980149e6
2.107894894165541e6
2.137005524619806e6
2.1663442221662067e6
2.1959100534348898e6
2.225702096034546e6
2.2557194465368986e6
2.2859612092386754e6
2.3164265088768983e6
2.347114478048983e6
2.378024267377289e6
2.4091550373943145e6
2.4405059718691004e6
2.472076259987281e6
2.5038651205018517e6
2.5358717456234726e6
2.568095403323577e6
2.6005353337296667e6
2.6331908004016336e6
2.6660610882661734e6
2.69914549559483e6
2.7324433156529865e6
2.765953892656879e6
2.799676556202226e6
2.833610659000381e6
2.867755575113241e6
2.9021106679527983e6
2.9366753508723862e6
2.971449027431151e6
3.0064311185139962e6
3.041621060886067e6
3.0770183068224983e6
3.1126223131818464e6
3.148432488613164e6
3.184448548156235e6
3.2206697619814947e6
3.257095722844627e6
3.293725959975063e6
3.3305600099924286e6
3.367597427286655e6
3.4048377733939807e6
3.4422806267347424e6
3.479925574359216e6
3.517772209761859e6
3.5558201487711677e6
3.5940690089381523e6
3.632518423844804e6
3.6711680358106177e6
3.710017496614081e6
3.7490665331901135e6
3.7883146676067496e6
3.827761697116388e6
3.867407290313621e6
3.907251149626212e6
3.9472929826537697e6
3.98753251926071e6
4.027969482818608e6
4.068603610890787e6
4.1094346611284157e6
4.1504623799964665e6
4.191686536307019e6
4.233106897860442e6
4.274723250787307e6
4.316535379246054e6