418361.252760354
418393.50819930324
418479.7862549744
418620.49849399336
418790.7557809677
419068.51585435163
419375.3463851688
419746.83972713613
420176.38963947835
420668.99291754194
421226.84541310923
421852.6329623751
422549.1633723776
423319.3867295954
424166.6151016036
425094.2294862483
426105.8583575582
427205.29159682355
428396.3873601243
429683.34952726524
431070.4328669821
432561.789595633
434161.96259901155
435875.4590598124
437706.1229394491
439660.8866998071
441742.1621288219
443955.6038213551
446305.84305508033
448797.72863484867
451436.06048938195
454225.63761443255
457171.24022719153
460277.60575196514
463549.45738878223
466991.26628247
470608.2294627156
474404.3206724496
478384.23878084245
482552.32612971234
486912.9838609704
491470.4253430209
496228.79973382823
501192.17331286456
506364.47398835706
511749.5448925186
517351.159205006
523172.88720887323
529218.3232543839
535490.8057412868
541993.6232574668
548729.9418119108
555702.8060355142
562915.1264626121
570369.7136375159
578069.2373305364
586016.258219037
594213.2056872495
602662.3994295241
611366.0305785106
620326.1839370553
629544.7984079602
639023.733002027
648764.7123487175
658769.3508062344
669039.1463753658
679575.4932809088
690379.677767524
701452.8873830016
712796.1855354139
724410.5501723506
736296.8664773649
748455.9143015171
760888.3790101293
773594.8576454644
786575.8575157356
799831.8000989871
813363.0243865601
827169.7873419228
841252.2674006654
855610.5688638007
870244.7243906572
885154.6897897245
900340.3651794875
915801.5691772436
931538.0807548682
947549.5888967558
963835.7534819804
980396.1684359047
997230.3739866265
1.0143378625357639e6
1.0317180792639807e6
1.0493704245523652e6
1.0672942572235416e6
1.0854888922254064e6
1.1039536123335531e6
1.1226876607672398e6
1.141690248477287e6
1.1609605551179424e6
1.1804977304371716e6
1.200300897479813e6
1.2203691538282325e6
1.2407015758710895e6
1.2612972127858237e6
1.2821550997789446e6
1.3032742531881453e6
1.3246536733289915e6
1.3462923370790486e6
1.3681892306012155e6
1.3903432950744056e6
1.4127534666528772e6
1.435418772300564e6
1.4583380503206672e6
1.4815102690404458e6
1.5049343447713498e6
1.528609220979068e6
1.55253377243526e6
1.576706953914349e6
1.6011276710017624e6
1.625794846160085e6
1.650707397547925e6
1.6758642545079123e6
1.7012643313395022e6
1.726906575285257e6
1.7527899200955178e6
1.7789133058561608e6
1.805275689077674e6
1.8318760266938312e6
1.8587132989485245e6
1.8857864447687955e6
1.9130944867059188e6
1.9406364093764247e6
1.9684112091073622e6
1.9964179158535255e6
2.0246555499833713e6
2.0531231670950335e6
2.0818197810651646e6
2.110744482487638e6
2.1398963505482646e6
2.1692744673394375e6
2.1988779365347866e6
2.2287058714461816e6
2.258757399378378e6
2.2890316762464787e6
2.319527847693503e6
2.350245085194872e6
2.381182575637468e6
2.412339515157098e6
2.4437151216906477e6
2.47530861919661e6
2.507119251871357e6
2.539146271775938e6
2.571388954604012e6
2.6038465827401113e6
2.636518452606173e6
2.6694038811978735e6
2.7025021991603635e6
2.735812732284853e6
2.7693348549904935e6
2.8030679286242034e6
2.837011336467334e6
2.8711644813123047e6
2.905526757829685e6
2.940097607897023e6
2.9748764632706107e6
3.0098627753048516e6
3.0450560061050663e6
3.0804556284933984e6
3.116061149656116e6
3.1518720588704413e6
3.1878878715651017e6
3.2241081154620675e6
3.260532335152099e6
3.2971600793679594e6
3.3339909107217407e6
3.3710244071602398e6
3.4082601532531264e6
3.4456977498856992e6
3.483336806316996e6
3.5211769384036465e6
3.559217782743986e6
3.597458977955363e6
3.635900177386856e6
3.674541043905012e6
3.7133812486999924e6
3.752420500705267e6
3.7916584222237202e6
3.8310947688587285e6
3.8707292492506388e6
3.9105615753808697e6
3.950591474999646e6
3.9908187263354925e6
4.031242998384517e6
4.0718640803476362e6
4.112681745164569e6
4.153695754357775e6
4.194905889574993e6
4.236311937829345e6
4.277913693879999e6
4.319710958108744e6