355555.5365948179
355602.8789103441
355728.9223386899
355934.2277273281
356219.4693585243
356585.5930728547
357033.75385359314
357565.43087550695
358182.2807970088
358886.22842595493
359679.3868342781
360564.13358273846
361543.05549595377
362618.85982630134
363794.5483505707
365073.2121624161
366458.14841388876
367952.7935324394
369560.6739087828
371285.57825870276
373131.300463581
375101.75826572033
377200.88781909074
379432.8121596534
381801.65236695495
384311.6011016995
386966.85452463164
389771.75037127465
392730.45362289355
395847.262457374
399126.43599372427
402572.23120938137
406188.8047493807
409980.4183581036
413951.14560903993
418104.9601459196
422446.2692999326
426978.6450622323
431706.09404277575
436632.4005019684
441761.3371714606
447096.4757048808
452641.3987659203
458399.52607401693
464374.19096555794
470568.6242042229
476986.17657350795
483629.23971658084
490501.3777893907
497605.13669291406
504943.21609106305
512518.19390505465
520332.52770624065
528388.5553564652
536688.5185540791
545234.5268805051
554028.5943033474
563072.5997645461
572368.3366409559
581917.474120145
591721.578754238
601782.1051053324
612100.4099851362
622677.7434441491
633515.2593311964
644614.01460048
655974.9383413238
667598.905674645
679486.6850988574
691638.9524047377
704056.2999305057
716739.236483092
729688.1853866045
742903.4947885338
756385.4289417854
770134.1849050922
784149.8828645697
798432.5774617008
812982.2554313943
827798.8388960904
842882.1904089826
858232.1124852232
873848.3517253767
889730.6013409479
905878.5028292467
922291.6492121156
938969.586881568
955911.8185307749
973117.8048566616
990586.9672705675
1.0083186904595697e6
1.0263123219441656e6
1.0445671796304182e6
1.0630825477757195e6
1.0818576848480643e6
1.1008918190099471e6
1.1201841558370967e6
1.1397338770370414e6
1.1595401441783528e6
1.1796020977584498e6
1.199918861588046e6
1.2204895429111077e6
1.2413132358032558e6
1.2623890198977739e6
1.2837159627042117e6
1.3052931239358776e6
1.3271195548494784e6
1.3491942931645706e6
1.371516383678542e6
1.3940848482580353e6
1.416898718021492e6
1.4399570239328174e6
1.4632587813835768e6
1.4868030206141307e6
1.5105887617183286e6
1.5346150424379914e6
1.5588808596127115e6
1.5833852722980992e6
1.6081273053106703e6
1.633105999345922e6
1.6583204001076235e6
1.6837695559672213e6
1.7094525252631868e6
1.7353683720614128e6
1.7615161697215664e6
1.7878949997987577e6
1.814503950401708e6
1.8413421210686467e6
1.8684086329216422e6
1.895702568655702e6
1.9232230940418574e6
1.9509693535218728e6
1.9789404464831676e6
2.0071355889766617e6
2.0355539398873937e6
2.064194685839555e6
2.0930570048219708e6
2.1221401293828906e6
2.1514432786573777e6
2.1809656849925797e6
2.210706600712426e6
2.240665314455851e6
2.27084099694549e6
2.3012330396887576e6
2.3318407099887095e6
2.362663319058735e6
2.39370018944244e6
2.4249506580366846e6
2.4564140829143147e6
2.4880898226897186e6
2.5199772557502864e6
2.5520757705999827e6
2.584384773149958e6
2.6169036775292475e6
2.6496319098398704e6
2.6825689131182935e6
2.7157141441114047e6
2.7490670567418523e6
2.7826271404852727e6
2.816393881137199e6
2.850366782405245e6
2.8845453624168043e6
2.9189291307013533e6
2.95351764191364e6
2.9883104396034507e6
3.0233071015303805e6
3.058507147382729e6
3.093910211127742e6
3.129515869365991e6
3.165323726533299e6
3.2013334025604753e6
3.237544516635524e6
3.273956706316661e6
3.3105696189463106e6
3.347382909606013e6
3.384396245465216e6
3.4216092990372665e6
3.459021757926456e6
3.4966333012998677e6
3.5344436598901846e6
3.5724525347892204e6
3.6106596448969217e6
3.6490647205906343e6
3.6876675009967415e6
3.7264677301753666e6
3.765465166409109e6
3.804659574560984e6
3.8440507107410356e6
3.8836383692255896e6
3.9234223307164963e6
3.9634023875112524e6
4.003578355775088e6
4.0439500115733985e6
4.0845171821871307e6
4.1252796961297803e6
4.1662373735277094e6
4.207390050802939e6
4.248737567695472e6
4.2902797708728695e6
4.332016513058535e6