315715.10262898786
315772.39101489924
315925.2985569539
316174.2163121939
316519.80446623336
316962.9008294785
317504.6056122341
318146.3056200987
318889.52819141594
319736.07177780056
320687.8777847901
321747.20410206576
322916.410711708
324198.0468766161
325594.8591867059
327109.742624564
328745.7802818476
330506.02865098836
332393.9009018418
334412.8036916626
336566.2190172464
338857.84148820664
341291.225521329
343870.18454349804
346598.49216114095
349479.98960939795
352518.5146388698
355718.01343344955
359082.30732714524
362615.27061025944
366320.7976822698
370202.7411168744
374264.85800977726
378510.95996581914
382944.7507392353
387569.9123329483
392390.03250641323
397408.6450351734
402629.20219292335
408055.08758823556
413689.5941541691
419535.928454916
425596.8859721741
431876.42812350974
438376.51538346964
445100.27601550973
452050.442539305
459229.59271440655
466640.28201213287
474284.8518177426
482165.6018288146
490284.7163470261
498644.2618448372
507246.1675050277
516092.7069071345
525184.5722453191
534524.4043355562
544113.4126409291
553953.0453688607
564044.6336672715
574389.4151273698
584988.5281555051
595843.0167518101
606953.8313844416
618321.8323584074
629947.7894045133
641832.3742534507
653976.1964230451
666379.7695997567
679043.527038369
691967.8269594917
705152.9633897686
718599.1401187396
732306.5053714141
746275.1331145396
760505.0374946285
774996.1680020404
789748.4167715032
804761.617053542
820035.5524570323
835569.9491447249
851364.4860557443
867418.7982137207
883732.4717868159
900305.052825468
917136.0470472497
934224.9223846316
951571.1112157718
969174.0124077862
987032.9933827634
1.0051473958495508e6
1.0235165264390688e6
1.0421396609336146e6
1.0610160776375404e6
1.080145008860501e6
1.0995256760672706e6
1.1191572789446178e6
1.1390390024129194e6
1.1591700165750461e6
1.179549476233129e6
1.2001765261852983e6
1.221050301444595e6
1.2421699147345948e6
1.263534493074831e6
1.2851431446006068e6
1.306994967680869e6
1.329089064116599e6
1.35142452531863e6
1.3740004513573688e6
1.3968159255824755e6
1.4198700425583278e6
1.4431618985270113e6
1.4666905814475187e6
1.490455190704197e6
1.5144548235825119e6
1.538688594339088e6
1.5631555765555836e6
1.587854924864689e6
1.6127857329882698e6
1.637947137358976e6
1.6633382537521427e6
1.688958235922916e6
1.7148062277389504e6
1.740881373683435e6
1.7671828664610577e6
1.7937098518187555e6
1.8204615238309086e6
1.8474370739296577e6
1.8746357026945613e6
1.9020566324590773e6
1.9296990874934366e6
1.9575622830161585e6
1.985645483877309e6
2.0139479476419045e6
2.042468940432631e6
2.0712076377103361e6
2.100163647705585e6
2.1293359577835198e6
2.15872399346817e6
2.188327079774071e6
2.218144561767864e6
2.2481757866725116e6
2.278420122819964e6
2.3088769456582516e6
2.339545644099999e6
2.3704256232814025e6
2.401516291104545e6
2.432817074278222e6
2.464327412156135e6
2.496046751980995e6
2.5279745567592746e6
2.5601102959305802e6
2.592453457032126e6
2.62500353188536e6
2.6577600399898337e6
2.6907224881716436e6
2.7238904199525095e6
2.7572633533606688e6
2.7908408641891577e6
2.824622508727138e6
2.85860786108953e6
2.8927965097176107e6
2.927188043483395e6
2.961782074978657e6
2.996578216630832e6
3.031576118860602e6
3.066775362699598e6
3.1021756453201124e6
3.137776607602781e6
3.1735779121818803e6
3.2095792410384906e6
3.245780273492542e6
3.2821807029898777e6
3.3187802343716193e6
3.355578577728949e6
3.3925754533761456e6
3.429770589778785e6
3.467163723273688e6
3.504754594262804e6
3.542542971457631e6
3.580528598199115e6
3.6187112476447904e6
3.6570907013551705e6
3.69566673669702e6
3.734439146515377e6
3.7734077281892523e6
3.812572288918184e6
3.851932631312267e6
3.8914885828734543e6
3.931239965713525e6
3.9711866102052256e6
4.011328352725939e6
4.0516650377666596e6
4.092196514061247e6
4.1329226342795976e6
4.173843266193467e6
4.214958269099285e6
4.256267516822452e6
4.297770886256577e6
4.339468259836399e6