292083.15176231595
292146.6601546042
292316.15121404
292592.0050986422
292974.81157754885
293465.41191345104
294064.8562880301
294774.42450389743
295595.5884338429
296530.0907371931
297579.69465980236
298746.64268636465
300033.09261413064
301441.5014541119
302974.51083887817
304634.8170306312
306425.31476702186
308349.0170928025
310409.0535838761
312608.6731640779
314951.1399192023
317439.9750435552
320078.52287995216
322870.3781936768
325819.0897436051
328928.26678910886
332201.52444485505
335642.55836920365
339254.9413149775
343042.3161268109
347008.31500058493
351156.52071665943
355490.47061071347
360013.6775955061
364729.59742885287
369641.63006239204
374753.1128999662
380067.3242157833
385587.38906815194
391316.4859314574
397257.6114220157
403413.71365123783
409787.6261685503
416382.11460449273
423199.8070629445
430243.2620626759
437514.95327544305
445017.21884149546
452752.31282979617
460722.3753893234
468929.44601557316
477375.47233499057
486062.2772793133
494991.590290849
504165.0573130306
513584.1726741333
523250.39570986363
533165.0336724661
543329.3303141154
553744.4158553564
564411.3336519676
575331.0332466753
586504.3773320729
597932.1374141438
609615.0052194768
621553.5802077855
633748.3967047285
646199.8925790347
658908.4435266248
671874.344749279
685097.8249874463
698579.0454204096
712318.0989204018
726315.015613678
740569.7661707618
755082.2631811464
769852.362228718
784879.8669097363
800164.5306324593
815706.0567048932
831504.1044417431
847558.2881258995
863868.182370964
880433.3206951078
897253.2010202026
914327.2861772899
931655.0063906005
949235.7612181539
967068.9217118769
985153.8314794464
1.0034898120578139e6
1.0220761589120487e6
1.0409121443447146e6
1.0599970288760185e6
1.0793300465157053e6
1.0989104222374526e6
1.1187373616253552e6
1.1388100622082874e6
1.1591277032826077e6
1.179689451085915e6
1.2004944697211096e6
1.2215419166733243e6
1.2428309455867724e6
1.264360695546865e6
1.2861303046842767e6
1.3081389075724366e6
1.3303856415588614e6
1.3528696336317703e6
1.3755900194557058e6
1.398545933156548e6
1.4217365037298175e6
1.4451608713301267e6
1.4688181731985637e6
1.4927075558073353e6
1.5168281635793515e6
1.5411791602680022e6
1.565759679098258e6
1.5905689066795856e6
1.615606007763431e6
1.640870161317957e6
1.6663605540491128e6
1.6920763787170695e6
1.7180168391261431e6
1.744181146573223e6
1.770568521969265e6
1.7971781965778673e6
1.8240094103807986e6
1.8510614131098408e6
1.8783334665147623e6
1.9058248407464125e6
1.9335348191631997e6
1.9614626939629859e6
1.989607764905649e6
2.0179693549156273e6
2.0465467858431872e6
2.0753393946254938e6
2.104346533385978e6
2.133567558777232e6
2.1630018473727214e6
2.1926487792296335e6
2.2225077542744623e6
2.2525781749436473e6
2.2828594623013977e6
2.3133510461417967e6
2.344052369377786e6
2.3749628846145524e6
2.4060820562915923e6
2.4374093606998962e6
2.468944285798459e6
2.5006863330235956e6
2.5326350090451916e6
2.5647898356934874e6
2.597150346959818e6
2.629716085206085e6
2.6624866035533184e6
2.6954614682475477e6
2.728640252890322e6
2.7620225469882237e6
2.795607943408827e6
2.8293960473873056e6
2.86338648155516e6
2.8975788680019e6
2.9319728399293744e6
2.966568049242156e6
3.0013641454656664e6
3.036360803228873e6
3.0715576865077303e6
3.1069544833710897e6
3.1425508859469434e6
3.178346591775851e6
3.2143412486558626e6
3.2505347752170176e6
3.2869266937046526e6
3.3235168079712423e6
3.3603048604046763e6
3.397290602389135e6
3.4344737922308273e6
3.4718541965595153e6
3.5094315893040793e6
3.5472057497780314e6
3.585176467917978e6
3.6233435371180577e6
3.661706764434973e6
3.700265953670169e6
3.7390209220779855e6
3.7779714925361387e6
3.817117494353262e6
3.8564587557362057e6
3.895995124440022e6
3.9357264424102036e6
3.9756525700451694e6
4.015773356341866e6
4.0560886686193123e6
4.096598375835267e6
4.13730234997926e6
4.1782004764534524e6
4.21929263366293e6
4.260578714566656e6
4.302058609775488e6
4.343732221313313e6