243444.76989718777
243521.68792932096
243726.94515256427
244060.80595950427
244523.86187793157
245116.83108660224
245840.63644066086
246696.40773675987
247685.44788651512
248809.24596685747
250069.474634538
251467.93990723015
253006.64663127012
254687.70899909054
256513.42439898913
258486.1860855131
260608.49084715242
262882.97772465454
265312.35484867025
267899.4466573528
270647.11034523847
273558.29456636775
276635.98674017994
279883.23206924525
283303.0823277316
286898.614676458
290672.9331728663
294629.1284774214
298770.33824328793
303099.56076678185
307619.8396667883
312334.2258722757
317245.6561496563
322357.05870109564
327671.3037788115
333191.19572109025
338919.48007380887
344858.81618673034
351011.77547326434
357380.71201738145
363968.7194344973
370777.4333181588
377809.36331105244
385066.69314165215
392551.48054078844
400265.72405866726
408211.3338575625
416390.12106622074
424803.7409547828
433453.86063396017
442341.98138925334
451469.5329649672
460837.8474683646
470448.1635834686
480301.6399761282
490399.3381976729
500742.2328806209
511331.21443579247
522167.0912948597
533250.5909237254
544582.3490586467
556162.9402846119
567992.8547702022
580072.5110352228
592402.2580973324
604982.3734845214
617813.070685697
630894.4991070954
644226.7469783176
657809.8415863249
671643.7578575469
685728.4144368905
700063.678151836
714649.3657715314
729485.2488248167
744571.0536519063
759906.4629660625
775491.120859971
791324.6326905915
807406.5678972264
823736.4627557197
840313.8214111148
857138.1184292007
874208.800621543
891525.2889459373
909086.9803177342
926893.2493425054
944943.4502023535
963236.9181927829
981772.9712271498
1.0005509117621575e6
1.0195700284786472e6
1.0388295941826904e6
1.058328875530595e6
1.0780671250750255e6
1.098043588918467e6
1.1182575042461287e6
1.1387081004217556e6
1.1593946061535282e6
1.1803162414343124e6
1.2014722250159818e6
1.222861773176786e6
1.2444841018119003e6
1.2663384252299923e6
1.2884239578512409e6
1.3107399166000856e6
1.333285519706881e6
1.3560599890536962e6
1.379062547590457e6
1.4022924258695166e6
1.4257488529871146e6
1.449431069982018e6
1.4733383213054119e6
1.49746985584816e6
1.5218249341103025e6
1.5464028122734395e6
1.5712027732016589e6
1.5962240746265003e6
1.6214660194753038e6
1.6469279004139241e6
1.672609021843812e6
1.6985086886531287e6
1.7246262376667028e6
1.750960992475273e6
1.7775122900529846e6
1.8042794935828024e6
1.831261958157089e6
1.858459054467584e6
1.8858701648478217e6
1.9134946804971776e6
1.9413320039002916e6
1.9693815471936557e6
1.997642734438191e6
2.0261149986959104e6
2.0547977936246258e6
2.083690548239227e6
2.1127927521272907e6
2.142103876120525e6
2.171623404102633e6
2.2013508321415363e6
2.2312856736253933e6
2.261427439930415e6
2.2917756644394817e6
2.322329883769729e6
2.353089648328495e6
2.3840545163922682e6
2.4152240584050436e6
2.446597851682051e6
2.478175488538774e6
2.5099565659049717e6
2.541940663274698e6
2.5741274941382417e6
2.6065165895104106e6
2.6391076203373303e6
2.67190023175216e6
2.704894080675008e6
2.738088831948116e6
2.7714841606441527e6
2.805079747589146e6
2.8388752856509434e6
2.872870472759195e6
2.907065016943653e6
2.9414586400693255e6
2.976051059639238e6
3.010842010181273e6
3.04583123702902e6
3.081018494577976e6
3.116403504572114e6
3.151986066342335e6
3.187765937457683e6
3.2237428969265795e6
3.259916729292657e6
3.2962872257720423e6
3.3328541849789275e6
3.369617411701999e6
3.406576717944884e6
3.4437319215074363e6
3.481082846982153e6
3.5186293243509913e6
3.5563711892138408e6
3.5943082850531517e6
3.632440459022345e6
3.6707675648183553e6
3.709289462198858e6
3.7480060288311914e6
3.786917091170336e6
3.826022568949624e6
3.8653223241044767e6
3.9048162448319374e6
3.944504219242191e6
3.9843861421655985e6
4.024461911035925e6
4.0647314297115756e6
4.1051946058915704e6
4.145851351357444e6
4.186701581511941e6
4.227745217436943e6
4.268982180375347e6
4.31041240042724e6
4.35203580829931e6