320924.00092267885
320979.94301926077
321129.2614188454
321372.3513695466
321709.88084668317
322142.69520549395
322671.9188865372
323298.91126517905
324025.2477945179
324852.7569831873
325783.3838237586
326819.4082568905
327963.2175932409
329217.3848722015
330584.69197106303
332068.06145711825
333670.61469472316
335395.438055155
337245.9842260387
339225.6993022043
341338.1066364751
343586.94297787466
345975.80520599114
348508.554845363
351189.0111895226
354021.06427879585
357008.598944905
360155.6168606755
363465.9865755002
366943.6378589169
370592.51837686915
374416.53538802196
378419.5000539947
382605.2846265929
386977.6409709777
391540.312093414
396296.9424106834
401251.1215283654
406406.362832026
411766.1054724683
417333.3680633344
423112.4117804604
429105.0917059417
435315.75967216364
441746.43219822214
448400.2939400142
455280.1333914596
462388.583620121
469728.2555057893
477301.54251863214
485110.79933698673
493158.2620132172
501446.04909540433
509976.16869012034
518750.53543991386
527770.9434467821
537039.0855692113
546556.5379212063
556324.7983427374
566345.2417371975
576619.1447272293
587147.6894607774
597931.963026065
608972.9467536772
620271.5471458721
631828.5677767335
643644.714745151
655720.6324279669
668056.8658593221
680653.880201683
693512.0654540374
706631.7366385246
720013.1318427288
733656.4224801924
747561.7067067602
761729.0215781507
776158.3381165001
790849.5686015238
805802.5653609901
821017.1296742102
836493.003642607
852229.8839648329
868227.4135126148
884485.1965965005
901002.7890997932
917779.7070544062
934815.4276616194
952109.3913252286
969661.0040383844
987469.6457551449
1.0055346436093795e6
1.0238553208391878e6
1.0424309703758515e6
1.0612608521059651e6
1.0803442062486578e6
1.0996802551126806e6
1.1192681974199193e6
1.139107216976819e6
1.159196481886103e6
1.1795351440628534e6
1.2001223444060697e6
1.2209572111454494e6
1.2420388638433598e6
1.2633664100284106e6
1.2849389581902847e6
1.3067555991837084e6
1.3288154278792213e6
1.3511175279989894e6
1.3736609916790766e6
1.3964448937317375e6
1.4194683196379615e6
1.4427303566304978e6
1.4662300843638955e6
1.4899665874258885e6
1.5139389580327175e6
1.5381462973213498e6
1.562587674030473e6
1.5872622152766297e6
1.612169019801295e6
1.637307205883515e6
1.6626758802605513e6
1.6882741836331848e6
1.7141012461119995e6
1.740156210624348e6
1.7664382301819958e6
1.7929464660860295e6
1.819680089799133e6
1.8466382791763372e6
1.8738202245629993e6
1.9012251353096026e6
1.9288522141375493e6
1.9567006889541228e6
1.984769787412268e6
2.0130587613785395e6
2.041566865233749e6
2.0702933675581992e6
2.099237550814572e6
2.128398701503814e6
2.1577761288128113e6
2.187369147451852e6
2.2171770885171504e6
2.247199287692864e6
2.277435101617444e6
2.307883893386285e6
2.3385450416974416e6
2.3694179373959634e6
2.4005019793460397e6
2.4317965822015186e6
2.4633011738831955e6
2.4950151912993807e6
2.526938084402668e6
2.559069315648627e6
2.5914083598966086e6
2.623954697477682e6
2.65670783921227e6
2.689667281260658e6
2.7228325472314213e6
2.7562031737986733e6
2.789778699210169e6
2.8235586795889107e6
2.857542679592181e6
2.891730278652559e6
2.9261210562923998e6
2.9607146165151205e6
2.9955105630062167e6
3.0305085378625644e6
3.0657081131146513e6
3.1011089783412036e6
3.1367107661974356e6
3.172513131435599e6
3.208515748440439e6
3.2447182882773527e6
3.281120438620819e6
3.317721895526854e6
3.354522362585997e6
3.3915215526648425e6
3.4287191879119584e6
3.466114998877764e6
3.503708724201978e6
3.541500107833311e6
3.579488907550966e6
3.6176748811123217e6
3.6560578064140086e6
3.6946374542478933e6
3.733413612121048e6
3.772386071800073e6
3.811554635370159e6
3.850919099565621e6
3.8904792875423026e6
3.9302350160736307e6
3.970186110847941e6
4.010332403551565e6
4.050673732000695e6
4.091209946531612e6
4.1319408893207056e6
4.172866426273976e6
4.213986412233761e6
4.25530071713488e6
4.296809213979753e6
4.338511781417763e6