747105.4551318599
747074.7789122371
746993.1220023704
746861.0530398181
746679.6021344544
746448.6834686956
746172.9097815016
745852.5113370881
745489.1812699134
745086.0175864808
744646.0376436058
744172.4533001217
743668.7451037905
743138.8483906548
742586.4479946685
742016.3129404881
741432.8414687428
740840.9411095772
740245.3561138471
739651.6526423505
739065.3767151285
738491.7081913729
737936.6569519065
737406.0945313417
736906.0627683611
736444.3383177656
736022.2700307099
735651.5160332646
735336.3989626381
735083.1809480943
734899.5875826814
734791.0453195466
734764.649931698
734827.0191490791
734984.7288419678
735244.6152270418
735613.1066858616
736097.3491074373
736702.8583990078
737436.8165361754
738305.8474545638
739316.2347175456
740474.6675421972
741786.382972991
743258.6592850462
744897.2566184539
746708.258006875
748697.5756106286
750871.1036110864
753234.5384386148
755793.5314711005
758553.6291264052
761520.2122831049
764698.5875946421
768093.9261414187
771711.2948954052
775555.5923332387
779631.650045341
783944.0641959251
788497.4420995335
793296.1608166905
798344.3842189868
803646.5568030277
809206.3725025563
815027.8128177956
821115.7256831381
827470.3097851258
834098.4184197498
841002.2511911098
848184.9690418952
855649.6420949806
863399.1822854221
871436.3962850705
879763.8461246007
888384.1448746579
897299.6249398376
906512.5687838098
916025.0797368544
925839.1580201272
935956.6797563324
946379.3910034717
957108.9185099344
968146.7556309723
979494.2871081063
991152.7947298056
1.0031234068845764e6
1.0154071600315605e6
1.0280049998511504e6
1.0409177267199145e6
1.0541460561504513e6
1.067690586375304e6
1.0815518205647464e6
1.095730159970787e6
1.110225907921627e6
1.1250392722991335e6
1.1401703683121798e6
1.1556192208129424e6
1.1713857669408177e6
1.1874698588831266e6
1.203871265274862e6
1.2205896756675963e6
1.2376247014298039e6
1.2549758806054092e6
1.2726426772581153e6
1.2906244864348995e6
1.3089206375464918e6
1.327530399034576e6
1.3464529576353743e6
1.365687478653585e6
1.3852330258583785e6
1.405088651106212e6
1.425253327722483e6
1.445725988800202e6
1.4665055229849229e6
1.4875907707636296e6
1.5089805333777745e6
1.5306735835660757e6
1.552668626879047e6
1.5749643618462915e6
1.5975594505575814e6
1.618315245732031e6
1.6436421939883074e6
1.667127076585327e6
1.6909055260608813e6
1.7149763011790172e6
1.7393378323510508e6
1.763988617381555e6
1.7889271364962885e6
1.8141518589298436e6
1.8396612315841373e6
1.865453710904862e6
1.8915277315810055e6
1.9178817093137442e6
1.9445140848573386e6
1.9714232873801605e6
1.9986077262693937e6
2.0260658224900926e6
2.053795997879174e6
2.0817966754901845e6
2.1100662885084664e6
2.1386032641141675e6
2.1674060362693025e6
2.1964730576491198e6
2.225802775182022e6
2.2553936532749794e6
2.2852441658222494e6
2.3153527920060093e6
2.3457181405618675e6
2.376338384904575e6
2.407212381705714e6
2.4383385525862738e6
2.4697154494987004e6
2.5013416366959126e6
2.533215700345869e6
2.565336227313455e6
2.597701844608939e6
2.6303111900224835e6
2.663162883652581e6
2.6962556341363266e6
2.7295881000345e6
2.763159010181082e6
2.7969670797321843e6
2.8310110751712453e6
2.865289703550402e6
2.899801814313161e6
2.934546188584883e6
2.969521655136529e6
3.004727063679242e6
3.0401612759387107e6
3.0758231097842017e6
3.1117117000380373e6
3.1478257614569934e6
3.1841644301757235e6
3.2207262671202114e6
3.2575107018049713e6
3.294516594461526e6
3.3317429792435863e6
3.3691889084283523e6
3.406853461048093e6
3.4447357131996267e6
3.482834800524134e6
3.5211498487813435e6
3.559679982360429e6
3.5984244163781134e6
3.63738232084125e6
3.676552916745981e6
3.7159354243862303e6
3.75552909748313e6
3.7953331980986744e6
3.8353470189587995e6
3.8755698567047603e6
3.9160010355406487e6
3.9566398948662924e6
3.997485791230998e6
4.038538098613251e6
4.0797962045207685e6
4.12125951550747e6
4.1629276538939467e6
4.204799464952954e6
4.246874998119078e6