709298.6327236873
709274.1723208015
709208.9997589062
709103.7648934023
708959.413211146
708777.0238171451
708557.8545045065
708305.2809640721
708020.0427734754
707705.1440301314
707363.5478170802
706998.4224637573
706595.7040883321
706211.6296927293
705797.7894266134
705375.9062877488
704950.4605578283
704526.3000066865
704108.0942899399
703701.3155869162
703311.4153211092
702943.5046146122
702603.4773546575
702297.1191627514
702030.3497737023
701809.2881872148
701639.8449666516
701528.8493518587
701482.0308098163
701506.0328935399
701607.2231451377
701792.0865789317
702067.0884964396
702438.7598275366
702913.2524863554
703497.7264073361
704198.6420715177
705022.1514173663
705974.0997232088
707061.4429016266
708290.58436502
709667.6464066731
711199.101845149
712890.1186326728
714747.6621140885
716777.3311962923
718985.0176334454
721376.4265196415
723957.2522681636
726732.992637128
729709.0563517462
732890.8076260576
736283.40358162
739891.9419212216
743721.3560176418
747775.672980755
752062.050445213
756582.6063757244
761342.5455609743
766346.2422687563
771597.8408517998
777101.3897294485
782860.7844330422
788879.8161248356
795162.107997624
801712.2001236172
808530.3202662759
815622.8313237655
822991.7910364394
830640.1403568815
838570.7095655119
846786.1909474116
855289.7460023856
864081.9766279759
873167.0002996102
882546.3799807362
892222.1521767101
902196.2290065262
912470.3946253813
923046.316679796
933925.5386090216
945109.4840033163
956599.4567590109
968396.6358054245
980502.1357568539
992916.8819218104
1.0056417356513697e6
1.018677468100183e6
1.0320247093334292e6
1.0456840045717745e6
1.0596557953000322e6
1.0739404268693733e6
1.0885381488779227e6
1.103449118786492e6
1.1186734039235336e6
1.1342109840062105e6
1.1500617541374615e6
1.1662255270195021e6
1.1827020361240602e6
1.1994909368427116e6
1.2165918112998114e6
1.2340041997999237e6
1.2517274519753235e6
1.2697610362940377e6
1.2881042242606052e6
1.3067562743618246e6
1.3257163784918226e6
1.3449836565334979e6
1.3645572085026293e6
1.3844360490767183e6
1.404619170734951e6
1.4251055016368618e6
1.4458939434094154e6
1.4669833393596555e6
1.4883725044252751e6
1.510060214779261e6
1.532045212008502e6
1.5543262097058701e6
1.576901884512254e6
1.5997708937483104e6
1.6229318683500984e6
1.6463834276826452e6
1.670124109109462e6
1.6941525165232718e6
1.718467190546879e6
1.743066657409104e6
1.767949460726681e6
1.793114080672227e6
1.8185590276260974e6
1.844282785135651e6
1.8702838476095125e6
1.8965606891682849e6
1.9231117755297527e6
1.9499355957191598e6
1.9770306141489442e6
2.004395308592353e6
2.0320281527172027e6
2.059927622164641e6
2.0880922050789006e6
2.11652038604837e6
2.145210666814712e6
2.1741615442202166e6
2.203371537257932e6
2.232839162781086e6
2.262562956866031e6
2.292541460048117e6
2.322773230193907e6
2.3532568367177737e6
2.3839908637640136e6
2.414973906945637e6
2.4462045780786076e6
2.4776815131586995e6
2.509403341040007e6
2.5413687329271054e6
2.573576354933113e6
2.6060249131788216e6
2.638713123493627e6
2.671639687385584e6
2.704803392323809e6
2.738202975949762e6
2.7718372475197283e6
2.8057049944041944e6
2.8398050814865124e6
2.8741362780041606e6
2.908697511520651e6
2.943487647367187e6
2.978505402908902e6
3.0137502653460796e6
3.0492206131856977e6
3.0849156011646516e6
3.120834213930727e6
3.156975466749577e6
3.193338338566846e6
3.2299219258685927e6
3.266725270020965e6
3.303747455443395e6
3.3409875861310554e6
3.3784447846960793e6
3.4161181977906222e6
3.4540069709720034e6
3.492110304596401e6
3.5304273910964606e6
3.5689574201722434e6
3.607699670019904e6
3.6466533728629723e6
3.6858178099636054e6
3.725192259647807e6
3.7647760544885295e6
3.8045684927341603e6
3.8445689313667733e6
3.884776725479506e6
3.9251912520476347e6
3.9658119074006705e6
4.006638100128643e6
4.0476692560765576e6
4.088904814797299e6
4.130344232415898e6
4.1719869793385295e6
4.213832553655046e6
4.255880445245421e6