331824.3940254195
331877.5471529899
332019.4301753859
332250.4652099946
332571.28103915974
332982.7891751287
333486.1355126592
334082.70353910513
334774.05901435995
335562.09655869065
336448.84203403257
337436.55800312303
338527.81700056395
339724.95766132115
341031.11477502587
342449.1594811273
343982.2901088345
345633.6641819448
347406.79017128726
349305.26778646256
351332.6202338103
353492.705254116
355789.21098758746
358226.0830528899
360807.24160874146
363536.6769710195
366418.37211415195
369456.4392120356
372654.8486925486
376017.6351234722
379548.859775026
383252.5424012686
387132.6052068373
391193.03588182316
395437.702845862
399870.4657266624
404495.0831366093
409315.2697744457
414334.6539332995
419556.77326398296
424984.7938130995
430623.1173743915
436473.6629986302
442540.92372219986
448827.0344639706
455335.2933920298
462068.76366248133
469029.7207528205
476221.36121985933
483646.03266518004
491306.2005346406
499204.2096477505
507342.28565174213
515722.5425792305
524346.9981297511
533217.5473305227
542335.9825903195
551703.9791739698
561323.1251708751
571194.8877300639
581320.6381937927
591701.6430100334
602339.071447495
613233.9951999368
624387.3919421003
635800.1415331336
647473.034965562
659406.7902061032
671601.9819295338
684059.1828118761
696778.8347579226
709761.3091818694
723006.902296552
736515.8405675626
750288.2730729203
764324.2855728006
778623.8957256081
793187.0583704576
808013.6680964628
823103.5601571671
838456.5157404289
854072.2612189204
869950.4746095943
886090.7827652289
902492.7684156252
919155.9702515209
936079.8888465536
953263.9735309732
970707.6551961331
988410.3177147362
1.0063713162978619e6
1.0245899735368774e6
1.0430655864124328e6
1.0617974235910992e6
1.080784728939023e6
1.1000267261039536e6
1.1195226141052134e6
1.1392715728536162e6
1.1592727731102076e6
1.179525355602962e6
1.2000284574113907e6
1.2207811984103764e6
1.2417826886276184e6
1.2630320277036843e6
1.2845283054712669e6
1.3062706064853854e6
1.3282580092699523e6
1.350489582088009e6
1.3729644012601217e6
1.3956815239863184e6
1.4186400177551848e6
1.441838951258937e6
1.4652773837898853e6
1.4889543787337271e6
1.512869010929965e6
1.5370203562526302e6
1.561407461489888e6
1.586029431221171e6
1.6108853410742928e6
1.6359742814483154e6
1.6612953473623714e6
1.686847641625449e6
1.712630271161342e6
1.738642363126188e6
1.7648830358789254e6
1.7913514275844814e6
1.818046683766974e6
1.8449679579967405e6
1.87211441608861e6
1.8994852317321554e6
1.9270795919461602e6
1.954896694180726e6
1.9829357398738035e6
2.011195956572118e6
2.0396765706179414e6
2.0683768360082651e6
2.097295976889467e6
2.126433285834461e6
2.1557880362643115e6
2.1853595167998336e6
2.215147033792223e6
2.2451498967813207e6
2.2753674385455516e6
2.3057989965753662e6
2.3364439255610574e6
2.367301591970831e6
2.3983713704793807e6
2.429652647757312e6
2.461144841191317e6
2.492847351639787e6
2.52475961034451e6
2.556881056686134e6
2.589211159838494e6
2.621749336236893e6
2.6544951062849383e6
2.687447944275972e6
2.7206073475944935e6
2.7539728329728483e6
2.787543917711619e6
2.821320138072676e6
2.8553010390665075e6
2.889486181010443e6
2.923875123409413e6
2.958467452943901e6
2.9932627543846513e6
3.0282606521001463e6
3.0634606993383183e6
3.098862568826347e6
3.134465876877626e6
3.1702702629155936e6
3.2062753832074255e6
3.2424808929739064e6
3.2788864582777806e6
3.315491778537148e6
3.352296523667107e6
3.389300398872037e6
3.4265031105841612e6
3.4639043761061984e6
3.5015039207374137e6
3.5393014740459016e6
3.5772967809334137e6
3.6154895869222544e6
3.653879657899066e6
3.692466751349194e6
3.7312506429967163e6
3.770231126503424e6
3.809407955411832e6
3.8487809505067645e6
3.888349914144125e6
3.9281146513868133e6
3.9680749779174617e6
4.0082307156037875e6
4.0485816925729997e6
4.089127750389602e6
4.1298687195547596e6
4.1708044600277822e6
4.211934816386152e6
4.253259642159672e6
4.294778826603114e6
4.336492215977876e6