410739.5357158348
410773.5409115334
410864.48944361066
411012.78735662333
411219.2117557749
411484.66778254264
411810.5407737631
412198.3942847251
412649.93802698224
413167.3604750999
413752.8568114437
414409.0651644041
415138.77876161865
415944.91786488425
416830.76312182983
417799.6580317569
418855.19421062653
420001.1276279143
421241.2768674677
422579.79924075166
424020.9022035417
425568.70203112974
427227.67904736695
429002.3004939401
430896.3573361171
432916.7200873367
435065.80470359966
437349.0513562859
439771.18732818123
442336.94963468576
445051.0769691551
447918.3057207209
450943.3524330311
454130.9040727387
457485.5744952081
461011.81861300406
464714.7306516025
468598.23688748525
472666.94236044365
476925.17118209566
481377.1476971479
486027.22346037
490879.2565690053
495937.32833910314
501205.3038049864
506686.9471794984
512385.9606586201
518305.84598659386
524450.1209046833
530822.0641295238
537424.8797732728
544261.6780311823
551335.4302485508
558648.9791384852
566205.0677084941
574006.299595605
582055.1701734344
590354.0444897106
598905.1758847822
607710.6976750187
616772.6250069537
626092.8521462075
635673.1642473389
645515.2330864348
655620.6169102885
665990.7583455623
676626.9982730979
687530.5706529729
698702.6082750985
710144.1351733314
721856.0799159285
733839.2682722682
746094.4484314532
758622.2594442106
771423.256891878
784497.9099226755
797846.5999559319
811469.6307688098
825367.2459650954
839539.5275584275
853986.6116197404
868708.4802908143
883705.0613919408
898976.2285874144
914521.7759064907
930341.4589929881
946434.9455156028
962801.87545085
979441.8240492415
996354.3148288426
1.013538824856862e6
1.0309947854285225e6
1.0487215844672439e6
1.0667185681931684e6
1.084985046886661e6
1.103520290129852e6
1.1223235372047494e6
1.141393989485859e6
1.160730826218593e6
1.1803331926364598e6
1.200200210153757e6
1.2203309755679953e6
1.2407245631239503e6
1.2613800290344222e6
1.2822964061501138e6
1.303472715490621e6
1.3249079621781055e6
1.3466011282793004e6
1.3685512059477656e6
1.3907571438816101e6
1.4132179151106137e6
1.435932467313076e6
1.4588997378746094e6
1.4821186713891355e6
1.5055882030364736e6
1.5293072744414103e6
1.5532747845589463e6
1.5774896976142596e6
1.6019509304673392e6
1.6266574182249042e6
1.651608098390156e6
1.6768019089018966e6
1.7022377813267773e6
1.727914678703475e6
1.7538315494875642e6
1.7799873493041268e6
1.8063810514501182e6
1.8330116294409921e6
1.8598780784862335e6
1.8869793568627906e6
1.9143145022474031e6
1.941882517941861e6
1.9696824156144408e6
1.9977132430539776e6
2.0259740396306827e6
2.054463876848187e6
2.0831817869020996e6
2.112126878731799e6
2.1412982465188885e6
2.1706949922807375e6
2.2003162363284742e6
2.2301611102165105e6
2.2602287634086497e6
2.290518353279924e6
2.321029058572661e6
2.35176007205177e6
2.3827105679433206e6
2.4138797939537447e6
2.445266967989235e6
2.476871335503582e6
2.5086921528747464e6
2.5407286919971528e6
2.572980246824201e6
2.6054461069463976e6
2.6381255934852706e6
2.671018036149091e6
2.7041227810519193e6
2.737439170717834e6
2.7709665909359893e6
2.804704421404204e6
2.838652058796e6
2.872808920701603e6
2.9071744165732805e6
2.9417479984137514e6
2.9765291138088247e6
3.011517239330518e6
3.0467118336636773e6
3.0821123960276204e6
3.117718425855785e6
3.1535294456499973e6
3.1895449766078745e6
3.225764558729421e6
3.262187748141215e6
3.2988141055563325e6
3.3356432055675862e6
3.3726746368609606e6
3.4099079952421803e6
3.4473428924524626e6
3.4849789483192144e6
3.5228157883629333e6
3.56085306187538e6
3.599090414854054e6
3.637527511182357e6
3.676164023342868e6
3.714999631826294e6
3.7540340542354933e6
3.7932669225113452e6
3.832698000965078e6
3.872327006004535e6
3.912153658080435e6
3.9521776936234995e6
3.9923988593134177e6
4.032816908652535e6
4.0734316013805936e6
4.114242756313939e6
4.1552500630948427e6
4.196453349912249e6
4.237852410481559e6
4.2794470459254775e6
4.321237063584436e6