279833.320953706
279900.12816361984
280078.412974939
280368.5429981722
280771.1000982167
281286.88516226446
281916.92935638025
282662.4773222016
283524.9602647729
284506.06553498056
285607.51567662985
286831.47262728214
288180.04815884
289655.62087167683
291260.7470185132
292998.0529104433
294870.33910740155
296880.529556129
299031.6579377972
301326.8589732706
303769.3071065273
306362.4038142225
309109.3842219357
312013.7204598047
315078.8493074532
318308.2392246146
321705.389153591
325273.83509798034
329017.10934231326
332938.62478246517
337041.90151876444
341330.3932247864
345807.49096530594
350476.56343612383
355340.9310295754
360403.8474670697
365668.5064537073
371138.03925771266
376815.43319591094
382703.7160712805
388805.74370372866
395124.3194094615
401662.1361816907
408421.8166987217
415405.85047520255
422616.6718851293
430056.5702130926
437727.79727647686
445632.45495481975
453772.55396437354
462150.006460222
470766.6260243794
479624.11768348014
488724.08856983285
498068.0542456859
507657.4235652373
517493.5124569219
527577.5282972427
537910.6071589564
548493.7756819833
559327.9769344298
570414.063263834
581752.8651531052
593344.8773374767
605190.890554233
617291.3591403028
629646.735932122
642257.3829970655
655123.6025191323
668245.6199684705
681623.597369598
695257.6329941098
709147.7602432119
723293.9529458373
737696.1290075931
752354.1514754092
767267.8289894635
782436.9239302024
797861.1478376014
813540.1680265751
829473.6100482559
845661.0574239788
862102.0568790194
878796.1170160754
895742.7135116811
912941.2897559926
930391.2591077086
948092.0068819792
966042.8923220062
984243.2496684408
1.0026923933795079e6
1.021389614164908e6
1.0403341819673703e6
1.059525355719315e6
1.0789623732522763e6
1.098644460951232e6
1.1185708299399582e6
1.1387406816572584e6
1.1591532066531912e6
1.179807588391366e6
1.2007029986404749e6
1.2218386140317083e6
1.2432135907653621e6
1.2648270852288876e6
1.286678251878304e6
1.3087662547832218e6
1.3310902376631848e6
1.3536493641151274e6
1.3764427817823866e6
1.3994696485907803e6
1.4227291168835582e6
1.446220353089287e6
1.4699425177506246e6
1.4938947835231514e6
1.5180763203510111e6
1.5424863196549173e6
1.567123942665549e6
1.5919884029791513e6
1.6170788940671103e6
1.6423946233688681e6
1.667934806536249e6
1.6936986658071037e6
1.7196854345257098e6
1.7458943532900675e6
1.7723246733064298e6
1.798975655628882e6
1.8258465695096424e6
1.8529366971867783e6
1.8802453281897139e6
1.907771763459474e6
1.9355153159426334e6
1.9634753096613793e6
1.9916510729846992e6
2.020041957647902e6
2.0486473167769236e6
2.0774665120241398e6
2.1064989330582144e6
2.1357439658196885e6
2.165201007592529e6
2.194869469884985e6
2.2247489268562403e6
2.2548384143170766e6
2.285137700719615e6
2.315646210443888e6
2.34636337656618e6
2.3772886800929997e6
2.4084216105603175e6
2.439761670552261e6
2.471308375832669e6
2.5030612491614698e6
2.535019828404236e6
2.5671836523072305e6
2.599552286091455e6
2.632125293976767e6
2.664902287059032e6
2.6978827515150327e6
2.7310663875849103e6
2.7644527722336636e6
2.7980415205987184e6
2.8318322627202785e6
2.8658246343139345e6
2.9000182857480054e6
2.9344128702142886e6
2.9690080575675867e6
3.003803518260457e6
3.0387989454961806e6
3.073994023211154e6
3.1093884575420804e6
3.1449819598013535e6
3.18077424323181e6
3.2167650433458406e6
3.252954090337866e6
3.289341128358262e6
3.3259259092600164e6
3.3627082031625025e6
3.3996877414240697e6
3.436864333398479e6
3.474237749072655e6
3.5118077764943535e6
3.5495742097217753e6
3.587536852604044e6
3.6256955115255765e6
3.6640500070192735e6
3.7026001562311244e6
3.741345788883803e6
3.780286740030153e6
3.819422850697624e6
3.8587539619189114e6
3.898279931716814e6
3.938000613567907e6
3.977915878439249e6
4.0180255861740713e6
4.0583296139165633e6
4.0988278393596825e6
4.1395201497600465e6
4.1804064335202673e6
4.221486581140522e6
4.262760493314868e6
4.304228070499942e6
4.345889222905755e6