522361.0640974231
522370.95174712734
522397.507935358
522441.20247336465
522502.91827357595
522583.72603143903
522685.0429134697
522808.6845020092
522956.6191816133
523131.1469301559
523334.86814637017
523570.68458593404
523841.6641085732
524151.1552521216
524502.8230674091
524900.4372234591
525348.0241153126
525849.8410789589
526410.1668413174
527033.8515745789
527725.491846672
528489.7024559699
529331.8317361141
530256.8770168584
531270.0017044775
532376.6287600258
533581.7883248271
534891.6007262731
536310.8813841017
537845.3683325559
539500.584951829
541282.0694493619
543195.3540214689
545245.9715854372
547439.4080076271
549781.1428673071
552276.608679344
554931.1794675541
557750.2055519341
560738.485110994
563902.380163677
567245.8781322071
570774.3539320574
574492.7389949064
578405.8472901586
582518.3872073216
586835.0361731357
591360.2282495626
596098.4432149081
601053.9057982272
606230.7862498295
611633.1307121718
617264.8525435224
623129.7369543903
629231.453597722
635573.5328251583
642159.386350734
648992.2864687974
656075.372572589
663411.6775191657
671004.0812047207
678855.343253596
686968.0887878158
695344.829222016
703987.9392476282
712899.6562328596
722082.1098297792
731537.3175125539
741267.1137336916
751273.294361119
761557.4906815538
772121.2259844464
782965.9099802165
794092.8398877883
805503.1998775715
817198.070077238
829178.4223991819
841445.127330588
853998.9507850476
866840.5632618802
879970.5397983517
893389.3615751131
907097.4122487435
921095.0029138857
935382.3359353837
949959.5550137646
964826.707865295
979983.7699376426
995430.6407673892
1.0111671477261992e6
1.0271930479906048e6
1.0435080327332085e6
1.0601117281139921e6
1.0770036987848969e6
1.0941834499922749e6
1.1116504307892611e6
1.129404035930126e6
1.1474436091966862e6
1.1657684448396596e6
1.1843777904837541e6
1.2032708501307569e6
1.2224467853705497e6
1.2419047198369985e6
1.2616437397459492e6
1.2816628921316415e6
1.3019611995426135e6
1.3225376501097577e6
1.3433911951366672e6
1.3645207764209989e6
1.3859253009349646e6
1.4076036540227334e6
1.4295547001538225e6
1.4517772881979174e6
1.4742702509823705e6
1.4970324006736132e6
1.5200625425680638e6
1.5433594662967215e6
1.5669219519427712e6
1.5907487698116056e6
1.614838692612106e6
1.6391904725242858e6
1.6638028721220107e6
1.6886746270639854e6
1.713804506307731e6
1.7391912539024237e6
1.7648336150004417e6
1.790730349965637e6
1.816880211087607e6
1.8432819592291662e6
1.8699343534142764e6
1.8968361706277058e6
1.9239861866499917e6
1.9513831729120351e6
1.9790259396407385e6
2.0069132774998785e6
2.035044016169053e6
2.063416930287934e6
2.092030897251029e6
2.12088474616869e6
2.149977332971638e6
2.179307555216564e6
2.208874202294197e6
2.238676263684204e6
2.268712611934319e6
2.298982177865035e6
2.329483893766122e6
2.3602167086857976e6
2.391179593652919e6
2.422371532463156e6
2.4537915206387076e6
2.485438572424808e6
2.5173117186723067e6
2.5494100035491097e6
2.58173249211059e6
2.6142782603525096e6
2.64704639560083e6
2.680036028360633e6
2.7132462556116427e6
2.7466762747233785e6
2.7803251846427764e6
2.814192188057775e6
2.8482764750192496e6
2.8825772586498186e6
2.9170937634539255e6
2.9518252317128633e6
2.9867709260485265e6
3.0219301040773666e6
3.0573020743500814e6
3.09288613376027e6
3.12868163009725e6
3.1646878528999384e6
3.200904176904129e6
3.2373299707419057e6
3.2739646186741055e6
3.310807516419929e6
3.3478580778937316e6
3.385115728223971e6
3.422579912012773e6
3.4602500854282794e6
3.4981257104305513e6
3.53620628384861e6
3.5744912979073375e6
3.6129802390808035e6
3.6516726688365377e6
3.6905681052879e6
3.7296661044077687e6
3.768966220313183e6
3.808468034009085e6
3.848171131699971e6
3.8880751098812316e6
3.9281795795209967e6
3.968484164716864e6
4.008988499204344e6
4.0496922239473043e6
4.0905949981167233e6
4.1316964868495893e6
4.172996365936936e6
4.2144943218658045e6
4.256190055951243e6
4.298083269513155e6