343368.2801299767
343418.5210165441
343552.6395253673
343771.0679411504
344074.446587884
344463.70768960076
344940.01621879975
345504.77800867765
346159.6258810186
346906.46679349465
347747.3446027901
348684.6052717095
349720.7670887696
350858.5024553742
352100.73757701006
353450.5005213355
354911.015625585
356485.6437560173
358177.83601101267
359991.2873431614
361929.7061513562
363996.93795407854
366196.8175060223
368533.3522964382
371010.57585283485
373632.57948445214
376403.4455524988
379327.40458667045
382408.51372522186
385650.95393127436
389058.87342836254
392636.4162982872
396387.6064956951
400316.5719614937
404427.29533913196
408723.62483069336
413209.80903049046
417889.32668456784
422766.04461900983
427843.64015881787
433125.7095046602
438615.7622366606
444317.2107407284
450233.3568012784
456367.40224088286
462722.4589852061
469301.55220803025
476107.54812270333
483143.28943146486
490411.39999076375
497914.4589460429
505654.92559603835
513635.13896209653
521857.32128641545
530323.6019570421
539035.9785020879
547996.3541800453
557206.5011971922
566668.1087956999
576382.7423038422
586351.8681856933
596576.8445233335
607058.9301006238
617799.286541065
628798.9733380651
640058.953002591
651580.0951445797
663363.1937293087
675408.8972849444
687717.8493845921
700290.5557734948
713127.4564522746
726228.9075060568
739595.1946642173
753226.5222768451
767123.0292455379
781284.7832416291
795711.7860821735
810403.9769246392
825361.2324225127
840583.3725998279
856070.1603684562
871821.3055423257
887836.4672290906
904115.255745695
920657.2353380201
937461.9265261423
954528.8085145792
971857.3211442973
989446.867406168
1.0072968158847629e6
1.0254065006513213e6
1.0437752260174545e6
1.0624022738142242e6
1.0812868870049454e6
1.1004282945456384e6
1.1198256966379979e6
1.1394782746583694e6
1.1593851911784867e6
1.179545589224727e6
1.1999585974268836e6
1.2206233291153756e6
1.2415388860484539e6
1.2627043573368287e6
1.2841188212333745e6
1.305781349833524e6
1.3276910078574223e6
1.3498468479593168e6
1.3722479307114575e6
1.394893292839415e6
1.4177819917586595e6
1.4409130702264411e6
1.4642855654565175e6
1.48789853099677e6
1.5117510045649502e6
1.5358420509287356e6
1.5601706897790188e6
1.5847360034861201e6
1.609537042098577e6
1.634572871806002e6
1.6598425639490136e6
1.685345194024434e6
1.7110798464798722e6
1.7370456131020705e6
1.7632415861973614e6
1.78966690037413e6
1.8163206476166775e6
1.843201963365608e6
1.8703099972369533e6
1.8976438621094537e6
1.9252027490579668e6
1.9529858201705571e6
1.9809922467638904e6
2.0092212297010864e6
2.037671963549068e6
2.0663436871844626e6
2.0952355851053556e6
2.124346925573169e6
2.1536769563274924e6
2.18322494416069e6
2.2129901513579777e6
2.2429718777711927e6
2.2731694242497417e6
2.303582101834054e6
2.334209239258377e6
2.365050177420971e6
2.3961042651209747e6
2.4273708666876433e6
2.4588493661338217e6
2.4905391481135753e6
2.5224396166215143e6
2.554550186836628e6
2.5868702892885995e6
2.619399362336016e6
2.652136857631701e6
2.685082242041194e6
2.718234990381636e6
2.7515945976448916e6
2.785160558950021e6
2.8189323836507215e6
2.85290961284354e6
2.8870917693811795e6
2.921478396725183e6
2.9560690637075542e6
2.9908633366400707e6
3.02586081406909e6
3.0610610368400235e6
3.0964636574878865e6
3.1320682725443835e6
3.167874504444478e6
3.20388199344304e6
3.2400903763866406e6
3.2764993088353965e6
3.31310845538809e6
3.3499174891191693e6
3.3869260925807664e6
3.424133955446651e6
3.4615407820384284e6
3.499146282584369e6
3.5369501711972905e6
3.5749521789440736e6
3.6131520432165517e6
3.6515495049927207e6
3.6901443180410005e6
3.728936234531926e6
3.7679250469268356e6
3.8071105098910006e6
3.846492402885041e6
3.886070529884373e6
3.9258446843422595e6
3.9658146707664877e6
4.0059803003420746e6
4.046341392905742e6
4.086897773588307e6
4.127649268964505e6
4.1685957280328525e6
4.209736985222359e6
4.251072893165929e6
4.292603307976469e6
4.334328091591456e6