458881.59053273173
458904.8123526843
458966.9884044089
459068.52061441704
459210.2454844796
459393.1604308075
459618.65086635936
459888.4036316188
460204.28492938296
460568.50524203177
460983.41304400575
461451.83283967024
461976.6849615857
462561.0769643717
463208.462710761
463922.4086609174
464706.6964710668
465565.32253110036
466502.32716220804
467522.14515828167
468629.2820416512
469828.03375169344
471123.2519108342
472519.6808530366
474021.40264911635
475635.66161268996
477365.0954707501
479215.6981333812
481192.33957421116
483300.1891598229
485544.3706063373
487929.9737934187
490462.1043641857
493145.8296116644
495986.19640887657
498987.971473126
502156.8255437085
505496.9429321289
509013.39933364675
512710.93605567294
516594.2581161058
520667.9552154263
524936.5337197549
529404.4157183949
534075.8978623132
538955.1761392048
544046.3993258376
549353.4870963702
554880.3958833645
560630.8280093251
566608.4305043452
572816.7268516107
579259.1136146396
585938.8553946171
592859.1064364376
600022.885773396
607433.099035028
615092.5049326632
623003.7594173963
631169.3846587953
639591.7759592113
648273.2108665099
657215.8442470505
666421.7055875929
675892.713737539
685630.6540438657
695637.2114897406
705913.9510459382
716462.3238957906
727283.6652243424
738379.2125080607
749750.0899928655
761397.3217518303
773321.8275578227
785524.4261751415
798005.84377124
810766.7082191526
823807.5585459205
837128.8427291999
850730.9221510112
864614.0752047
878778.5002957713
893224.3100565872
907951.5549686968
922960.191697526
938250.1338970726
953821.1901602397
969673.1424980785
985805.6866094453
1.0022184639227632e6
1.0189110581420287e6
1.035882998029565e6
1.0531337633814816e6
1.0706627695131088e6
1.0884694059158675e6
1.1065530023430195e6
1.1249128496745264e6
1.1435481980254161e6
1.1624582598918034e6
1.1816422104062398e6
1.201099188890649e6
1.2208283186013245e6
1.2408286687333337e6
1.261099298078853e6
1.2816392332509453e6
1.3024474824019598e6
1.3235230307117987e6
1.344864834182065e6
1.3664718528421998e6
1.388342998349815e6
1.4104772021238324e6
1.4328733642970715e6
1.4555303660575775e6
1.4784471007179872e6
1.5016224367978475e6
1.5250552444592044e6
1.548744376467264e6
1.5726886973076076e6
1.5968870565783142e6
1.6213383093497383e6
1.6460413046976568e6
1.6709949012695067e6
1.6961979336456324e6
1.721649277178388e6
1.747347824124441e6
1.7732923166395521e6
1.7994817460105976e6
1.8259149469307861e6
1.8525908016065846e6
1.8795081964745538e6
1.9066660332860078e6
1.9340632189830362e6
1.9616986593456687e6
1.9895712951793165e6
2.017680054866305e6
2.046023903518859e6
2.0746017605291524e6
2.103412627624226e6
2.132455485412367e6
2.161729331622134e6
2.191233206210616e6
2.220966034039149e6
2.25092694780723e6
2.2811149664453603e6
2.311529160032911e6
2.3421685997380456e6
2.373032389622908e6
2.4041196278451635e6
2.4354294452608433e6
2.466960936100171e6
2.4987133905655406e6
2.530685808281905e6
2.5628774635877237e6
2.595287537982151e6
2.627915241160933e6
2.660759807873232e6
2.6938204840405085e6
2.7270965122989435e6
2.7605871879963772e6
2.79429179073553e6
2.8282096240150817e6
2.862340016008521e6
2.89668227825717e6
2.931235781640311e6
2.965999881813833e6
3.0009739556239834e6
3.0361573943628883e6
3.071549606396657e6
3.107150006164746e6
3.1429580393383484e6
3.17897314004225e6
3.21519477648007e6
3.2516224215740515e6
3.2882555650808373e6
3.32509370573804e6
3.362136359547161e6
3.3993830815211223e6
3.4368333518002853e6
3.474486752278227e6
3.5123428409933676e6
3.5504117524790918e6
3.5886614224543185e6
3.6271230835697413e6
3.6657858173936303e6
3.704649236667341e6
3.74371300483715e6
3.782976688311909e6
3.8224399957612627e6
3.8621025934715434e6
3.901964147847394e6
3.9420243407034245e6
3.982282898259876e6
4.0227394646200077e6
4.0633937815918517e6
4.10424557403517e6
4.1452945636498895e6
4.18654052221751e6
4.227983164164908e6
4.269622263809457e6
4.311457583140027e6