593713.7248966267
593709.7030419956
593699.1039145151
593682.4725290881
593660.5485473684
593634.9735894306
593606.3957852281
593577.803394118
593550.3845129055
593526.8206115924
593509.89015919
593502.5968479965
593508.1768498621
593530.1585517074
593572.4000886133
593638.8624504567
593733.7943010817
593861.7166373539
594027.0634564338
594234.9332053917
594490.3817921713
594798.3097836736
595164.1463094188
595593.2957223557
596091.2942286244
596663.8121356141
597316.2541912851
598055.2536760776
598885.8090882902
599814.144919544
600846.131468378
601987.7481064966
603244.9137935895
604623.6147173337
606129.4660202126
607769.0713707661
609548.072777339
611471.9538906659
613546.8007897766
615778.1193793184
618171.8027988274
620733.3824130454
623468.3362161751
626382.1631841677
629480.130453778
632767.4804841568
636249.3956892566
639930.8794584678
643816.870256435
647912.157520041
652221.4334994521
656749.2858854341
661500.1536176114
666478.3536415013
671688.0817124128
677133.4124464956
682818.2812675972
688746.4913625282
694921.7150497464
701347.5002668367
708027.2478556889
714964.2362056378
722161.6023519245
729622.3682664104
737349.4021576665
745345.4398245794
753613.1120421564
762154.8910024975
770973.1341094327
780070.0604890898
789447.7746801749
799108.2538600999
809053.3420279904
819284.77819591
829804.1616582064
840612.9893535017
851712.6324420089
863104.3547524712
874789.2992783845
886768.5099653561
899042.9149948114
911613.3445697527
924480.5150288036
937645.057710106
951107.4932074876
964868.2540135797
978927.6747250626
993286.0046744568
1.0079434033187733e6
1.0228999448703928e6
1.0381556216211254e6
1.053710346742869e6
1.0695639559240984e6
1.0857162106384651e6
1.102166800711731e6
1.1189153470225893e6
1.1359614039376331e6
1.1533044623286412e6
1.1709439519176357e6
1.188879243625852e6
1.207109652615591e6
1.2256344402857136e6
1.244452818914809e6
1.2635639509328485e6
1.2829669501545639e6
1.302660893258283e6
1.3226448154784483e6
1.3429176975487499e6
1.3634785107039793e6
1.3843261712313676e6
1.4054595723620108e6
1.4268775739074666e6
1.448579009926584e6
1.4705626898692097e6
1.4928273974194503e6
1.515371895691052e6
1.5381949280781008e6
1.5612952239577484e6
1.5846714891171404e6
1.6083224230381523e6
1.6322467082775785e6
1.656443023962896e6
1.6809100154019678e6
1.7056463595912105e6
1.730650701412003e6
1.7559216812529382e6
1.7814579487611263e6
1.807258141429003e6
1.833320904277773e6
1.859644870671664e6
1.8862286923298105e6
1.913071014370016e6
1.9401704747198308e6
1.9675257455361846e6
1.995135477889501e6
2.0229983679884153e6
2.0511130335498583e6
2.0794782129237999e6
2.1080925844702916e6
2.136954854005819e6
2.1660637681595855e6
2.1954179830345446e6
2.2250162930440535e6
2.2548574441814385e6
2.284940199480265e6
2.315263339270328e6
2.3458256606144556e6
2.3766259753061836e6
2.4076631106126155e6
2.4389359231871413e6
2.47044323520125e6
2.5021839401373337e6
2.534156926493053e6
2.566361105463995e6
2.5987953928993023e6
2.6314587371441186e6
2.664350108815467e6
2.697468449812194e6
2.730812787144569e6
2.764382119367834e6
2.7981754794928846e6
2.83219191295286e6
2.866430483192128e6
2.9008902756972658e6
2.935570392478865e6
2.970469946341477e6
3.0055880788219334e6
3.0409239441596335e6
3.0764767101915292e6
3.1122455702900724e6
3.1482297295479486e6
3.1844284112449097e6
3.220840856353838e6
3.257466327442326e6
3.294304088459019e6
3.3313534451764044e6
3.3686136985983984e6
3.406084175545176e6
3.443764221432168e6
3.4816531800946724e6
3.5197504417579705e6
3.5580553924341723e6
3.5965674088556822e6
3.6352859458981184e6
3.67421042923515e6
3.713340305202149e6
3.7526750354146054e6
3.792214099285097e6
3.831956997228224e6
3.8719032266581617e6
3.912052311426808e6
3.9524037856074404e6
3.9929571997176986e6
4.033712107340833e6
4.07466809013729e6
4.115824729422614e6
4.1571816248311587e6
4.198738382638471e6
4.240494632341125e6
4.282450002176582e6