442191.1473239162
442218.03622574056
442290.0189446653
442407.46603980626
442571.1929900417
442782.2194492243
443041.88740353356
443351.80567703466
443713.89346067293
444130.25855398306
444603.2531246231
445135.6132229273
445730.22177977127
446390.1379564877
447118.74542519555
447919.54740569566
448796.2527305668
449752.7829630951
450793.1057687837
451921.5606755938
453142.5500931499
454460.3390330429
455879.6238362598
457405.06735188863
459040.65665145335
460793.51272351213
462666.18288055586
464664.5250328472
466793.3126893189
469057.5859330967
471462.3473615432
474012.5656996538
476713.2147994916
479569.231209008
482585.5319596615
485766.500075059
489118.4137889956
492644.5765156973
496350.1702016075
500239.79779604427
504318.0199872544
508589.28267257544
513057.94720618404
517728.29703467386
522604.47569501447
527690.5502208588
532990.4801062975
538508.0821426961
544247.1517173761
550211.2453067655
556403.8657904508
562828.3908947837
569488.0732191618
576386.0342040178
583525.2879787502
590908.7125391363
598539.0709286695
606418.9893082529
614550.9849602858
622937.4444396485
631580.7906133551
640482.7042773018
649645.6737135764
659071.4545549917
668761.8392064461
678718.497223809
688942.9845331756
699436.7568899934
710201.1607158182
721237.4136034924
732546.6495944264
744129.8896404103
755988.0581869804
768121.9778067427
780532.374103096
793219.8827898407
806185.0448391279
819428.3161452754
832950.0644381138
846750.574010022
860830.050355881
875188.622015172
889826.3348483054
904743.1764205017
919939.0444592354
935413.7949012241
951167.1869737974
967198.9466712946
983508.7293152194
1.0000961320991223e6
1.0169606985571397e6
1.034101921101474e6
1.0515192432461379e6
1.0692120605123362e6
1.0871797246032783e6
1.1054215451634908e6
1.1239367916894013e6
1.1427246962067026e6
1.161784455823409e6
1.1811152334805448e6
1.2007161619055439e6
1.2205863448347629e6
1.2407248587850449e6
1.2611307583336164e6
1.2818030675253747e6
1.302740797950243e6
1.3239429391826438e6
1.345408454053777e6
1.36713631192981e6
1.3891254339728958e6
1.4113747673687884e6
1.4338832234246973e6
1.456649701645784e6
1.4796731130951894e6
1.502952346246338e6
1.5264862899902265e6
1.550273823420128e6
1.5743138353660228e6
1.5986051974339355e6
1.6231467916234278e6
1.6479374973763656e6
1.6729761982072266e6
1.698261764616121e6
1.7237930975324062e6
1.7495690814268582e6
1.7755886142142192e6
1.8018505971093872e6
1.828353940400934e6
1.855097558622766e6
1.8820803767026148e6
1.9093066343612496e6
1.9367593612672396e6
1.9644534131953556e6
1.9923824603886853e6
2.0205454750855984e6
2.0489414590894566e6
2.07756935865854e6
2.1064282308434118e6
2.1355170821437314e6
2.1648349473584993e6
2.1943809045835505e6
2.2241539218549784e6
2.2541531703756256e6
2.2843777029867154e6
2.3148266269930834e6
2.3454990549190063e6
2.3763941249223175e6
2.4075109734456856e6
2.438848768733439e6
2.470406681262398e6
2.5021839035285404e6
2.53417963797242e6
2.5663931071033664e6
2.598823543291039e6
2.631470192924737e6
2.664332323874557e6
2.697409218332418e6
2.7307001521874834e6
2.764204454377252e6
2.7979214383218973e6
2.8318504396615513e6
2.8659908191361907e6
2.9003419217163865e6
2.934903148015551e6
2.969673884958501e6
3.0046535408565807e6
3.0398415363497688e6
3.0752373099165587e6
3.1108403042839165e6
3.1466499143416183e6
3.18266584221033e6
3.218887344104943e6
3.255313999753765e6
3.291945325909954e6
3.3287808464743476e6
3.3658201036477243e6
3.4030626478930297e6
3.4405080425684866e6
3.478155866492596e6
3.5160057003408223e6
3.5540571496126163e6
3.5923098200809336e6
3.6307633786266097e6
3.669417361801486e6
3.7082714715863285e6
3.747325381102254e6
3.786578681134393e6
3.8260310995505615e6
3.865682321083059e6
3.905532030345917e6
3.945579926077671e6
3.985825729708565e6
4.0262691559879114e6
4.066909934201131e6
4.107747813831259e6
4.1487825343986726e6
4.190013856118309e6
4.231441539712034e6
4.273065397285696e6
4.314885138906758e6