426143.76741150295
426174.2529819401
426255.84292594605
426388.88782316475
426574.18454360176
426812.74859665515
427105.8906901944
427455.21296495845
427862.5131807366
428329.9921711067
428859.87720638694
429454.86819308455
430117.80617509625
430851.6813941721
431659.8221444436
432545.64664238197
433512.82144044765
434565.1736364819
435706.600287058
436941.3490912028
438273.7260120445
439707.9186862754
441248.52393614507
442900.0989367369
444666.5368242396
446554.83233752294
448567.4419111354
450710.08708119724
452987.4509461581
455404.436715405
457965.92991061107
460676.7678195991
463541.8027480705
466565.83728329657
469753.6602797972
473109.81786805385
476639.55130522203
480346.92584889446
484236.68580105767
488313.1065192448
492581.1700618908
497044.61620012537
501707.8518284886
506575.01500584517
511650.10249915865
516937.04934381094
522439.65230618307
528161.5974426928
534106.5313650656
540277.8694725086
546678.9684821453
553313.1805943962
560183.2706526676
567292.5671532219
574643.8325840738
582239.8034537728
590083.1100725001
598176.2403892931
606521.5848617584
615121.3964546486
623977.9452277003
633092.8630877647
642468.4377233903
652106.3292462351
662008.2098716501
672175.6343104229
682610.0590785341
693312.8030361263
704285.1191993137
715528.1217048845
727042.8428666878
738830.2050261938
750891.0371961596
763226.0688014387
775835.9391532178
788721.1975557507
801882.3029448863
815319.6327027851
829033.4794436239
843024.0555392283
857291.4980381851
871835.8702875394
886657.15674915
901755.2862117416
917130.1018984767
932781.4075459188
948708.91448792
964912.3035176602
981391.1882270796
998145.1264855901
1.0151736270173085e6
1.0324761497848593e6
1.050052108452979e6
1.0679008719982852e6
1.0860217708672844e6
1.1044140917653628e6
1.1230770873158479e6
1.1420099746503932e6
1.1612119386564677e6
1.180682132540605e6
1.2004196824033465e6
1.2204236867330216e6
1.2406932208038643e6
1.2612273375002716e6
1.2820250652747822e6
1.3030854191555653e6
1.3244073955925826e6
1.34598996652328e6
1.3678321132719833e6
1.3899327666714434e6
1.4122908876399728e6
1.4349054059189372e6
1.4577752384547659e6
1.4808993144032322e6
1.5042765428392556e6
1.527905846260688e6
1.5517860972539354e6
1.5759162310002346e6
1.6002951520514875e6
1.624921757136066e6
1.6497949543576494e6
1.6749136581843905e6
1.7002767691557987e6
1.7258832181508883e6
1.7517319235576373e6
1.777821809540664e6
1.8041518163385068e6
1.8307208847100954e6
1.8575279769400908e6
1.8845720160675982e6
1.9118520068559232e6
1.939366917464858e6
1.9671157255659497e6
1.9950974441336736e6
2.0233110759014878e6
2.0517556580644662e6
2.0804301870872192e6
2.109333735479066e6
2.138465364830833e6
2.167824139187948e6
2.197409144078977e6
2.2272194754071385e6
2.257254247704154e6
2.2875125835526595e6
2.317993625883843e6
2.348696524442088e6
2.379620448292461e6
2.4107645759337945e6
2.4421281082069846e6
2.4737102520276783e6
2.5055102340358943e6
2.5375272916610986e6
2.569760681708866e6
2.6022096708448804e6
2.6348735390841686e6
2.6677515876372363e6
2.7008431312399525e6
2.734147479452179e6
2.7676639920465485e6
2.8013920144327716e6
2.8353309146874393e6
2.869480082324566e6
2.9038388951299624e6
2.938406781897738e6
2.9731831601433554e6
3.008167466614981e6
3.0433591502725864e6
3.0787576772940285e6
3.1143625207859613e6
3.150173177605679e6
3.1861891436578766e6
3.2224099361030865e6
3.258835080923357e6
3.2954641211429304e6
3.3322966052741655e6
3.3693320995790423e6
3.4065701773596704e6
3.4440104285538974e6
3.4816524512236617e6
3.519495850308874e6
3.557540252268054e6
3.5957852853104123e6
3.6342305928110774e6
3.672875827805785e6
3.711720651795184e6
3.7507647649081326e6
3.790007779859844e6
3.8294494416137175e6
3.86908949031751e6
3.9089275534916013e6
3.948963386164379e6
3.9891967253478444e6
4.0296273028561664e6
4.0702548643010636e6
4.111079175155805e6
4.1520999893514835e6
4.193317081356608e6
4.234730231288798e6
4.276339227512803e6
4.318143862466209e6