265749.4305189544
265820.09534473624
266008.6620783969
266313.1199542901
266741.11954213295
267286.35811100516
267952.1792267307
268739.7867388597
269650.5601063735
270686.1378201444
271848.204290897
273138.75323696574
274559.91585481295
276113.95307245513
277803.3092622864
279630.53883701295
281598.32539611263
283709.4845000433
285966.9324113291
288373.6851579747
290932.81687400164
293647.4973587864
296520.9398915578
299556.4295608486
302757.2559257293
306126.74571161414
309668.2471962746
313385.1287457674
317280.7754222484
321358.4435022725
325621.48203685216
330073.1800627635
334716.76505506213
339555.4371622697
344592.34216365905
349830.5778632667
355273.1569631223
360923.0388214424
366782.7440758076
372856.04166008334
379144.70085144846
385651.38854275714
392379.4005838623
399330.53342294693
406507.2228301064
413911.779138425
421546.38116093096
429413.0978747718
437513.8156491688
445850.4684796602
454424.7931358088
463238.4553837236
472293.01747655915
481589.944238147
491130.6133205753
500916.30031079997
510948.19053743465
521227.3640911983
531754.8346632175
542531.5095433757
553558.2138623198
564835.6952253745
576364.6089529991
588145.5296874718
600178.9765238416
612465.3596788197
625005.0363187953
637798.2963485621
650845.3485030055
664146.3430723185
677701.374150487
691510.4491506997
705573.5537491805
719890.5945268744
734461.4300224574
749285.8683673482
764363.6680332371
779694.5419833357
795278.1602337988
811114.1497245623
827202.0995678429
843541.5597525632
860132.0474527767
876973.0454027946
894064.0059586617
911404.3523331343
928993.4811838027
946830.763442795
964915.5471817002
983247.1581835364
1.001824904970789e6
1.0206480749900441e6
1.0397159375680645e6
1.059027752850615e6
1.0785827627085359e6
1.098380199285459e6
1.118419281796579e6
1.1386992223649255e6
1.1592192231763746e6
1.179978480153321e6
1.200976183585882e6
1.2222115187865915e6
1.2436836685576807e6
1.2653918117531675e6
1.287335125588142e6
1.3095127878197765e6
1.3319239796998536e6
1.3545678765223415e6
1.3774436522119597e6
1.4005504958660551e6
1.423887583886072e6
1.447454119870075e6
1.4712492881168881e6
1.4952722977165217e6
1.5195223473278773e6
1.5439986519746897e6
1.5687004329193172e6
1.5936268964494187e6
1.6187772955672266e6
1.644150864860095e6
1.6697468537724428e6
1.6955645189735554e6
1.7216031281194473e6
1.7478619564332203e6
1.7743402899206898e6
1.8010374243916757e6
1.8279526648060372e6
1.8550853259763133e6
1.8824347445970553e6
1.910000226200405e6
1.9377811473656194e6
1.965776858111659e6
1.9939867206079839e6
2.0224101206549958e6
2.051046454290027e6
2.0798950964781535e6
2.1089554851186145e6
2.1382270367042823e6
2.1677091862936397e6
2.197401371080059e6
2.227303059406355e6
2.2574137087561972e6
2.287732804544757e6
2.3182598319096994e6
2.348994293286599e6
2.3799356977799614e6
2.4110835697132954e6
2.4424374386223154e6
2.4739968501733784e6
2.5057613571339017e6
2.53773052295952e6
2.5699039291463923e6
2.602281141123562e6
2.634861772531438e6
2.667645421103164e6
2.700631702095609e6
2.733820239253811e6
2.767210668809427e6
2.8008026316058235e6
2.834595782147906e6
2.8685897806335543e6
2.9027843010294423e6
2.9371790202463265e6
2.971773629224451e6
3.0065678237966485e6
3.0415613168871594e6
3.076753815494239e6
3.112145045840836e6
3.1477347387821507e6
3.1835226313902307e6
3.21950847559364e6
3.255692022304835e6
3.2920730347008216e6
3.3286512827982893e6
3.365426543033234e6
3.402398600346672e6
3.439567245489278e6
3.4769322772216983e6
3.514493500266682e6
3.552250724814305e6
3.5902037708749184e6
3.628352458626752e6
3.6666966247638585e6
3.705236101265141e6
3.743970731417439e6
3.782900364569255e6
3.8220248547398727e6
3.8613440577990487e6
3.9008578422102565e6
3.9405660754061164e6
3.9804686404284136e6
4.0205654091671305e6
4.0608562693814933e6
4.101341110728219e6
4.1420198330308935e6
4.1828923299554363e6
4.223958508123727e6
4.265218275831747e6
4.306671543776992e6
4.348318231055404e6