233862.00129068608
233941.66149910318
234154.21272550407
234499.9544423874
234979.41851891082
235593.3157797304
236342.5405979707
237228.19843786303
238251.54043496458
239414.01784303808
240717.24640028772
242163.00045597844
243753.2145928298
245489.90459199838
247375.3375553424
249411.81004904554
251601.75838665874
253947.71767011064
256452.3193815787
259118.47974069847
261948.40194209362
264945.49106161116
268112.44885847
271452.2121737576
274967.7386105549
278661.95269831805
282537.88828381966
286598.4968865753
290846.81745435786
295285.6989179734
299918.1085307865
304746.93540133385
309775.01121592516
315005.14265083376
320440.0577635921
326082.4560101447
331935.0006796244
338000.07651478716
344280.3146544777
350777.8297738316
356598.33882385015
364435.22047131165
371599.0101731978
378989.05608043657
386607.29422425723
394455.6084460283
402535.793915863
410849.55201232596
419398.43483138987
428183.9884375477
437207.618642893
446470.650283965
455974.3152056315
465719.7558573263
475708.03432819666
485940.12173062615
496416.9028220477
507139.1822583629
518107.6862129198
529323.0548751805
540785.8601809669
552496.5924055864
564455.671302991
576663.4492008118
589120.2101736624
601826.1675475698
614781.4779431086
627986.2335359558
641440.4700480341
655144.1648106436
669097.2441955784
683299.5840277935
697751.0091786573
712451.2979885023
727400.1860175028
742597.3664459398
758042.4916590464
773735.1776662513
789675.0046900413
805861.5193409064
822294.237402742
838972.6450297297
855896.2009652966
873064.3385007987
890476.4671829509
908131.9746118907
926030.2287621595
944170.5764361048
962552.3514600039
981174.8694029204
1.0000374326971403e6
1.0191393317512698e6
1.0384798427435021e6
1.0580582369766794e6
1.0778737737671265e6
1.0979257037632426e6
1.1182132795968815e6
1.1387357366540814e6
1.1594923140201024e6
1.1804822464010194e6
1.2017047651828986e6
1.2231591017565443e6
1.2448444869036586e6
1.2667601517814142e6
1.2889053282204503e6
1.3112792509049932e6
1.3338811570602492e6
1.3567102875396458e6
1.3797658859324544e6
1.403047202884664e6
1.4265534890074297e6
1.450284006517272e6
1.4742380224061902e6
1.498414807262107e6
1.5228136399308974e6
1.5474338096452055e6
1.572274614039274e6
1.5973353386275857e6
1.6226153115797867e6
1.6481138527208925e6
1.6738302795856255e6
1.6997639389004475e6
1.7259141676344771e6
1.7522803255857618e6
1.778861780094088e6
1.8056579062499434e6
1.8326680829819716e6
1.8598917182798125e6
1.8873282121560916e6
1.9149769729477388e6
1.9428374406799674e6
1.9709090451820414e6
1.9991912322832993e6
2.0276834602311905e6
2.05638520520185e6
2.0852959202460095e6
2.1144151168207414e6
2.143742288836248e6
2.1732769423667584e6
2.2030185964376032e6
2.232966784716687e6
2.2631210433104103e6
2.2934809225573363e6
2.3240459831395475e6
2.354815797200531e6
2.3857899417461827e6
2.416968006845446e6
2.448349593498623e6
2.479934309792964e6
2.511721774035087e6
2.5437116170514664e6
2.5759034731884254e6
2.608296988297576e6
2.6408918210253543e6
2.6736876338529233e6
2.7066841008494394e6
2.739880904178734e6
2.773277734835458e6
2.80687429280307e6
2.840670284929225e6
2.874665425816195e6
2.9088594389430955e6
2.943252061636197e6
2.977843026212448e6
3.012632082778553e6
3.047618989737496e6
3.0828035161787844e6
3.1181853985497435e6
3.1537644478867226e6
3.189540437130657e6
3.2255131564263115e6
3.261682403573302e6
3.2980479819891e6
3.334609702580516e6
3.3713673820621814e6
3.408320843538559e6
3.445469916123375e6
3.482814435541356e6
3.520354242768642e6
3.5580891836615303e6
3.5960191111854035e6
3.6341438832193017e6
3.672463363006998e6
3.7109774189596903e6
3.749685939577208e6
3.788588759536301e6
3.8276858041829737e6
3.8669769529502597e6
3.906462093154869e6
3.946141124235455e6
3.9860139486823874e6
4.026080471836199e6
4.0663406048849616e6
4.106794262702517e6
4.1474413641466433e6
4.1882818313529743e6
4.229315591734144e6
4.27054257436684e6
4.311962714300904e6
4.353575948547604e6