234101.47640727728
234181.0676758368
234393.43515383132
234738.87855607813
235217.93012204103
235831.3012640007
236579.88697427273
237464.79370346095
238487.27339584404
239648.7785166091
240950.92602583324
242395.4917508656
243984.41187700944
245719.70341791055
247603.63569455245
249638.50708826561
251826.7559060878
254170.91932028678
256673.63111976284
259337.811152514
262165.6611148777
265160.5925328599
268325.30845171807
271662.74840728386
275175.87276257924
278867.6087951768
282740.993282071
286798.9807331938
291044.6130110523
295480.7420415382
300110.3381707004
304936.29357309564
309961.44298416335
315188.59631177527
320620.484625799
326259.8106064672
332109.24074022286
338171.1626083407
344448.210751113
350942.50238152506
357657.0352381183
364593.3607172517
371753.8466811913
379140.5679635631
386755.4635244328
394600.4200351126
402677.23578938533
410987.61509833246
419533.11167367676
428315.27549997444
437335.51487517415
446595.156414507
456095.4352655375
465837.4960433521
475822.4032084418
486051.13017473934
496524.5639250819
507243.5112545138
518208.70043701737
529420.7736453156
540880.3047643353
552587.7859388918
564543.6385799807
576748.2168366695
589201.8063627968
601904.6220181951
614856.8219027095
628058.499560163
641509.6920593262
655210.3779420373
669160.4847533205
683359.8894160064
697808.4178183076
712505.8492507108
727451.9201549642
742646.3245263207
758088.7154928506
773778.7097456008
789715.8881243374
805899.7977942338
822329.9550338369
839005.8464324614
855926.9311128018
873092.642689506
890502.3909785447
908155.5637972349
926051.529288965
944189.6343733165
962569.2129510248
981189.580618758
1.0000500397942672e6
1.0191498808311732e6
1.0384883798047767e6
1.058064807895224e6
1.0778784242436904e6
1.0979284811177177e6
1.1182142254494373e6
1.1387348978215947e6
1.1594897352144832e6
1.18047797194885e6
1.2016988391682822e6
1.2231515678060956e6
1.2448353882702263e6
1.266749531297996e6
1.2888932284356467e6
1.3112657134389468e6
1.3338662235265996e6
1.3566939989035008e6
1.379748282651844e6
1.4030283248966415e6
1.426533375705169e6
1.4502626967617455e6
1.4742155544961425e6
1.498391218930999e6
1.5227889683380746e6
1.5474080913694974e6
1.5722478850783845e6
1.5973076343678292e6
1.622586666825593e6
1.6480843016904048e6
1.6737998558588582e6
1.6997326754731364e6
1.725882096874918e6
1.7522474792843289e6
1.778828189378186e6
1.8056236016846856e6
1.832633094518239e6
1.859856075258683e6
1.8872919433147465e6
1.9149401064261287e6
1.9428000040130774e6
1.9708710653074195e6
1.9991527355530015e6
2.0276444724092137e6
2.056345751478982e6
2.0852560252082055e6
2.1143748045104053e6
2.143701582721656e6
2.1732358653566237e6
2.2029771708781575e6
2.2329250324200504e6
2.2630789855394913e6
2.293438580035335e6
2.3240033760751514e6
2.354772945278827e6
2.3857468641353548e6
2.416924722954288e6
2.4483061199951554e6
2.4798906651150323e6
2.511677975368928e6
2.5436676810907423e6
2.57585941619711e6
2.6082528260627994e6
2.640847568889216e6
2.673643306704396e6
2.7066397131463997e6
2.739836469948584e6
2.773233267690384e6
2.8068298059371603e6
2.8406257911359635e6
2.8746209374869135e6
2.9088149680845696e6
2.943207619874552e6
2.9777986247989903e6
3.0125877326177596e6
3.047574701317827e6
3.082759299709123e6
3.1181412638374665e6
3.1537204044439225e6
3.1894964941271255e6
3.2254693227108195e6
3.261638687682522e6
3.2980043921486265e6
3.334566246720407e6
3.3713240678181727e6
3.408277678257688e6
3.445426906883588e6
3.4827715891373316e6
3.5203115657338514e6
3.5580466822685576e6
3.5959767914600777e6
3.6341017509204983e6
3.6724214236753588e6
3.710935677893423e6
3.749644401862143e6
3.788547429975742e6
3.8276446874450934e6
3.8669360534443124e6
3.9064214150922284e6
3.9461006716308394e6
3.9859737253452674e6
4.0260404814094403e6
4.0663008508052942e6
4.106754748235104e6
4.147402092369585e6
4.188242805212761e6
4.229276813974939e6
4.270504047578443e6
4.311924440936372e6
4.353537930895517e6