368386.5368791501
368430.57058512606
368548.2397694376
368739.978398098
369006.4161076689
369348.54490257916
369767.537325241
370264.90271395585
370842.32951656776
371501.8171767269
372245.4811294746
373075.75951946573
373995.29438513995
375006.84744556784
376113.48847021547
377318.37252863403
378624.8698531309
380036.49899971543
381556.85575986444
383189.81961192004
384939.2764411246
386809.227733676
388803.7078405825
390926.9209293063
393183.1272336459
395576.60482579865
398111.6565424589
400792.7404467588
403624.1248952284
406610.24574478494
409755.444268464
413064.116727785
416540.55463900696
420189.0983010314
424013.99619815813
428019.31769544736
432209.6377581182
436588.61428135494
441160.4023333095
445928.92924795486
450898.0537350328
456071.53408033575
461453.04540664086
467046.14668678585
472854.30872407963
478880.8862806974
485129.3846043893
491602.25421637157
498303.2567386142
505235.0408081141
512400.43017057993
519802.1278708599
527442.7129237235
535324.643476542
543450.2798523426
551821.8487167491
560441.4775275167
569311.1585368341
578432.7948237228
587808.163170333
597438.9348164124
607326.6701264619
617472.8215608462
627878.739118136
638545.6704819299
649474.7484553915
660667.0229642605
672123.4393426307
683844.8486758242
695832.0083465431
708085.5836694826
720606.160701246
733394.2347851889
746450.2166096271
759774.4398049695
773367.1611404623
787228.5599756665
801358.7458317182
815757.7606536188
830425.5683499963
845362.0852964566
860567.1550115639
876040.5645561472
891782.0447782911
907791.2718026909
924067.8706628247
940611.4168511734
957421.4395431781
974497.4232171068
991838.8102433926
1.0094450041380243e6
1.0273153694509175e6
1.0454492364907955e6
1.0638459014907354e6
1.082504631931247e6
1.1014246629060267e6
1.1206052046519974e6
1.140045441707693e6
1.1597445358523573e6
1.1797016268738972e6
1.1999158348823576e6
1.2203862623313616e6
1.2411119962518793e6
1.2620921081737448e6
1.2833256552144855e6
1.3048116863518236e6
1.3265492392093167e6
1.3485373369993158e6
1.3707750095337774e6
1.393261257728285e6
1.4159951037999676e6
1.4389755510331136e6
1.4622015970418812e6
1.485672250832797e6
1.5093865099098452e6
1.5333433901008656e6
1.5575418622924646e6
1.5819809622703528e6
1.6066596889669036e6
1.6315770570578494e6
1.6567320859727366e6
1.6821237958944316e6
1.7077512179713415e6
1.7336133880715764e6
1.7597093544242058e6
1.7860381615212148e6
1.8125988740769466e6
1.8393905622426302e6
1.8664123160040528e6
1.893663189241801e6
1.9211423157160317e6
1.9488488001095261e6
1.976781744377698e6
2.0049403018511306e6
2.0333236065326317e6
2.0619289387700746e6
2.090761102981179e6
2.1198136357029146e6
2.1490876157509116e6
2.1785822452034475e6
2.208296746769885e6
2.238230345330145e6
2.268382288665444e6
2.298751830894731e6
2.3293382447871077e6
2.360140815127873e6
2.391158834921942e6
2.4223916151638124e6
2.453838479786234e6
2.4854987654460054e6
2.5173718208355643e6
2.5494570084474906e6
2.581753706636289e6
2.614261303139783e6
2.6469791982221883e6
2.6799068092579357e6
2.7130435677240505e6
2.7463889019997325e6
2.7799422777594584e6
2.8137031561977714e6
2.8476710170730795e6
2.881845354132159e6
2.916225657426894e6
2.950811455087998e6
2.9856022697450337e6
3.0205976579491016e6
3.0557971163640525e6
3.0912002589916354e6
3.126806639899132e6
3.1626158479850492e6
3.19862747896814e6
3.234841133303401e6
3.27125642975017e6
3.3078729970477563e6
3.3446904717976474e6
3.3817085025624274e6
3.4189267459367784e6
3.4563448712883582e6
3.493962556464822e6
3.53177948487188e6
3.5697953565204632e6
3.6080098747879243e6
3.6464227548708017e6
3.685033720236921e6
3.723842502391649e6
3.762848865695382e6
3.8020524931303826e6
3.8414531961145173e6
3.881050732736685e6
3.9208448707111715e6
3.9608353891815166e6
4.001022076589299e6
4.041404729261045e6
4.081983145532926e6
4.1227571435610238e6
4.163726531927954e6
4.204891136426009e6
4.246250786096742e6
4.287805317340696e6
4.3295545726720225e6