375043.26474433305
375085.6210551783
375199.0628782815
375383.8312985452
375640.62841255375
375970.45366535865
376374.47769542394
376855.3357032552
377411.4914668218
378048.1897250596
378766.4195764667
379568.853555769
380457.87202256726
381436.4671783946
382507.6868563819
383674.7227245173
384940.95690817974
386309.9876187868
387785.4278374307
389371.2035316922
391071.2632363092
392889.6194744178
394830.36757603654
396897.78175323067
399096.13678631134
401429.7885765484
403903.0837443858
406520.54710226756
409286.5074201178
412205.4138397035
415281.73234121857
418519.89344438835
421924.2499666111
425499.20555540203
429249.06926258345
433177.97266144113
437290.5728674647
441590.57392926136
446082.2173389922
450769.4551471646
455656.25399887055
460746.4266330214
466043.70948767563
471551.73360926844
477274.034844655
483214.03403997904
489375.0780232841
495760.3579870038
502373.0233327679
509216.01593566086
516292.22214521526
523604.4086966628
531155.2169964167
538947.1676908564
546982.6814748477
555264.0457892308
563793.4465385432
572572.934075922
581604.4840950295
590889.8823331341
600430.9009359493
610229.1383060075
620286.098429668
630603.1822565142
641181.6859248069
652022.7912729755
663127.593265208
674497.082539473
686132.153437718
698033.6052297283
710203.2146603935
722638.3929518096
735342.8863625969
748316.0696822628
761558.3111191045
775069.8991126115
788851.0469156259
802901.8864038857
817222.4915717009
831812.8579168847
846672.91888472
861802.544931557
877201.5413432391
892869.6648328772
908806.6023114297
925012.00288394
941485.4555896891
958226.5040875921
975234.6458955654
992509.3350535289
1.0100499855268747e6
1.0278559709589748e6
1.0459266294149184e6
1.0642612638215194e6
1.0828591470916555e6
1.1017195184986887e6
1.1208415915466659e6
1.1402245524476662e6
1.159867564410233e6
1.179769766863875e6
1.199930279159385e6
1.2203482023837464e6
1.2410226177470477e6
1.26195259625759e6
1.2831371891913842e6
1.3045754405593956e6
1.3262663805651115e6
1.3482090265298137e6
1.3704024002142497e6
1.3928454946508703e6
1.4155373230385745e6
1.4384768780864049e6
1.4616631481344905e6
1.485095131498761e6
1.508771814864032e6
1.5326922014208161e6
1.5568552503860118e6
1.5812599845544817e6
1.605905392342536e6
1.6307904725730545e6
1.6559142319619684e6
1.6812756770405793e6
1.7068738243360328e6
1.7327076958042977e6
1.758776324883549e6
1.785078740468931e6
1.8116139948194933e6
1.8383811404088147e6
1.8653792528393958e6
1.8926073699566727e6
1.9200646117866233e6
1.9477500659402218e6
1.975662819379557e6
2.003802009057532e6
2.0321667541696108e6
2.0607562097393137e6
2.0895694929657534e6
2.118605796059196e6
2.147864291995531e6
2.177344168959085e6
2.2070446338548656e6
2.2369648873727415e6
2.267104173684996e6
2.2974617276539844e6
2.3280368067904827e6
2.358828681022891e6
2.389836628288595e6
2.421059945005086e6
2.4524979405388446e6
2.484149937569024e6
2.516015269036486e6
2.5480932847923874e6
2.580383348909919e6
2.612884835163046e6
2.6455971301337373e6
2.678519638313238e6
2.7116517775332e6
2.7449929628902636e6
2.778542647909964e6
2.812300280641511e6
2.8462653285635253e6
2.8804372733457056e6
2.914815592221061e6
2.949399802080034e6
2.9841894142566733e6
3.0191839734277828e6
3.054382964516143e6
3.089785991221903e6
3.125392598229419e6
3.161202361321774e6
3.197214859029024e6
3.2334296996503067e6
3.2698464773845244e6
3.306464815323174e6
3.343284339949937e6
3.38030469094858e6
3.41752551541439e6
3.454946473645269e6
3.4925672348822337e6
3.5303874735290715e6
3.5684068815361513e6
3.606625153745042e6
3.645041996758039e6
3.6836571279855054e6
3.7224702694913503e6
3.761481178883272e6
3.8006895454707406e6
3.840095130632679e6
3.879697729501889e6
3.919497087073041e6
3.9594929769485733e6
3.9996851786184916e6
4.0400734884437453e6
4.0806576922216564e6
4.1214376044597626e6
4.1624130274509424e6
4.203583781591556e6
4.244949690221382e6
4.286510584730072e6
4.328266301242713e6