485122.8141894165
485140.4199790242
485187.5473543141
485264.6658149371
485372.6084944939
485512.4347997438
485685.51644719904
485893.60590843344
486138.6102561421
486422.7762667568
486748.5815617427
487118.8632101286
487536.62665306835
488005.09153026575
488527.73543146416
489108.28742128296
489750.6146542983
490458.994261316
491237.0621271103
492089.8981281691
493021.9586000887
494037.7118752445
495142.101170823
496340.0378677815
497636.4855709125
499036.6685761269
500545.5354800519
502168.57919669873
503910.8018580561
505777.5643209085
507774.1683470685
509905.8910794372
512178.0283039446
514595.8459269488
517164.5790214413
519889.44023153046
522775.59262091666
525828.1338819487
529052.1243649593
532452.1578815986
536034.1843031275
539801.9901134503
543760.6407099328
547914.7741088418
552268.9092981333
556827.4587909562
561594.7998527287
566575.0697636188
571772.4471988817
577190.8573370535
582834.1695705771
588706.1295408224
594810.3514047259
601150.3202609539
607729.4071153984
614550.8499386645
621617.764151407
628933.1316216574
636499.7974106907
644320.5106887586
652397.8637121358
660734.3316212442
669332.2775355319
678193.9235498437
687321.3817600138
696716.6225204441
706381.5167103029
716317.8247902329
726527.1315544611
737010.986301842
747770.7797638992
758807.8055705266
770123.2403692754
781718.1603742441
793593.5334987217
805750.2308225534
818189.0197651349
830910.5735409898
843915.470408222
857204.1957163712
870777.1468375362
884634.6365485534
898776.8859912057
913204.0497743855
927916.1824513823
942913.2855894583
958195.2723272144
973761.9910104647
989613.2204849125
1.0057486748708726e6
1.0221680053038975e6
1.0388708030724834e6
1.0558566021967297e6
1.0731248810939612e6
1.090675066692946e6
1.1085065355600696e6
1.1266186168872993e6
1.145010594633364e6
1.1636817113826412e6
1.1826311674361601e6
1.201858126415378e6
1.221361715823493e6
1.2411410305792838e6
1.2611951339165429e6
1.2815230563847793e6
1.302123808217721e6
1.3229963718890767e6
1.344139696203765e6
1.3655527341981537e6
1.387234382420302e6
1.4091835579320681e6
1.431399141750718e6
1.4538799919874046e6
1.4766249795101043e6
1.4996329444675287e6
1.5229027254536792e6
1.546433149604688e6
1.5702230400241062e6
1.5942712125386442e6
1.618576483942084e6
1.6431376617405051e6
1.667953560475049e6
1.6930229742369922e6
1.7183447301076814e6
1.7439176321499345e6
1.7697404971916128e6
1.7958121433774065e6
1.822131395166832e6
1.8486970819350684e6
1.8755080367189462e6
1.9025631071580963e6
1.9298611459282888e6
1.957401000586653e6
1.985181557749047e6
2.013201686455156e6
2.0414602963169673e6
2.0699562469114484e6
2.098688481049273e6
2.1276559210289866e6
2.156857511137027e6
2.186292222701664e6
2.215958923470389e6
2.2458566937894197e6
2.275984487176654e6
2.3063413166468595e6
2.3369261971557145e6
2.367738164253762e6
2.398776267538519e6
2.430039576493692e6
2.4615271653935728e6
2.493238133966982e6
2.5251715907446165e6
2.557326665790414e6
2.5897025004946426e6
2.6222982481022775e6
2.6551130886263293e6
2.6881462136099534e6
2.721396808660006e6
2.7548641210667845e6
2.788547373487822e6
2.822445818612771e6
2.8565587238807194e6
2.890885374003807e6
2.9254250669687907e6
2.960177115936057e6
2.995140849851876e6
3.0303156102050827e6
3.0657007594383406e6
3.101295694233357e6
3.13709975488823e6
3.1731123643834176e6
3.209332941347733e6
3.245760917270216e6
3.2823957389144273e6
3.3192368632639456e6
3.3562837646973263e6
3.393535926139003e6
3.4309928525699647e6
3.468654054283088e6
3.5065190512395035e6
3.5445873908375623e6
3.5828586514661293e6
3.6213323213524865e6
3.6600080237099966e6
3.6988853470917735e6
3.7379638836749718e6
3.777243240924974e6
3.8167230462764977e6
3.856402929501567e6
3.896282535597278e6
3.9363615218178574e6
3.9766395500170207e6
4.0171162980879564e6
4.0577914486738853e6
4.098664700522526e6
4.139735758165598e6
4.181004335966206e6
4.222470158283744e6
4.264132959600741e6
4.3059924806812685e6