310667.0587944747
310725.6598192055
310882.0687262389
311136.67113772815
311490.11906899826
311943.24434141116
312497.137932749
313156.04960635933
313912.8543039488
314777.95891233603
315750.4254789426
316832.4971927623
318026.45022845187
319334.86144491937
320760.4496846262
322306.05756697245
323974.7409104288
325769.5241959805
327693.78163648583
329750.8926322155
331944.265826232
334277.58682468545
336754.3561376793
339378.34308684047
342153.2743355475
345082.9430228974
348171.1389902603
351421.7613719366
354838.57050823455
358425.39986100624
362186.08698544855
366124.4305039488
370244.1346499009
374548.9572020027
379042.54353689944
383728.52085060626
388610.4224021252
393691.72190081154
398975.82118207
404466.0420675081
410165.62543361157
416077.72161758866
422205.37839232624
428551.56973789434
435119.135027874
441910.8328295216
448929.3434957049
456177.1895264711
463656.8749744485
471370.6863583327
479320.8734638416
487509.5698132596
495938.788666105
504610.4127327601
513526.34467268514
522688.1977724039
532097.1886545181
541756.025194269
551664.8951272883
561825.6102049851
572239.0084580618
582906.5466730503
593829.1101657177
605007.6125073533
616442.8732181657
628135.6289221154
640086.525426969
652296.1288947538
664764.9256197923
677493.3189453247
690481.6408493164
703730.1511943443
717239.035029235
731008.413072341
745038.3367146866
759328.7979595592
773879.7258265826
788690.992583012
803762.4143480702
819093.7570828599
834684.7345659861
850535.0030541194
866644.1925954011
883011.8746925509
899637.5845238501
916520.818110418
933661.0347625685
951057.6592140177
968710.0838912872
986617.670688274
1.0047797534419547e6
1.0231956383629364e6
1.0418646160915026e6
1.0607859285979704e6
1.0799588244320801e6
1.0993825287467209e6
1.1190562379185744e6
1.1389791389547952e6
1.1591504039741938e6
1.1795691907368614e6
1.200234647665601e6
1.221145909766908e6
1.242302107451153e6
1.2637023615627673e6
1.2853457871740195e6
1.3072314925465202e6
1.3293585855059973e6
1.3517261650138148e6
1.3743333389880853e6
1.3971791993722813e6
1.4202628495584684e6
1.443583394771779e6
1.4671399327330054e6
1.4909315725125715e6
1.5149574216126213e6
1.5392166044887635e6
1.56370821140667e6
1.5884313909580747e6
1.6133852646005088e6
1.6385689689041656e6
1.6639816480391128e6
1.6896224508189745e6
1.7154905373355374e6
1.7415850744329386e6
1.7679052386806665e6
1.794450215574977e6
1.8212192019036163e6
1.8482114015324758e6
1.8754260268419874e6
1.9028623124449814e6
1.9305194863703505e6
1.9583968016657487e6
1.9864935107988156e6
2.014808890472493e6
2.0433422196042347e6
2.0720927894011142e6
2.101059908944237e6
2.130242889312515e6
2.159641063450558e6
2.1892537685568016e6
2.2190803616541987e6
2.2491202005885383e6
2.279372666338564e6
2.30983714542826e6
2.340513038199176e6
2.371399760536408e6
2.402496731825672e6
2.4338033900226858e6
2.465319182207782e6
2.4970435732237585e6
2.5289760321198786e6
2.5611160350824194e6
2.5934630864111995e6
2.6260166852568923e6
2.658776360574484e6
2.69174163029874e6
2.7249120371328136e6
2.758287136746439e6
2.791866486767808e6
2.8256496618768545e6
2.859636245369294e6
2.8938258336635316e6
2.9282180249983086e6
2.962812441075121e6
2.997608701681067e6
3.0326064655754026e6
3.067805321709999e6
3.103204977043038e6
3.1388050778276036e6
3.1746052953058905e6
3.210605318574775e6
3.2468048340128236e6
3.283203543699786e6
3.3198011577882348e6
3.3565973936709263e6
3.393591978467062e6
3.4307846474168734e6
3.468175143284284e6
3.505763217569183e6
3.543548628416924e6
3.5815311420028117e6
3.619710531843771e6
3.6580865859599486e6
3.696659086202696e6
3.735427831129737e6
3.7743926234287526e6
3.813553275219689e6
3.8529095947203934e6
3.89246141373613e6
3.932208556364134e6
3.972150866519737e6
4.0122881834462704e6
4.0526203373519126e6
4.0931472028993443e6
4.133868629808048e6
4.1747844896648033e6
4.215894645850089e6
4.257198976092896e6
4.298697361126496e6
4.340389686671622e6