262629.83156424947
262701.3602287711
262892.2296312762
263202.7901728976
263633.59572550526
264185.4279870546
264859.25347343937
265656.3445835933
266577.8756342395
267625.64852489065
268801.27551645297
270106.9612337329
271544.13900928816
273115.74707884865
274823.9562785303
276671.30830622977
278660.4633477146
280794.2119341105
283075.44307804306
285507.14603828534
288092.3652954821
290834.2411165895
293735.955850253
296800.76189595903
300031.91720434
303432.7138634268
307006.466496091
310756.50621910824
314686.1843370164
318798.7200372366
323097.425974346
327585.5651822388
332266.2915438989
337142.80391650717
342218.20279794896
347495.5322084315
352977.7821413375
358667.866371708
364568.27408198535
370682.7245311476
377012.9583218923
383561.60659668467
390331.9119488207
397325.6494556238
404545.20989595936
411992.87638925074
419670.7824420383
427580.96377508715
435725.27495373436
444105.6133839447
452723.6824537284
461581.11484100344
470679.44238610007
480020.0972803689
489604.42653167376
499433.6714542516
509508.99776642595
519831.4575265304
530402.0278334642
541221.5942954858
552290.9583359942
563610.8377356188
575181.8685182133
587004.6078186028
599079.5371209494
611407.0602226935
623987.5095182885
636821.156054997
649908.1905694826
663248.7460577927
676842.9004527333
690690.645811286
704791.9535980185
719146.6512643516
733754.780070469
748615.9413791143
763729.9473656951
779096.5016713082
794715.2641754694
810585.8536004154
826707.8509807615
843080.8003808169
859704.2117248764
876577.5626168732
893700.3006360473
911071.8448824483
928691.5886319596
946558.9000040103
964673.124939973
983033.5876442955
1.0016395956728475e6
1.0204904317492176e6
1.0395853783288344e6
1.058923683177623e6
1.0785045937048083e6
1.0983273435786231e6
1.1183911543466072e6
1.1386952400932435e6
1.1592388064403473e6
1.180021052398799e6
1.201041172058152e6
1.2222983546612053e6
1.2437917874425529e6
1.2655206539533616e6
1.287484136373877e6
1.30968141773102e6
1.3321116803923568e6
1.3547741139349532e6
1.3776678991272035e6
1.4007922217430696e6
1.4241462743172431e6
1.447729256882565e6
1.471540365117353e6
1.4955788161951776e6
1.5198438092561248e6
1.544334577611276e6
1.5690503372990824e6
1.5939903234373964e6
1.6191537750776862e6
1.644539941430957e6
1.6701480795708941e6
1.6959774538456895e6
1.7220273397416105e6
1.7482970197725534e6
1.7747857881138513e6
1.801492948214715e6
1.8284178173601483e6
1.8555597043726759e6
1.8829179676682348e6
1.9104919158651617e6
1.938280933049338e6
1.9662843770184754e6
1.9945016177947856e6
2.0229320486348579e6
2.051575073038007e6
2.0804300738657806e6
2.109496496142008e6
2.13877376369272e6
2.1682613179270537e6
2.1979586073849937e6
2.227865103084549e6
2.2579802713215305e6
2.2883036044136053e6
2.3188345945400065e6
2.349572750883376e6
2.3805175903866612e6
2.411668641403565e6
2.4430254425869333e6
2.4745875455697887e6
2.5063545089426707e6
2.538325902772039e6
2.5705013149479334e6
2.6028803170334827e6
2.6354625284891184e6
2.6682475530684614e6
2.7012350118489685e6
2.734424534366364e6
2.7678157624063813e6
2.8014083422479155e6
2.835201934000901e6
2.869196203162057e6
2.9033908287676107e6
2.9377854928877526e6
2.9723798920233026e6
3.0071737262266884e6
3.0421667134836e6
3.077358559209416e6
3.112749013216887e6
3.1483377919468284e6
3.184124643292021e6
3.2201093233382907e6
3.2562915874110726e6
3.292671202858564e6
3.329247943600752e6
3.3660215901985336e6
3.402991931328847e6
3.4401587616506023e6
3.477521883623198e6
3.515081105476853e6
3.552836241016536e6
3.59078711366885e6
3.628933547013016e6
3.6672753808192783e6
3.705812451139999e6
3.744544602496183e6
3.783471688463216e6
3.8225935669389055e6
3.8619100953583554e6
3.901421145312634e6
3.941126587039055e6
3.9810263061601645e6
4.021120177244486e6
4.061408090573723e6
4.1018899401980727e6
4.142565622420277e6
4.1834350391795426e6
4.22449809731891e6
4.265754707389062e6
4.30720478217894e6
4.348848242880305e6