287839.1462869537
287903.7917322827
288076.3138933523
288357.08859613957
288746.7058235324
289245.98317438865
289855.9767104873
290577.94747564127
291413.35490751255
292363.9225514482
293431.3998694109
294618.00178077037
295925.8703614081
297357.4356523672
298915.3109071482
300602.16806174733
302420.86885489174
304374.396467853
306465.85123821616
308698.4314240565
311075.3827953915
313600.17837682343
316276.13030798815
319106.78711289866
322095.6664875024
325246.3168872873
328562.3262542321
332047.35026657605
335704.8816231586
339538.5525084856
343551.93683943106
347748.56959246844
352131.94140557444
356705.512277853
361472.69120610517
366436.82985075563
371601.2151264859
376969.0750219354
382543.48825210705
388327.5806092514
394324.3002761033
400536.5458182115
406967.1025980945
413618.6861230938
420493.8776593312
427595.2026663638
434925.04146979726
442485.7317604583
450279.4659410205
458308.3390880277
466574.34638024855
475079.39083022054
483825.2523272977
492813.6193007458
502046.086312443
511524.13650150294
521249.16089972504
531222.4389806226
541445.1765771408
551918.4685132991
562643.3228866508
573620.6556986333
584851.296311699
596335.0897230319
608075.3863278185
620070.0798496369
632320.5330154604
644827.197632822
657590.4102298073
670610.4417789525
683887.4977332656
697421.717286592
711213.1725934169
725261.8741061944
739567.7737990615
754130.7671413932
768950.6930598611
784027.3412268364
799360.449558496
814949.7091435099
830794.7672661762
846895.227446889
863250.6541288239
879860.5722850137
896724.4718094865
913841.808591347
931212.0067921402
948834.4608383059
966708.5374571478
984833.576828684
1.0032088978170529e6
1.0218337940473862e6
1.0407075368231864e6
1.0598293854124441e6
1.0791985763924504e6
1.0988143337409513e6
1.1186758650959907e6
1.1387823664630759e6
1.1591330277390399e6
1.179727019392882e6
1.200563504313028e6
1.2216416417757166e6
1.2429605936834011e6
1.2645195000406045e6
1.2863175134475909e6
1.308353772266998e6
1.3306274178223792e6
1.3531375859442968e6
1.3758834195667733e6
1.3988640595490043e6
1.4220786431127163e6
1.4455263210577604e6
1.4692062365706242e6
1.4931175461072903e6
1.5172594032084849e6
1.5416309699446617e6
1.566231414086984e6
1.5910599124507564e6
1.6161156443180246e6
1.641397798526924e6
1.6669055716032654e6
1.692638166891584e6
1.71859480181467e6
1.7447746901009528e6
1.771177067197402e6
1.7978011744501034e6
1.8246462615506772e6
1.8517115909317906e6
1.8789964324886538e6
1.9065000675037901e6
1.9342217897312152e6
1.9621609013036832e6
1.9903167142771527e6
2.0186885588271015e6
2.0472757692042263e6
2.0760776920047582e6
2.105093689718022e6
2.13432312839467e6
2.163761127798044e6
2.193419879332532e6
2.22328599292235e6
2.2533631822234397e6
2.2836507687779237e6
2.314148301918498e6
2.3448551976648928e6
2.3757709160296554e6
2.40689493554525e6
2.4382267366209943e6
2.469765819801298e6
2.5015116904668324e6
2.533463868319556e6
2.5656218828778937e6
2.597985276358693e6
2.630553599534746e6
2.663326413742872e6
2.696303293171798e6
2.729483819676198e6
2.7628675903697223e6
2.796454205686364e6
2.8302432796770553e6
2.864234439476651e6
2.89842731701021e6
2.9328215522927484e6
2.96741680368651e6
3.0022127278513466e6
3.0372090059877443e6
3.0724053089417205e6
3.107801330614942e6
3.1433967709190208e6
3.1791913322757343e6
3.215184737091586e6
3.2513767055841344e6
3.287766970261798e6
3.3243552724854928e6
3.3611413602858973e6
3.3981249905039603e6
3.4353059265869237e6
3.47268394072129e6
3.5102588116118354e6
3.5480303237388916e6
3.585998272195862e6
3.624162453982401e6
3.662522681770995e6
3.701078763711006e6
3.739830521396237e6
3.7787777819450586e6
3.8179203790013962e6
3.8572581444805698e6
3.896790930475835e6
3.9365185827143597e6
3.9764409652657122e6
4.016557930924089e6
4.0568693505122713e6
4.09737509643631e6
4.1380750442273854e6
4.1789690824318915e6
4.220057092866598e6
4.261338970729781e6
4.302814610994197e6
4.344483920631414e6