494191.32998619205
494207.02633919066
494249.0646015747
494317.913900636
494414.4203091196
494539.64643645566
494694.97556343034
494882.1742487637
495103.1700108858
495356.2251833937
495655.8541677187
495992.85294845956
496374.3244806933
496803.46403193113
497283.8551693453
497819.1831624813
498413.3742647378
499070.571519832
499794.9595092287
500591.1477985424
501463.8062052282
502417.45348383964
503457.067980996
504587.6156500862
505814.11159972637
507141.82335632795
508575.6479814532
510121.4777951152
511784.0180285466
513568.8131543576
515481.2216746947
517526.581842368
519710.2521261843
522037.5638406066
524513.7962816323
527144.2890450213
529934.2131748307
532888.7547619533
536013.0498125453
539311.7401552967
542790.8814440671
546454.3079131049
550307.1647794766
554354.1623747451
558599.8938350481
563048.8456578774
567705.4694589913
572573.9768634728
577658.6216996278
582963.40328129
588492.2659090711
594249.0300641356
600237.3845170501
606460.8869005775
612922.984463581
619626.9864874879
626576.0830239062
633773.3273942949
641221.6333183248
648923.8220331406
656882.5560100051
665100.3859398196
673579.7346181645
682322.8937196104
691332.0416072838
700609.2141870582
710156.3447388543
719975.2569029646
730067.5963721625
740434.9721392565
751078.8329518916
762000.5301384869
773201.2949646667
784682.2575862601
796444.4383512316
808488.7588471794
820816.0357123637
833426.9890624721
846322.2432943371
859502.3275154347
872967.681396139
886718.6584024719
900755.5178454265
915078.4520380951
929687.5505083695
944582.8483216129
959764.2905229419
975231.7551300243
990985.0496184533
1.007023914434151e6
1.0233480255496234e6
1.0399569973350767e6
1.0568503850351428e6
1.0740276872396062e6
1.091488348531776e6
1.1092317619719245e6
1.1272572715561069e6
1.1455641749773463e6
1.1641517256043889e6
1.1830191344412242e6
1.2021655739254465e6
1.2215901784605393e6
1.241292048942959e6
1.2612702531266352e6
1.2815238244409782e6
1.3020517748970059e6
1.3228530874595926e6
1.3439267100687118e6
1.365271598172424e6
1.3868866327391532e6
1.4087707390503017e6
1.430922784280443e6
1.4533416337879365e6
1.476026105005531e6
1.4989751285305377e6
1.5221874413288655e6
1.5456618858671205e6
1.5693972901744111e6
1.5933924412749847e6
1.6176461499231877e6
1.6421572108308882e6
1.6669244242780542e6
1.691946569714581e6
1.71722245833667e6
1.7427508797374996e6
1.768530634310325e6
1.7945605239524425e6
1.8208393540599449e6
1.8473659389009418e6
1.8741390920227296e6
1.9011576429665342e6
1.928420426537538e6
1.9559262705332623e6
1.9836740432258816e6
2.0116625935651597e6
2.039890812117119e6
2.0683575325490884e6
2.0970616943797471e6
2.126002187689935e6
2.1551779300783025e6
2.184587881605231e6
2.214230886750935e6
2.2441060191275263e6
2.2742121932336623e6
2.3045484059331967e6
2.3351136590680024e6
2.3659069613615805e6
2.3969273443129538e6
2.4281738558820803e6
2.459645553912944e6
2.4913415150804045e6
2.523260830113353e6
2.5554026109272605e6
2.5877659681642517e6
2.6203500486151893e6
2.6531540078414525e6
2.6861770211100634e6
2.7194182521221014e6
2.752876931554657e6
2.786552260698668e6
2.820443477898646e6
2.854549830625768e6
2.888870585645648e6
2.9234050238927384e6
2.958152430778813e6
2.9931121774242213e6
3.028283501178788e6
3.063665786358385e6
3.0992583837296907e6
3.135060676990937e6
3.1710720431323983e6
3.207291885535719e6
3.2437196205852595e6
3.2803546798968725e6
3.317196521781405e6
3.3542445585114905e6
3.3914983072339785e6
3.4289572404231555e6
3.4666208835259047e6
3.5044886893129176e6
3.5425602197701456e6
3.5808350125096533e6
3.6193125924906945e6
3.657992559171484e6
3.696874467981072e6
3.7359579131084075e6
3.7752424865728514e6
3.814727804581967e6
3.854413486190309e6
3.8942991649788525e6
3.934384488655729e6
3.9746691070067454e6
4.015152689602292e6
4.0558349083277415e6
4.096715452662579e6
4.1377940176585224e6
4.179070308194029e6
4.220544040728026e6
4.262214939820773e6
4.304082738119424e6