467468.02345870424
467489.38773602946
467546.5924537375
467640.0095106653
467770.52956212824
467939.2199206792
468147.3669138913
468396.7398505404
468689.1903845129
469026.9214255024
469412.4225978687
469848.79474955413
470337.9077396544
470883.98945901927
471490.148858291
472160.0277794304
472897.42141162546
473706.3636954188
474590.9528096542
475555.6028163404
476604.9091742259
477743.25370196113
478975.4683201889
480306.3707399927
481740.0874021519
483283.9347355615
484940.58317462215
486716.09825812397
488615.39804217673
490643.68063364434
492806.2364118007
495108.1108586475
497554.5088121424
500150.5630687772
502901.385614256
505811.78081670543
508887.57547099306
512132.93919100484
515553.03890024754
519152.69636141974
522936.6805166494
526909.6539412445
531076.1973453768
535440.8048516753
540007.8469025607
544781.5911425509
549766.2637828584
554965.8545227125
560384.3950012028
566025.6598276634
571893.372306442
577991.1275875696
584322.3943472318
590890.5104883515
597698.70194286
604750.0592008072
612047.5584502427
619594.0289250542
627392.1954317966
635444.6486226701
643753.8525911242
652322.1480576209
661151.7557988674
670244.7688218821
679603.1761229347
689228.8200030406
699123.4426971024
709288.671982758
719726.0163758647
730436.8666752408
741422.5138137678
752684.14095269
764222.81817071
776039.5175768385
788135.1060326959
800510.3571955182
813165.9440800599
826102.4491703734
839320.3625873304
852820.0857926192
866601.9356780001
880666.1474610807
895012.8687539652
909642.1838826889
924554.0796598325
939748.5011918887
955225.2843414587
970984.2378391544
987025.0821161711
1.0033474816189093e6
1.0199510414647326e6
1.0368353101471338e6
1.0539997857279482e6
1.071443899784916e6
1.0891670569793934e6
1.107168600415659e6
1.125447832926692e6
1.144004014878201e6
1.1628363675309187e6
1.1819440745936912e6
1.2013262845069475e6
1.2209821127284383e6
1.2409106451265006e6
1.2611109384879433e6
1.281582019521246e6
1.302322896828019e6
1.323332553960022e6
1.3446099436852322e6
1.3661540238448256e6
1.3879636999257435e6
1.4100378983193506e6
1.4323755121451349e6
1.4549754172157757e6
1.477836491060096e6
1.5009576004043284e6
1.524337600295341e6
1.5479753393196783e6
1.5718696634613927e6
1.5960194116146825e6
1.6204234275563946e6
1.645080544367088e6
1.6699896071300237e6
1.6951494374906642e6
1.7205588929201753e6
1.74621684985421e6
1.772122035782971e6
1.7982734246223115e6
1.8246698340490283e6
1.8513101285996032e6
1.8781931772670813e6
1.9053178637570748e6
1.9326830766604885e6
1.9602877045214828e6
1.988130665898522e6
2.0162108733443695e6
2.0445272743528343e6
2.0730787634210475e6
2.1018643319042204e6
2.1308829305639225e6
2.160133544223369e6
2.189615192498707e6
2.219326774648072e6
2.2492674167589108e6
2.2794361097351518e6
2.309831906005881e6
2.3404538600595063e6
2.3713010493968083e6
2.4023725592413517e6
2.4336674992335895e6
2.465184984934137e6
2.496924163420815e6
2.5288841495075813e6
2.561064144587538e6
2.5934633166341195e6
2.626080857246559e6
2.6589159828987997e6
2.6919679220847716e6
2.725235898409964e6
2.7587191919431966e6
2.7924170641527115e6
2.8263288017396173e6
2.860453715129403e6
2.8947911052372484e6
2.929340310534562e6
2.9641006865409855e6
2.9990715900627477e6
3.034252394101812e6
3.069642493555538e6
3.105241287031558e6
3.1410482050470077e6
3.1770626618137844e6
3.2132841331313876e6
3.2497120529279932e6
3.28634593695617e6
3.32318520833963e6
3.3602294005015404e6
3.3974780231571663e6
3.4349306085014925e6
3.4725866927263895e6
3.5104458220797693e6
3.54850756784835e6
3.5867715081038205e6
3.625237208954799e6
3.6639042888472183e6
3.7027723610119047e6
3.741841065957182e6
3.781109963498438e6
3.820578789338542e6
3.860247117563813e6
3.9001146565839937e6
3.940181070773747e6
3.980446048061763e6
4.020909283088045e6
4.0615704782792768e6
4.102429349837267e6
4.143485637935443e6
4.1847390243922397e6
4.226189297188377e6
4.267836194840454e6
4.309679473411623e6