259670.68638832736
259743.03766838045
259936.09983956304
260250.22009156804
260685.94878223815
261244.06037605423
261925.51534288962
262731.5710930076
263663.4069999121
264722.75864312716
265911.3278735584
267231.2015747599
268683.8617393456
270272.18841313303
271998.3463215671
273864.8550097245
275874.352126961
278029.60411366203
280333.4740056059
282788.9247463029
285398.9745660699
288166.73321550514
291095.3542078667
294188.0589949783
297448.07356388785
300878.6575353333
304483.09813847404
308264.68414469797
312226.7379573545
316372.44212574454
320705.0748550632
325227.8623209278
329943.9248225236
334856.4280726857
339968.42128655734
345282.9273646368
350802.89445489703
356531.18430886813
362470.29902177816
368623.5790208855
374993.6158631656
381582.1410794463
388392.6368381977
395426.85728676384
402687.15290954185
410175.7722968997
417894.8144143616
425846.28090161446
434031.9958949314
442453.8164054381
451113.4245349384
460012.42224762135
469152.30000075034
478534.4659959801
488160.2383311518
498030.83434429043
508147.37881350983
518510.9099020042
529122.3752585304
539982.6353109345
551092.4672728175
562452.565695839
574063.5442040832
585925.9383962416
598040.2091489895
610406.7406816387
623025.8464040522
635897.7793090235
649022.713301169
662400.7651133293
676031.9973671187
689916.3868375105
704053.8937880502
718444.3956442593
733087.7274662267
747983.6744325287
763131.973668024
778532.3189800944
794184.3618364637
810087.7129156946
826241.9460359762
842646.5987938292
859301.1752892844
876205.1481445967
893357.9604333394
910759.0276419292
928407.7395569655
946303.4620573723
964445.5392918123
982833.2938296263
1.0014660325042093e6
1.0203430420720521e6
1.0394635923435236e6
1.058826944681232e6
1.078432343344264e6
1.0982790236526625e6
1.1183662092388056e6
1.1386931164838432e6
1.1592589543703631e6
1.1800629246304478e6
1.2011042251306933e6
1.2223820489503061e6
1.2438955876579667e6
1.265644029220096e6
1.2876265607529976e6
1.3098423701941501e6
1.332290645342946e6
1.3549705769290915e6
1.3778813597235675e6
1.4010221866094316e6
1.4243922466300332e6
1.4479907506607207e6
1.4718169060568968e6
1.4958699209521853e6
1.520149022103891e6
1.5446534285698205e6
1.5693823863323035e6
1.5943351110775643e6
1.619510870109748e6
1.644908912736503e6
1.6705285032758964e6
1.6963689133796715e6
1.7224294259656756e6
1.7487093306180527e6
1.7752079291433482e6
1.8019245322919672e6
1.8288584645953763e6
1.8560090420076058e6
1.883375631864325e6
1.910957548333824e6
1.9387541837416654e6
1.9667649027573548e6
1.9949890829650066e6
2.0234261246951283e6
2.052075438627314e6
2.0809364162826198e6
2.110008505668223e6
2.139291141557676e6
2.168783771037344e6
2.19848584936582e6
2.228396854857832e6
2.2585162503159475e6
2.2888435642562658e6
2.3193782660689764e6
2.350119881274622e6
2.3810679330464047e6
2.4122219563306766e6
2.443581495974944e6
2.475146109584323e6
2.506915362204889e6
2.538888829604878e6
2.571066099181109e6
2.603446767248503e6
2.6360304407878267e6
2.6688167344745942e6
2.7018052752936236e6
2.734995698250615e6
2.768387650258359e6
2.8019807830187976e6
2.8357747617052896e6
2.8697692569078803e6
2.9039639528698362e6
2.938358455489776e6
2.972952707144999e6
3.007746171880044e6
3.042738652857099e6
3.0779298523901077e6
3.113319546022496e6
3.148907433234845e6
3.1846932732706927e6
3.2206768260899456e6
3.2568578513577185e6
3.293236120723137e6
3.329811410219123e6
3.3665835059412927e6
3.403552199640966e6
3.4407172895463323e6
3.478078581616349e6
3.515635887465963e6
3.5533890242901547e6
3.591337818113626e6
3.6294820975600285e6
3.6678217036733776e6
3.7063564759217678e6
3.7450862620456554e6
3.7840109188362816e6
3.8231303055387577e6
3.8624442835024064e6
3.901952727507503e6
3.941655508955052e6
3.981552517501617e6
4.0216436284902906e6
4.0619287356947716e6
4.102407735221845e6
4.1430805255830446e6
4.183947010969746e6
4.22500710031286e6
4.2662607062319955e6
4.307707743392657e6
4.349348135450521e6