512810.4643266777
512822.3008811659
512854.0508741527
512906.1859490442
512979.5745513103
513075.2857510103
513194.7257089348
513339.69398787105
513512.14550201455
513714.3557836928
513948.9239044675
514218.68990925944
514526.7667902865
514876.41682592605
515271.29194169375
515715.1341561137
516211.93842436816
516765.92044611205
517381.33189246093
518062.87603473803
518815.2990225876
519643.20389765943
520551.6652287508
521545.7433435939
522630.5503442214
523811.46019887156
525093.4576869806
526482.587585995
527983.6321457265
529602.2601105447
531343.9474023744
533214.1580912248
535218.3732179204
537362.0523680199
539650.6254714596
542089.503726804
544684.0528436877
547439.5757757209
550361.3568856067
553454.1388275069
556724.1803043128
560175.4218954426
563813.1583778127
567642.2493132004
571667.4348078347
575893.3493597953
580324.5948489704
584965.531382557
589820.5630815584
594893.8396746208
600189.455627547
605711.3815352042
611463.4563973865
617449.3860580395
623672.7706828137
630137.0634718229
636845.6010834601
643801.5837699939
651008.0729081703
658468.0329449793
666184.2710778831
674159.4745135534
682396.1987082417
690896.8838338534
699663.8377053895
708699.2290108651
718005.1206331472
727583.4653526585
737436.0336693849
747564.5574915115
757970.6070579485
768655.645001586
779621.0231222603
790867.9805451911
802397.6458905013
814211.0449521539
826309.0971235146
838692.6214017862
851362.3344120946
864318.8594227075
877562.7247314376
891094.3675946663
904914.1287789065
919022.2784442949
933418.9807859552
948104.3416711006
963078.3723884043
978341.0159221245
993892.1393512188
1.0097315398116871e6
1.0258589462445363e6
1.0422740230670654e6
1.0589763715895773e6
1.0759655332504078e6
1.093240992008665e6
1.1108021770598465e6
1.1286484652640116e6
1.1467791837092673e6
1.165193612226726e6
1.1838909851248497e6
1.2028704949426283e6
1.2221312932058012e6
1.241672495036631e6
1.2614931798089135e6
1.2815923890137584e6
1.3019691407215158e6
1.3226224213425356e6
1.3435511787203643e6
1.3647543424293948e6
1.3862308620546183e6
1.4079795832701584e6
1.4299993882028945e6
1.4522891306816544e6
1.4748476482047236e6
1.4976737615276012e6
1.5207662825701004e6
1.5441240042023857e6
1.5677457348277967e6
1.5916302369779577e6
1.6157763008414358e6
1.6401826912935034e6
1.6648481839473099e6
1.6897715283321366e6
1.7149515080115316e6
1.740386880081876e6
1.7660764122628444e6
1.7920188745901913e6
1.8182130387101616e6
1.8446576825835304e6
1.8713515842047378e6
1.8982935372567566e6
1.9254823374828473e6
1.95291677515753e6
1.980595680072045e6
2.0085178625034317e6
2.03668217309953e6
2.0650874044052267e6
2.0937324566237575e6
2.122616178690495e6
2.1517374474360202e6
2.1810951813494507e6
2.210688182598822e6
2.24051548654092e6
2.270575962294955e6
2.3008685698925224e6
2.3313922623881595e6
2.3621460119332466e6
2.3931288090584595e6
2.4243396587471487e6
2.4557775781615693e6
2.487441602781264e6
2.5193307831376223e6
2.551444185527915e6
2.583780894808889e6
2.6163400032681283e6
2.649120633112412e6
2.682121919061189e6
2.7153429850982726e6
2.748783022058829e6
2.782441199081962e6
2.8163167390423347e6
2.8504087994992873e6
2.884716638199456e6
2.919239498507648e6
2.9539766412472436e6
2.9889273482003706e6
3.0240908809120115e6
3.059466602420907e6
3.095053792419807e6
3.1308518038957883e6
3.166859990172326e6
3.2030777191491234e6
3.239504399775388e6
3.276139384326896e6
3.312982108717032e6
3.3500320019504917e6
3.387288505592342e6
3.424751077761236e6
3.4624191907939757e6
3.500292320775466e6
3.5383699782971307e6
3.5766516682660333e6
3.6151368961803536e6
3.6538252310724366e6
3.6927162061128276e6
3.7318093902925034e6
3.7711043503373056e6
3.8106006796653527e6
3.8502979747242336e6
3.8901958477856223e6
3.9302939177318956e6
3.970591820953566e6
4.011089211922279e6
4.0517857134502954e6
4.0926810240106494e6
4.133774809314572e6
4.1750667552588484e6
4.216556557941945e6
4.25824392820853e6
4.300128576730022e6