234500.61293641562
234580.08934907962
234792.15069602572
235137.0970970704
235615.46140634877
236227.95601557675
236975.47842475676
237859.13229513625
238880.1753484021
240040.06059053334
241340.40701452745
242782.99291046787
244369.75713301715
246102.71874026788
247984.1507552912
250016.35458006887
252201.77184065487
254542.94315527394
257042.50615470766
259703.3867436607
262527.7840769058
265519.1204674088
268680.1010862512
272013.6699564869
275522.79203685466
279210.39918138937
283079.53304618364
287133.15303684794
291374.3060507636
295805.8489507362
300430.7571011785
305251.9279463644
310272.2011760934
315494.39212834556
320921.2368891183
326555.4435096163
332399.6837585316
338456.3500746534
344728.0825346551
351217.002621431
357926.1155405656
364856.97543265484
372011.9559685347
379393.13696140924
387002.4622508385
394841.82337691495
402913.02343746135
411217.7713615134
419757.62522249937
428534.1398336586
437548.7275077336
446802.7198618818
456297.35549651645
466033.7833261965
476013.0717747422
486236.1980613115
496704.0528952037
507417.4466583028
518377.1110956392
529583.6916960701
541037.7655939071
552739.8279823245
564690.3032436274
576889.5483443942
589337.8516615219
602035.4306010702
614982.4457214593
628178.9928794137
641625.111328496
655320.7816882898
669265.9334418202
683460.4453396294
697904.1449721346
712596.8132109771
727538.1879721447
742727.964603794
758165.7974827195
773851.3044332021
789784.0673265462
805963.6342531699
822389.5223179429
839061.2188387876
855978.1835774607
873139.8506757433
890545.6304095797
908194.9110241641
926087.060054295
944221.4268975636
962597.3434303988
981214.1259911824
1.0000710769754073e6
1.0191674866494427e6
1.0385026309156133e6
1.058075780748531e6
1.0778861950037596e6
1.0979331258257797e6
1.118215819111951e6
1.1387335156441196e6
1.1594854516954361e6
1.1804708610469038e6
1.2016889742601602e6
1.2231390216489444e6
1.2448202406276907e6
1.2667318382156522e6
1.2888730682539132e6
1.311243156041772e6
1.3338413380215238e6
1.3566668535771621e6
1.3797189449415887e6
1.4029968613737985e6
1.4264998520429053e6
1.4502271777312555e6
1.4741781039466723e6
1.4983518997846697e6
1.5227478424948088e6
1.5473652198356623e6
1.5722033278615186e6
1.597261450451625e6
1.6225389195317123e6
1.6480350374860943e6
1.673749136020204e6
1.6996805549787916e6
1.725828629736234e6
1.7521927184493225e6
1.7787721867988745e6
1.8055664083006345e6
1.8325747602591456e6
1.859796649042132e6
1.8872314730541743e6
1.914878639023899e6
1.9427375854094073e6
1.970807740130046e6
1.999088548279269e6
2.0275794657268578e6
2.0562799673886332e6
2.0851895047104766e6
2.114307587685022e6
2.143633708703149e6
2.1731673723450806e6
2.202908096123036e6
2.2328554123098054e6
2.263008855521069e6
2.2933679746657372e6
2.323932329053919e6
2.3547014894229285e6
2.385675031356729e6
2.416852544483438e6
2.4482336260681134e6
2.479817885232598e6
2.511604938078778e6
2.543594414426075e6
2.5757859471936203e6
2.6081791810540524e6
2.6407737734389645e6
2.6735693856528867e6
2.706565690603572e6
2.739762369308747e6
2.773159111651556e6
2.8067556165053425e6
2.84055158962791e6
2.8745467446044353e6
2.908740803833475e6
2.943133503644474e6
2.9777245753301703e6
3.012513768108475e6
3.047500839308509e6
3.0826855570648285e6
3.118067657161658e6
3.153646949484239e6
3.189423206173351e6
3.225396216497598e6
3.261565777494207e6
3.297931691684364e6
3.3344937692068783e6
3.3712518259879733e6
3.4082056843669037e6
3.445355172853456e6
3.4827001263136603e6
3.5202403846326126e6
3.557975793615933e6
3.5959062052840334e6
3.6340314768603924e6
3.672351470955537e6
3.710866055352071e6
3.7495751179879117e6
3.7884784927911363e6
3.8275761047051507e6
3.8668678325216738e6
3.906353563014737e6
3.946033195089713e6
3.985906630722961e6
4.0259737747497815e6
4.066234537849384e6
4.1066888344469317e6
4.147336582893009e6
4.1881777097405917e6
4.229212127474826e6
4.27043977920974e6
4.311860594755271e6
4.353474510733044e6