395978.5355273522
396015.94789350237
396116.1515609506
396279.2941182431
396506.2491030371
396798.01935449784
397155.8170208808
397581.19364798506
398075.8731530165
398642.0001371607
399281.7529136986
399997.65548793407
400792.46610352077
401669.0598556777
402630.64501399995
403680.5025761519
404822.1514113972
406059.2645932547
407395.58637657104
408835.186353613
410382.1723709531
412040.5842034261
413814.7997092889
415709.17908298183
417728.1324852602
419876.2646907819
422157.99292152113
424578.05831060227
427140.9388311088
429851.2934969634
432713.7418199053
435732.9103532518
438913.338317036
442256.47874215344
445776.2603167615
449467.56547386927
453338.4529786853
457392.76303752087
461634.9493920819
466069.19832527457
470699.6511127861
475530.329946854
480565.180891375
485808.0353065533
491262.6356830656
496932.6062275576
502821.5012989922
508932.7068392578
515269.5806051127
521835.2610631427
528632.8385643633
535665.2619275781
542935.3843248804
550445.9090610407
558199.4485320358
566198.4773825067
574445.3643932809
582942.342111961
591691.5474729128
600694.9870909269
609954.5588632207
619469.0742883144
629249.0995161422
639287.2985139408
649588.0857342676
660152.7966215168
670982.6693299094
682078.836833562
693442.3337376958
705074.087771229
716974.9388613416
729145.6254532814
741586.8140867342
754299.0471531765
767282.8105481395
780538.5078715676
794066.4220637059
807866.8119776176
821939.8472076607
836285.5479282276
850903.9910456995
865795.1018506344
880958.75648255
896394.7785377422
912102.91625004
928082.8815955408
944334.3012068907
960856.7823658455
977649.8618261605
994713.0337377267
1.0120457479638864e6
1.0296474081664436e6
1.047517382404159e6
1.065654996512823e6
1.0840595437070625e6
1.1027302795057553e6
1.121666430176009e6
1.1408671914582455e6
1.1603317322010915e6
1.180059194431624e6
1.2000486973782761e6
1.2202993374570063e6
1.2408101924191688e6
1.2615803208425725e6
1.2826087630853998e6
1.3038945476290218e6
1.3254366896360477e6
1.347234183793392e6
1.369286033460506e6
1.3915912046417496e6
1.414148685521637e6
1.4369574419163275e6
1.4600164299554504e6
1.4833246179535333e6
1.506880959642704e6
1.5306814442663987e6
1.554733925032421e6
1.5790284598992693e6
1.6035669709416456e6
1.6283484193689926e6
1.6533717703314768e6
1.6786359908562289e6
1.70414004230755e6
1.7298829168681551e6
1.7558635951261008e6
1.7820810628544088e6
1.8085343254873694e6
1.8352223826583303e6
1.8621442818696431e6
1.889298992360066e6
1.9166855944853185e6
1.9443031240610697e6
1.972150628258305e6
2.0002271861034455e6
2.028531872088663e6
2.0570637916164252e6
2.0858220118207643e6
2.114805676043256e6
2.144013911447117e6
2.1734458547863616e6
2.2031006608374896e6
2.232977494756845e6
2.2630755400264184e6
2.293393987670362e6
2.3239320476354165e6
2.3546889435468283e6
2.3856639035267932e6
2.416856183381263e6
2.448265041754134e6
2.479889756938069e6
2.51172961750816e6
2.543783926449977e6
2.5760520116890566e6
2.6085331864943528e6
2.641226810029599e6
2.674132239788512e6
2.7072488513144674e6
2.7405760174746797e6
2.774113151431566e6
2.8078596630419223e6
2.8418149780010385e6
2.875978539751746e6
2.9103497865129835e6
2.944928198312876e6
2.9797132495458126e6
3.0147044488739865e6
3.049901242714162e6
3.0853032024456463e6
3.1209098360016467e6
3.1567206891786964e6
3.1927353073754045e6
3.228953255625415e6
3.2653741077286485e6
3.301997452074239e6
3.3388228836709866e6
3.37585001308865e6
3.413078456897369e6
3.450507848258309e6
3.4881378256693e6
3.5259680374020715e6
3.5639981485322975e6
3.60222782697363e6
3.640656754266409e6
3.67928462095017e6
3.718111125790758e6
3.7571360027008615e6
3.796358902015277e6
3.835779604325357e6
3.8753978416626686e6
3.915213349853428e6
3.9552258817269215e6
3.995435198379498e6
4.035841069024141e6
4.076443265950324e6
4.117241582866907e6
4.158235802610947e6
4.199425727558987e6
4.240811163639148e6
4.282391924160737e6
4.324167829433994e6