245282.28952888265
245358.6855934264
245562.56524258258
245894.15242109826
246354.08611819101
246943.07151249412
247662.0373221771
248512.1201647669
249494.6297269006
250611.06329828687
251863.10399798036
253252.56650641625
254781.46554019582
256451.93490976206
258266.2818453178
260226.904169155
262336.3259123756
264597.19707276183
267012.2432742558
269584.30583307875
272316.2605517306
275211.0743459667
278271.7535332019
281501.3649924466
284902.97934169666
288479.6951637755
292234.6378000408
296170.9208873752
300291.7029917223
304600.00589373906
309098.89485602727
313791.4453090583
318680.61104315205
323769.35902134504
329060.5642959259
334557.0715787011
340261.6378054883
346176.95001338137
352305.6303211043
358649.970388072
365213.1803041394
371996.8798781208
379003.6056946943
386235.5639143339
393694.8344322369
401383.43795032793
409303.306312563
417456.2720828524
425844.0103911698
434468.2099234511
443330.3916574125
452432.0052363102
461774.40150138637
471358.8379086967
481186.5353897068
491258.4406972368
501575.6780389602
512139.110100088
522949.5633246277
534007.7747914051
545314.4008913087
556870.028550575
568675.161683884
580730.2320587004
593035.6010715115
605591.558512195
618398.3290869882
631456.0731226862
644764.8890808017
658324.8141557416
672135.832244022
686197.8706932156
700510.8044101167
715074.4576492116
729888.6090048791
744952.9912920827
760267.2931931017
775831.1642090401
791644.2149663721
807706.0191470454
824016.1171851302
840574.0168306893
857379.1958198491
874431.1037042902
891729.1637703523
909272.7748649503
927061.3131289994
945094.1339148105
963370.5733166584
981889.9497152753
1.0006515656823467e6
1.019654709714384e6
1.0388986540578583e6
1.0583826646428434e6
1.078105992908109e6
1.0980678835662254e6
1.1182675722510074e6
1.138704286621644e6
1.1593772528302514e6
1.1802856889680855e6
1.2014288112083434e6
1.222805833318789e6
1.2444159677237587e6
1.266258426031443e6
1.288332419525112e6
1.3106371616493566e6
1.3331718671070454e6
1.355935754145787e6
1.3789280420342858e6
1.4021479571267017e6
1.4255947248050906e6
1.4492675820278036e6
1.4731657688935702e6
1.4972885302075143e6
1.521635122179355e6
1.5462047964887798e6
1.5709968316720081e6
1.5960104805907244e6
1.6212450423114817e6
1.6466998044678082e6
1.6723740610615197e6
1.6982671302366483e6
1.7243783263817192e6
1.75070696816408e6
1.7772524065080055e6
1.8040139813575307e6
1.8309910493722202e6
1.8581829766169146e6
1.8855891409005746e6
1.9132089287452237e6
1.9410417377441695e6
1.9690869759589424e6
1.9973440627616511e6
2.0258124266889354e6
2.054491517009559e6
2.08338075810525e6
2.112479635373641e6
2.1417876150514754e6
2.1713041772104073e6
2.2010288132096967e6
2.230961032349569e6
2.2611003418128025e6
2.2914462708908888e6
2.3219983521382567e6
2.3527561319391783e6
2.3837191646498963e6
2.4148870163166155e6
2.4462592617618716e6
2.477835488194663e6
2.5096152891994133e6
2.5415982788137733e6
2.573784052414821e6
2.6061722519364203e6
2.638762506676416e6
2.6715544583095037e6
2.704547760393445e6
2.7377420744490703e6
2.771137072330075e6
2.804732431607595e6
2.838527842055521e6
2.872522998487763e6
2.906717605949817e6
2.941111383330185e6
2.9757040452448847e6
3.0104953233665507e6
3.0454849603399048e6
3.080672707795407e6
3.1160582845758977e6
3.1516414877160885e6
3.1874220721159624e6
3.2233998142991625e6
3.2595744963278337e6
3.295945907119634e6
3.3325138428457864e6
3.369278106193542e6
3.4062385067592524e6
3.4433948602361293e6
3.4807469891031273e6
3.5182947212729207e6
3.556037890305467e6
3.5939763377170633e6
3.632109908757334e6
3.670438455226407e6
3.708961835080392e6
3.747679924291776e6
3.786592547261086e6
3.8256996223935722e6
3.86500100972662e6
3.904496596017605e6
3.944186265285781e6
3.9840699182588556e6
4.024147443450702e6
4.0644187454793914e6
4.1048837315186667e6
4.145542311111907e6
4.1863943986496623e6
4.227439913093368e6
4.268678777867589e6
4.310110916417053e6
4.351736262123466e6