272470.18684951693
272539.00236937706
272722.63949609175
273021.4604507567
273436.03292569343
273967.1471034362
274615.8159251794
275383.2594880994
276270.8853417067
277280.34755989024
278413.3647363599
279671.9820922576
281058.3496406991
282574.7806693871
284223.76221968734
286007.89350935025
287929.90993183956
289992.6807805846
292199.1790266513
294552.477272987
297055.7162100191
299712.12274904246
302524.9815215712
305497.64013633947
308633.4631807959
311935.8453781706
315408.2084053048
319053.9994724499
322876.67647294723
326879.5719722182
331066.115208106
335439.67495197523
340003.55839980603
344761.0462487204
349715.36543761555
354869.6964416144
360227.1320828957
365790.7152218219
371563.3531879365
377547.9784941027
383747.360302654
390163.92886112654
396801.1492835701
403660.6988320536
410745.267856541
418057.1910184182
425598.7202726728
433371.9785918306
441379.0023905861
449621.7222969566
458101.96915805445
466821.48937771877
475781.90390180924
484984.7482729632
494431.46654005884
504123.39778837585
514061.7895783939
524247.7831162696
534682.4499800934
545366.7548026451
556301.5796812605
567487.7195064639
578925.8862076283
590616.7059326633
602560.731943723
614758.4333101063
627210.207476337
639916.3788053974
652877.2024463863
666092.8636680013
679563.4917376214
693289.1269081422
707269.7884997787
721505.4104033317
735995.8795073528
750741.0219507045
765740.6434033676
780994.4572746132
796502.1598937562
812263.3976383776
828277.7764135364
844544.8626061997
861064.1862060933
877835.2425272879
894857.4946529216
912130.3751469309
929653.2881396746
947425.6112998852
965446.6976493252
983715.876698833
1.0022324595060665e6
1.0209957346446821e6
1.0400049718667124e6
1.05925943013718e6
1.0787583490745064e6
1.0985009578937232e6
1.1184864717729823e6
1.138714097140819e6
1.1591830311783226e6
1.1798924624190656e6
1.2008415724653483e6
1.2220295416929666e6
1.2434555399820611e6
1.2651187425506937e6
1.2870183115170454e6
1.3091534091568778e6
1.3315232048379406e6
1.354126861159063e6
1.3769635533982306e6
1.4000324436191758e6
1.4233327091620814e6
1.4468635232129288e6
1.470624071155923e6
1.4946135317450343e6
1.5188310953773004e6
1.543275959779e6
1.567947330544456e6
1.5928444112400194e6
1.6179664216375514e6
1.643312586588235e6
1.668882139409768e6
1.6946743202685532e6
1.720688380348702e6
1.7469235783027431e6
1.7733791846849476e6
1.8000544750897288e6
1.8269487412994374e6
1.8540612813040125e6
1.8813914122531603e6
1.9089384252412075e6
1.9367016806007975e6
1.964680510536953e6
1.9928742606749595e6
2.021282302171148e6
2.0499040130817038e6
2.0787387524137008e6
2.107785942348751e6
2.137044983195587e6
2.1665152927095275e6
2.196196297118133e6
2.226087444867444e6
2.256188178813587e6
2.28649797002225e6
2.317016287807149e6
2.347742620784566e6
2.3786764626808837e6
2.4098173235709365e6
2.4411647186370622e6
2.4727181797446352e6
2.504477245216886e6
2.5364414652813473e6
2.5686104013510314e6
2.6009836253833924e6
2.6335607180820126e6
2.666341271067851e6
2.6993248869492626e6
2.7325111769562326e6
2.7658997654474606e6
2.7994902809826112e6
2.8332823664928647e6
2.867275670526568e6
2.901469856029699e6
2.935864587675435e6
2.9704595481274934e6
3.0052544195102737e6
3.040248906249478e6
3.0754427042688243e6
3.1108355174697996e6
3.1464271182387783e6
3.182217155130671e6
3.2182054247379503e6
3.2543916502205925e6
3.2907755990757653e6
3.3273570196069605e6
3.3641356833480587e6
3.401111367495897e6
3.438283854369345e6
3.4756529347024034e6
3.5132184053978203e6
3.550980068866699e6
3.5889377378474493e6
3.627091225049802e6
3.665440360358583e6
3.703984968345031e6
3.7427248861511024e6
3.78165995595563e6
3.8207900338635426e6
3.860114944421769e6
3.8996345757847065e6
3.939348779961776e6
3.9792574348548613e6
4.01936040611862e6
4.059657577104045e6
4.1001488313803533e6
4.1408340636171987e6
4.1817131626164466e6
4.2227860445362115e6
4.26405256921079e6
4.305512686338336e6
4.347166296384662e6