305779.85780621786
305839.73818436323
305999.5576665407
306259.69815820304
306620.80316933617
307083.6985329554
307649.46565887635
308319.46657302615
309095.17334795825
309978.3643294601
310970.9560246583
312075.1632752726
313293.2425317158
314627.7320070574
316081.3375431914
317656.86535036203
319357.33826872695
321185.7480926559
323145.4314634461
325239.72997765883
327472.01326220774
329845.92446112505
332364.923522467
335032.7348990595
337853.03878027736
340829.582725847
343966.1099527243
347266.4668408431
350734.36693486664
354373.5939390756
358187.9310779418
362181.12430494593
366356.82688628125
370718.7413357494
375270.4650719393
380015.5560437221
384957.50638203253
390099.73056571966
395445.5754098112
400998.30996212515
406761.11441801046
412737.0888280707
418929.2239795722
425340.4402997282
431973.5203744712
438831.1744054564
445916.0266679805
453230.56408032984
460777.18740924017
468558.18619172496
476575.73572752054
484831.92890255456
493328.72208867245
502067.9874691841
511051.48574291216
520280.87251688715
529757.3124166117
539483.4168807332
549459.379283469
559686.835102528
570166.9407695808
580900.7552635396
591889.2456147338
603133.2889719862
614633.6703752545
626391.090037445
638406.1634147728
650679.4245201871
663211.3295170286
676002.2531057344
689052.4996661753
702362.3029690338
715931.8241156123
729761.1576315688
743850.3353853717
758199.327424221
772808.0431348119
787676.3359587099
802804.0069728314
818190.8009282922
833836.4201229897
849740.5125088608
865902.6874494641
882322.5082164586
898999.4997448813
915933.1490024782
933122.9071730706
950568.1919873881
968268.3898542896
986222.8576024596
1.0044309249525227e6
1.0228918950844985e6
1.0416050491025829e6
1.060569648583971e6
1.0797849280105378e6
1.0992501011242806e6
1.1189643766241837e6
1.1389269465642073e6
1.1591369819098136e6
1.1795936435109158e6
1.2002960837220065e6
1.2212434413395317e6
1.2424348522858818e6
1.263869444619839e6
1.285546333813496e6
1.3074646406374383e6
1.329623477309223e6
1.352021924722331e6
1.3746591743542992e6
1.3975342563835722e6
1.4206463004768644e6
1.443994423389596e6
1.4675777329632943e6
1.4913953493754743e6
1.5154463832479515e6
1.5397299792915347e6
1.5642452315967504e6
1.5889913007954257e6
1.6139673196283726e6
1.6391724354079608e6
1.6646079109040832e6
1.6902665842356705e6
1.7161539460584074e6
1.7422670733158858e6
1.7686051513136819e6
1.795167380101333e6
1.8219529624318804e6
1.8489611169319309e6
1.8761910707142286e6
1.9036420614964957e6
1.931313338628774e6
1.9592041620118304e6
1.987313798182878e6
2.015641538545195e6
2.0441866624757398e6
2.0729484845832237e6
2.101926321008712e6
2.1311194953903286e6
2.160527351697864e6
2.190149238617498e6
2.219984524280174e6
2.2500325787349134e6
2.2802927931585703e6
2.310764565472821e6
2.3414473077892135e6
2.3723404441441866e6
2.403443407343937e6
2.4347556450356776e6
2.4662766146559604e6
2.4980057914694473e6
2.529942653752481e6
2.5620866905067866e6
2.594437412700321e6
2.626994335036589e6
2.659756983194337e6
2.6927248970970875e6
2.725897624823415e6
2.759274730537292e6
2.7928557815942434e6
2.8266403610958364e6
2.8606280610196595e6
2.894818486438988e6
2.9292112441216884e6
2.963805963899751e6
2.9986022735089827e6
3.033599840151428e6
3.06879825998954e6
3.1041972464488037e6
3.13979645442885e6
3.175595564467446e6
3.21159426977354e6
3.2477922650060914e6
3.284189258932746e6
3.3207849684056574e6
3.3575791174672386e6
3.394571439396677e6
3.431761676327708e6
3.4691495766133424e6
3.5067348977963445e6
3.544517404089148e6
3.582496867282791e6
3.6206730665981825e6
3.6590457920090435e6
3.6976148406319143e6
3.736380006499936e6
3.775341100347548e6
3.814497939638327e6
3.8538503374359123e6
3.893398129879076e6
3.933141145786616e6
3.9730792334624715e6
4.013212236496168e6
4.053539989864026e6
4.094062379200981e6
4.134779235858502e6
4.1756904578311862e6
4.216795904948599e6
4.258095458675036e6
4.299589003151148e6
4.341276427661663e6