276071.43606090214
276139.26674038754
276320.2797952225
276614.8389565596
277023.5220714059
277547.120540415
278186.6584672914
278943.3676353775
279818.6672621446
280814.2277379301
281931.7833131883
283173.39561805775
284541.2368678797
286037.521360408
287665.12277280644
289426.3000305117
291323.9403393027
293360.93881044566
295540.2974212486
297865.12069735234
300338.5478554942
302963.9385015305
305744.51532053313
308683.690446312
311784.87054571614
315051.4835773969
318486.9902199949
322094.88230787916
325878.6558814826
329841.6765939317
333987.4243640706
338319.30754167546
342840.675206403
347554.8507044359
352465.1053811053
357574.66118751466
362886.6540200172
368404.17281164957
374130.16485449276
380067.6081669302
386219.31526715745
392588.044728922
399176.4455961894
405987.09641438734
413022.44331009086
420284.86185716785
427776.645600772
435499.95741046924
443456.87359016284
451649.3642149984
460079.2978831291
468748.45910618734
477658.50528141024
486811.0082526652
496207.4471878383
505849.1953451394
515737.53372772975
525873.6359830799
536258.6051520008
546893.4361370329
557779.0409752701
568916.2425859717
580305.7797402806
591948.3075340863
603844.4021374221
615994.5575896514
628399.1947586259
641058.6600827642
653973.2303250557
667143.1105275699
680568.4421583454
694249.3047397439
708185.7134509764
722377.6253083088
736824.9422846648
751527.5125546611
766485.1309429421
781697.5469421607
797164.4601434717
812885.5271693056
828860.3633443072
845088.5432494022
861569.6053737788
878303.0510800816
895288.349601978
912524.9387294252
930012.2270178399
947749.5958055119
965736.4010568457
983971.9745047588
1.0024556288251473e6
1.021186653646409e6
1.0401643183602914e6
1.0593878822788727e6
1.0788565838507959e6
1.098569650877124e6
1.1185262964747841e6
1.1387257245702844e6
1.1591671293462797e6
1.179849695839841e6
1.200772601768563e6
1.2219350231380875e6
1.2433361292821972e6
1.264975082249003e6
1.2868510380687974e6
1.3089631576136025e6
1.3313106081530761e6
1.3538925423422721e6
1.3767081284250263e6
1.3997565264979117e6
1.4230368968483484e6
1.4465484099894762e6
1.4702902441533033e6
1.494261569913935e6
1.5184615697775017e6
1.5428894403205786e6
1.5675443583705195e6
1.5924255395225715e6
1.617532188211271e6
1.6428635208272869e6
1.668418762006085e6
1.6941971431395146e6
1.7201979066434014e6
1.7464203023415548e6
1.7728635906910035e6
1.7995270419810256e6
1.8264099355631394e6
1.853511561588974e6
1.880831228462162e6
1.9083682180378754e6
1.9361218820944526e6
1.9640915438905992e6
1.9922765401303817e6
2.020676233310341e6
2.0492899929420322e6
2.0781171686498637e6
2.1071571765194987e6
2.1364094025691072e6
2.1658732616166547e6
2.1955481695910958e6
2.2254335667647687e6
2.255528925461172e6
2.285833594877114e6
2.316347150084935e6
2.347069033213796e6
2.377998732811973e6
2.4091357468209765e6
2.4404795858188705e6
2.472029773386039e6
2.5037858401956256e6
2.535747351315924e6
2.567913794792006e6
2.600284801237244e6
2.6328599233066244e6
2.6656387446753797e6
2.6986208615356283e6
2.731805878384473e6
2.765193413193052e6
2.7987830879282122e6
2.8325745392445107e6
2.8665674094279553e6
2.900761354265969e6
2.935156035902445e6
2.96975112767536e6
3.004546306574525e6
3.039541272828815e6
3.0747357154855225e6
3.1101293460255233e6
3.145721880140662e6
3.1815130400715964e6
3.217502562744915e6
3.253690187206813e6
3.2900756599599677e6
3.326658738929907e6
3.363439186483981e6
3.4004167753193527e6
3.4375912833170714e6
3.4749624968948904e6
3.5125302087206794e6
3.550294217044648e6
3.5882543299787943e6
3.6264103581040134e6
3.6647621257897285e6
3.7033094543216466e6
3.742052177162953e6
3.780990133100606e6
3.820123166754124e6
3.859451122951317e6
3.898973862934468e6
3.938691243362418e6
3.978603140652781e6
4.018709412610723e6
4.0590099444214967e6
4.099504615155678e6
4.140193316702856e6
4.181075935278662e6
4.222152369318768e6
4.26342252045149e6
4.304886291766053e6
4.346543596016996e6