240249.6885039894
240327.51707796156
240535.18590254834
240873.00219975432
241341.50673584532
241941.425311427
242673.67051300572
243539.36659934398
244539.79906460698
245676.44169412137
246950.95263805412
248365.12056947566
249919.82336902214
251620.47107726088
253466.02103246885
255459.94504102189
257604.7190512503
259902.9495044085
262357.31696504017
264970.6146217312
267745.6705081088
270685.3973735417
273792.751162988
277070.740464853
280522.3817540356
284150.7152521168
287958.80858560116
291949.711686924
296126.5255113911
300492.1960801594
305049.7631645773
309802.2005966214
314752.4185264347
319903.30992949766
325257.68241252063
330818.32099626446
336587.9328650121
342569.1044735487
348764.4279561321
355176.1296999421
361807.3213175796
368659.5895975111
375735.41356703604
383036.9188992409
390566.1311502954
398325.01042651024
406315.42911657284
414539.1605217068
422997.8280458759
431693.0545871139
440626.3132104599
449798.9978261399
459212.4068069707
468867.7469678051
478766.14479432
488908.6313016877
499296.1518480907
509929.5678233205
520809.66109310824
531937.1285733803
543312.583983626
554936.5758932687
566809.570531077
578931.9636284191
591304.08235649
603926.1836032855
616798.4609237603
629921.0449544968
643294.006134555
656917.3554755122
670791.0504097709
684914.9963558584
699289.0456184916
713913.0019601013
728786.6249000238
743909.6302238135
759281.6864995714
774902.4357853277
790771.4688715222
806888.3492133863
823252.606125931
839863.7376111224
856721.2128119342
873824.4738921648
891172.9378702044
908765.9984021815
926603.0275617176
944683.3775665076
963006.3824335779
981571.359393124
1.0003776107687422e6
1.0194244257133433e6
1.0387110779508406e6
1.0582368356018837e6
1.0780009534155729e6
1.0980026796009783e6
1.118241254717478e6
1.1387159107033592e6
1.159425880710593e6
1.1803703881388835e6
1.2015486566870972e6
1.2229599074916267e6
1.2446033609230316e6
1.2664782370829335e6
1.288583756176665e6
1.310919140975687e6
1.333483615705147e6
1.3562764086462255e6
1.379296749922927e6
1.402543876229765e6
1.4260170239791223e6
1.4497154411420885e6
1.473638379777615e6
1.4977850957684773e6
1.5221548524215473e6
1.5467469237722848e6
1.571560597149354e6
1.5965951315988838e6
1.6218498505102356e6
1.6473240410654794e6
1.673017021020429e6
1.698928098338367e6
1.7250566392430498e6
1.7514019416746607e6
1.7779633803855e6
1.8047403081123347e6
1.831732087907057e6
1.858938111207926e6
1.8863577620996886e6
1.9139904395724894e6
1.9418355543041676e6
1.9698925265746098e6
1.9981607874706239e6
2.0266397787203747e6
2.0553289612718069e6
2.0842277721603087e6
2.113335708643671e6
2.142652248796871e6
2.1721768841392854e6
2.201909118727872e6
2.2318484715569085e6
2.2619944643061245e6
2.2923466328773415e6
2.3229045249738754e6
2.3536676967109796e6
2.3846357131413748e6
2.4158081514919605e6
2.4471845957064377e6
2.478764644837438e6
2.5105479025078453e6
2.542533986876318e6
2.5747225202875454e6
2.607113136031268e6
2.6397054805945028e6
2.672499204509151e6
2.7054939702613037e6
2.73868944863318e6
2.772085320237457e6
2.805681271538557e6
2.8394770007098597e6
2.8734722112755906e6
2.907666616264057e6
2.9420599427203727e6
2.97665191314629e6
3.011442267190696e6
3.046430754565642e6
3.0816171348466515e6
3.117001134430704e6
3.152582556163346e6
3.188361164093667e6
3.224336739680663e6
3.2605090722994786e6
3.2968779572202344e6
3.3334431972124893e6
3.370204601317028e6
3.4071619848505855e6
3.4443151695816065e6
3.481663983834021e6
3.519208261099424e6
3.5569478408480952e6
3.5948825691098226e6
3.6330122970924694e6
3.6713368815929107e6
3.709856185502887e6
3.7485700893880557e6
3.787478422868695e6
3.8265811060926914e6
3.865878012306166e6
3.9053690233968943e6
3.945054033360685e6
3.984932939617919e6
4.02500564224732e6
4.065272047528562e6
4.105732065625727e6
4.146385610608261e6
4.1872326002015537e6
4.228272957057643e6
4.269506606744898e6
4.3109334792172145e6
4.3525535080252625e6