626702.9222446675
626692.8156456727
626665.9811824628
626622.9679227831
626566.8897885378
626492.3423462969
626407.0759952193
626311.8299524571
626207.7017830753
626097.4720703474
625983.9691105025
625870.2551041255
625759.6478618538
625655.704397773
625562.3830882197
625483.7401297224
625424.0830805858
625388.0327196234
625380.1021427608
625405.5108116777
625469.4396242357
625576.8774928764
625733.3703252055
625944.4752746101
626215.8222060477
626553.2486131612
626962.2473676456
627449.7920505473
628020.6361837107
628681.500760012
629438.31522224
630297.2077668258
631264.2772874238
632345.6892182343
633547.2201284417
634875.6558375951
636336.8815119774
637936.7739005345
639680.8214052246
641575.5066066568
643626.7043383829
645840.128371225
648221.4816597139
650776.4223070877
653510.4800207277
656429.0955362952
659537.6685521941
662841.4193910344
666345.5198963737
670054.9686207399
673974.7020130255
678109.5033906115
682464.0656091426
687042.9269252111
691850.5103347629
696891.0037537992
702168.9269056559
707687.9585036857
713452.1195098421
719465.1878731195
725730.7882560075
732252.4336506176
739033.4838105169
746077.1860092647
753386.640202211
760964.7975927782
768814.5016034469
776938.4546478495
785339.2274257874
794019.2487661124
802980.8346168189
812226.1673341166
821757.3184097571
831576.1663561233
841684.5646688693
852084.1839392448
862776.5857462196
873763.2165402131
885045.404588378
896624.3632278156
908501.2000564339
920676.9068088521
933152.3631603417
945928.3581847898
959005.5645337235
972384.5626282131
986065.8284585655
1.0000497481647593e6
1.0143366125091244e6
1.0289266204097525e6
1.0438198893669808e6
1.0590164430852463e6
1.0745162287530666e6
1.090319111281468e6
1.1064248797272649e6
1.122833247913641e6
1.1395438578473073e6
1.156556281832852e6
1.1738700280024968e6
1.191484536717826e6
1.2093991894969775e6
1.2276133081311472e6
1.246126159735918e6
1.264936958129321e6
1.2840448595801606e6
1.3034489823084048e6
1.3231483950999333e6
1.343142108382089e6
1.3634291213512528e6
1.384008362744655e6
1.4048787487538196e6
1.4260391475143484e6
1.447488399799383e6
1.469225317222985e6
1.4912486804531931e6
1.513557250671384e6
1.5361497571014955e6
1.5590249147091543e6
1.582181419211965e6
1.6056179391922776e6
1.6293331390312025e6
1.6533256679378357e6
1.6775941401208523e6
1.7021372002146826e6
1.7269534545037027e6
1.7520415050001773e6
1.7773999576050895e6
1.803027407693392e6
1.8289224493674245e6
1.85508366884466e6
1.8815096662225556e6
1.9081990250355934e6
1.9351503479763467e6
1.9623622294560848e6
1.9898332738639305e6
2.0175621061870418e6
2.0455473120532332e6
2.0737875148599693e6
2.102281361833982e6
2.1310274833245054e6
2.1600245413128743e6
2.189271181130782e6
2.218766102853588e6
2.2485079604900973e6
2.2784954600580735e6
2.308727314947546e6
2.3392022506724643e6
2.3699190085304296e6
2.4008763440729924e6
2.432073028046371e6
2.463507842566728e6
2.495179594383584e6
2.5270871006760215e6
2.5592292006073394e6
2.591604739242633e6
2.6242125957345115e6
2.6570516637771013e6
2.6901208219284816e6
2.7234190113979415e6
2.756945201804783e6
2.7906983184266053e6
2.8246773466643505e6
2.8588812870284e6
2.893309155759861e6
2.9279599842026904e6
2.9628328320743223e6
2.9979267638519183e6
3.033240866767585e6
3.0687742774707284e6
3.1045260587738557e6
3.1404954124584035e6
3.1766814802043485e6
3.213083444280805e6
3.249700506607493e6
3.286531879395701e6
3.3235767981738676e6
3.360834513940993e6
3.398304296159196e6
3.4359854347204915e6
3.4738772201677146e6
3.5119789887388875e6
3.5502900736434828e6
3.588809799208107e6
3.6275375752112526e6
3.666472788409103e6
3.705614803220646e6
3.744963053812995e6
3.7845169731348003e6
3.8242760052197934e6
3.864239608587721e6
3.904407277933895e6
3.9447784844700187e6
3.9853527438192493e6
4.0261295692883716e6
4.067108498412886e6
4.108289080469106e6
4.1496708635937176e6
4.191253428274683e6
4.233036363845179e6
4.27501926190603e6