269029.53320850525
269099.29347691394
269285.44898414763
269588.3581300938
270008.5846478287
270546.9116270037
271204.3431929648
271982.088197301
272881.5428065042
273904.34542494314
275052.19954025664
276327.13423951017
277731.28015457955
279266.9249373205
280936.53463103366
282742.6867520141
284688.08957766707
286775.5854316333
289008.11812526104
291388.7300472944
293920.5315875313
296606.7175740425
299450.5369281124
302455.3057500331
305624.3492352823
308961.02901374747
312468.7287722514
316150.8555736003
320010.82993415406
324051.9459500642
328277.591637322
332691.0951964458
337295.7232900035
342094.71537602483
347091.2571469821
352288.4875231128
357689.4560598788
363297.16499170626
369114.48271420854
375144.2943526986
381389.3317458598
387851.9884906501
394535.67122095264
401442.0342018142
408573.72146002937
415933.02698117925
423522.1669169775
431343.2220029469
439398.19122919743
447688.96849626326
456217.34751674416
464985.03855551116
473993.6275528446
483244.6154741411
492739.4124897771
502479.32512896834
512465.5690736737
522699.2544947857
533181.422764632
543913.0097677018
554894.8689222861
566127.7684310263
577612.393860376
589349.3465328936
601339.154612559
613582.2645932299
626079.0492889682
638829.8189868678
651834.8027545712
665094.1673444187
678608.0245873595
692376.3975477718
706399.2893533774
720676.6141651621
735208.2582899319
749994.0288661569
765033.7003577847
780326.997031711
795873.5983115806
811673.1403687687
827725.2202629594
844029.3964466259
860585.1917447057
877392.0951266093
894449.5641170919
911757.026472445
929313.8822638368
947119.5057989983
965173.2479573162
983474.4348499114
1.0020223773284492e6
1.0208163633087988e6
1.0398556617884578e6
1.0591395326515315e6
1.0786672143697839e6
1.0984379438220682e6
1.1184509319044978e6
1.1387053901052265e6
1.159200518022306e6
1.179935508151934e6
1.2009095466854628e6
1.2221218150728333e6
1.2435714912803432e6
1.2652577496361015e6
1.2871797620669592e6
1.3093367052909571e6
1.3317277463059113e6
1.3543520537303723e6
1.3772088045284622e6
1.4002971719503507e6
1.4236163404434195e6
1.4471654869391744e6
1.4709438088405586e6
1.494950492834202e6
1.5191847352018727e6
1.543645743574244e6
1.5683327254033852e6
1.5932448976781648e6
1.618381487164732e6
1.6437417267726972e6
1.6693248579638724e6
1.6951301293567442e6
1.7211568005522853e6
1.747404138678861e6
1.773871421606658e6
1.800557936999505e6
1.8274629816344532e6
1.8545858622141792e6
1.8819259073801632e6
1.9094824141873394e6
1.9372547515674334e6
1.9652422609038283e6
1.9934442961544702e6
2.0218602367212668e6
2.0504894690976106e6
2.079331360546086e6
2.1083853414835082e6
2.137650820437274e6
2.1671272244732627e6
2.196813984081949e6
2.22671055920492e6
2.2568163999288403e6
2.287130984409565e6
2.317653790180872e6
2.34838431310347e6
2.379322054540444e6
2.4104665319100665e6
2.4418172678211248e6
2.4733738012243086e6
2.505135677662771e6
2.5371024543930036e6
2.569273699663726e6
2.601648992077565e6
2.634227919247391e6
2.6670100792567763e6
2.6999950811837004e6
2.7331825426906263e6
2.766572094250402e6
2.800163370642876e6
2.833956020799164e6
2.8679496992366654e6
2.902144074131968e6
2.9365388178949105e6
2.9711336152551835e6
3.005928157178252e6
3.040922151431075e6
3.076115300077076e6
3.1115073244135873e6
3.147097950554083e6
3.182886910779313e6
3.2188739526914507e6
3.255058822591688e6
3.291441279002109e6
3.3280210882068053e6
3.3647980217281063e6
3.4017718610180747e6
3.4389424017175073e6
3.476309411417006e6
3.5138727182765477e6
3.5516321196453986e6
3.5895874319509333e6
3.6277384717657734e6
3.6660850724882726e6
3.704627062355349e6
3.7433642819268005e6
3.7822965768297743e6
3.821423798278086e6
3.860745798355859e6
3.9002624440917233e6
3.9399735986456918e6
3.979879142772209e6
4.019978945543876e6
4.0602728918900974e6
4.1007608692829823e6
4.141442774697222e6
4.182318499450611e6
4.223387947690075e6
4.264651025510343e6
4.306107641129495e6
4.347757711940608e6