249437.5666209221
249512.78687563978
249713.50343377862
250040.03156426144
250492.92905230515
251072.9400620316
251781.00277460358
252618.27155359657
253585.99857710392
254685.91201942557
255919.50464421345
257288.7957128803
258795.49032345388
260442.08716093717
262230.8088779305
264164.0866811223
266244.47668121685
268474.6655899059
270857.4156183484
273395.6065161658
276092.15517113905
278950.07056090725
281972.40205140423
285162.26166911854
288522.76496387005
292057.0596968654
295768.3168675798
299659.70165401825
303734.4213080887
307995.5344128581
312446.1962608504
317089.5035307087
321928.45853329333
326966.08737416996
332205.31991837977
337649.058936905
343300.1093874248
349161.2159727728
355235.043978104
361523.93381132
368031.17115595774
374758.16149630724
381708.23570358485
388882.9122984228
396284.56787469436
403915.27321586746
411777.00858584093
419871.6561383065
428200.93360773206
436766.58051849704
445570.16115777614
454613.1698241882
463897.000284945
473422.9520789207
483192.24372158595
493205.99328183173
503465.2314062449
513970.90232123574
524723.8690993474
535724.9031655081
546974.6948544831
558473.8634609785
570222.944018846
582222.3981710693
594472.6158684315
606973.9139698604
619726.5432956582
632730.6886041038
645986.4721471281
659493.9538244476
673253.1362105664
687263.9683303098
701526.3428810954
716040.1012940197
730805.0381907499
745820.9012335008
761087.3943254149
776604.1750134247
792370.8698023118
808387.0614692913
824652.2995764682
841166.100385716
857927.9488936339
874937.3010395939
892193.5855305385
909696.2057323321
927444.5414564848
945437.9508299131
963675.7719605954
982157.3243941166
1.0008819111399024e6
1.0198488204189085e6
1.0390573233239148e6
1.0585066844165302e6
1.0781961525920648e6
1.0981249696566244e6
1.1182923679248095e6
1.1386975707827196e6
1.1593397998728007e6
1.1802182682008375e6
1.201332186648747e6
1.222680762143095e6
1.2442632015185445e6
1.2660787095278304e6
1.2881264893504446e6
1.3104057822321458e6
1.33291569178592e6
1.3556555308291514e6
1.3786244758267328e6
1.4018217447821687e6
1.4252465536939793e6
1.448898130607965e6
1.4727757110862392e6
1.496878520795612e6
1.5212058110860668e6
1.5457568234614648e6
1.5705308237341973e6
1.5955270574418344e6
1.6207448109916262e6
1.6461833698101982e6
1.6718420117892795e6
1.697720045978245e6
1.7238167749761173e6
1.750131513629255e6
1.776663589954104e6
1.8034123398256695e6
1.8303771092298038e6
1.8575572529689607e6
1.884952140994975e6
1.9125611468943164e6
1.94038365822679e6
1.968419074290942e6
1.9966668027343552e6
2.025126262480554e6
2.0537968926586933e6
2.082678107359945e6
2.1117693824390764e6
2.1410701741315005e6
2.1705799527965686e6
2.200298200068183e6
2.2302244158577695e6
2.260358097762297e6
2.2906987656312142e6
2.321245943302919e6
2.3519991676437897e6
2.382957984225418e6
2.4141219499366665e6
2.445490631485396e6
2.4770636072263084e6
2.5088404617283475e6
2.540820796221772e6
2.573004213264321e6
2.605390331097303e6
2.6379787762549953e6
2.6707691827892773e6
2.7037611964146765e6
2.7369544711679975e6
2.77034867166372e6
2.803943468066829e6
2.8377385429901313e6
2.871733584499147e6
2.9059282906276747e6
2.9403223734148177e6
2.974915541794816e6
3.009707519258893e6
3.044698043639109e6
3.079886847583474e6
3.1152736807824727e6
3.1508582975114235e6
3.186640458234077e6
3.2226199365695715e6
3.2587965062676403e6
3.295169951774386e6
3.3317400640204595e6
3.3685066403396404e6
3.4054694854365457e6
3.442628410055763e6
3.4799832317996863e6
3.5175337739274083e6
3.5552798653914155e6
3.5932213432119368e6
3.6313580472330935e6
3.6696898282711497e6
3.708216536815013e6
3.7469380460895887e6
3.7858541758900946e6
3.8249648415606534e6
3.8642698989381744e6
3.9037692313251495e6
3.943462719126925e6
3.983350259748555e6
4.023431738131239e6
4.0637070557029527e6
4.104176116617323e6
4.144838826942142e6
4.185695098414751e6
4.226744846915854e6
4.267987993127239e6
4.309424457650125e6
4.351054171198935e6