326293.76258888096
326348.32601765904
326493.96891574503
326731.1076355964
327060.36777253554
327482.64770708303
327999.07902853354
328611.0337772316
329322.40201063675
330128.0741303859
331037.03015339945
332049.1714228359
333166.95578421187
334392.9862103786
335730.0602962121
337181.1512591189
338749.40289149806
340437.92878848757
342250.22693996644
344189.78559439175
346260.16396904574
348465.14727984543
350808.3744404436
353293.7545258866
355925.15322426683
358706.50943936803
361641.75952405005
364734.9589827078
367990.02072981617
371410.94631595805
375001.71773363696
378766.30604180135
382708.577827389
386832.4612819295
391141.77262673446
395640.29808890587
400331.7543699533
405219.78127800464
410307.9581248637
415599.77654564043
421098.3040204203
426807.8967554328
432730.4319084926
438870.3322343447
445229.682257424
451811.6926468413
458619.24088559474
465655.00615728414
472921.65294268227
480421.63530318334
488157.36091920175
496131.11643867206
504345.07491620514
512801.2973546934
521501.7487834466
530448.2730257574
539642.6123882663
549086.3926350243
558781.1542653692
568728.3171270742
578929.2073297137
589385.0470145224
600096.9652750668
611065.982884124
622293.0475760282
633778.2513447074
645524.5808736477
657530.4853939357
669797.2486915943
682325.4115975954
695115.3801464958
708167.499057035
721482.0342366581
735059.1839938159
748899.0715935063
763001.757859927
777367.2366167133
791995.4409155136
806886.2446595934
822039.4632456109
837454.8602697197
853132.1475900977
869070.9806426904
885270.9792629816
901731.7108473943
918452.7024130075
935433.4410071
952673.375754914
970171.9266475202
987928.4544107858
1.0059423271576379e6
1.0242128565273428e6
1.0427393354328533e6
1.0615210296594833e6
1.080557181099805e6
1.0998470123598494e6
1.1193897223504377e6
1.1391844937289061e6
1.1592304928327368e6
1.1795268689400305e6
1.2000727595798592e6
1.2208672890899405e6
1.241909572263216e6
1.263198713465625e6
1.2847338084882852e6
1.306513948762558e6
1.328538219392687e6
1.350805696543288e6
1.3733154644469335e6
1.3960665891447314e6
1.4190581471384554e6
1.4422892164541539e6
1.4657588666331484e6
1.4894661726541547e6
1.513410215184458e6
1.53759008582061e6
1.5620048412631974e6
1.5866535977532917e6
1.6115354423860055e6
1.6366494827996322e6
1.6619948103859706e6
1.6875705569428857e6
1.7133758360614171e6
1.7394097876223382e6
1.7656715425941956e6
1.7921602528067452e6
1.818875076295423e6
1.8458151801209205e6
1.8729797431225318e6
1.9003679522383222e6
1.9279790077953206e6
1.9558121204418696e6
1.983866505074487e6
2.0121414023101388e6
2.0406360518089032e6
2.0693497206110312e6
2.0982816464100517e6
2.1274311347095966e6
2.1567974717628513e6
2.186379959449077e6
2.2161779165583337e6
2.2461906659137383e6
2.2764175526567884e6
2.3068579270568728e6
2.3375111559037184e6
2.368376618185534e6
2.3994537008740976e6
2.4307418069105837e6
2.462240352723744e6
2.493948763899938e6
2.525866478792333e6
2.5579929491444426e6
2.590327638501642e6
2.6228700214613625e6
2.6556196234287606e6
2.688575825088834e6
2.721738254287711e6
2.75510639797008e6
2.788679784102292e6
2.8224579590578484e6
2.856440477884381e6
2.8906269197137244e6
2.9250168266785624e6
2.9596098219821304e6
2.9944054905876205e6
3.0294034654665873e6
3.0646033112989953e6
3.1000047078239447e6
3.1356072789932983e6
3.1714106737137977e6
3.2074145563641936e6
3.2436185905223987e6
3.280022456322451e6
3.3166258411067133e6
3.3534284441856407e6
3.3904299694753992e6
3.42763013082116e6
3.4650286541132927e6
3.5026252697022315e6
3.540419715982942e6
3.5784117429111996e6
3.616601103208777e6
3.6549875676804227e6
3.6935709035442197e6
3.732350889799003e6
3.771327313491794e6
3.8104999712932114e6
3.8498686539221643e6
3.8894331800052538e6
3.929193360714461e6
3.969149016793747e6
4.0092999751352e6
4.0496460688301665e6
4.0901871435450804e6
4.1309230367337666e6
4.1718536103282864e6
4.212978714510657e6
4.254298215213954e6
4.295811981303945e6
4.33751988769003e6