337515.89930330194
337567.6112509031
337705.64603824797
337930.44927597244
338242.63680026983
338643.1357144306
339133.10422670806
339713.9344432254
340387.2300831968
341154.89005847124
342018.92376118654
342981.67607716494
344045.63115659694
345213.4202456549
346487.95141083177
347872.2310437113
349369.41440126265
350982.84740117646
352715.9386969396
354572.33375551295
356555.7184614076
358669.87385590945
360918.5878590932
363305.848272513
365835.60696902755
368511.9163629926
371338.8076303841
374320.4526121515
377460.86544625985
380764.14848086715
384234.41389903764
387875.74077162927
391692.10232336225
395687.55894682737
399866.0257704139
404231.4165132177
408787.56048233353
413538.2352042863
418487.1245284667
423637.846288778
428993.92969074775
434558.82622940856
440335.87096023496
446328.33165197365
452539.33536055544
458971.93224899215
465629.25351178576
472513.6041733837
479628.26828338386
486975.64333114214
494558.15101955674
502378.49049148563
510438.64615582454
518740.88413451554
527287.2777859278
536079.7736488852
545120.2161112933
554410.3309124288
563951.7553360052
573746.0046660003
583794.4972158268
594098.5448964271
604659.3604538805
615478.0611017959
626555.6637862527
637893.0891552836
649491.1629063509
661350.6530711203
673472.1579253675
685856.2898065336
698503.5200268263
711414.2556241081
724588.8216671511
738027.4736114962
751730.3876396869
765697.6755888865
779929.3796232259
794425.478063284
809185.8856398417
824210.459566724
839498.9994133797
855051.2491116305
870866.9029843599
886945.6027547268
903286.9448966179
919890.4864280411
936755.7181315572
953882.1263988395
971269.1357562756
988916.140785269
1.0068225032621203e6
1.0249875511411491e6
1.0434105857624339e6
1.0620908792144542e6
1.0810276777150305e6
1.1002202062900027e6
1.1196676644831738e6
1.1393692315300906e6
1.1593240774049521e6
1.179531340502543e6
1.1999901543730795e6
1.2206996357836744e6
1.241658890757868e6
1.2628670131515851e6
1.2843230871792233e6
1.306026191060338e6
1.3279753963791006e6
1.3501697636423085e6
1.372608361106908e6
1.395290234875338e6
1.4182144507023124e6
1.4413800604750877e6
1.4647861156534303e6
1.488431670974286e6
1.512315785709429e6
1.5364375296124998e6
1.5607959357778248e6
1.5853900981370974e6
1.610219078974498e6
1.6352819570229151e6
1.660577815947662e6
1.686105744552935e6
1.7118648367932963e6
1.7378542080597344e6
1.7640729618995802e6
1.7905202253484493e6
1.8171951287539138e6
1.8440968128536558e6
1.8712244412484188e6
1.8985771407667187e6
1.9261541168410426e6
1.9539545439451677e6
1.981977609061157e6
2.010222526382372e6
2.038688504720659e6
2.0673747959375465e6
2.0962805992252612e6
2.1254051973213647e6
2.1547478504143045e6
2.1843078339997157e6
2.214084440924359e6
2.244076967511013e6
2.274284733668076e6
2.304707063832061e6
2.3353432999169664e6
2.3661927958200574e6
2.3972549133772706e6
2.428529026614142e6
2.46001454166047e6
2.4917108462002967e6
2.52361735972233e6
2.55573350977744e6
2.588058738796773e6
2.620592497140304e6
2.653334248162026e6
2.68628347032028e6
2.7194396498938994e6
2.7528022927845153e6
2.7863709092677836e6
2.820145013777334e6
2.85412415242145e6
2.8883078716558223e6
2.9226957204843345e6
2.9572872956001186e6
2.9920821140202046e6
3.0270798476682515e6
3.0622800240056715e6
3.0976823038418572e6
3.133286295384994e6
3.169091629387354e6
3.2050979537353218e6
3.241304914895079e6
3.2777121704293075e6
3.3143194129376877e6
3.351126303267891e6
3.388132539259454e6
3.42533781968662e6
3.462741855086508e6
3.5003443620621497e6
3.5381450644925195e6
3.5761436999734757e6
3.614340007111468e6
3.6527337456298326e6
3.6913246661590296e6
3.7301125383171323e6
3.7690971377112516e6
3.808278247850451e6
3.847655647347176e6
3.8872291452651196e6
3.9269985413075057e6
3.966963645353002e6
4.0071242741155406e6
4.047480252722938e6
4.088031411492852e6
4.1287775821612407e6
4.1697186183512746e6
4.210854359383514e6
4.252184662883382e6
4.293709389048761e6
4.335428404520445e6