388839.27240124217
388878.2956522511
388983.02979284
389153.49528188456
389390.52826515504
389695.1757378527
390068.6175496549
390512.3964168718
391028.22972150217
391618.23467898194
392284.50591362745
393029.64714200515
393856.3715982208
394767.4691721888
395766.1461107333
396855.65161536366
398039.4623500182
399321.2149711305
400704.6181216006
402193.6888319504
403792.4937672996
405505.03085190745
407335.6256477941
409288.588387458
411368.27765673585
413579.24359961925
415925.85085734027
418412.7775598442
421044.4615368219
423825.462964521
426760.37786227535
429853.7567833384
433110.0790688392
436533.875764866
440129.5809523589
443901.44841000845
447854.3032297614
451991.9419236982
456318.74264116085
460838.8244308145
465556.26004643855
470475.0024288753
475598.9286486162
480931.8018326801
486477.29514541756
492238.96409565175
498220.2939541732
504424.60262484616
510855.1798358769
517515.0964467209
524407.3751026609
531534.9009838055
538900.4554105364
546506.682635304
554356.128070851
562451.2034202471
570794.2150758337
579387.3339360198
588232.6368322532
597332.0702482897
606687.4763602105
616300.5728561272
626172.9753473588
636306.1891673141
646701.610922427
657360.5242890775
668284.1178885683
679473.5049102491
690929.5858328015
702653.3313251489
714646.6401815359
726906.8068768395
739437.8537033877
752239.1664970143
765311.1824252177
778654.2522550044
792268.6631235024
806154.6114929684
820312.2231911748
834741.551749994
849442.5832729125
864415.2377325823
879659.3666100897
895174.770171832
910961.175236524
927018.2684788553
943345.6732482404
959942.9645626753
976809.6686169461
993945.2654267647
1.0113491920634708e6
1.0290208410177932e6
1.0469595702100537e6
1.0651646968388334e6
1.083635506739777e6
1.1023712493826333e6
1.1213711458691147e6
1.1406343889650337e6
1.16016014453235e6
1.1799475531669573e6
1.1999957337690422e6
1.2203037837906703e6
1.240870783159934e6
1.2616957912075608e6
1.2827778540134733e6
1.3041160040646477e6
1.3257092617831198e6
1.3475566284583984e6
1.3696570863519511e6
1.3920096930215927e6
1.4146133615476484e6
1.4374670935060857e6
1.460569859177004e6
1.4839206330472426e6
1.5075183812667513e6
1.5313620810747575e6
1.5554506694435999e6
1.5797831450905416e6
1.6043584672361016e6
1.6291756105545165e6
1.6542335538172885e6
1.679531278524228e6
1.705067761486928e6
1.730842007607114e6
1.7568530144689856e6
1.7830997827216333e6
1.8095813333145778e6
1.8362966880084223e6
1.8632448911553486e6
1.8904249482901338e6
1.917835948277343e6
1.9454769438152486e6
1.9733469992784876e6
2.0014452084069196e6
2.029770663970951e6
2.05832248720863e6
2.087099762347123e6
2.116101650121155e6
2.145327291542421e6
2.1747758424916454e6
2.204446473629931e6
2.2343383662793273e6
2.2644507205534894e6
2.294782743777907e6
2.3253336620934564e6
2.3561027149542747e6
2.387089148657386e6
2.4182922276124307e6
2.449711236525227e6
2.4813454623598373e6
2.5131942112788274e6
2.545256801000778e6
2.5775325746678757e6
2.6100208604687992e6
2.642721032342084e6
2.675632462232057e6
2.7087545400246033e6
2.7420866530403956e6
2.775628227125913e6
2.8093786887801383e6
2.8433374744302244e6
2.8775040416863323e6
2.911877842525193e6
2.9464583815231333e6
2.9812451090322346e6
3.016237582818034e6
3.05143525052835e6
3.086837694272031e6
3.1224444355957042e6
3.1582550280718287e6
3.1942690323012476e6
3.2304860232832353e6
3.266905585929732e6
3.303527319082444e6
3.3403508287634244e6
3.3773757354330304e6
3.4146016659531645e6
3.452028263414032e6
3.4896551760603487e6
3.527482061641582e6
3.565508594462936e6
3.603734451561411e6
3.642159323435315e6
3.6807829091935735e6
3.719604916120073e6
3.758625086452364e6
3.797843078220779e6
3.837258680974734e6
3.8768716334752273e6
3.9166816794755384e6
3.9566885790505297e6
3.99689209802517e6
4.0372920195033625e6
4.0778881159885926e6
4.118680189977223e6
4.1596680310009494e6
4.200851447102818e6
4.242230250781242e6
4.2838042600095775e6
4.325573304901729e6