583038.5656135316
583036.5546435438
583031.332565694
583023.4358753747
583013.7597712034
583003.4438990012
582993.6506787302
582987.1250977714
582985.1000618276
582990.2374218956
583005.2566079639
583033.1829551922
583077.2229920938
583140.8634806852
583227.9530431066
583342.4147147757
583488.4888668319
583670.6409436418
583893.2830668467
584161.4746175996
584480.2285155478
584854.4113480645
585289.4180048688
585790.6012913116
586363.4376121879
587013.6204501016
587746.4353224678
588568.4665318662
589484.6888218723
590501.2632871078
591624.012894308
592858.8473184289
594211.6388102198
595688.3105780482
597294.4206911613
599036.7151657247
600920.1409305618
602950.7552139991
605134.3575736944
607476.2157069994
609982.7092205044
612658.7324340481
615509.8845090336
618541.5942777367
621759.056496138
625167.4409551491
628771.856432074
632577.2209006661
636588.4362511842
640810.1751402953
645247.0729558856
649903.6367592206
654784.2301896827
659893.0924387509
665234.3514310321
670811.9956824624
676629.8861189449
682691.7519239212
689001.1873262594
695561.6642332476
702376.508458605
709448.9233679101
716781.9697144054
724378.5962469198
732241.5970549433
740373.6364808179
748777.2717365902
757454.9036086273
766408.8193837785
775641.1688741284
785153.9884525229
794949.1863606238
805028.5443646947
815393.7329154101
826046.2889118355
836987.6468076825
848219.1172729868
859741.9045644603
871557.0935990438
883665.6707840009
896068.5135252663
908766.3946677482
921759.981024019
935049.8528314193
948636.483099883
962520.2579996653
976701.4671664959
991180.3173799003
1.0059569262656472e6
1.0210313296918154e6
1.0364034819706184e6
1.0520732604870945e6
1.068040467275024e6
1.0843048317177251e6
1.1008660134828542e6
1.1177236050836202e6
1.1348771343371104e6
1.1523260673919255e6
1.1700698109275205e6
1.1881077149209161e6
1.2064390749329585e6
1.2250631347076148e6
1.2439790907197876e6
1.2631860909971842e6
1.282683236673372e6
1.3024695942801698e6
1.3225441882226807e6
1.3429059928273237e6
1.3635539725871608e6
1.3844870392823862e6
1.4057040821259934e6
1.4272039627333372e6
1.4489855076222275e6
1.4710475335295657e6
1.493388824326469e6
1.5160081356704384e6
1.538904249606865e6
1.5620758666402986e6
1.5855217130406175e6
1.6092404951680829e6
1.6332309051235202e6
1.657491632281964e6
1.6820213342985192e6
1.7068186990725815e6
1.7318823855875991e6
1.757211048046371e6
1.7828033511443415e6
1.808657947763741e6
1.8347734992587373e6
1.861148656329363e6
1.8877820880487233e6
1.9146724579644792e6
1.9418184224625884e6
1.9692186746034932e6
1.9968718854453382e6
2.0247767681737782e6
2.0529319621681697e6
2.08133622957951e6
2.109988268732711e6
2.138886807400303e6
2.16803061400324e6
2.1974183475110326e6
2.2270488642105246e6
2.256920932478047e6
2.2870332973097847e6
2.317384786261764e6
2.3479742153123436e6
2.3788004205946885e6
2.409862252565028e6
2.441158573667937e6
2.4726882649602657e6
2.504450237021879e6
2.5364433839573707e6
2.5686666385061936e6
2.6011189471793645e6
2.6337992799215997e6
2.6667066333594895e6
2.699839967632349e6
2.7331983351732413e6
2.766780756197162e6
2.800586285881268e6
2.8346139921854627e6
2.868862959265039e6
2.9033322952359254e6
2.9380211230814066e6
2.972928577250938e6
3.0080538193948725e6
3.0433960256744255e6
3.0789543832094544e6
3.1147281050211466e6
3.1507164180252207e6
3.18691856296847e6
3.223333801775533e6
3.2599614133322267e6
3.296800688448828e6
3.333850942107132e6
3.371111496698491e6
3.4085816971498854e6
3.446260906160549e6
3.4841484824695555e6
3.5222438412992214e6
3.5605463769627954e6
3.599055485782027e6
3.6377706380321668e6
3.676691275501773e6
3.715816859538307e6
3.75514686763508e6
3.7946807954604956e6
3.834418152295274e6
3.874358457664708e6
3.9145012398190084e6
3.954846054983754e6
3.995392463640287e6
4.036140033334304e6
4.077088356952002e6
4.1182370287405266e6
4.159585661376555e6
4.201133872481316e6
4.242881303189643e6
4.284827592451872e6