235777.94392223374
235857.05316460817
236068.13586928046
236411.49346185752
236887.6612223298
237497.35323663978
238241.47181851233
239121.12367806488
240137.57543261498
241292.28244566728
242586.87061539924
244023.12712753788
245602.9990217704
247328.5118179492
249201.95041623278
251225.62584606322
253401.99032526955
255733.59546494947
258223.09121518265
260873.2272153306
263686.780836271
266666.62286478374
269815.6603057205
273136.85163343675
276633.17647787253
280307.5813064767
284163.12334974343
288202.7779238201
292429.60738141544
296846.4846254515
301456.40121000656
306262.2713759403
311266.95060814824
316473.2714957051
321883.9862449283
327501.81875125645
333329.41928418097
339369.3186254308
345624.0489663732
352095.78812553873
358787.56487925583
365700.94206199225
372838.31224845606
380201.7705762114
387793.27675248915
395614.7381165391
403667.9742151506
411954.70486986847
420476.50621807156
429234.94710641913
438231.4532153723
447467.3697654458
456943.9488400314
466662.3530441938
476623.66259963845
486828.8672542587
497278.8695907487
507974.49141664465
518916.4756625483
530105.4784165433
541542.0872133002
553226.8070010311
565160.0716698291
577342.2472604241
589773.6308075751
602454.447915983
615384.8668797011
628564.991235223
641994.8672278088
655674.4818881208
669603.7710419147
683782.6193089001
698210.8597911652
712888.2782689978
727814.6175241227
742989.577248362
758412.8157975409
774083.954649103
790002.5789661743
806168.2398640418
822580.4576606883
839238.7202692309
856142.4912404193
873291.2058807423
890684.2789717766
908321.0907327591
926201.0189579146
944323.4104295666
962687.597432871
981292.8967358292
1.0001386104065848e6
1.0192240285240059e6
1.0385484264870717e6
1.0581110745752482e6
1.0779112307731383e6
1.0979481461502565e6
1.118221065352234e6
1.1387292276683482e6
1.159471868084608e6
1.1804482183881244e6
1.201657507359026e6
1.2230989633816045e6
1.2447718140293069e6
1.266675287137729e6
1.2888086110288934e6
1.3111710167150875e6
1.3337617376199283e6
1.3565800107015464e6
1.379625075480936e6
1.4028961784412349e6
1.426392565878138e6
1.4501134957294757e6
1.4740582304814653e6
1.4982260362545024e6
1.5226161872431163e6
1.5472279681256e6
1.5720606718498939e6
1.5971135790376472e6
1.6223860185959472e6
1.6478772895254432e6
1.6735867261731206e6
1.699513647873756e6
1.7256574034341627e6
1.7520173437169339e6
1.7785928293753671e6
1.8053832249053062e6
1.832387923806518e6
1.8596063097160524e6
1.8870377776412868e6
1.914681751184689e6
1.942537645488883e6
1.9706048920107149e6
1.998882932711609e6
2.0273712203209212e6
2.0560692266945746e6
2.0849764000634823e6
2.114092247480612e6
2.143416258365075e6
2.1729479341516737e6
2.202686789768409e6
2.232632353939928e6
2.262784158841309e6
2.293141750482227e6
2.323704685240921e6
2.354472531183456e6
2.3854448611211423e6
2.4166212619762495e6
2.4480013283563606e6
2.479584666759705e6
2.5113708907201802e6
2.5433596274722475e6
2.575550507532365e6
2.6079431732498137e6
2.6405372790486747e6
2.673332484478506e6
2.7063284599106596e6
2.7395248840732654e6
2.7729214454506873e6
2.806517838225031e6
2.840313768468973e6
2.8743089468128136e6
2.9085030935878004e6
2.942895943099486e6
2.977487224633717e6
3.012276685435865e6
3.0472640809791107e6
3.0824491775443424e6
3.1178317089214935e6
3.153411483299981e6
3.1891882711243536e6
3.225161859855898e6
3.261332044986797e6
3.297698627269562e6
3.3342614153000447e6
3.3710202234031013e6
3.4079748724198174e6
3.4451251893830043e6
3.4824710076683243e6
3.5200121657635244e6
3.5577485080551435e6
3.595679885271085e6
3.63380615326928e6
3.672127173385411e6
3.7106428121503224e6
3.7493529563668515e6
3.788257438518577e6
3.8273561826655413e6
3.8666490663142013e6
3.906135974823564e6
3.9458168071423746e6
3.9856914631542233e6
4.0257598469235073e6
4.0660218682107567e6
4.1064774404837578e6
4.147126481156304e6
4.1879689158863765e6
4.229004656250369e6
4.27023364460874e6
4.311655809706194e6
4.35327108758346e6