1.3327524012523142
1.3327636095770874
1.332782257830993
1.3328082973269841
1.332841659407423
1.3328822549058192
1.3329299734309559
1.33298468256798
1.3330462267955518
1.3331144262624224
1.333189075308797
1.3332699407709836
1.3333567600239908
1.333449238661349
1.333547047911701
1.3336498215903703
1.3337571526598158
1.3338685892021407
1.3339836298602483
1.3341017185092068
1.334222238200383
1.3343445037054127
1.3344677537236072
1.3345911408165185
1.3347137200852193
1.3348344356891382
1.3349521048240185
1.3350653986398942
1.3351728191833867
1.3352726715956291
1.3353630301265467
1.33544169631305
1.3355061470906706
1.3355534696763662
1.335580279160549
1.3355826126994308
1.3355557921957217
1.3354942433762647
1.3353912537566863
1.3352386431460688
1.3350263064162606
1.3347415653606556
1.33436822743187
1.333885182041667
1.3332642435023994
1.3324667260428358
1.3314378140956107
1.3300969627711898
1.3283212041129775
1.3259162998054368
1.3225741834992353
1.3178563063989732
1.31139980648542
1.3034863322989505
1.2950349908229424
1.2867578928437253
1.278919871609932
1.271562521805365
1.2646563141737888
1.2581558922515177
1.252016758471262
1.2461995142669124
1.2406703472750977
1.2354004211371648
1.2303651653239684
1.22554348233071
1.2209171696363303
1.2164704131767912
1.2121893849793883
1.2080619192105515
1.2040772501493116
1.2002258004548407
1.196499007008153
1.1928891781164044
1.1893893752065676
1.1859933153775144
1.1826952811500677
1.179490065865312
1.1763728984429729
1.1733394010280582