382964.0854312106
382993.74187375687
383073.3579166592
383203.2075502409
383384.11371107993
383617.14367134694
383903.7612798214
384245.61105283187
384644.59756043646
385103.09196448233
385623.4444924047
386208.49579889607
386861.3029063167
387585.02373493963
388383.19382847915
389259.4793837882
390217.7194858758
391262.0118229493
392396.5220945275
393625.7428092795
394954.23037661414
396386.5086979718
397927.4299190815
399581.8549408413
401354.74306917004
403251.1278742914
405276.05694479926
407434.7779802035
409732.3313016789
412173.9335501365
414764.7754800627
417510.0515241241
420414.8801197413
423484.4348395163
426723.7917184689
430137.85545529635
433732.0768352193
437510.9075590428
441479.3596314832
445642.1855244335
450004.07754365855
454569.6127259043
459343.2741626506
464329.42747423763
469532.33251132036
474956.12126488064
480604.8404896379
486482.3633657609
492592.505744013
498938.861258414
505524.94635767513
512354.1422623757
519429.68281059107
526754.6606148276
534332.0477807255
542164.6590552154
550255.1862344036
558606.1611749502
567220.0024624226
576098.9749095433
585245.2143326615
594660.715370133
604347.3410559898
614306.8260261375
624540.7725040015
635050.6425549992
645837.7866419074
656903.4253340637
668248.6570199219
679874.4596358722
691781.6916851626
703971.1088340519
716443.3466456801
729198.9319220564
742238.2898929776
755561.7477653924
769169.5136401854
783061.7292273492
797238.4251036949
811699.546021717
826444.9525354543
841474.4215273403
856787.650691276
872384.2616439799
888263.8032895296
904425.7549885559
920869.5308830447
937594.4774659616
954599.8886612328
971884.9968519553
989448.9823946261
1.0072909725834283e6
1.0254100520882838e6
1.0438052565171627e6
1.0624755822818978e6
1.0814199888329192e6
1.1006373942003234e6
1.1201266873658544e6
1.1398867259763791e6
1.1599163389522964e6
1.1802143307840375e6
1.2007794829157623e6
1.2216105539322672e6
1.2427062881430334e6
1.2640654091593975e6
1.2856866312312693e6
1.307568654375547e6
1.329710163874445e6
1.3521098526251838e6
1.3747663846171862e6
1.3976784354322713e6
1.4208446777252317e6
1.4442637764224594e6
1.4679344023642032e6
1.4918552231565458e6
1.516024926185153e6
1.5404421568386476e6
1.5651056305270204e6
1.5900140278396613e6
1.6151660505398763e6
1.6405604086901208e6
1.6661958227752107e6
1.692071013780253e6
1.71818473599363e6
1.7445357402188645e6
1.771122798677154e6
1.7979446930660335e6
1.8250002240376913e6
1.852288204907707e6
1.87980746644602e6
1.9075568579889107e6
1.9355352460167268e6
1.963741503244459e6
1.9921745415715927e6
2.020833273838479e6
2.0497166509556375e6
2.0788235939614433e6
2.1081531058055996e6
2.1377041760645993e6
2.1674758155529248e6
2.1974670609560455e6
2.2276769574023066e6
2.258104581878135e6
2.288749022474738e6
2.319609391260585e6
2.3506848227928095e6
2.3819744608278275e6
2.413477475920001e6
2.445193059218308e6
2.477120417617386e6
2.509258777574897e6
2.541607386299112e6
2.5741655084232176e6
2.6069324281914374e6
2.639907445073525e6
2.6730898822995396e6
2.706479081964518e6
2.740074387439029e6
2.773875186453246e6
2.807880864903371e6
2.8420908333228775e6
2.8765045209325203e6
2.9111213551500416e6
2.9459408100705487e6
2.9809623568564164e6
3.0161855032989956e6
3.0516097001818926e6
3.087234526646919e6
3.123059498118435e6
3.15908417203671e6
3.1953081098305765e6
3.231730893602514e6
3.2683521166249267e6
3.3051713898724574e6
3.342188332607883e6
3.379402581353656e6
3.416813782395977e6
3.4544215965667553e6
3.4922256984936576e6
3.53022576777665e6
3.5684215053964257e6
3.6068126167244324e6
3.6453988215502845e6
3.6841798504563207e6
3.723155442740839e6
3.7623253747369107e6
3.8016893408433152e6
3.8412471660550805e6
3.880998626325194e6
3.920943504904744e6
3.9610816012120303e6
4.001412723742904e6
4.041936690220746e6
4.0826533225035835e6
4.1235624625518536e6
4.164663944562222e6
4.205957620955677e6
4.247443347000167e6
4.28912098756807e6
4.33099041733157e6