161510.29181190027
161604.78533783916
161856.87167638983
162266.83260411612
162835.11646219203
163562.37324398675
164449.38007334468
165497.09539509885
166706.64560413803
168079.30194415717
169616.4897321455
171319.75589181727
173190.7753878284
175231.36140133004
177443.46190737735
179829.1215291273
182390.39344278403
185129.50905529392
188048.75956025778
191150.4524001791
194437.00733880146
197910.8558811788
201574.4635056465
205430.3171832898
209480.94071683992
213728.81535747595
218176.47146760923
222826.3837394939
227681.03412818827
232742.8501684299
238014.24361645652
243497.5679105746
249195.17038541648
255109.21559730958
261241.9719979731
267595.5466305159
274172.0023024536
280973.31385924947
288001.3934907235
295258.0510098063
302745.04459806107
310464.0274165877
318416.5712500442
326604.1600292307
335028.17922204966
343689.93565183587
352590.6645957053
361731.48133989994
371113.4321540848
380737.4650462741
390604.4488373957
400715.16510194226
411070.310763388
421670.50162253715
432516.2709333469
443608.0766444967
454946.29741070105
466531.24089493544
478363.1384886883
490442.15479367936
502768.38780745515
515341.86795953347
528162.5664930998
541230.3930770722
554545.2014660218
568106.7895406582
581914.9043856243
595969.2424892841
610269.4556787331
624815.1472870364
639605.8840210991
654641.1897299709
669920.5522279403
685443.424533458
701209.2274857088
717217.3516937734
733467.1600431361
749957.9896082012
766689.1538320252
783659.9445383667
800869.6338499465
818317.4748901296
836002.7096548579
853924.5588501281
872082.2350330991
890474.9390945032
909101.8623296766
927962.1879092983
947055.0936636506
966379.751763982
985935.3292782989
1.0057209930053868e6
1.0257359089463053e6
1.0459792334273707e6
1.0664501387589425e6
1.0871477904551246e6
1.1080713566461927e6
1.1292200094203735e6
1.1505929275903567e6
1.1721892927084167e6
1.1940082934230324e6
1.2160491249916933e6
1.2383109893106846e6
1.2607930969270046e6
1.283494666515965e6
1.3064149250807872e6
1.3295531082729585e6
1.3529084675480095e6
1.376480254775092e6
1.4002677391091036e6
1.424270197576933e6
1.4484869204622433e6
1.4729172094873632e6
1.4975603765638196e6
1.522415745193351e6
1.5474826532677275e6
1.5727604474667828e6
1.5982484922929753e6
1.6239461501503438e6
1.6498528197154508e6
1.6759678928007174e6
1.7022907762103085e6
1.7288209088352874e6
1.755557711279231e6
1.7825006365332452e6
1.8096491471138517e6
1.837002715723189e6
1.8645608279525333e6
1.8923229823850396e6
1.9202886944449164e6
1.9484574821380996e6
1.976828878448967e6
2.0054024476965861e6
2.034177727794406e6
2.0631542854692931e6
2.092331740298971e6
2.1217096536398684e6
2.151287640614746e6
2.1810653216862734e6
2.2110423228967953e6
2.2412182819361077e6
2.2715928505503503e6
2.3021656891642297e6
2.332936468663089e6
2.3639048670952637e6
2.395070589755644e6
2.4264333226215397e6
2.4579927843852732e6
2.48974869339761e6
2.5217007818718264e6
2.55384878876899e6
2.586192462827258e6
2.618731561939717e6
2.6514658521710588e6
2.6843951081798556e6
2.7175191137064816e6
2.7508376552631105e6
2.78435054613939e6
2.818057579595605e6
2.8519585751690194e6
2.886053354299774e6
2.920341749731353e6
2.954823592949054e6
2.98949873221881e6
3.024367018585813e6
3.0594283055863557e6
3.0946824586655763e6
3.1301293623960377e6
3.16576885696616e6
3.2016008519569105e6
3.237625228932523e6
3.2738418814247414e6
3.310250706738481e6
3.346851625961638e6
3.383644521450143e6
3.420629320827744e6
3.457805943887408e6
3.4951743151204763e6
3.5327343643789077e6
3.5704860250067203e6
3.6084292353644404e6
3.6465639317448647e6
3.6848900804221784e6
3.723407611779192e6
3.762116488411331e6
3.801016668326873e6
3.840108113806104e6
3.8793907881475375e6
3.918864650953837e6
3.958529703490484e6
3.9983859029756426e6
4.0384332306654383e6
4.078671668400465e6
4.1191012013972024e6
4.1597218175191893e6
4.200533507005785e6
4.241536263657091e6
4.282730068485895e6
4.324114948821085e6
4.365690890920866e6