365957.81850662
365991.861428336
366082.8047163895
366231.144954273
366437.6665951364
366703.4192347507
367029.757159134
367418.32599132776
367871.07195241936
368390.18206461566
368978.0668382454
369637.4431816343
370371.3427630394
371182.8253499452
372075.3296225949
373052.436706975
374117.94019190234
375275.8180113749
376530.14487434865
377885.29895807756
379345.6819023759
380915.8372282556
382600.3575032727
384404.03459987487
386331.6887406333
388388.21501192206
390578.53384079516
392907.7293745348
395380.6930451514
398002.5222104158
400778.2350231913
403712.8649591345
406811.3687444951
410078.7519115764
413519.93224773696
417139.6673215508
420943.1567288565
424934.7434536386
429119.243319122
433501.2365310899
438085.2293942652
442875.61955392314
447876.70837909984
453092.69899209926
458527.60375791055
464185.4366380207
470070.03814296145
476185.094748909
482534.242624701
489120.8916384275
495948.3789993515
503019.90321721963
510338.5199595053
517907.1453834241
525728.5749862089
533805.4496432858
542140.293452589
550735.4661249988
559593.221794449
568715.6625655777
578104.7636271262
587762.3635074227
597690.172599896
607889.7742723933
618362.6233823671
629109.3496467859
640133.2522638806
651433.3242430724
663011.2344713776
674867.8346971571
687003.8624396123
699419.957773687
712116.642547699
725094.3379386242
738353.3660096659
751893.9514722704
765716.2236448018
779820.2216046958
794205.8972491354
808873.1165939181
823821.6664787829
839051.2539784804
854561.5129437118
870352.0050960802
886422.2242218547
902771.5991998187
919399.498157094
936305.2265091864
953488.0407961734
970947.1406963863
988681.678271375
1.0066907568978638e6
1.0249734402371168e6
1.0435287483346779e6
1.0623556649129598e6
1.0814531405890163e6
1.100820088804489e6
1.1204553971325718e6
1.1403579246951058e6
1.1605265064263488e6
1.1809599546521925e6
1.201657061933056e6
1.2226166031279294e6
1.2438373381126053e6
1.2653180108524577e6
1.287057358149597e6
1.3090541057026652e6
1.3313069650723627e6
1.3538146595070784e6
1.3765758836259395e6
1.399589347021272e6
1.422853759733972e6
1.446367819271228e6
1.470130238811777e6
1.494139725374062e6
1.5183950073590712e6
1.5428947744067982e6
1.5676377847184432e6
1.5926227644140567e6
1.6178484615662517e6
1.6433136332142027e6
1.66901704689062e6
1.694957473895086e6
1.7211337158674586e6
1.7475446157924784e6
1.7741888708979092e6
1.8010654382368869e6
1.8281731269564007e6
1.8555108029440152e6
1.8830773476587383e6
1.9108716590740248e6
1.9388926574500662e6
1.967139266543627e6
1.9956104492492275e6
2.024305168574921e6
2.0532224260761458e6
2.082361194214898e6
2.1117205260200347e6
2.141299460081526e6
2.171097057331215e6
2.201112404239989e6
2.23134459168007e6
2.261792747268343e6
2.292456006314682e6
2.3233335279526897e6
2.354424491845779e6
2.3857280901778797e6
2.4172435347349965e6
2.448970067967437e6
2.4809069351839526e6
2.513053406800975e6
2.545408774066383e6
2.5779723430018e6
2.61074343897956e6
2.6437214024071945e6
2.6769055958877224e6
2.710295400642086e6
2.743890197987646e6
2.777689415785463e6
2.8116924736947673e6
2.845898819203323e6
2.880307916073409e6
2.91491923008963e6
2.949732265130067e6
2.9847465272314404e6
3.0199615556845437e6
3.0553768348429236e6
3.0909919729550253e6
3.1268065147232246e6
3.162820049219895e6
3.1990321698526847e6
3.235442480251389e6
3.272050604572762e6
3.3088561790518784e6
3.3458588503309847e6
3.3830582795954314e6
3.420454136495281e6
3.4580461103331656e6
3.495833894554729e6
3.533817193502847e6
3.5719957295987844e6
3.610369230207452e6
3.6489374358815006e6
3.687700097957784e6
3.726656973828506e6
3.7658078370365254e6
3.8051524701867304e6
3.8446906479722853e6
3.8844221841073553e6
3.9243468816214665e6
3.964464556960423e6
4.004775025460739e6
4.0452781342668706e6
4.0859737117283135e6
4.1268616161213643e6
4.167941694989947e6
4.209213814535787e6
4.250677844004862e6
4.2923336612076e6
4.33418114898558e6