637221.5614804626
637197.3537063387
637132.9570356321
637028.9495961161
636886.3660799252
636706.3812205243
636490.3618954949
636241.434540277
635960.8051893562
635651.4798444035
635316.5234402578
634959.2581772697
634583.282925608
634192.4697131849
633791.1176902702
633383.6349056495
632974.7115209977
632569.3987124818
632172.636502357
631790.0874303173
631427.4240877447
631090.1325656528
630784.2935700179
630515.990993867
630291.4259591671
630117.0159081616
629998.8784934584
629944.594980979
629959.5602229405
630051.151380395
630225.9743352281
630490.8420143753
630852.5512240075
631317.9820495321
631893.636722857
632587.0380534075
633404.8431975206
634353.6676347187
635439.7519572311
636670.3691173771
638052.1816659105
639591.662889157
641295.3580567759
643169.666268268
645220.9251788856
647454.9605223293
649879.2068304834
652498.4357806155
655319.0144490569
658346.7479650088
661587.3256417144
665046.3346953412
668729.2106328756
672641.2561227125
676787.650462463
681173.3166312062
685803.4799453774
690682.5648945725
695815.2673966364
701206.0539623462
706859.2234829136
712778.9239539389
718969.1582598587
725433.7822190506
732176.4919083865
739201.689366831
746510.1241454823
754107.6675663412
761996.518080568
770179.5892878076
778659.6512575805
787439.3187345348
796521.0728801758
805907.1711078786
815599.82550939
825601.0364479204
835912.666940068
846536.440869052
857473.9359735057
868726.5878514808
880295.6985510918
892182.4295209089
904387.800512457
916912.7147294214
929757.9348222411
942924.1004834878
956411.7249908575
970221.2029646459
984352.8099189431
998806.7062083784
1.0135829401194076e6
1.0286814498933291e6
1.0441020729817702e6
1.0598445364721678e6
1.0759084743762235e6
1.0922934228090046e6
1.1089988255170737e6
1.126024053293865e6
1.1433683288144618e6
1.1610308855834669e6
1.1790108165267764e6
1.1973071545065374e6
1.2159188607424784e6
1.2348448304489148e6
1.2540838867703965e6
1.2736347997812564e6
1.2934962803930119e6
1.313666968316083e6
1.3341455568703944e6
1.354930433664091e6
1.3760201210316848e6
1.3974132243100326e6
1.4191080980398543e6
1.441103134491676e6
1.463396688166321e6
1.4859870939244204e6
1.5088726454102574e6
1.5320516208138005e6
1.5555222811084117e6
1.579282853543503e6
1.603331563225659e6
1.6276666195619267e6
1.6522861961705731e6
1.6771885033784646e6
1.7023717110414822e6
1.7278339889083249e6
1.7535735111715647e6
1.7795884476902874e6
1.8058769728716419e6
1.8324372525739428e6
1.8592674763815822e6
1.8863658298716224e6
1.9137304955577876e6
1.9413597121042218e6
1.9692516520604473e6
1.9974045812173013e6
2.0258166973980204e6
2.0544862895090776e6
2.0834116330264946e6
2.1125910098341843e6
2.1420227535965084e6
2.171705158374604e6
2.201636583675162e6
2.2318154139016853e6
2.2622400276537025e6
2.2929088439461268e6
2.3238203007669556e6
2.3549728609038466e6
2.386365012073774e6
2.417995285024869e6
2.449862137628607e6
2.481964219430742e6
2.514300078193255e6
2.54686833411648e6
2.5796676153094457e6
2.612696598700728e6
2.64595397734775e6
2.6794384439908266e6
2.7131487734153178e6
2.747083723319662e6
2.781242095747683e6
2.815622711568665e6
2.8502244230139335e6
2.8850461073679505e6
2.9200866641497244e6
2.955345036514993e6
2.990820166860564e6
3.0265110366759095e6
3.0624166672967547e6
3.0985360771525563e6
3.13486832948745e6
3.1714125174186663e6
3.2081677077073283e6
3.245133078253665e6
3.282307763389123e6
3.319690945353023e6
3.3572818245120165e6
3.395079629325877e6
3.433083608405527e6
3.4712930375768533e6
3.509707190037461e6
3.548325392957557e6
3.5871469521564124e6
3.6261712636386007e6
3.6653976824342124e6
3.7048256087298514e6
3.744454460694582e6
3.7842836679051733e6
3.824312681146279e6
3.864540971878077e6
3.9049680465776464e6
3.9455933930435004e6
3.9864165390470065e6
4.027437042100515e6
4.0686544457480107e6
4.110068326201034e6
4.1516782773272945e6
4.1934839014666453e6
4.235484789207124e6
4.277680683308881e6