226369.885738581
226443.20869471255
226638.86970331712
226957.23333052295
227398.88380274246
227964.6349410194
228655.51058024348
229472.76462275686
230417.83423751063
231492.36318751622
232698.21076356515
234037.3820921519
235512.1010589447
237124.68950944958
238877.6215013063
240773.83208234346
242815.81763463555
245006.59420254227
247349.1798454087
249846.71962026728
252502.3864901596
255319.47197469854
258301.30882359546
261451.28860962327
264772.83560559957
268269.3492712495
271944.3447939228
275801.27242602204
279843.58041693555
284074.69527391595
288498.04254120897
293116.9974662823
297934.88102417235
302954.978164557
308180.4978763821
313614.60798812856
319260.39728845813
325120.8348473778
331198.86903875554
337497.3266688251
344018.64216292487
350766.34531813406
357742.0982781255
364948.6508563278
372388.31154726207
380063.32190991304
387975.8203125296
396127.81865399954
404521.22118827736
413157.8260295133
422039.3249204729
431167.30155177857
440543.2275954779
450168.4647088728
460044.28347158537
470171.83627992606
480552.17476653104
491186.25446370634
502074.9306067547
513218.95904490474
524619.0064491043
536275.6406187126
548189.3455009771
560360.5151252106
572789.4623672883
585476.4157124285
598421.524647667
611624.8654171946
625086.4407131933
638806.1798065929
652783.9517952546
667019.5555766774
681512.7313725192
696263.1594899611
711270.4663498441
726534.2243407314
742053.9564839271
757829.1385264816
773859.2017252952
790143.5355930625
806681.490444493
823472.3800154505
840515.483853383
857810.0500330895
875355.2998794303
893150.4163983425
911194.5747909491
929486.917885572
948026.5682239155
966812.6307658963
985844.2149701208
1.0051203397074598e6
1.0246401190704538e6
1.0444025879647312e6
1.0644067867763909e6
1.0846517508901637e6
1.105136505687795e6
1.125860075072696e6
1.1468214779114313e6
1.1680197312871732e6
1.189453855160146e6
1.2111228654705433e6
1.233025780219226e6
1.2551616223838702e6
1.2775294174918e6
1.3001281964226777e6
1.3229569967676927e6
1.3460148582705804e6
1.3693008338154564e6
1.392813981720848e6
1.4165533657881455e6
1.440518065914866e6
1.46470716859459e6
1.4891197699496094e6
1.5137549773597482e6
1.5386119151003007e6
1.5636897135909363e6
1.5889875110508967e6
1.6145044635168335e6
1.6402397524741758e6
1.6661925562208868e6
1.6923620709701015e6
1.718747514129661e6
1.7453480994293855e6
1.7721630718810426e6
1.799191691423264e6
1.8264332141814346e6
1.853886928212198e6
1.881552131481266e6
1.9094281345266402e6
1.9375142669785917e6
1.9658098612920726e6
1.9943142851191724e6
2.0230269049879487e6
2.051947106075057e6
2.081074278743553e6
2.110407853786259e6
2.1399472528172573e6
2.1696919164636307e6
2.1996413009219617e6
2.22979487966319e6
2.2601521363950763e6
2.290712569639088e6
2.321475689543646e6
2.3524410249765525e6
2.3836081115704235e6
2.414976502101166e6
2.446545760066774e6
2.478315464964822e6
2.510285205331558e6
2.5424545830851817e6
2.574823212815295e6
2.6073907197223287e6
2.6401567437507836e6
2.673120932765319e6
2.706282947884274e6
2.739642460904877e6
2.7731991556671043e6
2.806952724222779e6
2.8409028717888226e6
2.8750493114306475e6
2.909391766472996e6
2.9439299765726584e6
2.978663678833983e6
3.013592628969522e6
3.0487165913355355e6
3.0840353467597817e6
3.1195486420171196e6
3.155256301821483e6
3.1911581097926185e6
3.22725387242388e6
3.2635434039402637e6
3.3000265254431334e6
3.3367030664719497e6
3.373572862541173e6
3.4106357591993217e6
3.4478916071634307e6
3.485340264017449e6
3.5229816115116407e6
3.560815469930909e6
3.5988417661121376e6
3.637060370408502e6
3.675471169569216e6
3.714074060772699e6
3.752868958078857e6
3.7918557276390824e6
3.8310343205736266e6
3.870404648878244e6
3.90996662672337e6
3.9497201846280987e6
3.9896652546684262e6
4.0298017741681985e6
4.070129684237229e6
4.1106489314042334e6
4.1513594633706748e6
4.1922612401189604e6
4.233354215045221e6
4.27463835011917e6
4.316113612891847e6
4.357779972297864e6