207871.64934104736
207950.8054924615
208162.01428912985
208505.64356973275
208982.17466073172
209592.43294351464
210337.2422118696
211218.1694554074
212236.18448962955
213392.94432625207
214690.20799332266
216129.8781013339
217713.88967066348
219444.82344404832
221324.70623662983
223356.12902554267
225541.72034028565
227884.2138714535
230386.5063653822
233051.2981376089
235881.79808389678
238880.98382205973
242051.9802322441
245397.9280921327
248922.03487560948
252627.39139736744
256517.3239888913
260595.00333800123
264863.6194315604
269326.32475184405
273986.2896239498
278846.6047481941
283910.3275503428
289180.459165966
294659.9423450304
300351.65903097985
306258.4209384273
312382.9299651766
318727.8494003931
325295.7323643622
332089.0406691069
339110.15554224816
346361.3335218801
353844.7840499148
361562.5506393828
369516.6164080739
377708.8681235004
386141.0683028896
394814.87971213274
403731.8608378384
412893.47147542343
422301.0691229487
431955.9042574237
441859.12594225514
452011.79388481646
462414.8593131539
473069.1822820632
483975.52717780846
495134.57091179607
506546.8942567416
518212.9953291133
530133.285771031
542308.0971191876
554737.6775724697
567422.1999726122
580361.7669074071
593556.4044666394
607006.086062794
620710.6631164985
634670.0065909257
648883.87637459
663351.9841052751
678073.9889297901
693049.4974607448
708278.0680187356
723759.2123628217
739492.3984433719
755477.0533416537
771712.5655976392
788198.2877898314
804933.5390530198
821917.6072786953
839149.751564201
856629.2046130497
874355.1747821763
892326.8472410153
910543.3883367511
929003.9468178907
947707.6527672149
966653.6231186137
985840.9637366587
1.0052687674902767e6
1.0249361171240304e6
1.0448420911081245e6
1.0649857586738137e6
1.0853661873061375e6
1.1059824373178815e6
1.126833569685532e6
1.1479186438388745e6
1.1692367191805681e6
1.190786857561192e6
1.2125681217327074e6
1.2345795799828784e6
1.2568203037603423e6
1.279289370896006e6
1.3019858621133734e6
1.3249088715115413e6
1.3480574935893526e6
1.371430836808518e6
1.395028016576908e6
1.4188481552065983e6
1.442890390679325e6
1.4671538682617124e6
1.4916377449525464e6
1.5163411860625325e6
1.5412633760333133e6
1.566403509807779e6
1.5917607822033768e6
1.6173344123459612e6
1.6431236403328946e6
1.6691277058157434e6
1.695345865636152e6
1.7217773915758608e6
1.748421568356571e6
1.7752776945582894e6
1.802345084021046e6
1.8296230627859384e6
1.8571109717152994e6
1.8848081662688458e6
1.9127140152808619e6
1.9408279015234965e6
1.9691492234579492e6
1.9976773949824367e6
2.0264118334717855e6
2.0553519868307218e6
2.0844972969827147e6
2.113847234848107e6
2.1434012830967573e6
2.173158932591413e6
2.2031196893841457e6
2.233283075586439e6
2.2636486235049805e6
2.2942158775783097e6
2.3249843894200614e6
2.3559537456964757e6
2.387123521656895e6
2.418493312914028e6
2.4500627262032228e6
2.481831373458791e6
2.5137989029118815e6
2.5459649469437352e6
2.578329163132969e6
2.6108912119881194e6
2.643650771164898e6
2.6766075265438235e6
2.7097611751396717e6
2.7431114240097795e6
2.776657991009885e6
2.810400602154291e6
2.84433899416145e6
2.8784729153502304e6
2.9128021170316357e6
2.947326370074428e6
2.9820454414379857e6
3.016959116245402e6
3.0520671855840497e6
3.0873694559319243e6
3.1228657064106762e6
3.158555781816049e6
3.1944394939018274e6
3.230516673282209e6
3.2667871574271037e6
3.303250790755155e6
3.339907425175945e6
3.376756918754776e6
3.4137991380637e6
3.4510339511197736e6
3.4884612391551766e6
3.526080883878442e6
3.5638927784692678e6
3.601896815695096e6
3.6400928972541345e6
3.678480930672478e6
3.7170608281271914e6
3.755832507155096e6
3.7947958889092784e6
3.8339509003970632e6
3.8732974784372197e6
3.9128355543118417e6
3.9525650708461516e6
3.992485973439522e6
4.0325982120803986e6
4.072901739663313e6
4.1133965153762307e6
4.154082499351603e6
4.194959657043296e6
4.236027958226522e6
4.277287373195326e6
4.318737879188631e6
4.360379454348095e6