283951.77836085646
284007.93365579157
284157.8324507426
284401.90155927476
284740.81304362847
285175.4984755999
285707.151749996
286337.2132589178
287067.34445929935
287899.4988241872
288835.6970199479
289878.4307992016
291030.1657657322
292293.6742303441
293671.92850781605
295168.0025602161
296785.16340969154
298526.83718297945
300396.5774479662
302398.0598499002
304535.02370409423
306811.4536127433
309231.18430960923
311798.3057365472
314516.8864227877
317391.0392113505
320424.9180699773
323622.7529924166
326988.671802109
330526.8408032289
334241.4474146784
338136.6276429228
342216.46254660457
346485.0106963167
350946.27580167283
355604.2093177432
360462.6702591359
365525.46860771964
370796.25679479144
376278.71866278653
381976.35663546016
387892.6086275686
394030.787830362
400394.1244384991
406985.70181281667
413808.51217403426
420865.4518209817
428159.26468333404
435692.5912870881
443467.9438248441
451487.71375122655
459754.18270460947
468269.5114647654
477035.6544866022
486054.59443715797
495328.08738240844
504857.79851343995
514645.2625069553
524691.9166905486
534999.0682510266
545567.9146394626
556399.5417023252
567494.9128916942
578854.9384529187
590480.3443293303
602371.8020372285
614529.8839945503
626955.0498039728
639647.6776575114
652608.0482670704
665836.3587662302
679332.722399931
693097.1688253133
707129.6489840718
721430.0395126672
735998.1456204345
750833.7014242145
765936.3766960073
781305.7777150886
796941.4509960167
812842.8862026008
829009.5191206366
845440.7345924199
862135.8693909948
879094.2152144706
896315.0211723788
913797.4974784381
931540.8147364298
949544.1129900652
967806.4969925135
986327.0465836631
1.0051048097093077e6
1.0241388096118362e6
1.0434280523392075e6
1.0629715197881707e6
1.0827681783143666e6
1.102816975636346e6
1.1231168451471154e6
1.1436667124624117e6
1.164465488519646e6
1.1855120861554928e6
1.2068053863899957e6
1.2283442903559932e6
1.2501276817649703e6
1.2721544501398616e6
1.29442348717873e6
1.316933675221432e6
1.3396838990870286e6
1.3626730561370223e6
1.3859000342136393e6
1.4093637366868707e6
1.4330630721921995e6
1.4569969553574102e6
1.4811643070548705e6
1.5055640585617165e6
1.5301951581640234e6
1.555056536817221e6
1.580147176197959e6
1.6054660458376086e6
1.6310121326882448e6
1.6567844368972746e6
1.682781970929652e6
1.7090037621642535e6
1.7354488519882066e6
1.7621162960263921e6
1.7890051664529275e6
1.8161145493833967e6
1.8434435450115579e6
1.870991274739515e6
1.8987568683528956e6
1.9267394767525771e6
1.9549382684024302e6
1.983352418773847e6
2.0119811338291038e6
2.040823625912493e6
2.0698791254422737e6
2.0991468833425543e6
2.128626160266134e6
2.1583162413061373e6
2.1882164207310495e6
2.2183260176024716e6
2.2486443573452453e6
2.279170787105862e6
2.3099046703210603e6
2.340845385916526e6
2.3719923280384648e6
2.403344905435824e6
2.4349025442580297e6
2.4666646868238933e6
2.498630783883551e6
2.530800311956274e6
2.5631727532060924e6
2.5957476100857724e6
2.6285243968050797e6
2.661502640506978e6
2.6946818850492835e6
2.7280616860287096e6
2.761641616505058e6
2.7954212562090033e6
2.829400203641542e6
2.863578065377587e6
2.8979544658191907e6
2.932529036714157e6
2.9673014260818507e6
3.002271284811491e6
3.037438282525157e6
3.0728021351667186e6
3.1083624912625067e6
3.144119073741357e6
3.1800715868979604e6
3.2162197633717926e6
3.2525633336378136e6
3.2891020366384974e6
3.32583564801177e6
3.362763911796089e6
3.399886604778109e6
3.4372035132722347e6
3.4747144272000855e6
3.512419147414881e6
3.5503174805449033e6
3.588409244536789e6
3.6266942620821306e6
3.665172370731578e6
3.703843406381226e6
3.742707218703662e6
3.78176366109374e6
3.8210125975195486e6
3.8604538915835693e6
3.900087424559756e6
3.939913072607816e6
3.9799307344936635e6
4.020140293924069e6
4.060541655715429e6
4.101134723792921e6
4.141919409662689e6
4.1828956352398656e6
4.224063316937883e6
4.265422384632757e6
4.306972770472406e6
4.348714411653332e6