253137.475417084
253202.63580702903
253376.54206091212
253659.58576794184
254052.39485764957
254555.8467931141
255171.04335915192
255899.33070753806
256742.26485818252
257701.61453835497
258779.3866351075
259977.85795019113
261299.05255709658
262745.9097861471
264321.0246221448
266027.37799772376
267867.679444348
269839.6674480601
271963.75140660047
274226.1014753679
276635.93242254923
279196.82215715025
281912.40479652554
284786.3941983139
287822.519161174
291024.55275872175
294396.30110102764
297941.5749031229
301664.2287515987
305567.97850046563
309656.6356032888
313933.96052849997
318403.6104106437
323069.27345101035
327934.5383231758
333002.9490498957
338277.9548020623
343762.9422759675
349461.20856358006
355375.7038879037
361510.33386399265
367867.0726955959
374449.8574924425
381260.7527901532
388302.6882507585
395578.2680384111
403089.98430478433
410840.2207253768
418831.16237260855
427065.0105081016
435543.7646184292
444269.3336101343
453243.50478139747
462467.95018560527
471944.23719885526
481673.81341923896
491658.012695507
501898.0652994669
512395.0889110289
523150.0977713422
534164.0005062768
545437.6049343112
556971.6200989906
568766.6574119364
580823.2369792527
593141.7804303595
605722.6287880952
618566.0327847027
631672.1623525105
645041.1056198536
658672.8750130839
672567.4109517392
686724.5807594417
701144.1835748863
715825.954350979
730769.5670909951
745974.6364180828
761440.7162288819
777167.3161559317
793153.8894678504
809399.8436091477
825904.5413654268
842667.3036196064
859687.4121522624
876964.1151824705
894496.6139475126
912284.0978884238
930325.7132835935
948620.5843650483
967167.808946453
985966.4662993359
1.0050156112978121e6
1.0243142800361309e6
1.043861497973262e6
1.0636562720251705e6
1.0836975995326508e6
1.1039844529815624e6
1.1245158429693405e6
1.1452907057363128e6
1.1663080164397892e6
1.1875667337414501e6
1.2090658181327912e6
1.230804217432663e6
1.252780896182089e6
1.2749948076909191e6
1.2974449121396411e6
1.3201301733707516e6
1.3430495564057413e6
1.3662020370523157e6
1.389586595122733e6
1.413202218805004e6
1.4370478969948678e6
1.4611226435076396e6
1.4854254621910038e6
1.5099553796473346e6
1.5347114347243123e6
1.5596926712950775e6
1.5848981407622288e6
1.6103269216587585e6
1.6359781049698056e6
1.6618507810596884e6
1.6879440589487008e6
1.7142570667549074e6
1.7407889397250484e6
1.7675388363996313e6
1.7945059187488267e6
1.8216893762984325e6
1.8490884046692895e6
1.8767022177391418e6
1.9045300464917396e6
1.9325711327959495e6
1.9608247392853706e6
1.989290136631198e6
2.0179666212603257e6
2.0468535057363734e6
2.075950087116182e6
2.10525572733544e6
2.13476977379301e6
2.1644915925122565e6
2.1944205644711386e6
2.2245560950373393e6
2.254897590132555e6
2.2854444861482168e6
2.3161962205472244e6
2.347152254444998e6
2.378312058764419e6
2.409675120614181e6
2.4412409400536004e6
2.4730090340093942e6
2.504978928270157e6
2.5371501694620177e6
2.569522308534929e6
2.602094915230909e6
2.6348675728663104e6
2.667839874232356e6
2.701011426750813e6
2.734381849452601e6
2.7679507756204586e6
2.80171784630681e6
2.8356827161574154e6
2.869845055219014e6
2.9042045358937276e6
2.938760852705427e6
2.973513700143089e6
3.0084627899112254e6
3.0436078457964356e6
3.078948593057052e6
3.114484773850094e6
3.1502161408020733e6
3.186142448270519e6
3.222263471254817e6
3.258578984042587e6
3.29508877397503e6
3.33179263672201e6
3.3686903759226943e6
3.405781803700201e6
3.4430667490411145e6
3.480545012894414e6
3.5182164578206246e6
3.5560809172606524e6
3.594138241639155e6
3.6323882872379627e6
3.6708309207264557e6
3.709466009690526e6
3.748293447381691e6
3.78731307224641e6
3.8265248211754635e6
3.865928569152477e6
3.905524222709165e6
3.945311683950088e6
3.985290874573582e6
4.0254617029763805e6
4.0658240956677366e6
4.106377980229143e6
4.147123289876867e6
4.1880599618086023e6
4.22918793834717e6
4.270507165743713e6
4.312017594953662e6
4.353719181075396e6