457427.7684659659
457439.8839338974
457472.4654790798
457525.958973217
457601.2713298422
457702.4410783409
457822.2727938748
457971.31618323067
458148.75195038394
458357.0170551715
458598.7042125782
458876.93519924773
459194.9458590309
459556.1780803103
459964.46149636334
460423.7561304833
460938.25349567557
461512.402270977
462150.7053382415
462858.0881897526
463639.54508114286
464499.96895265504
465444.6993655061
466479.07103195897
467607.7577403044
468838.6149973134
470174.87132482167
471623.18518787593
473189.065050575
474878.33859393426
476696.7997499201
478650.21753390384
480745.27361863427
482985.061692101
485377.99564854096
487928.6733079657
490643.41826786014
493527.1805133841
496585.71917482995
499824.48540676147
503248.88756094425
506864.2157381451
510675.6723296864
514688.36688611185
518907.2800576095
523337.2909171923
527983.1739713086
532849.5385074185
537940.9673708677
543261.7872122985
548816.258840966
554608.5029894861
560642.4936183579
566922.0578709445
573450.8963186764
580232.5520938024
587270.4349413472
594567.7904984269
602127.7400643323
609953.2417339338
618047.1174333759
626412.0387480212
635050.533863612
643964.983304372
653157.6314187964
662630.5659195404
672385.749434805
682424.999823486
692749.9970335031
703362.2799962037
714263.2653717487
725454.2327361086
736936.3358540733
748710.6005077248
760777.9297861039
773139.1074062323
785794.798806133
798745.5539606629
811991.8129404143
825533.9049220626
839372.0569140676
853506.3916441959
867936.9334025478
882663.6111236254
897686.26123476
913004.6313877266
928618.3836044921
944527.097562311
960730.2748052113
977227.3405955131
994017.647766232
1.0111004814398548e6
1.0284750649354272e6
1.0461405427844531e6
1.0640960267181e6
1.0823405527612944e6
1.100873111715759e6
1.1196926440013568e6
1.138798044221739e6
1.1581881618223179e6
1.1778618092666331e6
1.1978177564985328e6
1.2180547445994872e6
1.2385714804419074e6
1.259366639376568e6
1.2804388745881533e6
1.3017868154362235e6
1.323409059313351e6
1.3453042080288548e6
1.3674708125664075e6
1.3899074457598855e6
1.4126126470413292e6
1.4355849429765153e6
1.4588228697870602e6
1.4823249426463312e6
1.5060896910600704e6
1.5301155921834726e6
1.554401195933429e6
1.5789450015012384e6
1.6037455309145409e6
1.628801301549824e6
1.654110846501886e6
1.6796726825728018e6
1.7054853700824336e6
1.7315474524151732e6
1.7578574925176126e6
1.7844140644109244e6
1.8112157571588864e6
1.8382611751411536e6
1.8655489029063962e6
1.8930776072682673e6
1.9208459216991435e6
1.9488524995499062e6
1.9770960349233416e6
2.0055752182075437e6
2.0342887838648402e6
2.0632354280318941e6
2.092413934938358e6
2.1218230814133985e6
2.1514616577399424e6
2.181328483273167e6
2.2114223860558844e6
2.241742234323648e6
2.272286903852303e6
2.303055297487182e6
2.3340463377484987e6
2.365258970748489e6
2.3966921578036146e6
2.4283448918509223e6
2.4602161800658843e6
2.4923050534653245e6
2.524610567549471e6
2.5571317959006345e6
2.589867836205555e6
2.62281780177824e6
2.6559808375123236e6
2.689356105531115e6
2.7229427701022434e6
2.756740054073802e6
2.7907471707631135e6
2.824963361521705e6
2.8593878987231785e6
2.8940200433842563e6
2.928859119104035e6
2.963904441173076e6
2.999155350198691e6
3.0346112042369274e6
3.0702713849321418e6
3.1061352833322226e6
3.142202325271088e6
3.178471929664094e6
3.2149435527569894e6
3.251616660146222e6
3.2884907370786e6
3.325565281280724e6
3.362839810481683e6
3.4003138550143787e6
3.4379869958773735e6
3.4758587354176976e6
3.5139286708589196e6
3.5521964071208816e6
3.590661552053542e6
3.6293237053082054e6
3.6681825238550035e6
3.707237646163623e6
3.7464887630927516e6
3.7859354721342092e6
3.825577514026922e6
3.8654145870915903e6
3.9054463912268216e6
3.9456726515680514e6
3.986093127411564e6
4.026707502130867e6
4.0675155592248132e6
4.108517066140091e6
4.1497117967355596e6
4.191099535488398e6
4.232680077013177e6
4.274453226691744e6
4.316418793938485e6