509194.51815574407
509195.362496158
509197.81334902486
509202.3915435367
509210.03653083346
509221.9235217571
509239.5898479675
509264.99285239296
509300.28250329185
509347.9385266135
509410.8079283021
509491.9953477611
509594.91260875843
509723.14730292023
509880.6850484591
510071.65857384563
510300.44483539136
510571.6857155184
510890.0708123207
511260.7650929999
511689.0120030475
512179.9108302104
512739.0636657188
513372.07461714034
514084.6194687402
514882.65059859806
515771.751735077
516758.56760958314
517848.51444312267
519047.8922877583
520362.82700719906
521799.4400694235
523363.8785956013
525062.2857450435
526900.7669186452
528885.425067864
531022.318932269
533317.4522211662
535776.7963206265
538405.8124118852
541211.4425514061
544198.3339676205
547372.268585193
550739.4183020405
554304.5875839159
558073.3017591154
562050.8304235341
566242.1999479102
570652.46911642
575286.4282965893
580148.8051107642
585244.1873997019
590577.0184639883
596151.5957721572
601972.0810007723
608042.4955768657
614366.7109653205
620948.4453500733
627791.2575324755
634898.5951667797
642273.7234818495
649919.7662524609
657839.6968447752
666036.3459553384
674512.391565888
683270.3500295228
692312.6029197794
701641.4065656108
711258.804106579
721166.7770497409
731367.1212452275
741861.5002018027
752651.439563287
763738.3324126183
775123.4337007201
786807.8725314313
798792.6441404371
811078.6239741981
823666.5611537731
836557.0843653635
849750.7078575678
863247.831688538
877048.7380362328
891153.6125130653
905562.528619905
920275.4602687345
935292.2835017687
950612.7795200781
966236.6383185225
982163.4618840243
998392.7671506002
1.0149239868634226e6
1.0317564946800385e6
1.0488895510241766e6
1.0663223846807294e6
1.0840541367840702e6
1.1020838884836638e6
1.1204106596658188e6
1.1390334129213553e6
1.157950945647037e6
1.1771624435054285e6
1.1966663855068046e6
1.216461645424435e6
1.2365469442945432e6
1.2569209665907002e6
1.277582349735684e6
1.298529720030085e6
1.3197616466977643e6
1.3412767057258538e6
1.363073466742001e6
1.385150248177502e6
1.4075057447196238e6
1.4301383569239886e6
1.4530465397956828e6
1.4762287349316915e6
1.4996833763036155e6
1.5234088800724172e6
1.5474036830607879e6
1.5716661772422977e6
1.5961947855638308e6
1.6209879137324542e6
1.646043978035747e6
1.6713613790270041e6
1.6969385494888644e6
1.7227739070580257e6
1.7488658858205997e6
1.7752129245962617e6
1.8018134749258698e6
1.8286659977525808e6
1.8557689654909535e6
1.883120866746689e6
1.9107202055858204e6
1.9385654874365472e6
1.9666552613263284e6
1.9949880678785993e6
2.0235624937965919e6
2.0523770796854987e6
2.0814304757509695e6
2.1107212935591983e6
2.1402481888611396e6
2.1700097941288967e6
2.200004828940765e6
2.2302320089827836e6
2.2606900416157395e6
2.291377693885948e6
2.322293737284871e6
2.3534369708202365e6
2.384806217218713e6
2.4164003220729274e6
2.4482181517947945e6
2.4802585984781226e6
2.5125205749768647e6
2.5450030173292626e6
2.577704893971692e6
2.6106251762039126e6
2.643762881797956e6
2.6771170431005517e6
2.7106866885316623e6
2.744470924286412e6
2.77846883267093e6
2.812679537500029e6
2.8471022063377434e6
2.881735952068189e6
2.9165799874059027e6
2.9516335210897243e6
2.9868957874518866e6
3.022366006887836e6
3.058043504290663e6
3.0939275285116197e6
3.130017405057712e6
3.166312464396088e6
3.202812056795358e6
3.2395155531887193e6
3.2764223694318095e6
3.313531861548413e6
3.3508434816095694e6
3.3883566728504053e6
3.4260708990897182e6
3.4639856414289945e6
3.502100386428731e6
3.540414661406754e6
3.578927988165893e6
3.61763989379002e6
3.6565499707424133e6
3.6956577776357015e6
3.734962912588524e6
3.7744649727812144e6
3.814163585923619e6
3.8540583796755723e6
3.894149012459547e6
3.934435128912334e6
3.9749164012988224e6
4.015592564502494e6
4.05646325066431e6
4.097528209100503e6
4.138787154839507e6
4.1802398221474276e6
4.22188595701346e6
4.26372531697779e6
4.305757668578694e6