318806.8622544857
318853.3049276228
318977.32838490105
319179.32525935327
319460.0989906456
319820.5996605046
320262.08967091807
320786.1296882741
321394.4861504256
322089.23306351516
322872.59014393645
323747.1353765192
324715.5850361015
325786.1249563192
326946.1485769168
328214.75858268596
329590.24695622164
331076.16141818475
332676.42974917556
334394.997192733
336235.9056268182
338203.4274994952
340301.7145445995
342535.1950516986
344908.27727303386
347425.44137649704
350091.1826786713
352910.11825615924
355886.7442576623
359025.6195313375
362331.3305904103
365808.42559690785
369461.35899764544
373294.6436636734
377312.68635731435
381519.8541340979
385920.44464526535
390518.67309482733
395318.67925209017
400324.522144774
405540.1621707219
410969.4636983037
416615.86660863867
422483.9648273506
428576.3431552246
434896.7278124399
441448.4415921705
448234.6503985295
455258.4119891827
462522.6520476127
470030.1678301089
477783.6393397321
485785.6060249128
494038.47679357487
502544.54691033985
511305.9680431166
520324.77094221336
529602.8479421785
539141.9845637563
548943.825104746
559009.89977823
569341.6112165572
579940.2467525457
590806.9758303453
601942.8532222604
613348.8228130601
625025.7028983355
636974.22796393
649195.020764342
661688.5904874644
674455.3586854467
687495.6506185714
700809.6957366158
714397.636642448
728259.525531391
742395.3353177866
756804.9559382591
771488.2024416842
786444.8149368546
801674.4634641018
817176.7505669249
832951.2145419879
848997.3325667623
865314.523752147
881902.1522804045
898759.530270321
915885.9216401028
933280.5411561792
950942.565040074
968871.1253059297
987065.3265748952
1.0055242079696348e6
1.0242468150321734e6
1.0432321433914325e6
1.0624791626063772e6
1.0819868211770183e6
1.1017540397225327e6
1.1217797225585761e6
1.142062754695188e6
1.1626020048414287e6
1.1833963289874897e6
1.2044445678769755e6
1.2257455569507773e6
1.247298117718143e6
1.2691010734961175e6
1.2911532327232107e6
1.313453407424839e6
1.3360004009024687e6
1.3587930308883616e6
1.3818300948724663e6
1.4051104075264465e6
1.4286327877073353e6
1.4523960525771459e6
1.4763990237182155e6
1.5006405381973004e6
1.525119446407143e6
1.5498345690178075e6
1.57478479057605e6
1.5999689737384634e6
1.6253859986905865e6
1.6510347603371441e6
1.676914163636988e6
1.7030231273289337e6
1.729360585658979e6
1.7559254851689083e6
1.782716789589226e6
1.8097334753924254e6
1.8369745390261977e6
1.8644389842418076e6
1.892125846769869e6
1.9200341689550073e6
1.9481629885905723e6
1.9765114019692352e6
2.0050785019540892e6
2.0338633961723961e6
2.062865222011537e6
2.0920830973914093e6
2.1215162113266997e6
2.151163740451454e6
2.181024879190468e6
2.211098849329873e6
2.2413848783109006e6
2.271882221460956e6
2.3025901457203664e6
2.333507938046784e6
2.3646349031164153e6
2.3959703596509863e6
2.4275136444731615e6
2.459264111715438e6
2.4912211381211802e6
2.5233841048998814e6
2.5557524159971e6
2.588325494095085e6
2.621102769993866e6
2.6540837076086868e6
2.6872677617001426e6
2.7206544173210184e6
2.7542431769190943e6
2.7880335481735566e6
2.8220250585202943e6
2.856217252137867e6
2.8906096839383957e6
2.9252019159473497e6
2.9599935425319085e6
2.9949841497135665e6
3.0301733738585846e6
3.065560780109494e6
3.101146055371852e6
3.1369288291930207e6
3.172908763236121e6
3.209085530512221e6
3.2454588098516967e6
3.2820282971963244e6
3.318793698762114e6
3.355754730418759e6
3.392911119399088e6
3.430262603176232e6
3.467808929662168e6
3.5055498509200835e6
3.543485150445668e6
3.581614587329233e6
3.6199379525435334e6
3.6584550464503765e6
3.6971656662795423e6
3.7360696261673104e6
3.775166747592453e6
3.814456860259163e6
3.8539397922575707e6
3.8936153975477256e6
3.9334835241448805e6
3.9735440311855655e6
4.013796783339518e6
4.054241652334774e6
4.0948785239486545e6
4.135707274910327e6
4.176727806928736e6
4.217940011217091e6
4.259343794231994e6
4.300939066073249e6
4.342725741860581e6