236591.01966128804
236661.18768059372
236848.4462943625
237153.14978298315
237575.9243737843
238117.5977660295
238779.2244745505
239562.09742183433
240467.69355526994
241497.71849436828
242654.07976894497
243938.84650470215
245354.32136359127
246902.88044180968
248587.1967219033
250409.99054982726
252374.14634308117
254482.67488859527
256738.70162689497
259145.4723878247
261706.28042218855
264424.5253082826
267303.66030313936
270347.2027055081
273558.70337785035
276941.6879434397
280499.80411322403
284236.6227510123
288155.80706408946
292260.83522730216
296555.30548401794
301042.74114428344
305726.60123377014
310610.3242631636
315697.25796155713
320990.7333465385
326493.97555800306
332210.0999018317
338142.2080050205
344293.03601832676
350666.1659502062
357263.6902514079
364088.5244973821
371143.2701531196
378430.3772746156
385952.22745145985
393711.0951006424
401709.14411177265
409948.3641373089
418430.72800174553
427158.0420132533
436132.01313265075
445354.2334273552
454826.18662507995
464549.2513049721
474524.6961423764
484753.6804639271
495237.26263132424
505976.4033653111
516971.9475067252
528224.6588652233
539735.1964764049
551504.1283799515
563531.9310067822
575818.9949519851
588365.621759613
601172.0330765052
614238.369982745
627564.6979697482
641151.0047415431
654997.2146948922
669103.1776517488
683468.681156443
698093.4496123428
712977.14922442
728119.3893402349
743519.7261418987
759177.6651750932
775092.6642554984
791264.1362089806
807691.4515284818
824373.9410815013
841310.8985730272
858501.5833474852
875945.225484535
893641.0133259969
911588.1257745144
929785.7063188972
948232.875736786
966928.7353857679
985872.3704619054
1.0050628455654251e6
1.0244992105056942e6
1.0441805061900725e6
1.0641057592070748e6
1.0842739893094983e6
1.1046842043392765e6
1.1253354096995145e6
1.146226604730661e6
1.1673567849165928e6
1.188724935355516e6
1.210330078118631e6
1.2321711787386038e6
1.2542472428879917e6
1.276557268981832e6
1.2991002599208402e6
1.3218752246513972e6
1.3448811737955902e6
1.3681171298013157e6
1.3915821209690957e6
1.4152751797415596e6
1.4391953535668652e6
1.4633416983489664e6
1.4877132772427872e6
1.5123091654956858e6
1.5371284531477792e6
1.5621702414325897e6
1.5874336364311778e6
1.612917752954049e6
1.6386217438025768e6
1.664544760336407e6
1.6906859536284304e6
1.7170445077202774e6
1.7436196162836798e6
1.7704104840659688e6
1.7974163265611702e6
1.8246363926065718e6
1.8520699256737374e6
1.879716185161592e6
1.9075744641204472e6
1.9356440515740316e6
1.963924258837449e6
1.9924144079859925e6
2.0211138420662289e6
2.050021924109167e6
2.0791379993170118e6
2.1084614777075434e6
2.1379917519057714e6
2.167728234493919e6
2.1976703527739784e6
2.227817555233906e6
2.2581692948378073e6
2.288725046740214e6
2.319484294738253e6
2.350446540623717e6
2.381611296516694e6
2.412978090036255e6
2.444546460437299e6
2.4763159638618925e6
2.508286165176252e6
2.5404566442717803e6
2.5728269925614577e6
2.6053968152379757e6
2.6381657290627304e6
2.6711333621546705e6
2.70429935505152e6
2.7376633597285436e6
2.771225040790938e6
2.804984071035716e6
2.838940137541486e6
2.8730929349886333e6
2.9074421692601936e6
2.941987562968812e6
2.976728835289798e6
3.01166572714004e6
3.0467979898764975e6
3.0821253835194395e6
3.117647641131205e6
3.1533645728898854e6
3.189275949676687e6
3.2253815634331084e6
3.261681214783941e6
3.2981747115633823e6
3.33486187058565e6
3.37174251603429e6
3.408816480026309e6
3.4460836013592463e6
3.4835437272799965e6
3.521196712359546e6
3.5590424163174243e6
3.5970807053701114e6
3.6353114520890024e6
3.673734540432563e6
3.71234985608921e6
3.7511573032382596e6
3.790156738115507e6
3.829348105185181e6
3.8687313065384952e6
3.908306248876107e6
3.948072856398846e6
3.9880310528030666e6
4.0281807678986182e6
4.068521941796163e6
4.109054497005238e6
4.1497783940835e6
4.190693575055603e6
4.2317999926674e6
4.273097602503834e6
4.314586365169238e6
4.356266244553983e6