531026.2947183133
531022.5926084397
531012.8993962291
530997.7848189756
530978.1720761913
530955.2521275897
530930.5846711718
530906.165645469
530884.1552352951
530867.0839194166
530857.8339541695
530859.566658678
530875.8671962263
530909.9975644521
530966.2797640021
531048.9291481018
531162.3272476336
531311.2211911301
531500.3026682036
531734.8912302987
532020.2895553302
532361.677675578
532764.7604652198
533235.2394350974
533778.8923236245
534401.7787563103
535109.5750281614
535909.1373259084
536805.8512784727
537806.1970379637
538916.4675211532
540142.899121117
541491.7653770829
542969.3529948195
544581.9078306743
546335.6803835513
548236.8790186011
550291.6615338745
552506.1695714574
554885.9703108686
557438.2491439404
560167.7654757149
563080.6907463948
566182.7670576443
569479.5311871287
572976.5363900237
576679.2035572161
580592.7808214434
584722.4412560096
589073.2036801961
593649.9675111492
598457.5068289317
603500.451454352
608783.2886862241
614310.3612067407
620085.8808764156
626113.2158402445
632398.3407781309
638942.9510294968
645751.347538178
652826.9889315593
660173.1855499862
667793.0919729552
675689.7233660021
683865.9376197093
692324.4275970656
701067.7600941608
710098.3416832197
719418.4335297071
729030.1438108635
738935.448206156
749136.1725516834
759634.0038432265
770430.4903131728
781527.0391043854
792924.9276516389
804625.2980023744
816629.1645873956
828937.4137686179
841550.8056584918
854469.9825375626
867695.4674670815
881227.6604062226
895066.8619823039
909213.2530927658
923666.9120253872
938427.8137306967
953495.833174973
968870.749178663
984552.2475968656
1.000539924176702e6
1.0168332891359617e6
1.0334317693538329e6
1.0503347117893554e6
1.0675413884801376e6
1.0850509980349578e6
1.1028626673738626e6
1.1209754674403728e6
1.1393883925697582e6
1.1581003859408873e6
1.1771103339336268e6
1.1964170693954728e6
1.216019376325403e6
1.2359159923343363e6
1.2561056078542687e6
1.2765868801937087e6
1.2973584268212086e6
1.318418821384201e6
1.339766719491848e6
1.3614003507361729e6
1.3833185004279232e6
1.4055195407816702e6
1.4280019267274642e6
1.4507640911898636e6
1.473804450949545e6
1.4971214104437751e6
1.5207133614901137e6
1.5445786875414369e6
1.5687157633181876e6
1.5931229664145145e6
1.6177986605487699e6
1.6427412206935382e6
1.6679489979930283e6
1.693420381780774e6
1.7191537379208317e6
1.74514745057685e6
1.7713999058275123e6
1.7979095008795501e6
1.8246746437191349e6
1.851693746049865e6
1.8789652442221062e6
1.9064875803700336e6
1.9342592017785138e6
1.962278597775036e6
1.9905442468271886e6
2.0190546777740584e6
2.0478083651430716e6
2.076803899382928e6
2.1060398320308235e6
2.135514742951856e6
2.165227236644527e6
2.1951759380673976e6
2.225359496072959e6
2.2557765740180872e6
2.2864258761311052e6
2.317306104173093e6
2.348415996876916e6
2.3797543170393016e6
2.4113198491211925e6
2.4431113986559827e6
2.475127796582899e6
2.5073678976332666e6
2.5398305801711073e6
2.5725147487941124e6
2.60541932898264e6
2.638543285681823e6
2.671885564776536e6
2.705445156766563e6
2.7392211109710713e6
2.773212458555162e6
2.807418273158473e6
2.841837638274758e6
2.8764696711148457e6
2.911313505793748e6
2.946368302122277e6
2.9816332391359056e6
3.0171075415235083e6
3.052790390672175e6
3.088681050865561e6
3.1247787914394806e6
3.1610828989520264e6
3.1975926797114764e6
3.234307462801207e6
3.271226598028196e6
3.3083494470604504e6
3.345675406003338e6
3.3832038709318107e6
3.4209342706125425e6
3.4588660487191025e6
3.4969986566761523e6
3.535331586186239e6
3.573864324424892e6
3.6125963638561624e6
3.651527276636626e6
3.690656558397136e6
3.7299838050479325e6
3.769508578136682e6
3.809230472311093e6
3.849149088291302e6
3.889264048714005e6
3.929574988918548e6
3.970081552339491e6
4.010783406521674e6
4.0516802211173004e6
4.092771704978935e6
4.13405750179557e6
4.1755373795171226e6
4.21721103987908e6
4.259078224645546e6
4.301138675623905e6