542183.2081263324
542177.2282511049
542161.4583430139
542136.474639986
542103.1985327529
542062.8695114227
542016.979813505
541967.595816955
541916.8846525308
541867.3833501951
541821.9970066191
541783.9095864587
541756.577333126
541736.2439210888
541750.2055644719
541777.6399874142
541833.1894471566
541920.7143944125
542044.9547076197
542211.2675217048
542425.0008001388
542691.3601831077
543016.1232717237
543405.0149839595
543863.9015334796
544398.804846328
545015.5347728606
545720.9579092318
546520.5798820574
547420.9399357287
548428.3173406858
549549.0522129613
550789.4834183336
552155.9669516636
553654.8155977004
555292.3538659341
557074.8625073431
559008.574310512
561099.713050179
563354.2723976213
565778.4376258298
568378.1468043404
571159.2800650017
574127.6664078694
577288.928247855
580648.7062605615
584212.5083890359
587985.660758076
591973.4588000111
596180.9789861355
600613.2237279862
605275.0598795314
610171.2076949351
615306.2447626409
620684.618083644
626310.6217835187
632188.4147616774
638321.9935366791
644715.2160496705
651371.7899490243
658295.2646867419
665489.0438653335
672956.3763200464
680700.3692244843
688723.970892581
697029.9646591485
705621.0069540935
714499.5935079756
723668.0723582744
733128.6376462986
742883.3461788258
752934.118935782
763282.713156898
773930.7607413391
784879.7474842144
796131.0273360974
807685.8174600094
819545.2048578216
831710.1460774387
844181.4707177738
856959.887268333
870045.982838365
883440.2194110309
897142.9571566451
911154.434228882
925474.7836934389
940104.0328527724
955042.1066564646
970288.8311814691
985843.9373031065
1.0017070626423183e6
1.017877757407856e6
1.0343554857128512e6
1.05113962904289e6
1.0682294915563897e6
1.085624301463904e6
1.1033232149824358e6
1.121325321405111e6
1.1396296420606885e6
1.1582351395360914e6
1.1771407169033382e6
1.196345221587931e6
1.215847450246633e6
1.2356461529259095e6
1.255740021736399e6
1.2761277258172105e6
1.2968078854442807e6
1.317779071164785e6
1.3390399277486585e6
1.3605887325353648e6
1.382424211331902e6
1.4045447516178922e6
1.4269487940161582e6
1.4496347684791973e6
1.4726010767232557e6
1.495846115009412e6
1.5193682609709695e6
1.543165862718423e6
1.567237302537404e6
1.5915809364747794e6
1.6161950911768337e6
1.6410781373208961e6
1.6662284001912118e6
1.6916442410755232e6
1.7173240068547102e6
1.7432660555412306e6
1.7694687455434627e6
1.7959304490853923e6
1.8226495465755945e6
1.8496244211884257e6
1.876853480994928e6
1.9043351388945961e6
1.9320678126300273e6
1.9600499603211707e6
1.988280030984126e6
2.016756523863071e6
2.04547787945391e6
2.0744426591906648e6
2.1036493820756217e6
2.133096596534249e6
2.1627828752696677e6
2.1927068109080624e6
2.2228670221770704e6
2.2532621402173922e6
2.2838908274357338e6
2.314751775692027e6
2.3458436738303383e6
2.3771652591347676e6
2.408715284411639e6
2.4404925239705527e6
2.472495778081726e6
2.504723868929682e6
2.5371756503418856e6
2.569850014753285e6
2.602745807430851e6
2.63586197871482e6
2.669197478763732e6
2.7027512492365073e6
2.7365223132955283e6
2.7705096726175286e6
2.804712374495478e6
2.8391294736294686e6
2.87376006109183e6
2.9086032671571653e6
2.9436581823427356e6
2.9789239819152127e6
3.0143998434490985e6
3.0500849690044397e6
3.085978576067378e6
3.122079910364104e6
3.15838823648287e6
3.194902836340676e6
3.231623018275e6
3.2685481101189735e6
3.3056774524831558e6
3.3430104205511706e6
3.380546390383934e6
3.418284770912768e6
3.456224987150247e6
3.494366469654109e6
3.532708691682319e6
3.571251128403103e6
3.6099932477398543e6
3.6489345975808976e6
3.6880746864835266e6
3.727413064547424e6
3.766949287366512e6
3.8066829323248994e6
3.846613591013467e6
3.8867408657645527e6
3.9270643781766305e6
3.967583762417526e6
4.0082986684211707e6
4.0492087543807114e6
4.0903137007332435e6
4.13161318582868e6
4.173106919691003e6
4.214794606185118e6
4.25667597802986e6
4.2987507656949945e6