564979.0224187721
564968.4802117979
564940.5443226532
564895.8031726369
564835.1891735774
564759.938427871
564671.3606394108
564572.226748269
564464.0472952023
564349.6000313325
564231.841005401
564113.9953492183
563999.5627801395
563892.264478881
563796.2362421976
563715.7735991628
563655.384773365
563619.9274915246
563614.1859906833
563643.6104244301
563713.6128877464
563829.5257284549
563997.1673195495
564222.3639040138
564511.094829686
564869.4653800847
565303.3746232311
565819.8546505296
566424.4653459031
567123.885428056
567924.5096414004
568832.8049991138
569855.237497818
570998.2919125122
572268.3535658435
573672.0901416718
575215.7219287929
576905.6882063624
578748.3839799749
580749.9116012804
582916.6544835786
585254.6977777194
587770.080071918
590468.7806261628
593356.6484777068
596439.4317910826
599722.8353350565
603212.3552317722
606913.4685615511
610831.4297324629
614971.4229464526
619338.493945308
623937.5517197691
628773.3545023551
633850.538076079
639173.5861542836
644746.8403691966
650574.4858261388
656660.5683776697
663008.9842473201
669623.4709213238
676507.6184619096
683664.8619089696
691098.494796421
698811.6487327467
706807.2921566291
715088.2598489835
723657.2287796246
732516.7230299974
741669.1153798429
751116.6360296127
760861.3651090426
770905.2376867705
781250.0508209734
791897.4458534978
802848.9377096635
814105.8957451627
825669.5578670969
837541.0267457481
849721.2750130534
862211.1485077102
875011.3684041126
888122.5257248675
901545.1059690048
915279.4669892541
929325.8573102693
943684.4145215636
958355.1693105565
973338.0483580409
988632.877610764
1.0042393864542166e6
1.020157209264167e6
1.0363858911651777e6
1.0529248880274254e6
1.0697735748386965e6
1.0869312474731638e6
1.1043971128941574e6
1.1221703231909703e6
1.1402499492598362e6
1.158634997617458e6
1.1773244067179903e6
1.1963170643344207e6
1.215611795286711e6
1.2352073728179117e6
1.255102517172245e6
1.2752959068231625e6
1.295786176507404e6
1.3165719049076256e6
1.337651736030892e6
1.3590239513361254e6
1.3806872705538955e6
1.4026400698168115e6
1.4248807832265962e6
1.4474078206380676e6
1.470219565375332e6
1.4933143861048748e6
1.516690634660768e6
1.5403466521694488e6
1.5642807604331833e6
1.5884912859942785e6
1.612976534115808e6
1.637734818868146e6
1.662764426392906e6
1.6880636791675843e6
1.713630896393485e6
1.739464314328981e6
1.7655623173210218e6
1.791923197891177e6
1.8185452658643655e6
1.8454268990367735e6
1.8725663995531704e6
1.8999621382775726e6
1.927612472837836e6
1.9555158018591895e6
1.9836705154040053e6
2.012075045920366e6
2.0407277745547013e6
2.0696271997909367e6
2.098771774286185e6
2.12815998478273e6
2.157790338545167e6
2.1876613669613265e6
2.2177716137033505e6
2.248119660973301e6
2.278704095454852e6
2.309523538989603e6
2.3405766289508855e6
2.3718620534346607e6
2.403378459386903e6
2.4351245806847103e6
2.467099147219765e6
2.499300928674741e6
2.5317287066431106e6
2.56438129529977e6
2.59725752265842e6
2.6303562243256005e6
2.66367638795999e6
2.697216814047993e6
2.7309764653857956e6
2.7649543045783555e6
2.7991493220619825e6
2.833560514897929e6
2.868186923361271e6
2.9030275958912238e6
2.9380816172888093e6
2.9733480869377116e6
3.008826131549987e6
3.0445149021444567e6
3.080413566036921e6
3.1165213209083877e6
3.1528373822272476e6
3.1893609863094846e6
3.226091395341545e6
3.263027891717394e6
3.300169774654198e6
3.3375163683456345e6
3.3750670147162755e6
3.4128210780220698e6
3.4507779453689917e6
3.4889370023266324e6
3.5272976938816234e6
3.5658594486451047e6
3.60462170071241e6
3.643583962646627e6
3.682745707960843e6
3.722106453323691e6
3.761665721028532e6
3.801423058008367e6
3.8413780180667713e6
3.88153018256664e6
3.9218791448430605e6
3.9624244889777387e6
4.0031658605226e6
4.0441028818893647e6
4.0852352048615925e6
4.1265624916734034e6
4.168084415085214e6
4.209800662516434e6
4.251710939569686e6
4.29381495694518e6