258976.76602006852
259040.18901335102
259209.4619267142
259484.9851473087
259867.39197085242
260357.57573022085
260956.64807393242
261666.04398381725
262487.16349123814
263422.0020270799
264472.4491150696
265640.9870549947
266929.39812068245
268340.9127328284
269878.0772908722
271543.8211550127
273341.2103327371
275273.46593899105
277343.92362017545
279556.03998252214
281913.3456531138
284419.47678104765
287078.13215837604
289893.090137179
292868.1457008489
296007.13980774186
299313.9489322485
302792.4583359946
306446.5938680137
310280.14578340796
314297.0010665731
318500.9994645786
322895.87079672574
327485.3858127638
332273.21103916434
337262.97013836156
342458.197003784
347862.3475919195
353478.50327905524
359310.58261076314
365361.7102549793
371634.19193041406
378132.0855268914
384857.5039317616
391813.46401042386
399002.6429251465
406427.6180225181
414090.8496360221
421994.58165370417
430141.0982701996
438532.4684792105
447170.6714877422
456057.5625566925
465194.8809967624
474584.2592032418
484227.20791742543
494125.1232158211
504279.29625825
514690.90162136045
525361.0100302718
536290.5843197575
547480.4848649366
558931.4707505293
570644.2016549633
582619.2431855772
594857.0634570082
607358.0408219324
620122.4733529305
633150.5625259961
646442.4337310108
659998.1337778713
673817.6345159446
687900.8329153839
702247.5556533141
716857.5632867222
731730.5534253636
746866.1608424961
762263.9637822168
777923.4851638593
793844.1958547528
810025.517548354
826466.8255725694
843167.4515103484
860126.6863534958
877343.7825411484
894817.9571115439
912548.3941097455
930534.2457546644
948774.6384935905
967268.6697304819
986015.4178811872
1.0050139352609091e6
1.0242632543370924e6
1.0437623960303077e6
1.063510361263881e6
1.0835061405383246e6
1.1037487094637305e6
1.124237036474628e6
1.1449700814651488e6
1.1659467975232147e6
1.1871661327683465e6
1.2086271136200498e6
1.2303284388904255e6
1.25226929577988e6
1.2744485448002908e6
1.2968651320269927e6
1.3195180054925708e6
1.3424061146334463e6
1.3655284238704788e6
1.3888838881929717e6
1.4124714823174486e6
1.4362901768873828e6
1.4603389655756415e6
1.4846168378972956e6
1.5091228087811396e6
1.533855887290956e6
1.558815116501801e6
1.583999512484899e6
1.6094081467442915e6
1.6350400788784027e6
1.660894388211226e6
1.6869701641236406e6
1.713266515461951e6
1.7397825614173599e6
1.7665174392170813e6
1.7934702935181973e6
1.8206402992028096e6
1.8480266208663671e6
1.875628475043741e6
1.9034450462748879e6
1.9314755828467002e6
1.9597193209818855e6
1.9881755142056528e6
2.016843441328168e6
2.0457223977016124e6
2.074811664208698e6
2.104110582711611e6
2.1336184872989687e6
2.1633347270265464e6
2.193258666008818e6
2.223389694069759e6
2.253727201249704e6
2.2842706085899617e6
2.3150193383218106e6
2.345972836349421e6
2.3771305602237983e6
2.4084919808666455e6
2.440056585747245e6
2.4718238769205725e6
2.50379336701201e6
2.5359645886710426e6
2.568337081215922e6
2.6009103975387346e6
2.6336841174599784e6
2.6666578122780253e6
2.699831081178555e6
2.7332035309780687e6
2.766774783825166e6
2.8005444681620714e6
2.8345122331153257e6
2.868677729075527e6
2.903040627109859e6
2.9376006017638445e6
2.972357347324126e6
3.007310559254102e6
3.0424599558532075e6
3.0778052379935402e6
3.113346179205893e6
3.1490824813075494e6
3.1850139092836333e6
3.2211402245100522e6
3.2574611949349428e6
3.293976600029639e6
3.330686227967592e6
3.367589874912445e6
3.404687345895346e6
3.441978453891482e6
3.4794630201379196e6
3.51714087342241e6
3.5550118503862047e6
3.5930757946233936e6
3.631332556600482e6
3.6697819974332424e6
3.7084239788869545e6
3.7472583738132576e6
3.7862850601297384e6
3.825503923808786e6
3.8649148526210114e6
3.904517746062735e6
3.944312501757819e6
3.984299037814837e6
4.024477257262909e6
4.064847082879859e6
4.105408438191197e6
4.1461612525149183e6
4.1871054592564367e6
4.2282409970763e6
4.269567808719147e6
4.31108584176846e6
4.3527950476225065e6