498519.6841223597
498522.79784966336
498531.2992353562
498545.70602205984
498566.9475523221
498596.1956268823
498634.9761404518
498685.22976025165
498749.0864758252
498824.9296345523
498927.8472342991
499048.66171162185
499194.8328001431
499369.92556622654
499577.9082316313
499822.865898241
500109.1455232326
500441.35050465324
500824.13941726036
501262.62615643063
501762.0080671907
502327.3471919357
502964.19147345977
503678.0964565896
504474.6851561396
505359.85143524857
506339.1325439087
507419.08995538676
508605.1010759434
509903.39304991654
511320.029614214
512861.06137548754
514532.5704915388
516340.645101287
518291.249891502
520390.48537815356
522644.30807718023
525058.6424733885
527639.3820323206
530391.9188940173
533323.0832016703
536437.4557949486
539740.9411916062
543238.9986007602
546936.9679426732
550840.0780021311
554953.5201300818
559282.1939957389
563831.1030105387
568604.9339047773
573608.3189155967
578845.7557615777
584321.5641644835
590040.0340796083
596005.147574788
602220.8588990595
608690.9483327724
615419.0413847836
622408.6027779689
629662.9798829735
637185.3527464431
644978.7535639238
653046.0643881289
661390.0221077614
670013.2189403583
678918.0822516105
688106.9088628485
697581.8508007498
707344.9132385796
717397.9505924699
727742.6901584519
738380.7225474301
749313.4889932141
760542.3085642981
772068.3625159337
783892.6974012908
796016.269534724
808439.855988373
821164.1497600432
834189.7169285864
847517.0099833633
861146.3704563968
875078.0242074688
889312.1027404371
903848.6280640308
918687.5250408622
933828.6231359665
949271.6594955737
965016.2825714137
981062.055355357
997408.4582652295
1.0140548935750702e6
1.0310006929651517e6
1.0482450985234727e6
1.065787233479064e6
1.0836264414213032e6
1.101761555355352e6
1.1201916513563409e6
1.1389156754642297e6
1.157932520067808e6
1.1772410298211845e6
1.196840001189109e6
1.2167281939762165e6
1.2369043213706703e6
1.2573670595260896e6
1.278115057075345e6
1.2991469290537345e6
1.3204612501728614e6
1.3420566029076134e6
1.3639315607032042e6
1.3860844502356611e6
1.4085139801486628e6
1.4312185488354196e6
1.4541966372845108e6
1.4774466958119464e6
1.500967175570841e6
1.5247565077651225e6
1.548813147616747e6
1.5731355071691596e6
1.597721998146499e6
1.6225711389894467e6
1.6476808515584727e6
1.6730508694547126e6
1.6986783699450996e6
1.7245622222668591e6
1.7507008862693359e6
1.7770928285047873e6
1.8037365246259682e6
1.8306304661228363e6
1.8577731528008298e6
1.8851631016861303e6
1.9127988461957346e6
1.940678921480351e6
1.9688019060067525e6
1.9971663705137225e6
2.0257709318778287e6
2.0546141618858438e6
2.083694740588539e6
2.1130113096718956e6
2.142562548033765e6
2.172347149985601e6
2.202363827094177e6
2.2326113438251386e6
2.2630884368932126e6
2.293793903202678e6
2.324726544065046e6
2.355885189748019e6
2.3872686914012847e6
2.418875926083133e6
2.4507057877526334e6
2.482757199551548e6
2.5150291023840313e6
2.5475204667192874e6
2.5802302720044963e6
2.6131575354318945e6
2.6463012955417205e6
2.679660611987383e6
2.7132345428954926e6
2.7470222163284714e6
2.781022742955586e6
2.815235272453762e6
2.8496589711085507e6
2.884293029022809e6
2.9191366573857e6
2.9541891162561476e6
2.989449602694617e6
3.024917404900372e6
3.0605918521228298e6
3.0964722226261534e6
3.13255786296275e6
3.168848125168929e6
3.205342379700005e6
3.242040018723005e6
3.2789404522988684e6
3.3160431064127376e6
3.353347426892464e6
3.39085290135892e6
3.428558959806478e6
3.466465127047293e6
3.504570907447978e6
3.5428758442600863e6
3.581379476507703e6
3.620081346035432e6
3.6589810640105596e6
3.69807820075381e6
3.7373723703512596e6
3.7768631847623102e6
3.81655028412317e6
3.8564333137951596e6
3.896511937222002e6
3.936785823278412e6
3.977254649428092e6
4.017918155673152e6
4.0587760078523317e6
4.099827946196235e6
4.1410737036503125e6
4.1825130249876184e6
4.22414566704588e6
4.265971396952402e6
4.307989991271159e6