400614.4688630513
400639.8293505372
400707.91737168893
400818.9008460353
400973.8513603899
401173.74996611726
401420.04997588176
401714.44595254253
402058.968285909
402455.9517556292
402907.8157183709
403417.4819392182
403988.0313657551
404622.7033857648
405325.1266648202
406099.01365437737
406948.34038639435
407877.27073088096
408890.06313369336
409991.32370135054
411185.72615398763
412477.8845210154
413872.7832666019
415375.4029684241
416990.7998302336
418724.23148015625
420580.78643550124
422565.8979304608
424684.7387693688
426942.6792080686
429345.0615941319
431897.2386264082
434604.4848376002
437472.1362453404
440505.4419210279
443709.4496128974
447089.840333593
450651.18448716524
454398.6884086148
458337.27626118617
462471.8339602347
466807.10599754954
471347.76484693197
476098.3549987907
481063.33804832044
486246.98792868905
491653.5785846111
497287.1503167138
503151.7097642177
509251.03349854756
515588.8183586942
522168.62370389997
528993.8789979706
536067.8497994829
543393.6871694124
550974.3831506213
558812.8021835098
566911.6557963376
575273.5264016015
583900.848516548
592795.9235576857
601960.9065596273
611397.8211877504
621108.5566377298
631094.8650001038
641358.3603856117
651900.5340166779
662719.5927175069
673826.2370360985
685212.1094569826
696881.3566177252
708834.8521523334
721073.3524087649
733597.4917148552
746407.8148377275
759504.7451673138
772888.6046731949
786559.6162567683
800517.9056815454
814763.503044235
829296.3501303052
844116.299400945
859223.1197010383
874616.4990393205
890296.0478274275
906261.302290979
922511.728855217
939046.7209616625
955865.6160205991
972967.6847439286
990352.1418392679
1.0080181435478849e6
1.0259648035805656e6
1.0441911698059938e6
1.0626962651126452e6
1.081479057311802e6
1.100538476353943e6
1.1198734156253836e6
1.1394827352086208e6
1.1593652633834481e6
1.179519796759126e6
1.1999451109810788e6
1.2206399541514274e6
1.2416030546951639e6
1.2628300490409818e6
1.2843288414248845e6
1.3060889004682978e6
1.3281119544271787e6
1.3503966697047004e6
1.3729416802153373e6
1.395745625252923e6
1.418807155274881e6
1.442124885077541e6
1.4656974492585945e6
1.4895234928737567e6
1.5136016439258123e6
1.5379305097091843e6
1.5625087644563145e6
1.5873350416701806e6
1.612407997200332e6
1.6377262947040326e6
1.663288605116341e6
1.68909360063672e6
1.7151399862892258e6
1.7414264628552978e6
1.7679517743878127e6
1.7947145780153652e6
1.8217136964101028e6
1.8489478675381788e6
1.8764158674015077e6
1.9041164938321642e6
1.932048563553077e6
1.9602108992119369e6
1.9886023320379907e6
2.0172217533791435e6
2.0460680594938728e6
2.0751401081513036e6
2.1044368531197864e6
2.133957234413525e6
2.163700210425575e6
2.1936647646695697e6
2.2238498934261166e6
2.254254623722654e6
2.284877997420137e6
2.3157190651898934e6
2.3467769257580917e6
2.378050667072969e6
2.4095394207531274e6
2.4412423035049182e6
2.4731585372888823e6
2.5052872446737457e6
2.5376276467500897e6
2.5701789647035035e6
2.6029404390842826e6
2.6359113265573094e6
2.669090909058828e6
2.7024784870879548e6
2.7360733630222045e6
2.7698748843082134e6
2.803882400167096e6
2.8380952812403734e6
2.8725129198752614e6
2.907134705485284e6
2.9419600781729803e6
2.9769884728133446e6
3.0122193450117386e6
3.047652166328418e6
3.083286428700498e6
3.119121633031427e6
3.15515730686991e6
3.1913929794860296e6
3.2278282028695387e6
3.264462543534028e6
3.301295581637499e6
3.3383269098428707e6
3.375556137435014e6
3.4129828829852976e6
3.4506067847148255e6
3.488427490285243e6
3.5264446549237445e6
3.5646579565145783e6
3.6030670777800223e6
3.641671715733188e6
3.6804715791918878e6
3.7194663865145277e6
3.7586558942829473e6
3.7980397762265494e6
3.837617836294176e6
3.8773898349687187e6
3.9173555358750485e6
3.957514720661034e6
3.997867181404584e6
4.038412718719327e6
4.0791511385054467e6
4.1200822677516285e6
4.16120592511883e6
4.202521947679952e6
4.244030178372611e6
4.2857305107872505e6
4.32762271932053e6