520030.0600398921
520029.81825699995
520025.0102932571
520019.7542739789
520013.77973885986
520008.290800189
520004.79084685666
520005.2982893423
520011.9624129494
520027.2805082054
520054.11870223144
520095.60787074023
520155.1812952092
520236.45159809326
520343.4396193535
520480.3043202518
520651.4596938258
520861.6010068252
521115.3994785722
521418.12351169344
521775.14434037963
522191.27238574275
522672.4955301966
523224.35687662475
523852.58105857135
524563.1757061519
525361.7724389448
526255.0985927982
527248.6063127326
528348.6704596458
529561.4696818036
530893.2053726777
532350.0853621206
533938.3262691194
535664.1037308611
537533.5947175991
539552.9338505586
541728.2033938173
544065.4589644615
546570.2158536348
549249.5386578814
552108.1300847284
555152.0720097129
558387.021248831
561818.4280242625
565451.758806958
569292.3563095522
573345.3351917138
577615.8441591063
582108.7665327563
586828.9221519637
591780.9913468948
596969.510103602
602398.8733832634
608073.3315571458
613997.0021957125
620173.8493192127
626607.6862752382
633302.1673561973
640260.833524147
647487.0370069914
654983.9999097845
662754.7841881291
670802.3135612722
679129.3519642714
687738.50965287
696632.2553940794
705812.9290908712
715282.6602432886
725043.5156089417
735097.3725964957
745445.9748385758
756090.92904195
767033.7044350569
778275.6312303317
789817.9103558488
801661.614851499
813807.6839907456
826256.9356991809
839010.0642538688
852067.646461969
865430.1432482171
879097.8944190482
893071.1428281886
907350.0141469461
921934.5336794145
936824.6259060435
952020.1180501109
967520.7435821731
983326.1454018718
999435.8787573006
1.0158494157149736e6
1.032566149260666e6
1.0495853924464467e6
1.0669063873302666e6
1.0845283070873553e6
1.102450249460682e6
1.1206712619538656e6
1.1391903232853357e6
1.1580063570745208e6
1.1771182336321285e6
1.1965247723646595e6
1.216224746996019e6
1.2362168852378451e6
1.2564998786806262e6
1.2770723629993766e6
1.2979329696160122e6
1.319080265137019e6
1.3405128932674932e6
1.3622291332273972e6
1.3842277295070188e6
1.4065070766341789e6
1.4290656389960884e6
1.4519018600620562e6
1.4750141690582857e6
1.498400983857993e6
1.5220607058722791e6
1.545991752633976e6
1.5701924993191469e6
1.5946613486732554e6
1.6193966852154464e6
1.6443969041263608e6
1.6696603800892662e6
1.695185525803805e6
1.7209707319215876e6
1.7470144073491876e6
1.7733149646942953e6
1.799870828405503e6
1.8266804317700472e6
1.8537422189464823e6
1.8810546497822602e6
1.908616199357106e6
1.9364253431477058e6
1.9644806006888326e6
1.9927804820374374e6
2.021323543864196e6
2.0501082951116292e6
2.0791333559500023e6
2.108397306846598e6
2.137898762171765e6
2.1676363568056487e6
2.1976087472445313e6
2.2278146137459334e6
2.2582526513622343e6
2.288921595278698e6
2.319820178838138e6
2.35094717193838e6
2.382301368207898e6
2.413881582887181e6
2.4456866518699145e6
2.477715437243825e6
2.5099668228288414e6
2.542439717302666e6
2.5751330541056013e6
2.6080457884135405e6
2.641176889848072e6
2.6745253799754754e6
2.7080902548729787e6
2.741870616195225e6
2.7758654723539306e6
2.8100739474765486e6
2.844495152723481e6
2.8791282309059836e6
2.913972341933302e6
2.9490266706141587e6
2.984290427251735e6
3.019762819732264e6
3.0554431161774383e6
3.091330576270722e6
3.1274245154815917e6
3.163724195165744e6
3.2002289682337516e6
3.2369381838118983e6
3.2738512139139427e6
3.3109674435848063e6
3.3482862795704682e6
3.3858071472970718e6
3.423529491375869e6
3.4614527746827547e6
3.499576465725925e6
3.537900075043289e6
3.576423107132541e6
3.6151450723013133e6
3.65406554753917e6
3.693184075545013e6
3.7325002389546717e6
3.772013621161036e6
3.8117238348902278e6
3.8516304953775927e6
3.8917332374058394e6
3.932031711328472e6
3.9725255735673113e6
4.0132145044611823e6
4.0540981862633107e6
4.0951763218112746e6
4.1364486215221332e6
4.1779148083294947e6
4.219574617677673e6
4.261427797794516e6
4.303474101089095e6