221502.32771727483
221577.17007005023
221776.8809666164
222101.81913836306
222552.56051371666
223129.90722140105
223834.8623895932
224668.67481362383
225632.76030789356
226728.7041892819
227958.37476574344
229323.73352855438
230826.9680504087
232470.36901047826
234256.46134644147
236187.85537405504
238267.28402202303
240497.62265059224
242881.83942177292
245423.0264158761
248124.3027007804
250988.90293207788
254020.1016075579
257221.23000927316
260595.64919325255
264146.698005556
267877.825526181
271792.4113570005
275893.84239231393
280185.471520351
284670.6630588611
289352.71339340875
294234.877844603
299320.36744655983
304612.3220464692
310113.83637677936
315827.9267903807
321757.49355946924
327905.4106820811
334274.4347161652
340866.9440235651
347686.3545365888
354734.30209784536
362013.4533131915
369526.04852645943
377274.2625199932
385260.1674130636
393485.7104955124
401952.7333580182
410662.96877811634
419618.0506616484
428819.50227906054
438268.736588475
447967.0605204559
457915.68859866145
468115.72000385553
478568.1565593638
489273.90256411285
500233.766792134
511448.4575144097
522918.5983196548
534644.7146374455
546627.2503720409
558866.5602967562
571362.9209808304
584116.5256830791
597127.4923516726
610395.865085082
623921.6175706965
637704.6519722107
651744.8117591492
666041.8723091157
680595.5498899454
695405.5104239052
710471.3561833419
725792.6447494698
741368.8840265898
757199.5362666901
773284.0208189217
789621.7168156791
806211.965680937
823054.073709358
840147.3144177641
857490.9311916262
875084.1419203796
892926.1277307444
911016.0626878554
929353.0900427396
947936.3336619742
966764.9012989113
985837.8872425843
1.0051543693025215e6
1.0247134132287788e6
1.0445140779137171e6
1.0645554109032429e6
1.0848364555829505e6
1.1053562461154368e6
1.126113812386421e6
1.1471081934018722e6
1.1683384085273608e6
1.1898034873626397e6
1.2115024623473324e6
1.2334343630233188e6
1.2555982244024624e6
1.2779930854747174e6
1.3006179903268588e6
1.3234719908725426e6
1.3465541410835157e6
1.3698635084006602e6
1.3933991656501642e6
1.4171601921046209e6
1.4411456826832588e6
1.4653547391748282e6
1.4897864733836597e6
1.51444000831829e6
1.539314482486307e6
1.5644090464045387e6
1.5897228499927474e6
1.6152550667710025e6
1.6410048936614285e6
1.666971525028239e6
1.693154172963772e6
1.7195520598619224e6
1.7461644417057105e6
1.772990558207982e6
1.800029689687994e6
1.8272811082096307e6
1.8547441238429837e6
1.8824180365958663e6
1.9103021785168909e6
1.9383958935825643e6
1.966698536556355e6
1.9952095567676576e6
2.023928098371244e6
2.05285380373843e6
2.0819859981098445e6
2.111324122777453e6
2.1408676154827205e6
2.1706159219613606e6
2.2005685268519176e6
2.230724908963578e6
2.261084564952275e6
2.2916470046401015e6
2.3224117529351334e6
2.3533783477593837e6
2.384546338801204e6
2.415915289822242e6
2.447484775671061e6
2.4792543871354517e6
2.511223723545029e6
2.5433923971926854e6
2.5757600333734136e6
2.608326269009779e6
2.6410907514820714e6
2.674053140108156e6
2.7072131052343e6
2.7405703278865735e6
2.774124501220689e6
2.807875326144816e6
2.841822516458807e6
2.8759657939594886e6
2.9103048900781428e6
2.9448395525499806e6
2.9795695264468943e6
3.0144945758650783e6
3.0496144706610097e6
3.084928999895135e6
3.120437918872036e6
3.1561410571060237e6
3.192038206066431e6
3.2281291101825614e6
3.264413794867446e6
3.3008918825697964e6
3.337563276420718e6
3.374427819354513e6
3.411485361329324e6
3.44873575864998e6
3.4861788741824096e6
3.5238145786226112e6
3.5616427453205176e6
3.5996632602548203e6
3.637876011111291e6
3.6762808906241376e6
3.7148777997058937e6
3.7536666580144027e6
3.79264733524004e6
3.8318197862354964e6
3.871183926466234e6
3.910739674418575e6
3.9504869644981883e6
3.9904257317334907e6
4.0305559170616996e6
4.0708774645240754e6
4.11139032469623e6
4.152094447302157e6
4.192989795702057e6
4.234076325830751e6
4.2753540031134635e6
4.316822797012327e6
4.358482679259359e6