437846.5370615711
437863.1131316573
437907.6188684166
437980.4688246806
438082.55693298375
438215.01300216577
438379.3193711561
438577.2472255424
438813.18248316896
439082.6580716696
439395.07710561244
439751.1917867936
440154.20372370846
440607.4944178226
441114.8099465017
441680.0494204448
442307.3254464812
443000.9957599071
443765.48908264906
444605.62317250116
445526.2939005921
446532.29663579195
447628.8629952437
448821.2126205697
450113.90820764477
451514.666321531
453026.6124378038
454656.24651290587
456408.965604886
458290.448114757
460306.34715455835
462462.2843283816
464763.90106147324
467216.80343411915
469826.58380657673
472598.307105832
475538.90625176864
478652.3931834553
481944.61174504407
485420.8452095788
489086.32456305757
492946.1628375223
497005.38306250464
501268.9214895361
505741.5660856984
510428.0086080847
515332.86600831564
520460.5342694639
525815.4187088658
531401.6602818453
537223.3301803278
543284.4176596502
549588.5472342061
556139.5222426173
562940.8025486232
569995.7468666038
577307.5808726042
584879.3658841557
592714.0427871009
600814.3934799291
609183.2091227944
617822.535398724
626735.1790075379
635923.2023682762
645388.6822003964
655133.5443481074
665159.5808263647
675468.4519434138
686061.6955939122
696940.6909897374
708106.7099001139
719560.890232356
731304.2439329165
743337.6654645943
755661.9257786013
768277.6842066239
781185.4839367874
794385.7608892047
807878.8379822976
821664.9426419126
835744.1976333491
850116.6286545439
864782.1675435517
879740.6557018486
894991.8471074218
910535.411825669
926370.9392679812
942497.9416022566
958915.8569462469
975624.0535189884
992621.8306779617
1.0099084257205954e6
1.0274830169890614e6
1.0453447120850106e6
1.0634925865574756e6
1.081925649031059e6
1.1006428631397183e6
1.1196431483779035e6
1.138925383185374e6
1.158488400527824e6
1.1783310145994953e6
1.1984519820173946e6
1.2188500441305279e6
1.2395239140662258e6
1.2604722672742065e6
1.281693772302257e6
1.3031870701093806e6
1.3249507751567583e6
1.3469835077285501e6
1.3692838451712192e6
1.3918503762921062e6
1.414681676846731e6
1.437776301883824e6
1.4611328201666796e6
1.4847497815358853e6
1.5086257611418418e6
1.5327592543190254e6
1.5571488729470272e6
1.581793151218405e6
1.6066906578227729e6
1.6318399562576178e6
1.6572396258556705e6
1.682888236036196e6
1.7087843954150875e6
1.734926698072347e6
1.76131376164013e6
1.787944211145932e6
1.8148166885144988e6
1.841929860206909e6
1.8692823609535631e6
1.8968729124331446e6
1.9247002074921622e6
1.9527629546496216e6
1.9810599069576366e6
2.0095898082559747e6
2.0383514540240136e6
2.0673435969549238e6
2.0965650785498987e6
2.1260147330558663e6
2.1556914070785604e6
2.185593973071646e6
2.215721326161012e6
2.246072386003604e6
2.2766460803111047e6
2.3074413719960395e6
2.3384572338845013e6
2.3696926719422853e6
2.401146698625408e6
2.4328183619652996e6
2.4647067209832408e6
2.4968108592282096e6
2.529129884546035e6
2.56166292655693e6
2.5944091157459565e6
2.627367632789232e6
2.6605376646714043e6
2.693918422386358e6
2.7275091176242745e6
2.7613090187024027e6
2.7953173847404486e6
2.8295335037078974e6
2.8639566812905455e6
2.898586246785425e6
2.9334215432717633e6
2.9684619341777763e6
3.0037068012766875e6
3.039155542363768e6
3.074807577686111e6
3.1106622527794135e6
3.146719282454412e6
3.1829778737538066e6
3.2194375978791798e6
3.2560979563886244e6
3.292958469570263e6
3.3300186678500106e6
3.3672781005505025e6
3.4047363299629153e6
3.44239293779641e6
3.4802475172712794e6
3.518299667986734e6
3.556549018301211e6
3.594995198470065e6
3.6336378579395437e6
3.6724766571073816e6
3.711511303466951e6
3.7507414383612755e6
3.7901667237998066e6
3.829786922432845e6
3.869601754884654e6
3.9096109449363523e6
3.9498142331751795e6
3.9902113752955343e6
4.030802134661511e6
4.0715862813631515e6
4.1125636098198635e6
4.1537339033006052e6
4.195096967396263e6
4.236652615641622e6
4.278400665234936e6
4.320340981856953e6