624779.622892965
624757.6838015304
624699.3544562426
624605.205655376
624478.4124089447
624313.728997854
624118.889063042
623894.8835721508
623642.9521207308
623366.0613906923
623067.2606443221
622749.8560861816
622417.4268221265
622073.8488867672
621723.3326690891
621370.3308316763
621019.4861293809
620675.8170097697
620344.2287602886
620030.3709239092
619739.8693941084
619478.182539031
619251.3565485318
619065.4193606393
618926.557232366
618841.1326392357
618815.238072889
618856.3648583781
618969.9032284451
619163.1587950444
619442.689554626
619815.2504004531
620287.5981246305
620866.5449757478
621558.5337802339
622371.0400213215
623310.6291976675
624383.8713904173
625596.9581888085
626957.0756140216
628470.8091722047
630144.5864229279
631984.8263369816
633997.9053610844
636190.0712448829
638567.4805927295
641136.2456916501
643902.3052581595
646871.5320426031
650049.6295152628
653442.2278972233
657054.8010584781
660892.7189588022
664961.1616653313
669265.3031548965
673809.8818834274
678600.0896315831
683640.2214857509
688934.9046364789
694488.5084407586
700305.2315655099
706389.1447064374
712744.1377736975
719374.0010544426
726282.2826615183
733473.3192570052
740947.8201273043
748711.4918833997
756766.4641295117
765115.5583481358
773761.4526532163
782706.6021483318
791953.5842560842
801504.4200399984
811361.2444687972
821525.9887255223
832000.4326611075
842786.2134715749
853884.8280363216
865297.6305219261
877025.842912638
889070.5491172256
901432.6942253495
914113.1072765273
927112.4779693469
940431.3770903909
954070.2508049742
968029.427960467
982309.1211831636
996909.4301965486
1.0118303450141936e6
1.0270717492285206e6
1.0426334235912911e6
1.0585150478417855e6
1.0747162065387843e6
1.091236390158374e6
1.1080749993981575e6
1.1252313488304168e6
1.1427046705849594e6
1.160494115591998e6
1.1785987610526597e6
1.1970176066314508e6
1.2157495900438824e6
1.2347935787089977e6
1.2541483754928878e6
1.273812729912443e6
1.2937853388923882e6
1.3140648177802358e6
1.3346498573133517e6
1.355538832130082e6
1.3767302562355804e6
1.398222731179488e6
1.4200146071262797e6
1.4421042867956336e6
1.4644900942472927e6
1.4871703980626678e6
1.510143488105371e6
1.5334076504016912e6
1.556961153246505e6
1.5808022365053245e6
1.6049291373969836e6
1.6293400803299472e6
1.65403325681413e6
1.6790068910167569e6
1.7042591697012766e6
1.7297882880954607e6
1.7555924444147316e6
1.781669826548305e6
1.8080186345141057e6
1.8346370600090774e6
1.861523318741826e6
1.888675617536458e6
1.9160921858394016e6
1.9437712558579082e6
1.9717110707060022e6
1.9999098230605111e6
2.028366017352359e6
2.0570776821720442e6
2.0860432289398315e6
2.1152609715254614e6
2.1447292605689825e6
2.1744464599267915e6
2.2044109577281456e6
2.2346211407711077e6
2.265075442774391e6
2.2957723133676015e6
2.32671022586089e6
2.357887678597297e6
2.3893031933340603e6
2.420955312215948e6
2.452842603997388e6
2.484963667212923e6
2.517317121664678e6
2.5499016167190927e6
2.5827158166091912e6
2.6157584303051215e6
2.64902818470135e6
2.6825238067254857e6
2.716244090154307e6
2.7501878658666867e6
2.78435392791355e6
2.818741142765963e6
2.8533483942545485e6
2.888174590681051e6
2.923218663511326e6
2.9584795842671026e6
2.9939563271559556e6
3.029647903239014e6
3.0655533595093754e6
3.101671747494188e6
3.1380021561813527e6
3.174543692909043e6
3.211295492629557e6
3.2482567190423165e6
3.2854265457548555e6
3.322804180826895e6
3.360388849915138e6
3.3981798052896047e6
3.4361763199496125e6
3.474377674433612e6
3.5127832020120737e6
3.5513922343067876e6
3.590204099414809e6
3.629218214531956e6
3.668433954648772e6
3.707850742467239e6
3.7474680390543113e6
3.787285246415583e6
3.827301857210865e6
3.8675173622041973e6
3.9079312844444583e6
3.9485431301162974e6
3.9893524516974553e6
4.0303588014390315e6
4.071561760420962e6
4.1129609149553156e6
4.1545558700354514e6
4.196346247110773e6
4.238331687633939e6
4.280511834733931e6