477652.2055879915
477659.83539311634
477680.40532259876
477714.40913066536
477762.76197424834
477826.61490216467
477907.48464621464
478007.2737658649
478128.08364860376
478272.34573311463
478442.83226506773
478642.5964239453
478874.99448309036
479143.45687422913
479451.8677637145
479804.3968657033
480205.1758310287
480658.8977687105
481169.7391594843
481743.17548675137
482384.13927259075
483097.6029428112
483889.019746045
484763.83476099034
485727.5604900231
486785.9858426335
487944.6411484934
489209.60498752247
490586.49298526207
492081.27735026565
493699.89216881734
495448.2451320024
497332.2778438034
499357.90630806587
501531.02009594685
503857.49263971765
506343.3258410782
508993.75172469916
511815.0204674499
514812.56375055143
517991.9700743428
521358.6987599393
524918.1327023592
528675.5568933074
532636.1326640507
536804.9097486832
541186.8849806444
545786.8115888637
550609.4705564285
555659.3788092124
560940.979542414
566458.5841430093
572216.3528630248
578218.3006226171
584468.314932833
590970.1258280396
597727.3282870852
604743.354485598
612021.5064242756
619564.9281841258
627376.620214707
635459.428369751
643816.0607513399
652449.0764167142
661360.8901303967
670553.755366714
680029.8025433011
689791.0116999559
699839.2234759292
710176.1315873112
720803.305303643
731722.1785825905
742934.0433011872
754440.0704809774
766241.2982766263
778338.6434173073
790732.899202471
803424.739610017
816414.7232472899
829703.2939897398
843290.7879581498
857177.4325902513
871363.3523246914
885848.5704978355
900633.0136720033
915716.5143005096
931098.8144063207
946779.5687501909
962758.3483467901
979034.6439943447
995607.8683818451
1.0124773617667404e6
1.029642398037286e6
1.0471021666832718e6
1.064855820528672e6
1.0829024319915208e6
1.1012410251476099e6
1.1198705607820458e6
1.1387899630270465e6
1.1579980966829164e6
1.1774937879761588e6
1.1972758187071935e6
1.2173429335668304e6
1.2376938421698613e6
1.2583272175017898e6
1.2792417077596742e6
1.3004359328299284e6
1.3219084763433076e6
1.3436579275324433e6
1.365682814847471e6
1.3879816907530366e6
1.410553069346027e6
1.4333954482461894e6
1.4565073347653733e6
1.4798872104946794e6
1.5035335581119978e6
1.5274448511788666e6
1.5516195657099439e6
1.5760561708537703e6
1.600753144361883e6
1.6257089525102538e6
1.6509220981700886e6
1.6763910331234438e6
1.7021142737224025e6
1.7280903100004506e6
1.7543176548681278e6
1.7807948280694566e6
1.8075203609052585e6
1.8344927985897562e6
1.8617106965657684e6
1.8891726335857639e6
1.9168771967882027e6
1.9448229816965305e6
1.9730086247083133e6
2.0014327570381665e6
2.0300940553348598e6
2.0589911557752853e6
2.088122784517542e6
2.1174876577937766e6
2.147084510844081e6
2.176912101338397e6
2.2069691977069126e6
2.2372546138260616e6
2.2677671637207493e6
2.2985056953173894e6
2.329469075185146e6
2.360656184770219e6
2.392065938187454e6
2.4236972679365687e6
2.4555491283910377e6
2.487620495963229e6
2.5199103698166814e6
2.5524177717666943e6
2.585141745259205e6
2.6180813573202505e6
2.6512356955471123e6
2.6846038736521187e6
2.7181850078931595e6
2.751978270590994e6
2.78598282695415e6
2.8201978734405027e6
2.8546226339993044e6
2.88925632392806e6
2.9240982235231567e6
2.959147603991645e6
2.9944037625621418e6
3.0298660157968914e6
3.0655337034087772e6
3.1014061758988467e6
3.1374828193913256e6
3.173763048070058e6
3.2102462153538596e6
3.2469317823101883e6
3.2838191975208265e6
3.320907923606632e6
3.358197443711953e6
3.395687254524496e6
3.4333768725833404e6
3.4712658314503934e6
3.5093536678444003e6
3.5476399539858107e6
3.5861242689240607e6
3.624806182431975e6
3.663685325073917e6
3.7027613316467474e6
3.7420338224587594e6
3.7815023733427e6
3.821166736141141e6
3.861026555443103e6
3.9010815180072845e6
3.9413313198770112e6
3.9817756741418135e6
4.022414302759282e6
4.0632469361759084e6
4.104273321492354e6
4.1454932143809577e6
4.1869063788038003e6
4.228512591124654e6
4.270311638154412e6
4.312303315056706e6