154048.3717793452
154145.42994434718
154404.3512997937
154825.40646223119
155409.02395986434
156155.83776221523
157066.58429637592
158142.1651725961
159383.73457323085
160792.44509294163
162369.6759963024
164116.9069991546
166035.7965391075
168128.0549325
170395.52069259196
172840.13782216638
175463.94958410243
178269.03949439136
181257.6132607099
184431.89915744943
187794.1572092314
191346.75623184844
195092.02624044707
199032.33567334025
203170.1225465291
207507.71237868344
212047.5242879524
216791.90362457687
221743.2112273316
226903.74614578026
232275.7930035487
237861.57483956905
243663.28692287562
249683.03562022164
255922.89133701636
262384.85447051027
269070.86108817917
275982.76069437066
283122.33857553784
290491.2848616282
298091.23199035897
305923.71447736066
313990.1857222931
322292.0072786009
330830.46769117174
339606.7629217094
348622.0050683647
357877.21108215716
367373.32532627595
377111.1976350313
387091.6016760913
397315.22538981505
407782.67723911745
418494.486985573
429451.1068415298
440652.91398193495
452100.2127170389
463793.2385947634
475732.15465311334
487917.0608302409
500347.99301519414
513024.9251153486
525947.7726447118
539116.394515143
552530.5968176053
566190.1330513749
580094.7091997081
594243.9839481255
608637.5741153513
623275.0517680747
638155.9543628062
653279.7803530742
668645.994621032
684254.030060756
700103.2900739379
716193.1504423409
732522.9617522378
749092.0512181767
765899.724728731
782945.2688510844
800227.9526393189
817747.0293394445
835501.7382233143
853491.3065663078
871714.9507233454
890171.8765786507
908861.2851086995
927782.3682123031
946934.3147816735
966316.3087068597
985927.5328785527
1.0057671668628725e6
1.0258343906524894e6
1.0461283861518288e6
1.066648335254483e6
1.0873934253392653e6
1.1083628440308732e6
1.1295557852340254e6
1.150971448027675e6
1.1726090363188814e6
1.194467761461116e6
1.2165468417287215e6
1.2388455029334244e6
1.2613629796229047e6
1.284098514649447e6
1.3070513600689513e6
1.330220778606573e6
1.3536060407370925e6
1.3772064300330854e6
1.401021239040392e6
1.4250497710966987e6
1.4492913414568172e6
1.4737452782732663e6
1.4984109188591528e6
1.5232876136070278e6
1.5483747237137994e6
1.5736716239187773e6
1.5991777031637128e6
1.6248923530659303e6
1.6508149876865959e6
1.6769450334188975e6
1.703281923786175e6
1.7298251066916464e6
1.7565740430268748e6
1.783528204587053e6
1.810687077514328e6
1.8380501586235159e6
1.8656169564990853e6
1.8933869927405969e6
1.9213598052224426e6
1.9495349343205513e6
1.9779119401884535e6
2.0064903929255852e6
2.0352698700262248e6
2.0642499602905589e6
2.0934302759280838e6
2.1228104280652497e6
2.1523900422500614e6
2.1821687561099473e6
2.21214621730375e6
2.2423220816091076e6
2.2726960192327974e6
2.3032677081456613e6
2.3340368380671917e6
2.3650031083027804e6
2.396166225965982e6
2.4275259097545473e6
2.4590818873648765e6
2.490833895061435e6
2.522781679899656e6
2.5549249956583e6
2.5872636045858217e6
2.619797283019579e6
2.652525806812066e6
2.685448966302848e6
2.7185665586254913e6
2.7518783870243295e6
2.78538426417388e6
2.8190840094614318e6
2.852977449936154e6
2.8870644196084165e6
2.9213447595950784e6
2.9558183161177253e6
2.990484946971466e6
3.025344512926633e6
3.060396878450438e6
3.095641918858991e6
3.131079518832869e6
3.166709546782273e6
3.2025319056311604e6
3.2385465042380793e6
3.27475322470413e6
3.311151986151548e6
3.3477426953448956e6
3.3845252814653115e6
3.421499648391476e6
3.458665732495371e6
3.4960234653064525e6
3.5335727834193995e6
3.5713136271391315e6
3.6092459411111292e6
3.6473696862081056e6
3.6856847975955745e6
3.724191226015741e6
3.7628889492107425e6
3.8017779256179268e6
3.8408581226626905e6
3.8801295089245634e6
3.919592063073572e6
3.9592457621413562e6
3.9990905825724956e6
4.03912650999791e6
4.0793535308579747e6
4.1197716338861883e6
4.1603808112947783e6
4.201181057060971e6
4.242172368314587e6
4.283354728451754e6
4.324728170815621e6
4.366292683793314e6