553500.7894482865
553492.5279551251
553470.6765811458
553435.8172345384
553388.8749534414
553331.0828404609
553263.7605241437
553189.612875475
553110.17418413
553028.2104358904
552946.6518455497
552868.7004190828
552797.835946804
552737.7596572501
552692.5734828563
552666.5492917746
552664.1588603411
552690.2393368452
552749.5325811721
552847.4426142545
552989.3622822919
553180.5685851526
553426.8404579406
553733.9666423396
554107.8580422112
554554.5905080169
555080.0157287249
555691.0830657467
556393.3258415696
557193.3544242408
558097.5057033641
559112.1844930286
560243.7939377642
561498.7528614769
562883.4507785485
564404.2738775994
566067.5821052712
567879.6764087022
569846.8656339839
571975.1990703784
574270.9619134424
576740.1658582295
579388.7715434135
582222.67094763
585247.6349255206
588469.3248685399
591893.3594574
595525.1481840905
599370.0792253591
603433.3178229007
607719.9584232083
612234.9574422764
616983.1289097103
621969.1419429913
627197.5364980991
632672.7024895995
638398.8922010862
644380.1943570739
650620.5615658426
657123.7948137905
663893.5379094315
670933.2881662052
678246.3871903111
685836.0348202888
693705.2715030197
701856.971420869
710293.8810290577
719018.5858473203
728033.5231183056
737340.9712973471
746943.0797761199
756841.8411919313
767039.1062568352
777536.5892305565
788335.8504495034
799438.3246838581
810845.3043568536
822557.9512727812
834577.2940774482
846904.2328624608
859539.5442611205
872483.8814085933
885737.769942367
899301.6318228489
913175.7640625276
927360.3565263624
941855.49060552
956661.1432585553
971777.1898183622
987203.4079529587
1.0029407863472989e6
1.0189849964350044e6
1.0353394620628593e6
1.0520022943369008e6
1.0689728315608639e6
1.0862503333737662e6
1.1038339851262341e6
1.1217229014536943e6
1.1399161299644094e6
1.1584126527216556e6
1.177211392259054e6
1.1963112126313248e6
1.215710924858938e6
1.2354092883193707e6
1.2554050127032949e6
1.2756967652480719e6
1.2962831766511188e6
1.3171628202197822e6
1.3383343369891788e6
1.3597960084266788e6
1.3815465558607425e6
1.4035843612382673e6
1.4259078584198742e6
1.448515470058287e6
1.4714055864423155e6
1.4945765902104988e6
1.5180268407541476e6
1.5417546965649459e6
1.5657584943826767e6
1.5900365777221262e6
1.6145872698482072e6
1.639408904883337e6
1.6644997904515688e6
1.689858270242706e6
1.7154826625526736e6
1.7413713015496486e6
1.7675225224845877e6
1.7939346687733915e6
1.820606094485959e6
1.8475351547937673e6
1.8747202296306049e6
1.9021597024467501e6
1.9298519611593538e6
1.9577954341734825e6
1.9859885408018616e6
2.0144297462815933e6
2.043117462865841e6
2.0720502191504645e6
2.1012265029091164e6
2.1306448303227043e6
2.1603037418434867e6
2.1902017986628786e6
2.220337584456017e6
2.250709704678874e6
2.2813167881641593e6
2.312157481361407e6
2.343230457418677e6
2.3745344152509393e6
2.4060680763773606e6
2.4378301858203495e6
2.469819528004871e6
2.5020348582036765e6
2.5344750132052656e6
2.567138837563176e6
2.600025190934016e6
2.6331329698379203e6
2.6664610981958997e6
2.700008482168517e6
2.7337741207636325e6
2.7677569861714425e6
2.801956117537595e6
2.8363705000484195e6
2.8709992207478685e6
2.905841359424981e6
2.9408960238329787e6
2.976162341700069e6
3.0116394650527956e6
3.047326571219429e6
3.0832228527619517e6
3.1193275314836837e6
3.1556398483445863e6
3.1921590616201605e6
3.228884458098388e6
3.265815342475996e6
3.302951033738497e6
3.340290886098505e6
3.377834254539621e6
3.415580527752522e6
3.4535291111615845e6
3.4916794120060108e6
3.5300308953031804e6
3.568583008341303e6
3.607335201455975e6
3.6462870075465757e6
3.685437917864009e6
3.7247874653505497e6
3.7643351894761464e6
3.804080651326062e6
3.8440234277850483e6
3.8841631063123234e6
3.92449929276836e6
3.9650316082719928e6
4.0057596888784096e6
4.046683179115613e6
4.087801743480283e6
4.129115056659935e6
4.1706228070483543e6
4.2123246913130665e6
4.25422042910339e6
4.296309740028769e6