304380.3534423729
304430.7570456152
304565.32262649323
304784.49811174505
305088.97554153955
305479.73101855576
305957.9965241871
306525.3021724985
307183.33845725626
307934.12632627453
308779.85671298817
309723.0363107975
310766.2864070995
311912.4700629529
313164.6901543042
314526.16349442204
316000.3478524513
317590.69709059165
319301.0252561832
321135.17632619693
323097.04264534055
325190.8046120098
327420.47937000415
329790.36212167394
332304.719301621
334967.89457599935
337784.2404954672
340758.22014478093
343894.1740746396
347196.51570092654
350669.6665077608
354318.01177698077
358145.8460191027
362157.5131185048
366357.25096705765
370749.2552806089
375337.6515877484
380126.482413539
385119.71490135975
390321.2333557895
395734.81662309694
401364.16154146317
407212.83797507384
413284.33409546054
419581.9865933784
426109.04327471316
432868.6513124266
439863.8054562287
447097.39105416776
454572.1673433941
462290.76505602483
470255.7003415751
478469.34350345813
486933.9527879095
495651.661931271
504624.47053593496
513853.87286447745
523342.769041768
533091.6456855444
543102.3931116704
553376.4003938483
563914.9437365348
574719.1746479322
585790.1458700681
597128.7884724564
608735.9231939225
620612.270719402
632758.4478988573
645174.9721988196
657862.2604264622
670820.6379258593
684050.3407389577
697551.5137835266
711324.2167941018
725368.4287416113
739684.0503170802
754270.9050591986
769128.7445856463
784257.2521019448
799656.0438738638
815324.6730429393
831262.6332421451
847469.3608484393
863944.2384361471
880686.5976557919
897695.7220512828
914970.850839335
932511.1782237194
950315.8628919965
968384.0231388587
986714.7469711379
1.0053070869046688e6
1.0241600628417081e6
1.0432726865146338e6
1.062643920726723e6
1.0822727136503083e6
1.1021580027913083e6
1.1222987051976305e6
1.1426937179836952e6
1.1633419254136942e6
1.18424220228837e6
1.2053934096206215e6
1.2267944057721356e6
1.2484440398570118e6
1.2703411551810238e6
1.2924845952676807e6
1.3148732001551578e6
1.3375058054870926e6
1.360381261537789e6
1.383498401181263e6
1.4068560749116354e6
1.4304531379596554e6
1.4542884446911574e6
1.4783608627526488e6
1.502669259874848e6
1.5272125318102718e6
1.551989541520975e6
1.5769992133230264e6
1.6022404540068193e6
1.6277121875047558e6
1.6534133517290694e6
1.6793428947532582e6
1.7054997807924033e6
1.7318829882370036e6
1.7584915080831624e6
1.785324348817185e6
1.8123805322685814e6
1.839659097497389e6
1.867159098397304e6
1.8948796039016468e6
1.9228197029891855e6
1.9509784987788566e6
1.9793551069441703e6
2.0079486715677646e6
2.0367583438754787e6
2.0657832932695567e6
2.0950227122222634e6
2.1244758001850327e6
2.154141785409922e6
2.18401990334157e6
2.214109417171777e6
2.2444095945280874e6
2.274919729472862e6
2.3056391282986198e6
2.3365671169628454e6
2.3677030372079015e6
2.3990462451854087e6
2.4305961159016266e6
2.462352037555253e6
2.4943134259774615e6
2.5264796907583177e6
2.5588502729548314e6
2.591424631652433e6
2.624202233099803e6
2.6571825596508374e6
2.6903651116125975e6
2.7237494007135867e6
2.757334958954133e6
2.7911213244635216e6
2.8251080541659202e6
2.859294717708432e6
2.8936809024656494e6
2.9282661958529134e6
2.9630502155728503e6
2.9980325777916387e6
3.033212942129766e6
3.068590898613213e6
3.104166155465564e6
3.139938371632988e6
3.17590715076285e6
3.212072421331126e6
3.24843365092166e6
3.2849906372894864e6
3.321743100275893e6
3.358690784359318e6
3.395833424346254e6
3.433170787596458e6
3.4707026359455064e6
3.5084287466473747e6
3.5463489012715346e6
3.584462895483367e6
3.6227705290235e6
3.661271618778919e6
3.6999659778636172e6
3.738854503536405e6
3.777933825695291e6
3.8172069950026087e6
3.856672784211931e6
3.8963310595654137e6
3.936181679521664e6
3.976224524704404e6
4.0164594763844768e6
4.0568863823360493e6
4.0975051734144e6
4.1383157308627926e6
4.1793179637199556e6
4.22051177399484e6
4.261897077798059e6
4.303473795003304e6
4.345241847847189e6