150915.2443907082
151013.38709281877
151275.19882033972
151700.80421427402
152291.04919314527
153046.13020738945
153966.91429027563
155054.33509671738
156309.37180051222
157733.3232336027
159327.48386467
161093.33188662268
163032.43012267238
165146.5136338178
167437.38164006945
169906.91374310714
172557.14212966667
175390.10276472897
178407.9567251828
181612.8896716849
185007.1234282213
188592.93188659984
192372.70276999855
196348.66147521735
200523.21884839764
204898.65615651783
209477.33810691736
214261.55569147892
219253.6161390981
224455.7648145696
229870.23150561083
235499.18429071145
241344.76366963328
247409.01760653124
253693.97336768275
260201.56501880972
266933.6789954908
273892.11029030674
281078.5910857918
288494.7609488816
296142.1991691367
304022.3901013852
312136.73706926045
320486.55344008503
329073.0804679077
337897.46506668674
346960.7758753601
356263.98603515327
365807.9954559924
375593.6138444082
385621.57448349614
395892.5252497551
406407.03917085717
417165.6088677192
428168.65223916736
439416.51396177616
450909.4672505631
462647.7158586213
474631.3962725082
486860.580793528
499335.2797449088
512055.44324592815
525020.9640164571
538231.680087141
551687.3777806441
565387.792360689
579332.6129574486
593521.4827134125
607954.0042295624
622629.7365903963
637548.2059866289
652708.9001297111
668111.2748211984
683754.7548785284
699638.7368319351
715762.5906835785
732125.6622304104
748727.2749527826
765566.7319918661
782643.3181230739
799956.3013503377
817504.9350431529
835288.4591769754
853306.102547212
871557.0834301462
890040.6124988871
908755.892012246
927702.118958213
946878.4878609516
966284.1877411061
985918.4079910838
1.0057803336472805e6
1.0258691516290407e6
1.0461840528893699e6
1.0667242263644196e6
1.087488866787396e6
1.1084771714618572e6
1.129688342786819e6
1.151121589034351e6
1.1727761235468008e6
1.1946511674152683e6
1.2167459487262345e6
1.23905970346992e6
1.2615916764017907e6
1.2843411207426258e6
1.3073072991891496e6
1.33048948497208e6
1.3538869594325342e6
1.3774990168577547e6
1.401324960571653e6
1.425364104790151e6
1.449615776205292e6
1.474079313195945e6
1.4987540642516632e6
1.523639390614078e6
1.548734664353534e6
1.5740392711003448e6
1.5995526104187227e6
1.6252740848265607e6
1.6512031189450712e6
1.6773391495869104e6
1.703681620794984e6
1.7302299908537974e6
1.7569837308576533e6
1.7839423227770058e6
1.8111052627185998e6
1.8384720574680762e6
1.8660422254115206e6
1.8938152977186579e6
1.9217908216929522e6
1.9499683471850064e6
1.9783474435166782e6
2.006927689808972e6
2.0357086726333073e6
2.0646899896261748e6
2.0938712616535153e6
2.1232521082073245e6
2.1528321620561676e6
2.182611070641837e6
2.212588488934951e6
2.2427640806446564e6
2.2731375587430783e6
2.30370850694423e6
2.334476717112109e6
2.3654418711451003e6
2.3966036797479177e6
2.427961868514695e6
2.4595161719965655e6
2.4912663329058206e6
2.5232121047228994e6
2.5553532470856113e6
2.5876895307529364e6
2.620220734252153e6
2.652946642329993e6
2.6858670494196108e6
2.718981758500106e6
2.752290578635667e6
2.7857933280965206e6
2.8194898307507853e6
2.853379918859057e6
2.8874634313175012e6
2.921740214030372e6
2.956210117904806e6
2.990873005008745e6
3.025728740521682e6
3.060777193398608e6
3.096018242881824e6
3.131451777494733e6
3.1670776748294635e6
3.20289583323816e6
3.238906160805001e6
3.2751085571413683e6
3.311502938515889e6
3.348089215161857e6
3.3848673102338347e6
3.4218371488076122e6
3.4589986615433344e6
3.496351792162871e6
3.533896461941071e6
3.571632622865432e6
3.6095602222770606e6
3.647679211553464e6
3.685989551841838e6
3.724491185325296e6
3.7631840915572415e6
3.802068243809338e6
3.841143586967615e6
3.8804101042605494e6
3.9198677758766175e6
3.959516581048869e6
3.9993564980685837e6
4.0393875145255313e6
4.0796096185722197e6
4.12002280044754e6
4.1606270543090547e6
4.201422375531418e6
4.242408762417795e6
4.283586217003575e6
4.324954740511717e6
4.366514339774016e6