649824.0772611485
649797.6165147534
649727.1600792008
649613.3064033272
649457.6754593444
649259.7141017182
649019.8770252496
648748.6897979964
648439.3954456054
648097.6687513866
647726.5973721619
647329.5114108409
646910.0316114015
646472.0457928107
646019.8799458881
645557.9611879182
645091.0004123652
644624.0828956715
644162.1630322033
643710.9507379539
643276.1527917442
642863.2714471944
642478.4265588793
642127.7572750357
641817.479629447
641554.0628085891
641343.8215498043
641193.9235354498
641110.2433448201
641100.0985870981
641170.1064164793
641327.1521576574
641578.0868879475
641929.8421482351
642388.9724088105
642963.0596999315
643658.8461832142
644482.9963420609
645441.79864003
646542.5930886277
647792.1299141912
649196.9447491452
650763.6555754264
652498.7336011834
654408.5852842948
656499.1083962399
658777.8611575386
661249.6453535286
663920.925344057
666797.5868315934
669885.4037341069
673190.0492260307
676717.0478925386
680471.7796789163
684459.5259879673
688685.2915873394
693154.3827134378
697871.3329564636
702840.9208375149
708067.7064297772
713556.0781201308
719310.2860641637
725334.4183071076
731632.4274116778
738208.10164529
745065.9754411451
752206.7831775383
759636.5970270674
767357.6730796294
775373.0182954542
783685.4931630372
792297.8066874889
801212.5295275492
810432.0081157123
819958.5445279367
829794.2292094217
839941.0050288645
850400.688830709
861174.9373442174
872265.2710905608
883673.0721772271
895399.5808473192
907445.8939577277
919812.9922204065
932501.7088696822
945512.7562221892
958846.7173762228
972504.0536575065
986485.10550796
1.0007900958801308e6
1.0154191332851008e6
1.0303722149080284e6
1.0456492300970859e6
1.0612499623045032e6
1.0771740946223326e6
1.0934212109656194e6
1.109990800201021e6
1.1268822594633433e6
1.1440949000952388e6
1.1616279441882528e6
1.179480535633203e6
1.1976517030155838e6
1.21614054597463e6
1.2349458774041831e6
1.2540665840462847e6
1.273501449161536e6
1.2932492113728798e6
1.3133085238508717e6
1.333678094484652e6
1.3543563217527708e6
1.375341739012422e6
1.3966329570651448e6
1.4182283357453858e6
1.4401262692884337e6
1.4623251127324738e6
1.484823199645936e6
1.507618818467511e6
1.5307102425194033e6
1.5540957235290506e6
1.5777734815837354e6
1.601741756267643e6
1.6259986558958339e6
1.6505424346723037e6
1.6753712458540066e6
1.7004832430573658e6
1.7258765823521789e6
1.7515494133050316e6
1.7774998836013346e6
1.8037261443525797e6
1.8302263361133111e6
1.8569986234235095e6
1.8840411800672465e6
1.9113521289022851e6
1.938929668049139e6
1.966772020003938e6
1.9948772922805164e6
2.0232438201266113e6
2.051869742579784e6
2.0807533137987836e6
2.1098927951091207e6
2.1392864789981944e6
2.1689326570438957e6
2.198829616945251e6
2.22897573370349e6
2.2593693439020035e6
2.2900088302642046e6
2.3208925964191183e6
2.3520190711216563e6
2.3833867030447875e6
2.4149939697674788e6
2.446839361790553e6
2.478921423163875e6
2.511238691192207e6
2.5437897486830493e6
2.5765731925597186e6
2.609587663016062e6
2.6428318202526667e6
2.676304321869953e6
2.7100039099681885e6
2.743929308448816e6
2.778079286671525e6
2.812452632594095e6
2.8470481663276134e6
2.881864733131536e6
2.91690120672844e6
2.952156482011532e6
2.9876294889558884e6
3.0233191723114084e6
3.059224542531069e6
3.0953445315864426e6
3.131678231938398e6
3.1682246890828772e6
3.204982941568439e6
3.2419521566084824e6
3.2791314109348753e6
3.3165198750367253e6
3.354116723784774e6
3.3919211605491797e6
3.429932408971389e6
3.468149700960803e6
3.50657232496628e6
3.5451995660478296e6
3.5840307070617704e6
3.6230651221838268e6
3.662302145739263e6
3.7017411590424953e6
3.7413815504711643e6
3.7812227388712997e6
3.8212641524381796e6
3.8615052508622725e6
3.901945500249384e6
3.942584392502797e6
3.9834214286796786e6
4.024456152025872e6
4.0656880871502673e6
4.1071167953005563e6
4.148741853849725e6
4.1905628498320645e6
4.2325793984036865e6
4.274791110611534e6