588417.4047077674
588402.3006186343
588362.2059366887
588297.6874044529
588209.7204812986
588099.5496412249
587968.4373735691
587819.3342606624
587653.6264599726
587474.1793287008
587283.9948767805
587086.3027054352
586884.6688868272
586682.8521206304
586485.0535064633
586295.6040203754
586119.0788371812
585960.3858030202
585824.3876678728
585716.6054023916
585642.5475212168
585607.583022489
585617.6349475204
585678.6206536759
585796.5802983337
585977.7592113803
586228.1119256716
586554.8346991206
586963.5316011921
587461.0282181733
588053.8155739317
588748.4889256046
589551.6323632603
590469.8653810038
591509.4698249612
592677.7184340865
593980.9195827586
595425.2512589968
597017.4775830528
598763.8057445532
600670.8117871841
602744.7270090121
604991.7234180253
607417.99633802
610029.5066129448
612832.1864956548
615831.9059796582
619034.3393349161
622445.1380579924
626069.7170760913
629913.4507496296
633981.5713144739
638279.1583838941
642811.1568358885
647582.3890635094
652597.5193375936
657861.0769434441
663377.4382088779
669150.8319562599
675185.3434133601
681484.8995395305
688053.2757209192
694894.094844542
702010.8410157677
709406.8260684651
717085.2067857175
725049.0023012464
733301.0704818147
741844.1168094787
750679.6160450412
759813.2048033352
769243.9081506644
778974.9090360021
789008.1735475073
799345.5094469716
809988.595145744
820938.9593335022
832197.9960798237
843766.9611037389
855646.9748046612
867839.0296552018
880343.9855943234
893162.5711201788
906295.4035991961
919742.9680524552
933505.6376430043
947583.6649284298
961977.1964215707
976686.2666980001
991710.8054574985
1.007050639372974e6
1.0227054974671693e6
1.0386750128040556e6
1.0549587242137408e6
1.071556085020455e6
1.0884664606781015e6
1.105689135175853e6
1.123223313928304e6
1.1410681281511604e6
1.1592226352782631e6
1.1776858257109534e6
1.1964566248021992e6
1.2155338963414715e6
1.2349164461557635e6
1.2546030215936943e6
1.2745923254024363e6
1.294883009569073e6
1.3154736666997273e6
1.3363629506441602e6
1.357549147159354e6
1.379030977957982e6
1.4008068137363568e6
1.4228750850783475e6
1.4452341866122868e6
1.4678824893209676e6
1.4908183427371208e6
1.514040076984121e6
1.5375460078117368e6
1.5613344282043034e6
1.5854036344520575e6
1.6097518959917459e6
1.634377490623497e6
1.6592786635844344e6
1.684453695820588e6
1.7099008402589906e6
1.735618352180301e6
1.7616044990327568e6
1.7878575471856173e6
1.8143757680108063e6
1.8411574358760372e6
1.868200846525481e6
1.8955042967147075e6
1.9230660845972288e6
1.950884549360586e6
1.9789580204648715e6
2.0072848677330317e6
2.0358634063133723e6
2.0646920777084238e6
2.0937692647262411e6
2.1230933906010734e6
2.15266289543957e6
2.182476246083521e6
2.2125319505043104e6
2.242828465812814e6
2.2733643460382633e6
2.304138139543955e6
2.335148421502839e6
2.3663937917777495e6
2.3978728739238894e6
2.4295843128353236e6
2.461526798866897e6
2.4936989891416263e6
2.526099626724452e6
2.5587274599003014e6
2.591581258351233e6
2.624659804823758e6
2.657961962846642e6
2.6914865261951326e6
2.7252324080657805e6
2.7591984919303493e6
2.793383707100518e6
2.8277869979557786e6
2.862407339702182e6
2.8972437307464066e6
2.9322951951613994e6
2.9675607787071886e6
3.0030395544872084e6
3.0387306196615333e6
3.0746330048623187e6
3.110746142249018e6
3.147068848603616e6
3.183600489554584e6
3.2203402469480145e6
3.257287357065779e6
3.294441069153983e6
3.33180066832842e6
3.3693654471997973e6
3.4071347276428468e6
3.4451078526497986e6
3.483284168431809e6
3.5216630789461294e6
3.56024397255944e6
3.599026243701756e6
3.6380093685163883e6
3.677192783251184e6
3.7165759690390173e6
3.756158410352842e6
3.7959396266397405e6
3.8359191317044506e6
3.8760964775716346e6
3.916471217860937e6
3.9570429289540164e6
3.9978112043534694e6
4.038775643944457e6
4.079935871929804e6
4.1212915240324726e6
4.162842245441653e6
4.204587696971642e6
4.246527563583556e6
4.288661527177689e6