409681.1189681017
409704.32119172986
409766.43912699935
409868.0531975796
410009.89952662075
410193.0395614761
410419.00411390327
410689.5318673847
411006.5485039677
411372.4599391944
411789.7497487945
412261.34577835153
412790.357649556
413380.0699250866
414034.13962957356
414756.31762317754
415550.6241677451
416421.2696140376
417372.5601904753
418409.1502274589
419535.77285175945
420757.0889324611
422078.1432368716
423503.9828464177
425039.00039984705
426690.67934067594
428462.01493350964
430359.23722310003
432387.58116553223
434552.4961381743
436859.3946277107
439313.6941383098
441920.79820121045
444686.07138969295
447614.8670918981
450712.2956606349
453984.1811772414
457435.09035921714
461070.383762882
464895.0581659621
468914.0849829471
473132.300398465
477554.4679756415
482185.2240689201
487029.10767058295
492090.52619530144
497373.80674334243
502883.0924098295
508622.4903382739
514595.8635248622
520806.99863772176
527259.5592023706
533957.0534411093
540902.8448668292
548100.1741669951
555552.1218361427
563261.643319
571231.5359815283
579464.4699793988
587962.965024404
596729.4073999444
605766.0341353527
615074.9505359336
624658.125192489
634517.3882412396
644654.4310495553
655070.8172829674
665767.9824413222
676747.2336119583
688009.7465059665
699557.8111007868
711388.659130468
723506.816185639
735911.7496077437
748604.0494189633
761584.1983447067
774852.5713003572
788409.4404762564
802255.0016036108
816389.2665776929
830812.2834535001
845523.9241257444
860523.9956494572
875812.2242171611
891388.2459256628
907251.6407578131
923401.8855100898
939838.4151803048
956560.5860076491
973567.6902948848
990858.9613699978
1.008433573419136e6
1.0262906542999207e6
1.0444292640758128e6
1.0628484381607217e6
1.08154715091723e6
1.1005243407049987e6
1.1197789016274363e6
1.1393097003668353e6
1.1591155636415798e6
1.1791952912021591e6
1.1995476501442802e6
1.2201713873967647e6
1.2410652254011754e6
1.2622278627194953e6
1.2836579849432851e6
1.3053542600723794e6
1.3273153341034919e6
1.3495398618073103e6
1.3720264620587882e6
1.394773760243604e6
1.4177803858527653e6
1.4410449404321527e6
1.4645660457084505e6
1.4883423076669127e6
1.5123723536352084e6
1.5366547625757572e6
1.561188187828677e6
1.5859712400604442e6
1.6110025520585382e6
1.6362807639194822e6
1.6618045224044109e6
1.6875724744758485e6
1.713583300711195e6
1.7398356761834342e6
1.7663282940937239e6
1.793059860926771e6
1.8200290965852675e6
1.847234740027811e6
1.8746755373078596e6
1.902350261456203e6
1.9302577005462826e6
1.9583966433927605e6
1.9867659255221593e6
2.0153643788050544e6
2.0441908729301463e6
2.0732442569871868e6
2.1025234456205685e6
2.132027356139957e6
2.1617549197399532e6
2.1917050938030705e6
2.2218768485337626e6
2.252269185047942e6
2.2828811153390054e6
2.313711679519353e6
2.344759940539296e6
2.376024946097681e6
2.4075058270179923e6
2.439201687832874e6
2.4711116662744735e6
2.5032349203061904e6
2.535570629491637e6
2.5681179936567964e6
2.6008762225943063e6
2.6338445592039498e6
2.6670222609346556e6
2.7004086069827406e6
2.7340028779866803e6
2.767804402231326e6
2.8018125076893275e6
2.8360265428554327e6
2.8704458838608526e6
2.9050699002455715e6
2.9398980105244196e6
2.974929631773948e6
3.0101642142975433e6
3.0456011954455753e6
3.0812400548503264e6
3.1170802781749363e6
3.153121376301954e6
3.189362862339954e6
3.225804272475485e6
3.262445157366757e6
3.2992850836674585e6
3.3363236298169554e6
3.373560389843951e6
3.4109949676803434e6
3.4486269887150563e6
3.48645609026619e6
3.5244819107796852e6
3.56270411802279e6
3.601122382150177e6
3.6397363883775882e6
3.678545834559776e6
3.7175504274038896e6
3.7567499133765083e6
3.7961439548428375e6
3.835732359988399e6
3.875514838464642e6
3.9154911852268334e6
3.955661156433233e6
3.99602454258781e6
4.036581128158739e6
4.077330713098448e6
4.1182731169193685e6
4.1594081895161103e6
4.200735679629406e6
4.242255466140291e6
4.283967389926361e6
4.325871302836916e6