188391.2745524084
188476.74919168281
188704.79852977625
189075.73975427155
189590.09016639038
190248.55730908082
191052.0405971236
192001.63109490057
193102.22083234394
194344.25788841772
195740.5397088251
197288.9205867844
198991.39266901152
200849.90056004
202866.91785084034
205044.62473664785
207385.30342655253
209891.5814582182
212566.13049621708
215411.52420368438
218430.55701370965
221626.03677470863
225000.82162505094
228557.7986571026
232299.8834782462
236229.9491425626
240350.97490921404
244665.86525671117
249177.520712861
253888.80594133478
258802.57276910523
263921.6306514607
269248.7204572953
274786.54613233067
280537.7459942888
286504.8928149884
292690.4886615635
299096.9490028032
305726.62146700453
312581.760289497
319664.533101105
326977.0241809514
334521.2085016022
342298.9980531641
350312.15875480394
358562.40367958765
367051.3312209764
375780.451510982
384751.1649616943
393964.7753550082
403422.49587647466
413125.44206832966
423074.6300395301
433270.9898831785
443715.3523055293
454408.46010105405
465350.9781519235
476543.4681075304
487986.41879129945
499680.2334796337
511625.2411673685
523821.6816256483
536269.738345803
548969.511593129
561921.0358401866
575124.2788763873
588579.1456139523
602285.4790973815
616243.0656222427
630451.6364439353
644910.8699757842
659620.39420727
674579.7905100221
689788.5951907816
705246.3030091326
720952.3688829974
736906.2108770804
753107.2124442419
769554.7248098012
786248.0693739392
803186.539834113
820369.4044859882
837795.9082128045
855465.2749490975
873376.7090614395
891529.397078492
909922.5108674014
928555.210716523
947426.6372656409
966535.9304468059
985882.2156016753
1.0054646134000672e6
1.0252822356719766e6
1.0453341931530625e6
1.0656195914267672e6
1.0861375364117436e6
1.1068871303226142e6
1.1278674779078173e6
1.1490776852292668e6
1.1705168599930708e6
1.1921841145734107e6
1.2140785647219513e6
1.2361993326061436e6
1.258545546063763e6
1.2811163387511063e6
1.3039108522125555e6
1.3269282379061512e6
1.3501676522374982e6
1.373628264951529e6
1.3973092532326446e6
1.4212098036270642e6
1.445329116674786e6
1.4696664011340942e6
1.4942208795047225e6
1.518991784039746e6
1.5439783593112575e6
1.5691798670516647e6
1.5945955668828427e6
1.6202247433601785e6
1.6460667006536818e6
1.6721207421997804e6
1.69838618958194e6
1.7248623781663796e6
1.7515486561286312e6
1.7784443846838975e6
1.805548939948713e6
1.832861709727833e6
1.8603820967632642e6
1.888109526742535e6
1.916043397110555e6
1.9441831798891542e6
1.9725283253744894e6
2.00107830073327e6
2.0298325827544453e6
2.0587906635823655e6
2.0879520621994883e6
2.117316293767876e6
2.1468828941574134e6
2.176651403781081e6
2.206621388650041e6
2.236792412814444e6
2.267164061880485e6
2.297735929243172e6
2.328507623351696e6
2.3594787606705613e6
2.3906489786512414e6
2.422017903409133e6
2.4535851935655e6
2.485350512166404e6
2.5173135423267195e6
2.5494739496487956e6
2.5818314385846704e6
2.6143857106140954e6
2.6471364828144186e6
2.6800834787471537e6
2.7132264321711953e6
2.7465650862851613e6
2.7800991938415645e6
2.813828515813634e6
2.8477528124383576e6
2.88187188309113e6
2.916185503406482e6
2.9506934736788333e6
2.9853955917973635e6
3.020291672128371e6
3.055381522628427e6
3.0906649924364556e6
3.1261419112689546e6
3.16181209732844e6
3.197675422640935e6
3.233731734210963e6
3.269980894025905e6
3.3064227696003495e6
3.343057235660971e6
3.379884172996447e6
3.4169034664814477e6
3.454115013073476e6
3.491518706142288e6
3.5291144515168816e6
3.56690215689713e6
3.604881704316721e6
3.6430531112174415e6
3.6814162039924734e6
3.719970952606248e6
3.7587172620806326e6
3.797655100130429e6
3.8367843996842173e6
3.8761051059266827e6
3.915617170990311e6
3.955320549171766e6
3.995215199091802e6
4.0353010835720305e6
4.075578167640425e6
4.1160464219424487e6
4.1567058188113193e6
4.197556334433498e6
4.238597948642598e6
4.279830645077851e6
4.321254404929301e6
4.362869220941866e6