428297.18135592475
428315.97574435786
428366.40603453334
428448.8745316092
428564.26687640854
428713.7111506273
428898.66939545126
429120.89722497825
429382.47438369464
429685.77915415395
430033.33782299183
430428.1368012975
430873.36352388904
431372.36804523534
431928.87015364185
432546.69743465394
433229.95632082486
433982.94970127154
434810.06435446575
435716.0656656649
436705.79514953255
437784.0056156993
438955.8647290859
440226.5383203467
441600.5314454189
443085.4870182223
444684.480145537
446403.9308088172
448249.17678782024
450225.8215608288
452339.4462769144
454595.596981261
456999.83895967336
459557.69935530407
462274.691017433
465155.81596957
468207.87032417447
471434.82821514533
474842.43902972847
478435.89469766215
482220.34028723586
486200.79765287257
490382.20082092687
494769.39333111787
499367.07168177114
504179.8407749832
509212.2184116218
514468.510425401
519953.0280935676
525669.8207219255
531622.8639552012
537815.997264845
544252.9197954653
550937.1762169884
557872.192264956
565061.2301288075
572507.426735769
580213.7521484671
588183.0607768587
596418.037146132
604921.3786638321
613695.093540383
622741.8485116576
632063.6429912683
641662.4686922245
651540.1726575257
661698.4725830792
672138.952431169
682863.0617596591
693872.1181927457
705167.3206742753
716749.7373415558
728620.313337016
740779.8778485516
753229.1408032347
765968.6990971784
778999.0401300946
792320.540002479
805933.4757934238
819838.0182661132
834034.2434249861
848522.1311337866
863301.5697633261
878372.3596624421
893734.2163066461
909386.7738175055
925329.5893000918
941562.1388232991
958083.8371002766
974894.0238721697
991991.974758289
1.0093769050979218e6
1.0270479744166968e6
1.0450042728859239e6
1.0632448613259909e6
1.0817687354789292e6
1.100574848834144e6
1.1196621123316274e6
1.1390293981014495e6
1.1586755384714974e6
1.1785993350858295e6
1.198799552189839e6
1.2192749317649514e6
1.2400241871509107e6
1.2610460036881529e6
1.282339053712953e6
1.3039019814541023e6
1.3257334163285973e6
1.34783198957652e6
1.3701962891425826e6
1.3928249164033274e6
1.4157164643724912e6
1.4388695036604288e6
1.4622826208841086e6
1.4859543824353996e6
1.5098833755061966e6
1.5340681378803547e6
1.5585072828768445e6
1.5831993733118514e6
1.6081429968925596e6
1.633336747341297e6
1.658779222119017e6
1.6844690184192716e6
1.710404767081462e6
1.7365850919630954e6
1.7630086338164287e6
1.7896740460714984e6
1.8165799968176943e6
1.8437251689238308e6
1.8711082568242927e6
1.8987278045198722e6
1.926583062929607e6
1.9546722491934644e6
1.982994316571017e6
2.0115480406345786e6
2.0403322400467277e6
2.0693456989084466e6
2.0985872852137154e6
2.1280558618781855e6
2.1577503007077137e6
2.1876695124521703e6
2.217812406740401e6
2.248177933881107e6
2.278765052902568e6
2.3095727662151745e6
2.3406000315232277e6
2.3718459185552206e6
2.403309459077138e6
2.43498972342644e6
2.4668857969162613e6
2.498996788225904e6
2.5313218301548045e6
2.5638600765979174e6
2.596610683222333e6
2.6295728540619574e6
2.6627457991279634e6
2.6961287531322776e6
2.7297209510145667e6
2.7635216822472597e6
2.7975302287701224e6
2.831745899843226e6
2.8661680289434423e6
2.9007959460836933e6
2.9356290347007443e6
2.970666671867854e6
3.0059082583338227e6
3.0413532114166426e6
3.0770009697479066e6
3.1128509827662376e6
3.1489027272482594e6
3.185155682923522e6
3.221609354140442e6
3.258263257926816e6
3.2951169306466877e6
3.332169918502834e6
3.3694217889066837e6
3.4068721175682642e6
3.44452050000919e6
3.4823665444094897e6
3.5204098646617085e6
3.5586501024782443e6
3.5970868681408474e6
3.6357199243079694e6
3.6745488433417436e6
3.713573342735838e6
3.7527931467788685e6
3.7922078939369563e6
3.8318173949206993e6
3.8716213075564317e6
3.911619402353663e6
3.951811430561997e6
3.9921971577026006e6
4.032776356488659e6
4.0735488067965545e6
4.1145143122837637e6
4.1556726642975723e6
4.197023677277104e6
4.238567171549375e6
4.28030297639774e6
4.322230926554034e6