333878.86248023924
333921.2522037829
334034.4476095969
334218.93849043106
334475.43084961094
334804.9629088304
335208.83183041494
335688.62982757145
336246.13784462935
336883.476092421
337602.993068991
338407.2594496384
339299.10282270925
340281.5123005075
341357.748971186
342531.21545079804
343805.5654382311
345184.44037815696
346671.8570567743
348271.909474671
349988.77119130036
351826.7953490453
353790.25106131413
355883.71777151106
358111.7403869163
360478.9390759632
362989.94741445174
365649.5443945492
368462.3671895802
371432.51007028564
374566.5832611979
377867.43737716635
381340.303662278
384989.8730077697
388820.7082617497
392837.36538461305
397044.2979019297
401445.90602224576
406046.5054607624
410850.3269273215
415861.15046258573
421084.1017072494
426521.71409277327
432179.12381519575
438059.0922204476
444165.5241430013
450502.0779675526
457071.59863890894
463877.8453850711
470923.7115697061
478212.1812687948
485746.10227905505
493528.1814241316
501560.99365604087
509846.9953356738
518388.4972404189
527187.6865153117
536246.6090291034
545567.200048077
555151.2510124856
565000.4327983072
575116.2892236568
585500.2418430875
596153.5917923022
607077.5206474743
618273.0914490984
629741.2526264602
641482.8430410887
653498.5928605746
665789.1231036864
678354.9535521503
691196.5060902686
704314.101240237
717707.9690905332
731378.2436459113
745324.9757597802
759548.1284018455
774047.5849140324
788823.1494706343
803874.5515764646
819201.4486644373
834803.4295333966
850680.0175113225
866830.6735588633
883254.7994627471
899951.7408373646
916920.797141744
934161.1900965432
951672.1360874213
969452.7791084142
987502.2293948436
1.0058195568533591e6
1.0244037987129702e6
1.0432539554553812e6
1.0623689991463656e6
1.0817478750650836e6
1.1013894986855055e6
1.1212927633041963e6
1.1414565486899668e6
1.1618797033649476e6
1.1825610681613684e6
1.203499466777218e6
1.2246937107765484e6
1.2461426014969365e6
1.2678449299545395e6
1.2897994832025724e6
1.3120050420772084e6
1.3344603778575077e6
1.3571642766717365e6
1.380115497870096e6
1.4033128281449312e6
1.4267550422799168e6
1.4504409203809137e6
1.4743692477684342e6
1.498538815853512e6
1.5229484372682213e6
1.5475968891764358e6
1.5724830136019734e6
1.5976056296992716e6
1.622963579037403e6
1.6485556938626668e6
1.6743808538297443e6
1.7004379160000316e6
1.726725785585165e6
1.7532433518420937e6
1.7799895343807545e6
1.806963264847664e6
1.83416349001778e6
1.8615891737824802e6
1.8892392952360257e6
1.917112849801695e6
1.945208855063301e6
1.973526333026481e6
2.0020643409281094e6
2.0308219399479933e6
2.059798225610177e6
2.0889922678592778e6
2.1184032128119688e6
2.1480301938913506e6
2.177872361615815e6
2.207928895775772e6
2.2381989807683504e6
2.268681830576212e6
2.2993766709262216e6
2.330282748413124e6
2.3613993276759135e6
2.392725687675885e6
2.4242611218081196e6
2.456004962383758e6
2.4879565307316137e6
2.520115173359654e6
2.5524802671212927e6
2.5850511934643276e6
2.6178273527302723e6
2.650808161473771e6
2.683993054681994e6
2.717381479860657e6
2.7509729078483987e6
2.7847668125920496e6
2.8187626954171946e6
2.852960063689298e6
2.887358447493651e6
2.92195737864722e6
2.956756420774823e6
2.9917551370308315e6
3.0269531346450173e6
3.062349950628787e6
3.0979452491523405e6
3.133738631671052e6
3.1697297377811517e6
3.20591821646389e6
3.2423037225507963e6
3.2788859233373385e6
3.3156645218790495e6
3.3526391942239353e6
3.38980965273133e6
3.427175614067416e6
3.464736807106554e6
3.5024929710200243e6
3.540443851332499e6
3.5785892088072253e6
3.6169288085951144e6
3.655462436606069e6
3.694189871625738e6
3.7331109124639053e6
3.7722253649246823e6
3.811533044381262e6
3.85103376179297e6
3.890727358754851e6
3.9306136698979214e6
3.970692540414229e6
4.010963821783875e6
4.051427376255366e6
4.0920830708155986e6
4.1329307750811847e6
4.1739703803663813e6
4.21520176498733e6
4.256624817058199e6
4.29823946153202e6
4.340045578841744e6