662587.1920687791
662558.466030335
662482.847662546
662358.2737567963
662188.4749488768
661973.7004328396
661712.5807546519
661416.6693733477
661078.7490137771
660704.6676451943
660297.524037923
659860.6668403314
659397.7332959957
658912.6304759632
658410.0758049136
657893.3941532746
657368.4519437475
656839.9799499812
656312.9567590668
655793.1293582271
655286.2326365602
654797.7924359634
654333.789112007
653900.9401099617
653504.9590338296
653152.5346790536
652850.0206769884
652604.5236626158
652422.2963677817
652310.3449829938
652275.4809816717
652324.6183326517
652464.67220129
652702.6158991249
653045.0685741592
653499.6585219726
654073.2236671832
654772.4547733949
655603.7141933274
656574.3981320225
657691.3376010654
658961.1381327675
660390.4384638651
661985.9046805811
663753.9040079
665700.4242757612
667833.1501488027
670156.9140127166
672678.2767003851
675403.2056720895
678337.558284854
681487.084511288
684857.4033142438
688453.9858064535
692282.1891744395
696347.1193065881
700654.1549015278
705207.9243555751
710013.2896942103
715074.9502436505
720397.3334409243
725984.8011744188
731841.5322960974
737971.5751787412
744378.811248047
751067.8974923796
758039.5766926471
765300.0987462706
772854.3596237428
780697.7398306322
788840.9115512511
797284.103326672
806029.9777731581
815080.9682942303
824439.4717949673
834107.6632171178
844087.5796914008
854381.114959057
864990.0189654963
875915.8919901166
887160.1991478689
898724.2615159096
910609.2546480489
922816.2353252755
935346.113210157
948199.6734968307
961377.5699704984
974880.3334731263
988708.3706924606
1.0028619695023629e6
1.0173413000898758e6
1.0321464199393158e6
1.0472772755917235e6
1.0627337053851392e6
1.0785154448038316e6
1.094622127677393e6
1.1110532901546953e6
1.1278083738992047e6
1.144886732461955e6
1.162287627306439e6
1.1800102390995019e6
1.198053666909381e6
1.216416932923577e6
1.235098988241905e6
1.2540987058784936e6
1.273414902068294e6
1.2930463278619875e6
1.312991657562626e6
1.3332495410021697e6
1.353818613376056e6
1.3746972843901706e6
1.3958839826577725e6
1.4173773397474675e6
1.4391756654684306e6
1.4612773200671095e6
1.483680626897968e6
1.5063838817434239e6
1.5293853502957756e6
1.552683277165896e6
1.5762758744987263e6
1.6001613394829305e6
1.6243378663469877e6
1.648803592544923e6
1.6735566936398766e6
1.6985953048626138e6
1.7239175640650182e6
1.7495215990254725e6
1.7754055370553762e6
1.801567520976231e6
1.8280056368000496e6
1.8547180386186854e6
1.8817028600031233e6
1.908958225031793e6
1.9364823006026137e6
1.9642732336248467e6
1.9923292285731996e6
2.0206483851986348e6
2.0492289520861008e6
2.0780691364504213e6
2.107167157095033e6
2.136521260030275e6
2.166129706866567e6
2.1959907735512163e6
2.2261027747330195e6
2.256464020275336e6
2.2870728581935e6
2.3179276565937246e6
2.3490268506134986e6
2.380368730058159e6
2.411951858984447e6
2.4437746524747335e6
2.4758356199666765e6
2.508133262280225e6
2.54066612719747e6
2.573432776757435e6
2.606431815451957e6
2.6396618694842393e6
2.6731215617807675e6
2.706809600291691e6
2.740724674982227e6
2.774865521735317e6
2.8092308950510453e6
2.843819601389845e6
2.8786303959636623e6
2.913662178366323e6
2.9489137928724857e6
2.984384135740431e6
3.0200721231152164e6
3.055976749411443e6
3.0920968888708223e6
3.1284316177183366e6
3.164979952737867e6
3.201740903150533e6
3.2387135928265387e6
3.27589710311703e6
3.313290561287225e6
3.3508931162384427e6
3.3887039456111994e6
3.426722247749264e6
3.4649472294852477e6
3.503378155382506e6
3.542014286485204e6
3.5808548821385005e6
3.6198992943368624e6
3.6591468350768625e6
3.6985968640201003e6
3.738248748187928e6
3.778101886148812e6
3.818155685636476e6
3.858409586921261e6
3.8988630367831704e6
3.9395155084326654e6
3.980366492773265e6
4.0214154918216127e6
4.062662036864707e6
4.10410566401861e6
4.1457459345618184e6
4.1875824201761833e6
4.229614718808206e6
4.271842429567555e6