357696.22097856295
357732.47818944976
357829.0578090652
357986.5631408688
358205.7390989603
358487.644706464
358833.6340608421
359245.3183195903
359724.6111656
360273.6824058738
360894.91132573853
361591.02643847524
362364.9431325954
363219.7391638496
364158.82539385406
365185.7229349833
366304.18098749046
367518.12335774046
368831.5806562995
370248.8731310796
371774.3452286647
373412.4854730794
375167.82223698567
377045.0844454607
379049.026083715
381184.4739462526
383456.27988792164
385869.4496461797
388428.8227665558
391139.384682304
394006.0886394876
397033.8912403565
400227.66927949863
403592.34412995586
407132.74633718457
410853.5410218523
414759.85083942034
418855.94122953655
423146.5432916174
427636.11755085294
432329.092163436
437229.7831722506
442342.39348456496
447671.0374914934
453219.63603355666
458992.1116506745
464992.4165829519
471223.5373777816
477689.6280727417
484393.8053146291
491339.26008255885
498529.2733498805
505966.64064999775
513654.24768162624
521594.80405789334
529790.8670699497
538244.8728372083
546959.1031618975
555935.7288173358
565176.7726537408
574684.1317695061
584459.568754682
594504.7118690119
604821.0943860158
615410.0779621727
626272.9290217212
637410.7864548109
648824.6724583275
660515.4955030824
672484.0459806955
684731.0072367466
697256.9598229816
710062.373531024
723147.6184819466
736512.9685724835
750158.6007359822
764084.6014735766
778290.9682495303
792777.6134513473
807544.3664204513
822590.9792548969
837917.1274991179
853522.4145981234
869406.3749912919
885568.4772619235
902008.1273034854
918724.6725134557
935717.399883074
952985.5492913905
970528.3063578173
988344.8106397421
1.0064341556246174e6
1.0247953964919059e6
1.0434275301355224e6
1.062329585907395e6
1.0815004619898773e6
1.1009390867991252e6
1.120644349213973e6
1.1406151106543355e6
1.1608502099542548e6
1.1813484647515907e6
1.2021086746113116e6
1.2231296226421972e6
1.2444100783123244e6
1.2659487965624935e6
1.2877445259724625e6
1.309796005633227e6
1.3321019619106778e6
1.3546611318371457e6
1.3774722283092039e6
1.4005339770984547e6
1.4238451066771843e6
1.4474043323013415e6
1.4712103879634219e6
1.495262000530335e6
1.5195579192858897e6
1.5440968558312429e6
1.5688775895845187e6
1.5938988699092353e6
1.619159467429027e6
1.644658162028965e6
1.6703937460997077e6
1.6963650142088465e6
1.7225707921662168e6
1.749009947167988e6
1.7756812013424903e6
1.8025835383216422e6
1.8297157884464765e6
1.857076846093262e6
1.8846656141649352e6
1.9124810196038114e6
1.9405220049126886e6
1.9687875202244367e6
1.997276551723436e6
2.0259880886617042e6
2.054921156464244e6
2.084074752697017e6
2.1134479540311825e6
2.143039824563187e6
2.1728494482532153e6
2.20287593338736e6
2.2331183984591607e6
2.2635759912389275e6
2.2942478711982192e6
2.3251332198606175e6
2.356231239327327e6
2.387541143799819e6
2.4190621672524847e6
2.4507935738358786e6
2.482734628181833e6
2.514884624438856e6
2.5472428724087803e6
2.579808698759163e6
2.6125814487708937e6
2.6455604822257697e6
2.678745180834638e6
2.7121349443657743e6
2.745729173041069e6
2.7795273122082106e6
2.8135287994537936e6
2.8477330995138106e6
2.882139694820561e6
2.9167480628904044e6
2.9515577279569595e6
2.986568210510905e6
3.0217790665021264e6
3.0571897948448667e6
3.0928000178748355e6
3.1286092968975753e6
3.1646172302549374e6
3.2008234297480066e6
3.2372275106228115e6
3.273829110547512e6
3.3106278783172e6
3.34762347302576e6
3.3848155685567125e6
3.4222038436992434e6
3.4597880028566066e6
3.4975677484088535e6
3.535542796064364e6
3.5737128786398666e6
3.612077733922695e6
3.6506371122888364e6
3.6893907746968605e6
3.7283384880979247e6
3.767480035500884e6
3.8068152064932846e6
3.8463437869431255e6
3.886065597474441e6
3.9259804487915207e6
3.96608816355691e6
4.006388571427148e6
4.046881520362187e6
4.0875668476067837e6
4.1284444179435186e6
4.1695140862118956e6
4.210775724716309e6
4.252229209166353e6
4.293874423061444e6
4.335711255855789e6