155224.705123102
155321.35726359655
155579.1965294584
155998.49530977505
156579.68444622017
157323.40310076042
158230.39151519426
159301.5557482143
160538.06218039314
161941.0614693261
163511.9577057158
165252.244488422
167163.54452009167
169247.6299459653
171506.33529474202
173942.8153051042
176555.53317282407
179350.18674748234
182327.7932436262
185490.59869369568
188840.8798872159
192381.02421766554
196113.37955457513
200040.3323174629
204164.3398580589
208487.7462770685
213012.99086388084
217742.43866295274
222678.47059952305
227823.40585141204
233179.54948567832
238749.14508450346
244534.40835505957
250537.4659768514
256760.40892269317
263205.25789273216
269873.9693207332
276768.41252405744
283890.3928395779
291241.6195640415
298823.744845247
306638.3218869704
314686.82320414035
322970.6279777915
331491.0429851075
340249.28298717225
349246.473143131
358483.65086867474
367961.7753719337
377681.71185512445
387644.24943996366
397850.0903184603
408299.857162448
418994.0932876819
429933.263334783
441117.75741002004
452547.89161450637
464223.912664223
476145.99433350674
488314.2467255362
500728.715351906
513389.38318614895
526296.1742457529
539448.9554231429
552847.540262044
566491.6891605268
580381.1144980041
594515.480842564
608894.4104452451
623517.4800871046
638384.2320339758
653494.1684211218
668846.7576874506
684441.4358366585
700277.6088967798
716354.654927169
732671.9263563701
749228.751847303
766024.4384044625
783058.273334593
800329.5260902788
817837.4500025294
835581.2841266008
853560.2559466122
871773.5782765263
890220.4595127744
908900.0972546348
927811.6822561021
946954.4023979383
966327.4371435712
985929.9695857859
1.0057611760452893e6
1.0258202339467397e6
1.0461063224031788e6
1.066618620443362e6
1.0873563123816554e6
1.1083185826613614e6
1.129504621864588e6
1.1509136256706307e6
1.172544794456385e6
1.1943973360180538e6
1.2164704648662056e6
1.2387634030718186e6
1.2612753813780495e6
1.2840056387323486e6
1.3069534232646662e6
1.3301179937304438e6
1.3534986165644638e6
1.377094571269572e6
1.4009051465197196e6
1.424929640955592e6
1.4491673670246676e6
1.473617647625099e6
1.498279816355671e6
1.5231532195442896e6
1.5482372147077243e6
1.5735311712972005e6
1.5990344755238132e6
1.6247465144425519e6
1.650666698200869e6
1.6767944492578334e6
1.7031291972311775e6
1.729670386096397e6
1.756417472906645e6
1.7833699256324037e6
1.8105272267164404e6
1.8378888692209944e6
1.8654543580514265e6
1.893223211141929e6
1.9211949628893328e6
1.9493691501047453e6
1.977745329491944e6
2.0063230677174127e6
2.0351019389709344e6
2.0640815286268408e6
2.0932614457952473e6
2.1226412983469623e6
2.1522207087284075e6
2.181999311481639e6
2.21197675126642e6
2.2421526809943942e6
2.272526767833887e6
2.3030986873351727e6
2.333868125377374e6
2.364834779628289e6
2.395998354175576e6
2.427358565425396e6
2.4589151376201743e6
2.4906678054553038e6
2.522616313199632e6
2.5547604123731153e6
2.5870998640325675e6
2.619634438737397e6
2.6523639141249424e6
2.685288076136586e6
2.718406720099044e6
2.7517196479206127e6
2.785226669878669e6
2.818927603441487e6
2.852822273735495e6
2.886910512555061e6
2.9211921607725485e6
2.955667060623358e6
2.990335069662985e6
3.025196046668707e6
3.0602498544897176e6
3.095496366870597e6
3.1309354670928796e6
3.166567021835667e6
3.2023909390222332e6
3.2384071075365804e6
3.2746154285600847e6
3.3110158079930614e6
3.347608166314327e6
3.3843924022670845e6
3.4213684454380726e6
3.458536222213712e6
3.495895663010843e6
3.533446703363835e6
3.571189282506863e6
3.6091233560875077e6
3.647248848323426e6
3.685565722883559e6
3.724073935593535e6
3.7627734456467004e6
3.8016642159578493e6
3.840746214745664e6
3.8800194082568903e6
3.9194837748482395e6
3.959139290885561e6
3.9989859319818597e6
4.039023683142963e6
4.079252530146338e6
4.1196724610124053e6
4.16028346751545e6
4.201085542792595e6
4.24207866788018e6
4.283262872887312e6
4.324638142931527e6
4.366204483616522e6