172945.9617238354
173036.5759774988
173278.3234591337
173671.5028109045
174216.59417673814
174914.17063908736
175765.35128961861
176770.8667712688
177932.0070129053
179250.1066302421
180726.67460735698
182363.35814477757
184161.943871115
186124.33651550746
188252.59446421757
190548.85981100166
193015.38361539933
195654.50715908132
198468.67068028075
201460.31324548702
204632.02189894082
207986.4162870523
211526.10013173395
215253.74878826234
219171.98652245782
223283.65320720637
227591.2948822688
232097.63155107314
236805.32907693562
241717.00448045702
246835.26017821053
252162.64563163577
257701.67256654237
263454.7744962643
269424.33753265464
275612.6879842689
282022.07622445654
288654.6693506066
295512.57033867727
302597.7696162418
309912.2136063338
317457.7357776073
325236.079302666
333248.9207751171
341497.8008727882
349984.2066258483
358709.51578055765
367675.0269750316
376881.9402640341
386331.3303574986
396024.23875160655
405961.58066730155
416144.18787990115
426572.81089547544
437248.107954207
448170.6596268141
459340.9613311627
470759.43137639435
482426.40835520695
494342.158061977
506506.87281141756
518920.6759875587
531583.0239608996
544495.7040806689
557656.848587572
571066.9251496973
584725.7450263834
598633.0662728886
612788.5963834631
627191.9894438444
641842.8591500737
656740.7710834529
671885.2509835102
687275.7851329199
702911.8244539729
718792.7829670724
734918.0468905962
751286.9703725062
767898.8809274738
784753.0809845201
801848.8499056711
819185.4463091089
836762.1085918259
854578.0599665614
872632.5065856216
890924.6417916116
909453.6463868518
928218.6919895747
947218.9407454302
966453.54805949
985921.6616357574
1.0056224272493866e6
1.0255549857336212e6
1.0457184766334123e6
1.066112038109356e6
1.086734810613703e6
1.107585932898636e6
1.12866454784731e6
1.1499698018468698e6
1.1715008440774116e6
1.1932568297942593e6
1.2152369195205427e6
1.2374402808198002e6
1.2598660878161017e6
1.2825135217947983e6
1.305381773690358e6
1.328470043434231e6
1.3517775379541963e6
1.3753034770392985e6
1.3990470892432914e6
1.423007612660054e6
1.4471842993158735e6
1.4715764074294805e6
1.4961832183547204e6
1.521004009889208e6
1.5460380815418325e6
1.5712847467818125e6
1.5967433167732751e6
1.6224131327071467e6
1.6482935397317973e6
1.6743839018259435e6
1.700683589625638e6
1.7271919884801302e6
1.7539084972817963e6
1.780832527007173e6
1.8079635034848098e6
1.8353008628741251e6
1.862844056418144e6
1.8905925474277032e6
1.9185458123261656e6
1.9467033391816916e6
1.9750646310273476e6
2.003629203310068e6
2.0323965784139982e6
2.0613662911926073e6
2.0905379029915368e6
2.119910972467952e6
2.149485076408501e6
2.17925980050191e6
2.2092347456231657e6
2.2394095183634246e6
2.269783742578504e6
2.300357050683754e6
2.3311290868894914e6
2.362099505668767e6
2.393267972579846e6
2.424634163510711e6
2.456197764938688e6
2.4879584720610147e6
2.519915993953921e6
2.5520700448700227e6
2.584420350658738e6
2.6169666470872005e6
2.649708678656304e6
2.682646198757252e6
2.715778970016679e6
2.7491067604353465e6
2.782629367305928e6
2.8163465528901466e6
2.8502581243664892e6
2.8843638860600656e6
2.9186636496736174e6
2.9531572447441714e6
2.9878444755545603e6
3.0227251931980173e6
3.0577992321052398e6
3.0930664440695154e6
3.128526688791738e6
3.1641798075365424e6
3.200025689244411e6
3.2360642015673816e6
3.2722952240284607e6
3.308718643000071e6
3.345334350122889e6
3.382142230953678e6
3.4191422131846403e6
3.45633419261549e6
3.4937180829532016e6
3.531293803155419e6
3.5690612762624375e6
3.6070204296962377e6
3.645171197252726e6
3.6835135039398903e6
3.7220473240659917e6
3.7607725654551974e6
3.7996892045643404e6
3.8387971863636235e6
3.8780964686489413e6
3.9175870128577957e6
3.957268784205786e6
3.9971417514500767e6
4.0372058867401155e6
4.077461165100841e6
4.1179075655785063e6
4.158545069637751e6
4.199373659794139e6
4.240393329261524e6
4.281604063707011e6
4.3230058551855255e6
4.364598702026187e6