326262.20070855925
326306.62775573984
326425.2523108773
326618.5651382954
326887.2563517211
327232.3548182361
327655.14197521727
328157.1756382814
328742.56414194335
329406.4450944541
330158.0604691738
330997.6719600825
331928.1043490486
332952.09539388295
334073.1124543281
335294.43006961397
336619.6421409673
338052.3557805141
339596.5201952477
341256.2078100967
343035.4507075929
344938.60936559585
346969.8955003073
349133.80456002767
351434.8124148585
353877.4703641187
356466.3431855091
359206.1265897335
362101.3907769857
365156.7724019351
368376.9372981071
371766.5170226322
375330.0435872391
379072.11920934625
382997.2291934219
387109.8294719369
391414.30067397375
395914.95124685543
400616.0079406932
405521.6142780478
410635.47674184607
415962.5814894845
421505.42441680655
427269.0328575546
433256.07989449764
439470.3800274981
445915.34437597985
452594.21162011265
459510.169739884
466666.1867586705
474065.15989552415
481709.85267144465
489602.88543194626
497746.75368320476
506143.83240748046
514796.3483033228
523706.4115508774
532875.9906385288
542306.944355058
552000.9928369899
561959.7320000314
572184.6363941071
582677.06201646
593438.2349270083
604469.2809132786
615771.1979929003
627344.8744659849
639191.0914365647
651310.523010561
663703.7369960941
676371.2018431785
689313.2907484104
702530.2774629813
716022.3475753276
729789.5934392232
743832.0261419236
758149.5713460917
772742.0772981915
787609.3156065593
802750.9851598279
818166.71523099
833856.0686408266
849818.5449411611
866053.5835021465
882560.5666294617
899338.8225606857
916387.6292976121
933706.2136512807
951293.7686577335
969149.4150695701
987272.2770802774
1.0056614119576197e6
1.0243158479654023e6
1.0432345892042553e6
1.0624166050893299e6
1.081860841890957e6
1.101566217429177e6
1.1215316292590075e6
1.1417559622338163e6
1.1622380718111051e6
1.182976806990794e6
1.2039710005556487e6
1.225219474593298e6
1.2467210421144948e6
1.2684745065939988e6
1.290478669166339e6
1.31273232491897e6
1.3352342608819918e6
1.3579832791749255e6
1.3809781591522938e6
1.4042176980724116e6
1.4277006961834638e6
1.4514259512041733e6
1.475392263618332e6
1.499598455372129e6
1.5240433505429702e6
1.5487257509077797e6
1.5736445196738527e6
1.5987984976401087e6
1.6241865486740135e6
1.6498075284401644e6
1.6756603363211774e6
1.7017438599291984e6
1.7280570192279844e6
1.7545987299882693e6
1.7813679349587092e6
1.8083635816242269e6
1.8355846628214563e6
1.8630301432031062e6
1.890699032709514e6
1.918590350670819e6
1.9467031358835849e6
1.9750364357622997e6
2.003589329512253e6
2.032360902254204e6
2.0613502693055295e6
2.0905565261707425e6
2.1199788403499397e6
2.1496163670090204e6
2.1794682790083345e6
2.2095337770506805e6
2.239812067943937e6
2.270302386141613e6
2.3010039784016325e6
2.3319161115772636e6
2.363038070750552e6
2.3943691550712846e6
2.425908678051986e6
2.457655989506932e6
2.489610431697651e6
2.5217713692030897e6
2.554138197026048e6
2.5867103149627065e6
2.619487140980399e6
2.6524681092003686e6
2.68565267132445e6
2.7190402919709543e6
2.7526304576624627e6
2.7864226587070343e6
2.820416413072791e6
2.854611242204303e6
2.88900670063554e6
2.923602307885938e6
2.958397669108347e6
2.993392352228952e6
3.0285859768119687e6
3.0639780970637086e6
3.0995683859990933e6
3.1353564611683786e6
3.1713419722852083e6
3.2075245809545857e6
3.243903954177535e6
3.2804797768645897e6
3.3172517443185854e6
3.354219562423324e6
3.391382947823984e6
3.428741627018691e6
3.46629534040902e6
3.5040438353055334e6
3.5419868673949195e6
3.5801242064980995e6
3.618455626945289e6
3.656980921725991e6
3.695699881779246e6
3.7346123107092446e6
3.7737180232269363e6
3.8130168423336307e6
3.8525085868433947e6
3.892193105615953e6
3.9320702398728337e6
3.9721398414283274e6
4.0124017688285783e6
4.052855890383376e6
4.0935020786769195e6
4.134340211437065e6
4.1753701831212053e6
4.21659187897713e6
4.258005200571551e6
4.29961005284421e6
4.341406346489263e6