165605.54875623452
165698.64589380322
165947.0106816952
166350.93094510108
166910.8633033539
167627.47296235006
168501.5522374148
169534.07900801662
170726.20852626872
172079.22969780874
173594.6002287508
175273.92982043873
177118.86605740385
179131.33121123293
181313.2718006217
183666.7484016433
186193.90855797398
188897.08758379298
191778.52708796528
194840.65472586086
198085.90375333856
201516.81011937582
205135.86124783423
208945.62683332374
212948.6871993341
217147.5887104232
221544.93080327334
226143.2543978443
230945.1101724488
235952.99356784293
241169.38558895717
246596.7094816154
252237.36009905976
258093.63660077157
264167.8150679353
270462.0898635063
276978.59470308595
283719.37148179533
290686.4033637421
297881.56343463034
305306.6785372775
312963.4514475514
320853.5588452689
328978.5147943015
337339.7707211332
345938.69605696085
354776.58471634646
363854.61212219286
373173.87746409926
382735.38398257387
392540.05307869485
402588.7169806343
412882.1213725916
423420.92997368705
434205.7206538299
445236.99515261524
456515.1742146427
468040.60399191524
479813.5552211321
491834.2275631849
504102.75253825996
516619.1946775155
529383.5542171923
542395.7696406634
555655.7213549936
569163.2323080064
582918.0723802769
596919.9595994488
611168.5654298216
625663.5101155655
640404.379610902
655390.7095909173
670622.0020050847
686097.7214305451
701817.2988972587
717780.133710344
733985.5960834613
750433.0292883872
767121.7507851658
784051.0566012969
801220.2207895536
818628.4988435917
836275.129039628
854159.3347598022
872280.3252692991
890637.298452373
909229.4416604144
928055.9332346861
947115.9456072187
966408.6444488498
985933.1894846335
1.0056887403197165e6
1.0256744511448609e6
1.0458894779564358e6
1.0663329757829427e6
1.0870041004445509e6
1.107902011503514e6
1.129025870322974e6
1.1503748431701292e6
1.171948100092302e6
1.1937448174991251e6
1.2157641781817547e6
1.238005371787302e6
1.2604675954999987e6
1.2831500548622324e6
1.3060519626836362e6
1.3291725418124828e6
1.3525110304159918e6
1.376066665543111e6
1.3998387029645294e6
1.4238264055474391e6
1.4480290503627425e6
1.472445922802682e6
1.4970763229580084e6
1.5219195590358921e6
1.5469749562013494e6
1.5722418457096978e6
1.5977195788158823e6
1.6234075068109022e6
1.649305002286647e6
1.6754114615388662e6
1.7017262713486825e6
1.7282488438976184e6
1.7549786024550127e6
1.7819149814076044e6
1.809057430172552e6
1.8364054078955094e6
1.863958388757318e6
1.8917158580705565e6
1.9196773183068899e6
1.94784227556047e6
1.9762102516073978e6
2.004780796165346e6
2.033553438416467e6
2.0625277411866132e6
2.0917032845076094e6
2.1210796476340927e6
2.1506564256647946e6
2.1804332311671404e6
2.2104096675175587e6
2.2405853750855927e6
2.270959990957925e6
2.301533165621364e6
2.332304560190715e6
2.3632738442448583e6
2.394440710640113e6
2.42580483988043e6
2.4573659388247766e6
2.489123718969036e6
2.5210779038159046e6
2.5532282226414597e6
2.585574417230986e6
2.6181162372265616e6
2.6508534407067513e6
2.683785795278491e6
2.7169130767002874e6
2.7502350690837237e6
2.7837515649947617e6
2.817462364469678e6
2.8513672757915203e6
2.885466114174118e6
2.9197587056108355e6
2.954244875772137e6
2.988924475221623e6
3.0237973327202667e6
3.058863303779856e6
3.0941222494918895e6
3.1295740392875103e6
3.165218525055998e6
3.2010556088690525e6
3.23708516291782e6
3.273307069308198e6
3.3097212283504866e6
3.3463275398011226e6
3.3831259094389835e6
3.420116247777098e6
3.4572984707150143e6
3.4946724984411816e6
3.5322382574247387e6
3.569995677311259e6
3.607944691959295e6
3.6460852415645346e6
3.6844172698661964e6
3.722940708891401e6
3.7616555393601814e6
3.8005617026514206e6
3.8396591580493506e6
3.878947865751246e6
3.9184277976778103e6
3.9580989233235e6
3.9979612114581764e6
4.0380146410849085e6
4.0782591780241495e6
4.1186948326591076e6
4.159321576834807e6
4.200139398735401e6
4.241148289974906e6
4.28234824412621e6
4.323739257766516e6
4.36532132974206e6