175713.25040894028
175802.93534835594
176042.2060418738
176431.3649567682
176970.89811415094
177661.263224191
178503.96089472374
179499.36628006215
180648.90579847698
181953.92995040657
183415.96592661276
185036.69424817726
186817.91248029747
188761.55433489065
190869.7070374669
193144.5414693463
195588.33941494752
198203.4757824033
200992.4249701597
203957.65791918858
207101.8037446992
210427.51850064608
213937.4454253443
217634.30157444093
221520.80646002744
225599.67756327472
229873.66965420128
234345.491926296
239017.85443083316
243893.41914001378
248974.83284677032
254264.69418413765
259765.5568790027
265479.8437595075
271410.16106213257
277558.7065122741
283927.834558815
290519.75690830953
297336.6224035672
304380.4646507051
311653.27529832197
319156.93095717486
326893.21983357845
334863.8525535191
343070.4188074325
351514.443268082
360197.34493586037
369120.45886800345
378285.01465190446
387692.14922153077
397342.91396807437
407238.2770748761
417379.0727471268
427766.11423477356
438400.08071245905
449281.58161890274
460411.1413162716
471789.2054475357
483416.13834056526
495292.2306415221
507417.69828198745
519792.68623371073
532417.2715828569
545290.8473384466
558415.2127595006
571788.4020577394
585410.860832436
599282.3613061392
613402.626116229
627771.3195894293
642388.0696194995
657252.4517317323
672364.0014220432
687722.2129991071
703326.544260245
719176.4183637982
735271.2249531029
751610.3235564616
768193.0455431401
785018.6963559969
802086.5575489352
819395.8888488002
836945.9301441774
854735.9037252013
872765.0154980827
891032.4567282172
909537.4066670754
928279.0341687419
947256.4982036757
966468.950290304
985915.5338276048
1.0055953902279778e6
1.0255076556795025e6
1.0456514602600124e6
1.0660259405664392e6
1.0866302290332308e6
1.1074634576621016e6
1.128524762229688e6
1.1498132817426738e6
1.171328157738144e6
1.1930685376280556e6
1.2150335736408953e6
1.2372224262909372e6
1.259634257376684e6
1.2822682439913612e6
1.3051235659927842e6
1.328199414745822e6
1.351494988079667e6
1.375009496657631e6
1.398742159769704e6
1.4226922061781334e6
1.4468588786068014e6
1.471241425837712e6
1.495839119916116e6
1.5206512291835148e6
1.545677043703907e6
1.5709158676338335e6
1.5963670026425812e6
1.6220297806223147e6
1.647903537406031e6
1.6739876278844187e6
1.700281413417072e6
1.7267842701985384e6
1.7534955879416943e6
1.7804147695103285e6
1.8075412307463705e6
1.8348743998680587e6
1.8624137190454963e6
1.8901586537590574e6
1.9181086400612674e6
1.9462631896179484e6
1.9746217866170155e6
2.0031839384822361e6
2.031949159451413e6
2.060916975855865e6
2.0900869434334666e6
2.1194586115064356e6
2.149031549198164e6
2.1788053357289815e6
2.2087795646075457e6
2.238953835122857e6
2.2693277642826065e6
2.2999009777227947e6
2.3306731129719294e6
2.361643818021654e6
2.3928127472833153e6
2.424179584631997e6
2.4557439957623943e6
2.4875056752758417e6
2.519464326765416e6
2.5516196574648004e6
2.5839713887390387e6
2.616519250227698e6
2.649262981391202e6
2.682202338220133e6
2.715337062909992e6
2.7486669257742083e6
2.7821917116079493e6
2.8159111934925946e6
2.849825176004421e6
2.8839334382094066e6
2.9182358021954824e6
2.9527320784430155e6
2.9874220875713592e6
3.022305667669771e6
3.0573826489741504e6
3.0926528791886256e6
3.1281162155159363e6
3.1637724941493813e6
3.199621601574554e6
3.235663401362403e6
3.2718977582193827e6
3.3083245790204783e6
3.344943740092064e6
3.3817551381389652e6
3.418758671169976e6
3.455954245359516e6
3.4933417712244005e6
3.530921165553064e6
3.5686923362867986e6
3.606655233142935e6
3.6448097749711205e6
3.683155897304257e6
3.72169354685412e6
3.760422641597017e6
3.799343156206412e6
3.83845503371166e6
3.8777582294946094e6
3.9172527035501353e6
3.9569384191239984e6
3.9968153431006107e6
4.0368834459636672e6
4.077142701266062e6
4.1175930861624307e6
4.1582345807593497e6
4.199067166090164e6
4.240090833844047e6
4.281305568627231e6
4.322711359860599e6
4.364308207443049e6