277465.4475140557
277523.4648563798
277678.32758293085
277930.45565809676
278280.5151660864
278729.4184532576
279278.3499780774
279928.72679037694
280682.18165755394
281540.6627908235
282506.1430234734
283581.0810527249
284767.9095676562
286069.3642644851
287488.37097910367
289027.96011895844
290691.35245026817
292481.91889345064
294403.1603920426
296458.69818107237
298652.2094458444
300987.61024864943
303468.69561641215
306104.9865329117
308883.9280885465
311826.1262957355
314930.1423938632
318200.103013079
321640.1423223905
325254.27384998783
329046.62488012377
333021.25807397964
337182.1726268506
341533.3462288452
346078.70353823854
350822.09954754636
355767.324808679
360918.09774307156
366277.991778979
371850.602344051
377639.34855975484
383647.5838363447
389878.53812826157
396335.35906766646
403021.0443075265
409938.5062747079
417090.55897311855
424479.8655163373
432108.98634631606
439980.35558796907
448096.2892503378
456458.9856378294
465070.5145554868
473932.82667955366
483047.75992526126
492417.02484635694
502042.21828586294
511924.8079408139
522066.16775729816
532467.5383736116
543130.0597654455
554054.7577405109
565242.5395260816
576694.257842398
588410.5885322229
600392.1543836497
612639.4711988929
625152.9605489667
637932.9529012707
650979.6880440519
664293.3228352098
677873.9330266571
691721.5128731926
705835.9799917631
720217.1800816262
734864.8892541362
749778.8148152796
764958.6011599315
780403.8335483838
796114.0361172284
812088.6803571049
828327.1852714415
844828.9207907463
861593.2108156721
878619.3356788873
895906.5351457493
913454.011401688
931260.9299000413
949326.4253943344
967649.6000219402
986229.5323781224
1.0050652704331209e6
1.0241558390415077e6
1.04350024707466e6
1.0630974805594855e6
1.0829465112991126e6
1.1030462935285275e6
1.1233957684373178e6
1.1439938696938423e6
1.1648395222580303e6
1.1859316332863807e6
1.2072691193072763e6
1.228850885256458e6
1.2506758317290684e6
1.2727428534324944e6
1.295050849614324e6
1.3175987337101684e6
1.340385396871461e6
1.3634097622013437e6
1.3866707302646835e6
1.4101672222994287e6
1.4338981646905185e6
1.4578624902989557e6
1.482059139229473e6
1.506487061772062e6
1.531145225452031e6
1.5560325877199804e6
1.581148130464057e6
1.6064908627004465e6
1.6320597848348054e6
1.6578539176248515e6
1.6838722933716641e6
1.710113960371229e6
1.7365779866283955e6
1.7632634291007475e6
1.7901693994384215e6
1.8172949977201864e6
1.8446393453465698e6
1.8722015813201943e6
1.8999808580671248e6
1.927976346100817e6
1.9561872328324686e6
1.98461271326138e6
2.0132520137731305e6
2.0421043737160335e6
2.071169018569674e6
2.100445240013753e6
2.1299323160988335e6
2.1596295433533266e6
2.189536236862862e6
2.21965173333255e6
2.2499753761486607e6
2.2805065299191587e6
2.3112445751077784e6
2.3421889076284934e6
2.3733389384239204e6
2.404694092051951e6
2.4362538113376526e6
2.46801755234808e6
2.4999847868189896e6
2.5321550002881717e6
2.5645276932107545e6
2.5971023812632775e6
2.6298785931521044e6
2.6628558713643188e6
2.6960337718518553e6
2.7294118644258366e6
2.7629897348401113e6
2.796766976075638e6
2.8307431990794507e6
2.8649180226186947e6
2.8992910830699033e6
2.933862024181133e6
2.968630505101558e6
3.0035961914367736e6
3.0387587730190093e6
3.0741179315323797e6
3.109673373053213e6
3.1454248118214468e6
3.18137196952035e6
3.2175145841236752e6
3.2538523956152815e6
3.2903851347342366e6
3.327112637545398e6
3.3640346035899874e6
3.4011508394250297e6
3.4384611351050045e6
3.4759652899025115e6
3.513663112327708e6
3.5515544170110268e6
3.5896390271142027e6
3.6279167740634666e6
3.6663875023421063e6
3.7050510538256974e6
3.74390728322906e6
3.7829560528685055e6
3.8221972306677313e6
3.8616306866139625e6
3.9012563067479017e6
3.9410739749858747e6
3.9810835929075875e6
4.0212850502530937e6
4.061678256457566e6
4.1022631207259917e6
4.14303956039339e6
4.184007496612936e6
4.225166855631648e6
4.266517569291951e6
4.308059574070418e6
4.3497928109330665e6