391708.7801089734
391736.2814877172
391810.16925485677
391930.6370831154
392098.5538059579
392315.1118525838
392581.62700836605
392899.8348222148
393271.68298862746
393699.479800515
394185.7073235251
394733.20551668294
395345.0441733358
396024.3961053146
396774.85722030106
397600.1129562176
398504.0924885962
399490.91388878925
400564.79005434306
401730.2694584348
402991.968291156
404354.4568572253
405822.6544029475
407401.4804519692
409095.95849644416
410911.1894811124
412852.28746660333
414924.576762715
417133.1659684995
419483.34922995616
421980.3910986766
424629.5657665079
427436.0746025179
430405.1650181003
433542.0060631047
436851.57089952764
440339.4270510251
444010.1191971409
447868.65520783945
451919.9757352577
456168.8342355478
460619.8932868715
465277.7303295954
470146.80066015746
475231.4700621038
480535.92347407097
486064.34082639037
491820.6699561267
497808.7860428867
504032.4857133494
510495.2689717388
517200.63261555816
524151.9142868923
531352.2906373984
538804.8259462606
546512.4203331049
554477.8532402916
562703.7428970047
571192.592185655
579946.7491536079
588968.4319022781
598259.7143110768
607822.5399719354
617658.7190377327
627769.9283186472
638157.7058049653
648823.4709651264
659768.5143242634
670994.0020688976
682500.974783239
694290.3604731972
706362.9668887183
718719.4939610756
731360.5275570987
744286.533385176
757497.8988992736
770994.8909101578
784777.6838905041
798846.3574022618
813200.897912822
827841.2058065542
842767.0949941489
857978.2977679274
873474.4681470689
889255.18495164
905319.9551645739
921668.2182844416
938299.3434554755
955212.6456585517
972407.3755546671
989882.7301433125
1.007637850330583e6
1.025671833156026e6
1.0439837242058793e6
1.0625725287310618e6
1.0814372094723438e6
1.100576691394522e6
1.1199898646124569e6
1.1396755874873395e6
1.1596326876742311e6
1.179859966669052e6
1.2003562007783253e6
1.2211201450541473e6
1.2421505325215056e6
1.263446080098977e6
1.2850054909048218e6
1.3068274545555715e6
1.328910641819127e6
1.3512537325761104e6
1.3738553746507713e6
1.396714228074198e6
1.419828949709773e6
1.44319818169832e6
1.4668205804139585e6
1.4906947919301218e6
1.5148194833314442e6
1.53919327786978e6
1.5638148698842328e6
1.5886829168736213e6
1.613796097449207e6
1.6391531172287085e6
1.6647526158433473e6
1.69059334583513e6
1.716674018844327e6
1.7429933598649923e6
1.7695501157965187e6
1.7963430424733502e6
1.8233709150885488e6
1.8506325245232908e6
1.8781266648675422e6
1.9058521697098175e6
1.9338078791102269e6
1.9619897479847434e6
1.990405317287356e6
2.0190448250982084e6
2.0479100782753192e6
2.0769999714689956e6
2.106313481342063e6
2.1358495738681564e6
2.16560723296535e6
2.195585468489444e6
2.2257833029347826e6
2.256199787624224e6
2.2868339859231897e6
2.3176849855408426e6
2.348751897402775e6
2.3800338405436417e6
2.411529962087243e6
2.44323943303112e6
2.4751614337471398e6
2.5072951697930275e6
2.5396398652692186e6
2.5721947637496665e6
2.604959128138693e6
2.6379322365908977e6
2.6711133918269165e6
2.704501914134441e6
2.738097130754584e6
2.771898406065943e6
2.8059051078625997e6
2.8401166281484743e6
2.8745323774990933e6
2.909151764995002e6
2.9439742474388313e6
2.9789992785175024e6
3.014226349334385e6
3.0496548933808296e6
3.0852844743624157e6
3.1211145915640374e6
3.157144787145153e6
3.1933746074156202e6
3.229803619623674e6
3.266431402689642e6
3.3032575538526787e6
3.340281678580547e6
3.37750340031369e6
3.4149223508838154e6
3.452538181476812e6
3.4903505521784117e6
3.5283591311102207e6
3.5665636076838416e6
3.6049636764340284e6
3.6435590456568724e6
3.68234943538753e6
3.7213346043209336e6
3.760514229727546e6
3.79988808552261e6
3.83945595574054e6
3.8792176096671443e6
3.919172820374347e6
3.9593213788344306e6
3.9996630850793575e6
4.0401977487799763e6
4.0809251837481954e6
4.121845225024315e6
4.1629576985036093e6
4.20426244875074e6
4.245759326663317e6
4.287448190290265e6
4.329328903501898e6