297409.28424192284
297461.6314896667
297601.3788364883
297828.9669421106
298145.0769219625
298550.23084994714
299046.99553570134
299635.5083504689
300317.9124326427
301096.229000338
301972.5169143518
302949.35747271334
304029.27768915426
305215.1244514596
306509.96635506494
307917.26945600286
309439.46827115625
311081.0303809823
312845.2786226476
314736.0415206069
316757.1507338575
318912.7281663936
321206.72439489776
323643.36866661167
326226.8592654561
328961.46868026466
331851.4796536762
334901.24608647526
338115.1235316839
341497.36205897795
345052.32971978624
348784.3318200737
352697.5827150704
356796.34156968346
361084.763707326
365566.95833738626
370246.9672963691
375128.74659323134
380216.17732769006
385513.05675690935
391023.0771675773
396749.84828866046
402696.85361131316
408867.4944524125
415265.02146718994
421892.5967715249
428753.2831700994
435849.9891476818
443185.5190680875
450762.5467238662
458583.623460265
466651.18275431416
474967.521463877
483534.81449174805
492355.1207325124
501430.36517562304
510762.35502285155
520352.7619237275
530203.1593967327
540314.9842466752
550689.5613269205
561328.0993690204
572231.694014706
583401.3310583392
594837.8844135383
606542.1244797886
618514.7157400134
630756.2237634282
643267.1170483686
656047.7654787838
669098.4500395694
682419.3639956263
696010.6125956866
709872.2176336884
724004.1225096118
738406.1944821775
753078.2258688968
768019.9396962025
783230.9922357377
798710.9748027935
814459.4183930827
830475.7955559784
846759.5254620351
863309.9731351181
880126.4561353878
897208.2454692674
914554.5696266313
932164.6141776545
950037.5303129922
968172.4313637817
986568.4013765046
1.0052244908227808e6
1.0241397213857081e6
1.0433130955760694e6
1.0627435884436108e6
1.0824301607346504e6
1.1023717451699912e6
1.122567256828168e6
1.1430156039979479e6
1.163715683801575e6
1.1846663833455837e6
1.2058665741008704e6
1.2273151227030642e6
1.2490108941209898e6
1.2709527433682652e6
1.2931395286717794e6
1.3155701066207597e6
1.338243327964623e6
1.3611580594042952e6
1.3843131524149084e6
1.407707474533436e6
1.4313398994626123e6
1.4552093007698297e6
1.4793145648395526e6
1.503654580940144e6
1.5282282628949666e6
1.5530344954119972e6
1.5780722233724846e6
1.6033403735832183e6
1.6288378922349052e6
1.6545637379780295e6
1.680516880896586e6
1.706696306829619e6
1.733101014719008e6
1.7597300181877029e6
1.7865823476375844e6
1.8136570464015203e6
1.8409531741902193e6
1.868469807927949e6
1.8962060374911844e6
1.9241609730897367e6
1.9523337399080894e6
1.9807234736228301e6
2.009329341074074e6
2.03815051318758e6
2.0671861790310908e6
2.096435553053261e6
2.125897854819244e6
2.1555723321636636e6
2.185458240917163e6
2.2155548624875345e6
2.245861485010163e6
2.2763774248294896e6
2.3071019961042767e6
2.338034554116075e6
2.369174455269277e6
2.4005210729160365e6
2.4320738004711103e6
2.463832045391704e6
2.4957952314229384e6
2.527962797063343e6
2.5603341945706466e6
2.5929088975291057e6
2.6256863891063156e6
2.658666167250613e6
2.691847747072818e6
2.7252306554297153e6
2.7588144384738887e6
2.792598647624165e6
2.8265828571681026e6
2.860766646317911e6
2.8951496171845966e6
2.929731370602515e6
2.9645115357377743e6
2.9994897424938064e6
3.034665646386087e6
3.070038895044945e6
3.105609165402146e6
3.141376138002328e6
3.177339504910439e6
3.21349897471939e6
3.249854258084136e6
3.286405081833253e6
3.323151182322776e6
3.360092305039482e6
3.3972282059540087e6
3.434558651129245e6
3.4720834140938893e6
3.5098022806985555e6
3.5477150412177513e6
3.5858214987641755e6
3.624121460986287e6
3.662614752267185e6
3.701301193061177e6
3.7401806193893147e6
3.7792528732105265e6
3.818517806468193e6
3.8579752675377983e6
3.8976251279458036e6
3.9374672527138614e6
3.9775015281426148e6
4.0177278310434013e6
4.0581460422039893e6
4.0987560783658256e6
4.139557817865794e6
4.180551190095044e6
4.221736096687799e6
4.263112458408123e6
4.304680199655937e6
4.34643924855561e6