195698.24605687725
195781.3293477369
196003.00513510552
196363.60044565343
196863.6479217785
197503.87003543787
198285.1990340858
199208.7575767105
200275.8545566068
201487.80323320726
202846.69180621952
204353.94856075174
206011.6554728782
207821.933880685
209787.06424771127
211909.40645875892
214191.40308518044
216635.83047244727
219245.20500445808
222022.36443045025
224970.14850846038
228091.457330122
231389.24971636495
234866.51295973622
238526.26767363294
242371.40022131603
246405.26544887805
250630.61314016802
255050.5445625162
259668.03548373014
264486.0522561267
269507.5208956866
274735.2934939186
280172.19558120635
285820.97590295144
291684.3275512436
297764.87072987907
304065.12450510333
310587.5627752605
317334.55042903393
324308.3669853652
331511.2378072476
338945.1591025104
346612.2416890548
354514.32272980845
362653.2207422257
371030.6494257702
379648.2066326384
388507.39240556303
397609.60700140486
406956.1572790613
416548.2487478802
426386.9860952267
436473.3802692553
446808.34981314075
457392.71258370794
468227.2122043655
479312.4790760583
490649.0761012465
502237.4714297372
514078.05587351654
526171.1381319601
538516.9512608689
551115.6518547044
563967.3272019348
577071.9924793772
590429.59786793
604040.0293901303
617903.1148574876
632018.6176653963
646386.2533943215
661005.6793577205
675876.507017233
690998.2962115642
706370.5652500619
721992.7893482405
737864.4044304029
753984.8092891428
770353.3682321175
786969.413419124
803832.2471256763
820941.1439526975
838295.3536779509
855894.1021590843
873736.5944487802
891822.0159709384
910149.5354462154
928718.3072875037
947527.4698588632
966576.1549237242
985863.4694570007
1.0053885337149387e6
1.0251504455565047e6
1.0451483014699307e6
1.0653811934126695e6
1.0858482120941242e6
1.106548443555199e6
1.127480975452728e6
1.148644895977228e6
1.1700392942560194e6
1.1916632629339895e6
1.2135158975026496e6
1.2355962999526102e6
1.2579035756690544e6
1.280436837403127e6
1.3031952042497285e6
1.326177804977466e6
1.3493837726405484e6
1.3728122536581391e6
1.396462402687985e6
1.4203333798258267e6
1.4444243639845713e6
1.468734539669677e6
1.4932631017641653e6
1.5180092621004698e6
1.5429722391825886e6
1.5681512706519682e6
1.5935455881761068e6
1.6191544648660105e6
1.6449771601596884e6
1.6710129623609595e6
1.6972611821409906e6
1.7237211136876752e6
1.7503920869625045e6
1.777273439925344e6
1.8043645250370582e6
1.8316647071420166e6
1.8591733658637083e6
1.8868898935989605e6
1.9148136974525668e6
1.942944195437448e6
1.971280826291749e6
1.9998230304472272e6
2.028570278983029e6
2.0575220338577242e6
2.086677780266605e6
2.11603703054938e6
2.145599296951502e6
2.175364099545353e6
2.2053309804648217e6
2.2354994972691145e6
2.265869201276238e6
2.296439674283713e6
2.3272105073134676e6
2.358181307149199e6
2.3893516701694513e6
2.4207212284634267e6
2.4522896170198866e6
2.4840564826755207e6
2.516021484340528e6
2.5481842872491498e6
2.5805445760465777e6
2.61310203569625e6
2.6458563580822865e6
2.6788072727726116e6
2.7119544904264673e6
2.7452977404980604e6
2.778836762799518e6
2.8125712955232747e6
2.8465011167800482e6
2.880625983153532e6
2.91494566860039e6
2.949459962279063e6
2.984168650377854e6
3.019071536343095e6
3.054168429096258e6
3.0894591450088248e6
3.124943515266542e6
3.160621346875252e6
3.196492503184939e6
3.232556822647896e6
3.2688141580636217e6
3.305264367836629e6
3.341907318062737e6
3.378742881486689e6
3.4157709365911973e6
3.4529913666602587e6
3.4904040667211176e6
3.5280089290295187e6
3.5658058558027777e6
3.60379475529747e6
3.64197553956647e6
3.6803481266257134e6
3.7189124499223162e6
3.7576684048389294e6
3.796615955652674e6
3.835755029327964e6
3.875085565306715e6
3.9146075105556347e6
3.9543208144197497e6
3.9942254306736714e6
4.034321317414697e6
4.074608434483212e6
4.115086749522477e6
4.15575622948238e6
4.196616846793363e6
4.237668577335635e6
4.278911399757337e6
4.32034529559811e6
4.361970249987518e6