150289.30600490194
150387.66591341974
150650.05651027424
151076.6056707254
151668.1454699451
152424.88182060065
153347.6764799867
154437.4580752105
155695.20501339954
157122.2080348194
158719.76798215578
160489.32893345953
162432.47661392286
164550.9304048071
166846.48182100273
169321.0044191904
171976.52149587707
174815.0617413727
177838.77710604313
181049.84480140422
184450.47804747638
188042.94138391863
191829.61015599524
195812.70284600754
199994.61890631902
204377.6297208527
208964.08897118247
213756.27714920888
218756.49056978693
223966.96386190527
229389.91570887587
235027.50312695833
240881.85599510983
246955.01093789155
253248.9842796303
259765.69923846115
266507.03131243127
273474.7648349643
280670.62133806106
288096.23002962733
295753.15960475674
303642.88455302623
311766.79797003395
320126.203687832
328722.3332608896
337556.3243173471
346629.23634218
355942.03386019316
365495.6078762514
375290.7600843155
385328.21562400117
395608.6146406063
406132.52274750103
416900.4253562893
427912.7335096809
439169.78534198314
450671.8477581529
462419.11856715364
474411.72858672804
486649.7447572235
499133.1723293918
511861.9566495434
524835.9859531303
538055.0941005179
551519.0634891526
565227.625710994
579180.4667359523
593377.2264575537
607817.5047153352
622500.8580784717
637426.8103417573
652594.8473998206
668004.4230126599
683654.9605288178
699545.8551119666
715676.4756549711
732046.1669964821
748654.2519311081
765500.0330443983
782582.7947969876
799901.8050276861
817456.3171292429
835245.5713167053
853268.7966294317
871525.2118652845
890014.0279196913
908734.4494594807
927685.6718836615
946866.89236326
966277.300649505
985916.0867872485
1.0057824383215935e6
1.0258755434338273e6
1.0461945936234306e6
1.0667387798916576e6
1.087507298661758e6
1.1084993489558888e6
1.129714134964589e6
1.151150866809001e6
1.1728087597287297e6
1.1946870365980659e6
1.216784927845667e6
1.239101670853551e6
1.2616365136365928e6
1.2843887106835777e6
1.3073575266280326e6
1.3305422370750376e6
1.353942125532954e6
1.3775564884354577e6
1.4013846312895208e6
1.4254258705319394e6
1.4496795349464011e6
1.4741449651727132e6
1.4988215118622573e6
1.5237085384351246e6
1.5488054191443964e6
1.5741115417809961e6
1.59962630803771e6
1.625349122618639e6
1.6512794122590357e6
1.6774166158481352e6
1.7037601795352465e6
1.7303095636748548e6
1.7570642414082752e6
1.7840236967316587e6
1.811187427753213e6
1.838554943229533e6
1.8661257635226452e6
1.8938994217157918e6
1.9218754669648195e6
1.9500534511787796e6
1.9784329451084463e6
2.0070135300579676e6
2.0357947942849072e6
2.0647763371884245e6
2.0939577813027904e6
2.123338747832512e6
2.152918871215e6
2.182697800500516e6
2.2126751922527724e6
2.2428507120872657e6
2.2732240735239857e6
2.3037948626476945e6
2.3345628728522267e6
2.365527787053762e6
2.3966893175130254e6
2.428047191243847e6
2.4596011440120395e6
2.491350919979407e6
2.5232962738238447e6
2.555436966560795e6
2.5877727700457983e6
2.620303464005737e6
2.653028834514026e6
2.685948676933703e6
2.719062795459227e6
2.7523710002191933e6
2.785873110534144e6
2.819568951296666e6
2.8534583557703705e6
2.8875411646227655e6
2.9218172222912963e6
2.9562863830402642e6
2.990948508986134e6
3.0258034661813793e6
3.060851124460896e6
3.096091363872546e6
3.1315240737777837e6
3.167149132378466e6
3.202966439026259e6
3.2389759023723574e6
3.275177422775094e6
3.3115709171973346e6
3.3481562965262374e6
3.384933484587581e6
3.421902407056625e6
3.4590629952293797e6
3.4964151840632297e6
3.5339589231180833e6
3.5716941380198956e6
3.609620784082325e6
3.647738814830108e6
3.6860481913514645e6
3.724548856405713e6
3.7632407898849803e6
3.802123965396525e6
3.841198328560487e6
3.8804638629640997e6
3.919920549091279e6
3.9595683665132984e6
3.9994072941430523e6
4.0394373197080917e6
4.079658431773404e6
4.1200706209303946e6
4.1606738816459444e6
4.201468209357232e6
4.242453603704577e6
4.283630065448375e6
4.324997597136041e6
4.366556205605308e6