600377.5338145016
600360.1497735839
600313.9728789685
600239.5725260093
600137.9357392734
600010.3079837258
599857.9312835024
599683.8539858405
599489.3805853924
599277.438992405
599051.0272439134
598813.4155125858
598568.1837590577
598319.0946779102
598070.3870636686
597826.4134602136
597591.7719685044
597371.4327884566
597170.2548998655
596993.7897500452
596847.6100932257
596737.1057409206
596668.2411129257
596646.9809941824
596679.4075617084
596771.7937436766
596930.1674725732
597161.8626810521
597472.2623643389
597868.4775407424
598357.0164016373
598944.5128960349
599637.6099577864
600442.9890735827
601366.9914689615
602416.9526497553
603599.2747075931
604920.4292549806
606386.4954908753
608004.5038714368
609780.870642992
611721.8943019809
613833.8237244393
616122.9325263912
618595.2620621363
621256.8261244755
624113.5783966401
627171.2839350841
630435.6550244212
633912.2210296689
637605.1581276519
641523.6108335605
645668.9281563307
650047.4175486491
654663.9918952548
659523.2797385924
664630.2919215132
669989.1076275166
675604.1792707827
681479.6883017828
687619.6482437099
694027.9364070287
700708.2658299458
707664.2155766616
714899.1899600081
722416.4395473957
730219.0782344639
738310.0491089331
746692.155883925
755368.0381414263
764340.1919212665
773610.962284399
783182.5399973423
793056.9801379349
803236.1746627796
813721.8844833574
824515.7212562417
835619.1590514774
847033.5317981702
858760.0371701691
870799.7413926679
883153.5787918513
895822.3474818394
908806.7341950007
922107.2900851252
935724.4520044001
949658.5365766274
963909.7476865406
978478.1778775456
993363.8115719103
1.0085665276582404e6
1.0240861049153563e6
1.0399222232808672e6
1.056074465660542e6
1.0725423310795939e6
1.089325219951043e6
1.1064224548540132e6
1.123833275515577e6
1.141556844850378e6
1.1595922494333019e6
1.177938505986302e6
1.1965945639360372e6
1.2155593088257902e6
1.234831564984826e6
1.2544100973649847e6
1.2742936207713946e6
1.2944808010118625e6
1.314970239204505e6
1.3357605963129727e6
1.3568501628213646e6
1.3782376632958595e6
1.3999214694331512e6
1.4219000088232812e6
1.4441716737124715e6
1.466734827676392e6
1.4895878184654552e6
1.5127289607081474e6
1.536156561627612e6
1.5598689004583587e6
1.5838642609681613e6
1.608140895391477e6
1.632697064885382e6
1.6575309949150542e6
1.6826409467929949e6
1.708025153089816e6
1.7336818445917375e6
1.75960926651524e6
1.7858056592647384e6
1.8122692694331121e6
1.8389983436806756e6
1.8659911495927235e6
1.8932459577941312e6
1.9207610364197681e6
1.9485346940914476e6
1.9765652299426128e6
2.0048509820036164e6
2.033390240945607e6
2.0621813987839262e6
2.0912228232276784e6
2.120512895744735e6
2.150050082560245e6
2.1798326808393635e6
2.2098592515830174e6
2.2401282352595087e6
2.2706381272988613e6
2.3013874459236814e6
2.332374731333318e6
2.3635985498361224e6
2.3950575083046136e6
2.426750183334752e6
2.4586752304928647e6
2.490831314110036e6
2.523217121773363e6
2.5558313703495436e6
2.5886727968576928e6
2.6217401566439355e6
2.655032266862858e6
2.68854790383811e6
2.722285945169267e6
2.7562452431414607e6
2.7904246967368936e6
2.8248232194800223e6
2.85943975751634e6
2.894273279709095e6
2.92932278134777e6
2.9645872791335275e6
3.0000658187925187e6
3.0357574694336085e6
3.071661320151486e6
3.107776489920668e6
3.1441021186517035e6
3.1806373674661135e6
3.2173814231865834e6
3.254333497705248e6
3.291492819119595e6
3.3288586425986923e6
3.366430243152712e6
3.4042069191876194e6
3.442187989060124e6
3.4803727821845827e6
3.5187606721176817e6
3.5573510354368123e6
3.596143242588404e6
3.635136736201014e6
3.6743309768952816e6
3.7137253832712383e6
3.753319438231033e6
3.793112636922768e6
3.8331044821944847e6
3.8732945068821493e6
3.9136822482844223e6
3.9542672664342285e6
3.995049139723576e6
4.0360274507856364e6
4.0772018141001905e6
4.118571846565766e6
4.1601371794547853e6
4.201897463827487e6
4.243852367996376e6
4.2860015622873735e6