576617.8976610376
576605.0785278894
576571.0638711386
576516.4300552966
576442.1390118656
576349.4271205597
576239.5792494225
576115.4647438461
575978.5194859393
575831.5834384203
575677.6083773309
575519.8473446139
575361.8207456839
575207.2718111136
575060.3736506406
574925.5107678911
574806.9799739147
574709.930449566
574639.0848830693
574599.9346063192
574597.9467886791
574638.4624418895
574727.3499796212
574870.4921496469
575073.9026747632
575343.7504407101
575685.9604791141
576107.6493955161
576614.3994048499
577212.9680161966
577909.7946912433
578711.4111196323
579624.3448900899
580655.1456729737
581810.0418207882
583096.4352971384
584519.9489072732
586087.316022547
587805.0116646091
589679.1917218112
591716.3355602163
593922.6032491237
596304.1090722682
598866.9145470646
601616.9507198442
604560.0499993538
607702.0019205464
611048.3890139313
614604.7765422384
618376.5054618956
622368.8454453872
626586.9458948829
631035.7939775178
635720.244381309
640645.0276275343
645814.7154578543
651233.7438717955
656906.3958177646
662836.8072283237
669028.9686584495
675486.7132646311
682213.7227345349
689213.5265873347
696489.511591355
704044.9040334848
711882.7622154825
720006.0133685783
728417.4254153973
737119.6123308546
746115.0358943989
755406.0140953932
764994.7141160847
774883.1560610877
785073.2210114026
795566.6324867907
806364.9870172605
817469.7327042212
828882.1847509947
840603.5218055358
852634.7893237406
864976.9053978232
877630.6606427012
890596.7133372163
903875.6138931816
917467.7831065711
931373.5312616443
945593.0511631172
960126.431627796
974973.6519960443
990134.5892178754
1.0056090197610732e6
1.0213966249109032e6
1.0374969925556437e6
1.0539096190921857e6
1.070633917545767e6
1.0876692160661928e6
1.1050147637076315e6
1.1226697338855295e6
1.140633227999019e6
1.158904276285909e6
1.177481844982413e6
1.1963648360433024e6
1.215552095216105e6
1.235042410175119e6
1.2548345146301228e6
1.274927097311799e6
1.295318801338161e6
1.3160082115430573e6
1.336993976057822e6
1.3582743777784947e6
1.3798481365585686e6
1.4017136254800847e6
1.423869275464248e6
1.446313488346281e6
1.4690446411889826e6
1.4920610922159771e6
1.5153611818142887e6
1.5389432379286974e6
1.5628055678070253e6
1.5869464811254628e6
1.611364266774301e6
1.6360571871022547e6
1.661023603381976e6
1.6862617210249135e6
1.7117698483638167e6
1.7375462607964403e6
1.7635892534267185e6
1.7898971160188415e6
1.816468142526309e6
1.8433006474492552e6
1.8703929411250246e6
1.8977433534561465e6
1.92535021225587e6
1.9532118861905686e6
1.9813267354198364e6
2.0096931608092787e6
2.0383095113894483e6
2.0671742547551012e6
2.0962858110970512e6
2.1256426347482074e6
2.1552432004608605e6
2.18508600411505e6
2.2151695668825815e6
2.2454924229939254e6
2.2760531366045186e6
2.3068503136632266e6
2.337882517768793e6
2.3691484039220233e6
2.400646628723013e6
2.432375870045904e6
2.4643348298328817e6
2.496522257023871e6
2.528936861603141e6
2.561577464147956e6
2.5944428671207125e6
2.627531867495038e6
2.6608433522921675e6
2.6943761661144085e6
2.728129237750577e6
2.762101492498536e6
2.7962918856820483e6
2.830699391438985e6
2.86532301400819e6
2.900161780453655e6
2.9352147430627835e6
2.9704809758995343e6
3.00595957896705e6
3.041649676326598e6
3.0775504098774027e6
3.1136609525354295e6
3.1499804943553866e6
3.186508247423266e6
3.2232434494141554e6
3.260185360160531e6
3.297333255616452e6
3.3346864366179174e6
3.372244225249331e6
3.410005963922176e6
3.4479710163386352e6
3.4861387490757606e6
3.524508587686799e6
3.56307994059917e6
3.60185222261852e6
3.640824927766671e6
3.6799975116753434e6
3.7193694733764553e6
3.758940317426977e6
3.798709574458325e6
3.8386767812000145e6
3.878841504313205e6
3.9192033125717496e6
3.9597617988152835e6
4.0005165712146494e6
4.041467244703517e6
4.082613457647571e6
4.1239548588502076e6
4.1654911082234303e6
4.207221878770169e6
4.249146868377013e6
4.291265771420917e6