191963.96791474803
192048.27009754055
192273.05244966605
192639.0638207775
193146.40197928608
193795.9234349671
194588.545298469
195525.373443627
196607.69453429073
197836.8306076702
199214.7801966192
200742.91523093727
202423.52934065813
204258.32394909023
206250.01754211585
208400.5482010196
210712.47667693664
213188.45258424754
215831.034843414
218642.98799632493
221627.10323442737
224786.2378720898
228123.29529531216
231641.21333050568
235342.959554214
239231.4558578663
243309.73779618883
247580.76354735615
252047.48776682737
256712.8305154716
261579.69968669626
266650.9623345613
271929.41395645833
277417.81817966036
283118.86677785125
289035.1928178406
295169.3538712796
301523.8218667209
308101.0010599542
314903.201536097
321932.6460344435
329191.4737907102
336681.712798103
344405.3292767212
352364.14015437604
360559.9050196768
368994.2879215196
377668.8350838468
386584.9966173874
395744.12409260694
405147.47653443855
414796.2135936441
424691.39518935746
434833.9897694868
445224.8719961996
455864.8198129857
466754.53905033227
477894.6223930138
489285.59646637924
500927.89588482014
512821.8780409752
524967.8208309679
537365.9272266077
550016.3269775889
562919.0797492741
576074.1767373611
589481.5448478324
603141.0473230879
617052.4918730302
631215.6236482764
645630.1405218216
660295.6845340151
675211.8506902792
690378.1876285612
705794.2011096042
721459.3558289647
737373.0784202603
753534.759754663
769943.7572866825
786599.3975267538
803500.9782260975
820647.7707066823
838039.0218668303
855673.9566913664
873551.7796859636
891671.6766589215
910032.8178682732
928634.3598920165
947475.4441967555
966555.2063360773
985872.7579047
1.0054272243928082e6
1.0252177095485575e6
1.0452433163861515e6
1.0655031439667847e6
1.0859962906964289e6
1.1067218507712483e6
1.1276789205044992e6
1.1488665970400537e6
1.1702839791663755e6
1.1919301694370112e6
1.2138042735327082e6
1.2359054031994655e6
1.2582326766111362e6
1.2807852159410499e6
1.303562140242109e6
1.3265626253941583e6
1.3497857807613176e6
1.37323077657161e6
1.3968967783823484e6
1.4207829613189122e6
1.4448885133979297e6
1.4692126330911252e6
1.4937545274515983e6
1.5185134205348627e6
1.5434885435255205e6
1.5686791463299561e6
1.5940844763669218e6
1.6197038101168913e6
1.6455364285025126e6
1.6715816346575546e6
1.6978387234660508e6
1.724307051454808e6
1.750985922285571e6
1.777874696750394e6
1.8049727393645681e6
1.8322794266578432e6
1.8597941501463535e6
1.8875163136772136e6
1.9154453360625291e6
1.9435806464133745e6
1.971921694678875e6
2.000467937164965e6
2.0292188414036788e6
2.0581738887104848e6
2.0873325876527617e6
2.116694443145561e6
2.1462589836062267e6
2.176025739219939e6
2.205994261929213e6
2.2361641120083234e6
2.2665348641024465e6
2.297106109826728e6
2.327877435001662e6
2.358848454360583e6
2.3900187895544274e6
2.4213880766784456e6
2.4529559562760238e6
2.484722078354096e6
2.516686114071817e6
2.5488477370680803e6
2.5812066390974624e6
2.61376251330831e6
2.646515068268282e6
2.679464021707783e6
2.7126091004022844e6
2.745950042378518e6
2.7794865804835106e6
2.813218492853242e6
2.8471455331260967e6
2.881267473849419e6
2.9155840951964976e6
2.9500951818497e6
2.984800546382513e6
3.0196999877226437e6
3.0547933196199094e6
3.090080364405126e6
3.1255609578850777e6
3.1612349063068056e6
3.1971020975089534e6
3.2331623539406783e6
3.269415539635174e6
3.305861518502767e6
3.342500160636701e6
3.379331342758422e6
3.4163549476741604e6
3.4535708636146993e6
3.4909789855730766e6
3.5285792136991364e6
3.566371452451048e6
3.604355613437455e6
3.642531612145369e6
3.6808993699958473e6
3.7194588231820585e6
3.758209871108639e6
3.7971525072819768e6
3.8362865801287405e6
3.875612113739785e6
3.9151290304004615e6
3.9548372821086086e6
3.9947368250047686e6
4.034827619737208e6
4.0751096396414107e6
4.1155828211816186e6
4.1562471668385016e6
4.197102640026048e6
4.238149218658876e6
4.279386883173333e6
4.320815617182269e6
4.3624354075656505e6