231399.45327721437
231471.21777778672
231662.72479054192
231974.34475300054
232406.66987102898
232960.52724912635
233636.95589544124
234437.2280614414
235362.8013955899
236415.34765917348
237596.75429137656
238909.05581426527
240354.51509410405
241935.4827833033
243654.5795553329
245514.48578886822
247518.03889200615
249668.2041727539
251968.05097874266
254420.77459214436
257029.6113552639
259797.9025227278
262729.0416425881
265826.4829226501
269093.71346779
272534.1953372861
276151.50699401845
279949.18218229845
283930.7204082234
288099.6235183057
292459.3873237799
297013.460683366
301765.23179850675
306718.0629441537
311875.2294198725
317239.9859756634
322815.48246171843
328604.76281828946
334610.851707492
340836.42285003955
347284.94588930457
353958.4795858475
360859.8528896722
367991.59533524077
375356.08567095984
382955.6338356258
390792.44611090625
398868.60108196543
407186.06931366114
415746.70998674387
424552.28069460427
433604.4254646081
442904.6750878762
452454.45228932233
462255.07872855203
472307.76562053506
482613.61748777627
493173.64026482316
503988.7391875344
515059.7172483633
526387.2876940153
537972.0615748984
549814.5650665356
561915.2324196699
574274.4147838443
586892.3760936013
599769.3019759569
612905.299483526
626300.4021648054
639954.5681171899
653867.6932348886
668039.6013308407
682470.0555136602
697158.7577364994
712105.3536682823
727309.4336121955
742770.5366706022
758488.1529993911
774461.7266704418
790690.6584118642
807174.3082162428
823911.9979763181
840903.0139856564
858146.6095472082
875642.0102180822
893388.401212761
911384.959368067
929630.8276549842
948125.1275135414
966866.9618086254
985855.4187664324
1.0050895669349167e6
1.0245684613148989e6
1.0442911485687454e6
1.0642566621033903e6
1.0844640294640881e6
1.104912267052122e6
1.1256003899538121e6
1.1465274069883844e6
1.1676923249848662e6
1.1890941498938059e6
1.2107318867986891e6
1.2326045433419314e6
1.2547111276302242e6
1.2770506524819336e6
1.2996221346584086e6
1.3224245975424608e6
1.3454570666211054e6
1.368718579466391e6
1.3922081797260907e6
1.4159249156847126e6
1.4398678489737478e6
1.4640360570405861e6
1.488428613822138e6
1.5130446129666006e6
1.5378831610605998e6
1.5629433734001638e6
1.5882243753854996e6
1.61372530133121e6
1.639445318125844e6
1.6653835936088378e6
1.6915392966504768e6
1.717911633996008e6
1.7444998025483002e6
1.7713030314750616e6
1.7983205584533717e6
1.8255516359425536e6
1.8529955301575563e6
1.8806515165846196e6
1.9085189045703856e6
1.9365969989204574e6
1.9648851212515216e6
1.9933826191566798e6
2.0220888470600739e6
2.051003183115528e6
2.0801249875712732e6
2.1094536846631216e6
2.138988681800655e6
2.168729405377156e6
2.1986752986475555e6
2.228825822155223e6
2.259180443201867e6
2.289738650654152e6
2.320499941222515e6
2.3514638298253138e6
2.3826298413495454e6
2.413997515859187e6
2.4455664050180344e6
2.4773360768236797e6
2.5093061084091645e6
2.5414760906238602e6
2.5738456265716013e6
2.6064143321137074e6
2.639181835642789e6
2.672147775087275e6
2.705311802131195e6
2.7386735774561213e6
2.772232777191408e6
2.8059890823959014e6
2.8399421905507445e6
2.874091805258858e6
2.9084376413546554e6
2.9429794301115484e6
2.9777169003696674e6
3.012649798183223e6
3.0477778852796783e6
3.0831009307991983e6
3.1186186736235647e6
3.1543309316900168e6
3.190237483281031e6
3.226338127406869e6
3.262632671528762e6
3.299120930238182e6
3.335802726576264e6
3.3726778917351887e6
3.4097462627084185e6
3.447007686063124e6
3.48446201327671e6
3.5221091054606778e6
3.559948825931772e6
3.5979810483924598e6
3.6362056503656916e6
3.6746225205576895e6
3.7132315471612876e6
3.7520326409281213e6
3.7910256636284823e6
3.830210561496936e6
3.8695872442358714e6
3.909155620064282e6
3.9489156170162233e6
3.988867163556059e6
4.029010192955507e6
4.069344643109476e6
4.1098704572313204e6
4.15058758190055e6
4.191495968037688e6
4.232595571547069e6
4.273886351020017e6
4.315368269623401e6
4.357041294517667e6