184980.0277508663
185066.36649519263
185297.6759353908
185673.48547315603
186194.56816974294
186861.61659358244
187675.52295532433
188637.39893445914
189748.38068357017
191009.89515134826
192423.7683218515
193991.49185311008
195715.01745612005
197596.2795223256
199637.7343227805
201841.4136359326
204209.61525719386
206745.05054087704
209450.1627582659
212327.62414910406
215380.0697809382
218610.39627833175
222021.419819413
225615.8391351145
229396.5885565189
233366.49470672838
237528.4826462278
241885.40395799966
246440.107834208
251195.40525608964
256154.09376322612
261318.9255191192
266692.5952415532
272277.74336254754
278076.95662143413
284092.75362170686
290327.5778347502
296783.7962485751
303463.696380951
310369.4829276074
317503.2692712734
324867.08679111564
332462.8597003663
340292.4478124274
348357.56835673336
356659.8842937233
365200.94601910404
373982.2166864728
383005.0509142758
392270.7078595259
401780.3569400305
411535.0715942201
421535.827084533
431783.5138217331
442278.9243839953
453022.76487747306
464015.6645326676
475258.15124727774
486750.6818079427
498493.6269334206
510487.2848141299
522731.8751714371
535227.5462279327
547974.3759573305
560972.3751621428
574221.4891066534
587721.6018770686
601472.5371517142
615474.0640044925
629725.8961959358
644227.6955918188
658979.0779092419
673979.611727796
689228.8202332719
704726.1894187649
720471.1648535745
736463.1560908096
752701.5403815594
769185.6630616864
785914.8408944116
802888.3639305403
820105.497929181
837565.4860023188
855267.5513428461
873210.8984004204
891394.7146754916
909818.1737988885
928480.4371520459
947380.6519477585
966517.9601563526
985891.490937012
1.0055003707138139e6
1.0253437173432981e6
1.0454206455285277e6
1.065730274275802e6
1.0862717102779197e6
1.1070440657352614e6
1.1280464535904531e6
1.1492779884382905e6
1.1707377872015822e6
1.1924249712448334e6
1.2143386660942426e6
1.2364780040536437e6
1.2588421229339575e6
1.2814301647884713e6
1.304241284691237e6
1.3272746435057563e6
1.3505294087868119e6
1.374004760958181e6
1.3976998888666434e6
1.4216139900039043e6
1.4457462761172075e6
1.4700959676245027e6
1.494662298187437e6
1.519444511617678e6
1.5444418640011793e6
1.5696536280863925e6
1.5950790761302675e6
1.6207175032624388e6
1.6465682247250369e6
1.6726305558333697e6
1.6989038292327127e6
1.7253873916040952e6
1.7520806020216886e6
1.778982832970043e6
1.806093471380176e6
1.8334119158222803e6
1.8609375797437546e6
1.888669899518879e6
1.9166082828435905e6
1.9447522134776018e6
1.973101148411522e6
2.0016545676184134e6
2.0304119576829765e6
2.0593728200256266e6
2.088536683292085e6
2.11790307188786e6
2.1474715311206453e6
2.17724161068811e6
2.2072128852156526e6
2.237384927863525e6
2.2677573326661712e6
2.2983297023174437e6
2.329101646673025e6
2.3600728072424005e6
2.3912428063297197e6
2.4226112974730893e6
2.4541779469819404e6
2.485942411345222e6
2.517904379323487e6
2.550063540626905e6
2.5824195979237054e6
2.614972269109837e6
2.647721260561129e6
2.6806663097623265e6
2.7138071581085837e6
2.747143554561592e6
2.780675257984016e6
2.8144020353184277e6
2.8483236626637834e6
2.8824399248616914e6
2.916750612735186e6
2.9512555212770295e6
2.9859544753106185e6
3.0208472833423363e6
3.055933768964109e6
3.0912137647953527e6
3.126687115604559e6
3.1623536376513233e6
3.1982132169517875e6
3.2342657059648535e6
3.2705109666766324e6
3.306948870702201e6
3.3435792966599264e6
3.3804021291447016e6
3.4174172567998683e6
3.4546245798669686e6
3.492023995429201e6
3.5296154125852957e6
3.5673987423716797e6
3.6053739027635967e6
3.6435408155181576e6
3.68189940873402e6
3.720449622177489e6
3.759191364197906e6
3.7981246046154564e6
3.83724927896892e6
3.8765653351971395e6
3.9160727276255703e6
3.9557714130108524e6
3.9956613520313157e6
4.0357425101302387e6
4.076014854037187e6
4.116478347037399e6
4.1571329917756254e6
4.197978737953804e6
4.239015576628948e6
4.280243491938814e6
4.321662470830738e6
4.3632725035238955e6