163478.28658648158
163572.10807826134
163822.40336455885
164229.457134712
164793.7218400295
165515.85451510825
166396.6399071104
167437.04575109182
168638.21042220088
170001.4178591109
171528.10822243293
173219.84482249102
175078.32777236172
177105.3918770134
179302.9542766641
181673.10065541163
184218.0105744682
186939.8224036648
189840.88491728573
192923.53540784607
196190.22315576
199643.4060596938
203285.57921501496
207119.2596176271
211147.00235221695
215371.3186430238
219794.7724387912
224419.86999949583
229249.12679326287
234285.00282452974
239529.94321829066
244986.3351354444
250656.56001804947
256542.81284839558
262647.40161315806
268972.46204970835
275520.0918215612
282292.29839361354
289291.0271502972
296518.11931051326
303975.36583623826
311664.4358458553
319586.9776057156
327744.4582791928
336138.3117317561
344769.87091137585
353640.4002549879
362751.0423519125
372102.8707562424
381696.8592419969
391533.90191815863
401614.8049225557
411940.28839986597
422510.99107220455
433327.467813213
444390.1975885524
455699.5790334756
467255.93877942
479059.52656780253
491110.5242415549
503409.0456784292
515955.13725684746
528748.7847005799
541789.9112894434
555078.3834985165
568614.011314099
582396.5526074434
596425.7142309905
610701.1573967081
625222.4930725829
639989.2984727758
655001.1017453924
670257.3979488491
685757.6455472375
701501.2702486867
717487.6667805534
733716.2015102138
750186.2143330901
766897.0208991935
783847.9146430362
801038.1687228916
818467.0366768097
836133.7606505826
854037.5606011092
872177.6481384231
890553.2226497504
909163.4735050963
928007.5815273768
947084.721840518
966394.0635262553
985934.7701662898
1.0057060047988727e6
1.0257069265071787e6
1.0459366957454063e6
1.066394470285459e6
1.0870794178088917e6
1.1079906967352838e6
1.1291274763246377e6
1.1504889287794833e6
1.1720742302567689e6
1.1938825634708777e6
1.2159131176841103e6
1.238165089315706e6
1.260637681652891e6
1.283330107468044e6
1.3062415872047262e6
1.329371349933555e6
1.352718640780754e6
1.3762827046737357e6
1.400062804125938e6
1.4240582094146921e6
1.4482682040834455e6
1.472692083197246e6
1.4973291517502477e6
1.5221787260734353e6
1.5472401386122701e6
1.5725127279581914e6
1.5979958524952726e6
1.623688870885705e6
1.649591163023601e6
1.6757021317604096e6
1.7020211714623487e6
1.7285477011780147e6
1.7552811510858408e6
1.782220962530316e6
1.8093665918619563e6
1.8367175044552013e6
1.8642731819134562e6
1.892033115067159e6
1.9199968137500626e6
1.948163790147442e6
1.9765335712304872e6
2.0051057162015862e6
2.0338797566260255e6
2.0628552638728134e6
2.0920318222797352e6
2.121409017680268e6
2.1509864499937613e6
2.1807637344830995e6
2.210740492245565e6
2.240916355796584e6
2.271290972123201e6
2.3018639968510927e6
2.332635096182878e6
2.3636039487499683e6
2.3947702399063753e6
2.4261336666628025e6
2.457693938319248e6
2.489450768984804e6
2.521403887161294e6
2.5535530267637162e6
2.585897933534036e6
2.6184383613043213e6
2.651174072245894e6
2.6841048379116827e6
2.7172304379081265e6
2.750550655272052e6
2.784065300627709e6
2.8177741631828975e6
2.8516770595606924e6
2.885773808034311e6
2.9200642385558593e6
2.9545481792878145e6
2.9892254758298355e6
3.0240959763736543e6
3.0591595400915463e6
3.094416013952016e6
3.1298652782693175e6
3.16550718816436e6
3.20134164270443e6
3.2373685209625084e6
3.2735877251029774e6
3.309999130565872e6
3.346602650086024e6
3.3833981916840994e6
3.4203856680565104e6
3.4575649971870035e6
3.494936101556391e6
3.532498909327957e6
3.5702533519445807e6
3.60819936594648e6
3.6463368859579554e6
3.6846658773670234e6
3.7231862680924507e6
3.7618980194906723e6
3.8008010741140135e6
3.8398954208965013e6
3.8791810076630525e6
3.918657807514552e6
3.958325791350946e6
3.9981849294509348e6
4.0382352020015093e6
4.078476589694623e6
4.118909076694254e6
4.1595326198411016e6
4.200347284174239e6
4.241353000774173e6
4.282549779956083e6
4.323937619360294e6
4.3655165187267875e6