264977.89157868177
265039.5439208221
265204.09634791454
265471.9568398382
265843.76525928243
266320.4311656469
266903.0768901615
267593.1700161509
268392.1025589587
269301.9354154257
270324.5723856621
271462.3149819297
272717.6110262148
274093.0884447637
275591.56896804005
277216.01748917205
278969.54925002286
280855.43400153087
282877.06247721706
285037.94721264904
287341.6753659096
289791.94648763456
292392.521483499
295147.24411684193
298059.97736473323
301134.6312172933
304375.1469011896
307785.4930733575
311369.66243083985
315131.52134497184
319075.0345976447
323204.1082268973
327522.5834133519
332034.2771619123
336742.94622759114
341652.2958787589
346765.9406976511
352087.4332823986
357619.8828969258
363367.6313641096
369333.01670068735
375519.2588442761
381930.24523296603
388568.13821125636
395436.0476664031
402536.7241356723
409872.82296524814
417446.8792431649
425261.2158581675
433318.19254381594
441619.94945112
450168.53724574053
458965.88067967934
468013.78873151913
477313.9598439834
486867.970397732
496677.27948023763
506743.2358954841
517067.084189606
527649.9493926815
538492.8447636025
549596.6880377757
560962.2775331881
572590.360800695
584481.512295302
596636.261274198
609055.0269058592
621738.1502491911
634685.871521369
647898.3535931553
661375.6855200287
675117.8510786898
689124.7994560113
703396.3791895163
717932.3777389326
732732.5176458468
747796.4565433984
763123.7936763987
778714.070956577
794566.7764345107
810681.347089493
827057.1717698385
843693.5938004362
860589.914198248
877745.3937751137
895159.2563071435
912830.6910475717
930758.8538788989
948942.8732855399
967381.847628501
986074.8547122095
1.005020944924144e6
1.0242191476117591e6
1.0436684792875941e6
1.0633679354320078e6
1.083316499964296e6
1.1035131415313946e6
1.1239568177717123e6
1.144646481313034e6
1.165581073652397e6
1.1867595317925354e6
1.208180789108438e6
1.2298437756952995e6
1.2517474215152492e6
1.2738906520360296e6
1.2962724006599095e6
1.3188916042783065e6
1.3417471921389878e6
1.3648381031645127e6
1.388163288439082e6
1.4117216969149776e6
1.4355122875416884e6
1.4595340342696086e6
1.4837859200920765e6
1.5082669260726997e6
1.5329760598571715e6
1.5579123157257359e6
1.5830747153966879e6
1.6084623053641315e6
1.6340741261294046e6
1.6599092379990858e6
1.6859667111679846e6
1.7122456353921853e6
1.738745101814508e6
1.7654642535605605e6
1.792402195219294e6
1.8195580861804185e6
1.8469310731010714e6
1.874520348192555e6
1.9023250975559177e6
1.9303445299341055e6
1.9585778714662308e6
1.9870243549173234e6
2.0156832435957752e6
2.0445538137913868e6
2.0736353290073574e6
2.1029271160580525e6
2.1324284887861367e6
2.162138780076e6
2.1920573379830057e6
2.222183565400512e6
2.2525167470667297e6
2.2830563764128694e6
2.3138018315353445e6
2.344752541822022e6
2.3759079515697756e6
2.4072675149717755e6
2.4388307057606177e6
2.470597010497867e6
2.502565929201513e6
2.5347370013487954e6
2.5671096953324773e6
2.5996835985075925e6
2.63245826693061e6
2.6654332612970984e6
2.698608165647352e6
2.731982574491907e6
2.765556098419403e6
2.799328354847986e6
2.833298979533622e6
2.8674676135132494e6
2.9018339172707894e6
2.9363975534621384e6
2.97115820709663e6
3.0061155631419625e6
3.0412693303494724e6
3.076619213271263e6
3.1121649364754595e6
3.1479062332309717e6
3.183842843999427e6
3.21997452426611e6
3.256301032361351e6
3.2928221401780434e6
3.329537627657597e6
3.3664472833531112e6
3.40355090497416e6
3.440848298161415e6
3.4783392770436266e6
3.516023663766647e6
3.5539012887839396e6
3.591971987759933e6
3.630235605913736e6
3.668691999427012e6
3.707341022548114e6
3.7461825430237707e6
3.7852164343589125e6
3.824442573884696e6
3.8638608474013256e6
3.9034711483440595e6
3.9432733709514514e6
3.983267425767257e6
4.0234532138870126e6
4.063830652184638e6
4.1043996586129777e6
4.145160164455752e6
4.1861120924014356e6
4.227255380972052e6
4.268589967703282e6
4.310115796978703e6
4.351832817367084e6