159701.25032599134
159796.36322020224
160050.1002446237
160462.74048771817
161034.7233586134
161766.7076336184
162659.44808530147
163713.9021753761
164931.1773569619
166312.54114535017
167859.4026107427
169573.29329403254
171455.84661429256
173508.96303363153
175734.4444324889
178134.3233505086
180710.70503361666
183465.76518664692
186401.7681627707
189521.01983832495
192825.8578577738
196318.7412977545
200002.09088004488
203878.3657674596
207950.06129555925
212219.6293932939
216689.5732353079
221362.33157488002
226240.36163234498
231326.05873793448
236621.8035710877
242129.91872288028
247852.71990046892
253792.3423864425
259951.02176313967
266330.8351249972
272933.8140025283
279761.90337288193
286816.98443901504
294100.83899952134
301615.19417565584
309361.6741980219
317341.8229862008
325557.087640238
334008.8444999071
342698.37254475197
351626.8638330946
360795.4172822841
370205.05404153373
379856.6982262308
389751.19630061195
399889.3064735214
410271.70417859487
420898.98472660023
431771.66112797207
442890.17218104866
454254.87840148807
465866.069732507
477723.9609379765
489828.7010061366
502180.372627857
514778.9924435149
527624.518200646
540716.8470942009
554055.8212096049
567641.2275804381
581472.8031734108
595550.2351997483
609873.1668815954
624441.1938437436
639253.8756288631
654310.7297454125
669611.2383177214
685154.8493933515
700940.9794264149
716969.015323239
733238.316864565
749748.2185879053
766498.032009871
783487.0475151073
800714.5364544459
818179.7527801895
835881.9347272362
853820.3075244405
871994.0834005632
890402.4647050035
909044.6445503049
927919.8083722639
947027.1374172354
966365.8040492953
985934.981373176
1.0057338387137656e6
1.0257615459013986e6
1.0460172634065753e6
1.066500167758308e6
1.087209429054907e6
1.1081442197980776e6
1.1293037187621405e6
1.1506871068652708e6
1.1722935732272693e6
1.1941223113154059e6
1.216172521879509e6
1.238443412593403e6
1.2609341998295332e6
1.283644107900863e6
1.306572370029715e6
1.3297182279241332e6
1.3530809388375643e6
1.3766597610345734e6
1.4004539697865583e6
1.4244628484025043e6
1.4486856933139877e6
1.4731218125876742e6
1.4977705240748508e6
1.5226311586478893e6
1.547703057847525e6
1.572985577058551e6
1.5984780860803516e6
1.6241799535677705e6
1.6500905843061677e6
1.6762093761371449e6
1.7025357470234106e6
1.7290691261093495e6
1.7558089557816202e6
1.7827546895939473e6
1.8099057958432017e6
1.8372617528594949e6
1.8648220520325017e6
1.892586197467273e6
1.920553710019824e6
1.9487241131774066e6
1.9770969454064355e6
2.0056717744224728e6
2.0344481479193254e6
2.0634256430172597e6
2.092603857159898e6
2.121982384997719e6
2.151560837070698e6
2.1813388385388367e6
2.211316020080245e6
2.2414920240250253e6
2.271866506565731e6
2.3024391324971803e6
2.3332095769986953e6
2.3641775275050728e6
2.395342677910644e6
2.426704733730095e6
2.458263412393675e6
2.49001843614222e6
2.521969540938748e6
2.55411646941261e6
2.5864589736436987e6
2.618996815706307e6
2.6517297644970915e6
2.6846575991802397e6
2.7177801035978836e6
2.751097075257965e6
2.78460831567706e6
2.818313634872591e6
2.852212850697432e6
2.886305788378849e6
2.9205922808377217e6
2.955072164577149e6
2.9897452905859393e6
3.0246115112732435e6
3.059670683373639e6
3.0949226744783297e6
3.130367362543158e6
3.1660046165397544e6
3.201834322466203e6
3.23785637239345e6
3.2740706619270593e6
3.3104770903741466e6
3.347075569625811e6
3.3838660062200464e6
3.4208483296631295e6
3.4580224394826354e6
3.4953882728383145e6
3.53294576131449e6
3.570694839875494e6
3.6086354483421524e6
3.6467675310038365e6
3.685091036709521e6
3.723605916042719e6
3.762312126681758e6
3.8012096280397912e6
3.8402983836345254e6
3.8795783581303637e6
3.919049526701077e6
3.958711862906033e6
3.9985653243676303e6
4.0386099234341895e6
4.0788456280780565e6
4.1192724245687164e6
4.1598903016672162e6
4.2006992505682865e6
4.241699265946231e6
4.282890344119874e6
4.32427248237212e6
4.365845687976459e6