311512.8962934961
311561.33177102735
311690.64890556055
311901.289888452
312193.99399286456
312569.71583806974
313029.6999012875
313575.50239904964
314208.8661259255
314931.80117132195
315746.5349724901
316655.6125978671
317661.69384264987
318767.6877146124
319976.7103720522
321292.0492157053
322717.2037814608
324255.6741593404
325911.3331502976
327688.0800800904
329589.8647193582
331620.9318267755
333785.3591586292
336087.50812305656
338531.7189389302
341122.40073064854
343863.97788989753
346760.99387916614
349817.858804878
353039.06738293025
356429.119815024
359992.48337839515
363733.5320991158
367656.6960089627
371766.2899491562
376066.60975383973
380561.854620786
385256.1539946071
390153.56563080096
395258.05829586595
400573.50484476757
406103.6791133002
411852.24395497795
417822.77551243553
424018.7013237568
430443.34985226876
437099.9584707392
443991.602654976
451121.25587210106
458491.75937727554
466105.8263975374
473966.0542722917
482074.8698101015
490434.693197505
499047.9698930787
507915.84483575256
517041.2273802973
526425.6220070953
536070.738889464
545978.1529200971
556149.3217488436
566585.5840079577
577288.1608884071
588258.1585413171
599496.5706623467
611004.2781944381
622782.0548045593
634830.5703373331
647150.3930007312
659741.988075762
672605.7270451242
685741.8898973063
699150.663408468
712832.1464866069
726786.3553660865
741013.2253187555
755512.613117357
770284.3006642907
785327.9989877273
800643.3505225673
816229.9325958418
832087.2602562057
848214.7897560487
864611.9213210302
881278.0021913373
898212.3296140974
915414.1545963034
932882.6810722167
950617.0760861451
968616.4640416024
986879.9376932599
1.0054065523005989e6
1.0241953382826165e6
1.0432452798714923e6
1.0625553580415137e6
1.0821245269727907e6
1.1019517055841177e6
1.1220358113837296e6
1.142375727403207e6
1.1629703335290498e6
1.183818495573583e6
1.2049190618742155e6
1.2262708812455907e6
1.2478727875936793e6
1.2697236164870658e6
1.2918221964723282e6
1.3141673385797623e6
1.3367578781395792e6
1.3595926437490955e6
1.3826704505882957e6
1.4059901312400852e6
1.4295505228646244e6
1.4533504618012416e6
1.4773887901535202e6
1.5016643639505184e6
1.5261760544295306e6
1.550922703567151e6
1.5759032164565572e6
1.6011164776933258e6
1.6265613889828702e6
1.6522368678255486e6
1.678141839867923e6
1.704275247622702e6
1.7306360472137835e6
1.757223207614821e6
1.7840357078420757e6
1.8110725696883537e6
1.838332787965762e6
1.8658153986658887e6
1.8935194583661938e6
1.921444023652633e6
1.949588181591103e6
1.9779510234716253e6
2.0065316730229112e6
2.0353292598282455e6
2.064342932252374e6
2.093571861883408e6
2.1230152270729407e6
2.1526722358570485e6
2.1825421032486e6
2.2126240727665466e6
2.2429173912123675e6
2.273421334095981e6
2.3041351882913434e6
2.3350582602256946e6
2.3661898736542044e6
2.397529365960001e6
2.4290760938631087e6
2.460829428425164e6
2.492788765079846e6
2.5249535016963286e6
2.5573230611213497e6
2.589896882193392e6
2.6226744129177798e6
2.655655132347025e6
2.6888385126089184e6
2.7222240542307706e6
2.755811274651406e6
2.7895996968926503e6
2.8235888632644075e6
2.857778332138214e6
2.8921676725497036e6
2.926756461648948e6
2.9615443038194845e6
2.996530802052755e6
3.031715603286719e6
3.067098285656842e6
3.102678549933649e6
3.1384560354303997e6
3.17443041622699e6
3.21060137639913e6
3.2469686062527183e6
3.2835318122542263e6
3.3202907110762773e6
3.3572450287128426e6
3.3943945024918634e6
3.431738879768395e6
3.469277916749655e6
3.5070113826561286e6
3.544939048401219e6
3.5830607033232665e6
3.6213761383486316e6
3.6598851629434386e6
3.698587582224098e6
3.7374832176663056e6
3.7765718977521975e6
3.8158534603941916e6
3.8553277405603807e6
3.894994597724598e6
3.934853886979933e6
3.9749054741354855e6
4.0151492296584398e6
4.0555850314732706e6
4.0962127707382403e6
4.1370323300478486e6
4.1780436160351476e6
4.219246525246544e6
4.260640969213382e6
4.302226862988972e6
4.344004127108309e6