181730.06715184127
181817.74426232112
182051.66369194983
182432.13397210467
182959.66064146618
183634.92514468232
184458.80935119287
185432.4040325385
186556.83877465714
187833.6093463746
189264.24490159724
190850.48436670468
192594.1570491667
194497.188041002
196561.96285674625
198790.51021425848
201185.10558679167
203748.39207365256
206482.79017141103
209390.92815588936
212475.4545225825
215739.12665269375
219184.67289421437
222814.89801259976
226632.61925242867
230640.61722395426
234841.76514145706
239238.86460176614
243834.71435926235
248632.07419486533
253633.68933315817
258842.2592066019
264260.42781112914
269890.7798161706
275735.86853257834
281798.1079040248
288079.9408829822
294583.66276293015
301311.5141245072
308265.6433953787
315448.1148750088
322860.9091469933
330505.90201013465
338384.90330893884
346499.58347737323
354851.5735866778
363442.3309003917
372273.32098346227
381345.83870977233
390661.1007017025
400220.2350830607
410024.27442838275
420074.15560865426
430370.7311715855
440914.75732016796
451706.9052459997
462747.7704558502
474037.8491186504
485577.56557432516
497367.2648065863
509407.21045325533
521697.6017515649
534238.5594812342
547030.1379030591
560072.3253539219
573365.0460633953
586908.1645158842
600701.4861989047
614744.7626757615
629037.6925142279
643579.9239991303
658371.0573798928
673410.6506635824
688698.217365783
704233.232390913
720015.1334053205
736043.3221124248
752317.1711718007
768836.0190971412
785599.1789896241
802605.9377927592
819855.5588137435
837347.283925659
855080.3357526904
873053.9190970323
891267.2225253698
909719.4215644137
928409.6801458185
947337.1488015922
966500.9733632379
985900.287604752
1.0055342229915932e6
1.0254019031365342e6
1.0455024489488502e6
1.065834985911262e6
1.08639862804616e6
1.1071924950989848e6
1.1282157078770748e6
1.1494673893913173e6
1.1709466651425036e6
1.1926526654832677e6
1.2145844600862828e6
1.23674138610022e6
1.2591223946183426e6
1.2817267060907495e6
1.3045534824910588e6
1.3276018958901567e6
1.3508711245265491e6
1.3743603592899807e6
1.398068799667288e6
1.4219956540744558e6
1.4461401450125428e6
1.4705015036257142e6
1.4950789749025623e6
1.5198718132107137e6
1.5448792858007755e6
1.5701006762004083e6
1.595535267894474e6
1.6211823669485033e6
1.6470412991612726e6
1.6731113902881015e6
1.6993919846823574e6
1.725882438959295e6
1.7525821233117261e6
1.7794904202818393e6
1.8066067395396675e6
1.833930453557319e6
1.8614610221476057e6
1.8891978798781773e6
1.9171404443792657e6
1.9452882091557789e6
1.973640640848328e6
2.0021972289928158e6
2.0309574697237436e6
2.0599208737167523e6
2.0890869786673419e6
2.118455317830188e6
2.148025443884492e6
2.177796920249203e6
2.207769324731796e6
2.237942240842515e6
2.2683152707357327e6
2.298888027098595e6
2.329660122138653e6
2.36063120996921e6
2.391800919521878e6
2.4231689114324404e6
2.454734852309337e6
2.48649841904236e6
2.5184593015004024e6
2.5506172034848547e6
2.5829718190772096e6
2.6155228711463995e6
2.6482700901656137e6
2.681213220103455e6
2.714351990629463e6
2.7476861652400033e6
2.781215508761001e6
2.8149397934145173e6
2.848858801147714e6
2.8829723197780335e6
2.91728015291947e6
2.9517821012771144e6
2.986477979106737e6
3.021367609095984e6
3.0564508081448614e6
3.0917274359312872e6
3.1271973302152785e6
3.162860319260561e6
3.1987162823636658e6
3.234765075514699e6
3.271006568167625e6
3.307440624814392e6
3.344067150528663e6
3.380886021997173e6
3.417897132779227e6
3.4551003821625067e6
3.492495674856107e6
3.530082921627221e6
3.567862036748318e6
3.6058329410028807e6
3.643995559085995e6
3.682349821887264e6
3.7208956716278214e6
3.759633020012753e6
3.798561838637893e6
3.8376820657027867e6
3.876993651652879e6
3.916496552897215e6
3.95619072847417e6
3.9960761412933646e6
4.036152758463065e6
4.0764205491552716e6
4.1168794877402084e6
4.157529550680969e6
4.198370716957419e6
4.239402971586222e6
4.280626298678082e6
4.322040687432172e6
4.363646129490592e6