199594.2251084003
199676.0438304276
199894.22234862778
200249.49239164
200741.95669334606
201372.531107428
202142.14320190725
203051.93419466613
204103.23182766177
205297.4990976629
206636.45849108257
208121.95985540494
209755.9834048632
211540.68523062623
213478.37794183692
215571.4602479822
217822.47162597513
220234.06208974487
222808.9556948026
225549.99152911353
228460.04697518874
231542.07531066166
234799.0864761415
238234.1208845765
241850.25426571487
245650.51100165243
249638.0467282325
253815.9279358098
258187.22782383164
262754.9797017422
267522.21121401875
272491.9090522876
277666.98555833905
283050.32479438663
288644.7397626421
294452.98389574094
300477.73814027023
306721.58237255353
313187.0503443936
319876.56775494374
326792.47331891186
333937.0225757236
341312.3711694388
348920.55657761474
356763.5424215819
364843.19200161065
373161.2723636462
381719.43408598413
390519.2292964534
399562.10947458574
408849.42926265905
418382.4442059838
428162.30545299884
438190.0676244955
448466.694687561
458993.0459611028
469769.9061055146
480797.9477649359
492077.76156890683
503609.8606546286
515394.6678014529
527432.5239606311
539723.6937041719
552268.3627166864
565066.6453183151
578118.583572879
591424.1531821624
604983.2622039665
618795.7599840657
632861.4299575395
647180.0061377927
661751.163504258
676574.5270884013
691649.6726304893
706976.1304816701
722553.3872261576
738380.8886934335
754458.0423754426
770784.2200141556
787358.7599573757
804180.9695210139
821250.1273680264
838565.4855803554
856126.2722787294
873931.6930986762
891980.9330115898
910273.159767108
928807.5257151789
947583.1661606538
966599.2051735005
985854.757259662
1.0053489262084216e6
1.0250808052543538e6
1.0450494874644135e6
1.0652540561091658e6
1.085693594256991e6
1.1063671798135831e6
1.127273891469672e6
1.1484128080000589e6
1.1697830086935612e6
1.1913835767996805e6
1.2132135964828015e6
1.2352721591387214e6
1.2575583592319735e6
1.2800712972130359e6
1.3028100813980608e6
1.325773828285365e6
1.3489616585761346e6
1.3723727066246108e6
1.3960061138832094e6
1.4198610296855993e6
1.4439366183691274e6
1.4682320522983493e6
1.4927465147628165e6
1.5174792006296772e6
1.5424293195707032e6
1.5675960948392642e6
1.592978747891345e6
1.6185765304419452e6
1.644388697390772e6
1.6704145273206336e6
1.6966532989100744e6
1.7231043162895902e6
1.7497668856629757e6
1.776640334055482e6
1.8037240015364252e6
1.8310172405782768e6
1.8585194185808457e6
1.8862299159458743e6
1.9141481274174594e6
1.9422734609614008e6
1.9706053396047906e6
1.9991431959410915e6
2.0278864893064578e6
2.0568346682695511e6
2.0859872088275622e6
2.115343612142423e6
2.1449033863744806e6
2.1746660279120235e6
2.204631073972836e6
2.2347980679104207e6
2.265166569104071e6
2.295736129963926e6
2.3265063380762385e6
2.357476783110818e6
2.3886470682703834e6
2.42001680874521e6
2.45158563025328e6
2.4833531717534685e6
2.5153190738925887e6
2.547483012039074e6
2.5798446535369665e6
2.6124036756886365e6
2.6451597720954125e6
2.678112645760264e6
2.711261999363528e6
2.744607574810391e6
2.7781490951568303e6
2.8118863015529616e6
2.8458189456153074e6
2.8799467875972665e6
2.9142695946078068e6
2.948787149937246e6
2.98349923365308e6
3.018405643467299e6
3.0535061824828475e6
3.088800660733315e6
3.1242888964668964e6
3.159970716367009e6
3.195845954418693e6
3.2319144512426327e6
3.268176054573567e6
3.304630619311741e6
3.3412780069582574e6
3.3781180847610338e6
3.4151507274078764e6
3.452375815805999e6
3.4897932361247013e6
3.5274028810018813e6
3.565204647844051e6
3.603198441036076e6
3.6413841696398654e6
3.6797617465599687e6
3.7183310928296405e6
3.7570921346729645e6
3.796044793786137e6
3.8351890097414763e6
3.874524723492417e6
3.9140518724663774e6
3.9537704054667833e6
3.9936802735975324e6
4.0337814326101285e6
4.0740738396104085e6
4.114557460001256e6
4.1552322584758983e6
4.196098205219276e6
4.237155273995226e6
4.278403441430956e6
4.319842687039435e6
4.361472994033912e6