216796.7793457433
216873.10102229397
217076.7549102374
217408.0940895012
217867.69546873437
218456.32230097294
219174.99058856803
220024.91660535196
221007.4988823125
222124.3027857358
223377.16121381015
224768.0092460721
226298.99677944666
227972.3855516098
229790.66251704603
231756.37405606487
233872.23164562043
236141.06097101886
238565.88214694802
241149.4172438954
243895.05289248185
246805.86036485073
249885.05673417548
253135.91413194523
256561.75240015745
260165.79020901094
263951.4707476265
267922.08771143656
272080.96326734684
276431.3836262403
280976.644413937
285719.97286366095
290664.55662074813
295813.5354597083
301169.9812757115
306736.9164355882
312517.28765344503
318513.92720946646
324729.63704823
331167.1016997861
337828.6535917539
344717.5968458358
351835.52256374614
359185.0374619578
366768.30930114514
374587.44676133245
382644.458478761
390941.2287923845
399479.5367242279
408261.05549939955
417287.3599158454
426559.9150318116
436080.0782090202
445849.1017758624
455868.14698499144
466138.26190973946
476660.39913203387
487435.41514456016
498464.0721927493
509747.0346776339
521284.88269609923
533078.1023799485
545127.0982946509
557432.1883164595
569993.6135194162
582811.5347126977
595886.0377873587
609217.137325366
622804.7792793107
636648.8398531266
650749.137998182
665105.427268758
679717.4044371692
694584.7111538529
709706.9375446946
725083.6239631425
740714.2639693948
756598.3072623374
772735.1621397556
789124.1981338096
805764.7485417097
822656.112898649
839797.5571325799
857188.3271248708
874827.6313099455
892714.6515104189
910848.561261725
929228.5044818064
947853.6068081502
966722.9788354279
985835.7183533394
1.0051909084488704e6
1.0247876199205156e6
1.0446249183082241e6
1.064701858396662e6
1.0850174915274123e6
1.1055708606394148e6
1.1263610082638522e6
1.1473869736177095e6
1.168647796307595e6
1.1901425140328908e6
1.211870170991364e6
1.2338298082747832e6
1.2560204740591096e6
1.2784412209538412e6
1.3010911039044592e6
1.3239691908045416e6
1.3470745452266457e6
1.3704062598667461e6
1.3939634108566656e6
1.417745096001646e6
1.4417504249529606e6
1.4659785142933615e6
1.4904284912553043e6
1.51509949421886e6
1.5399906760832956e6
1.565101203648048e6
1.5904302421924341e6
1.61597698042406e6
1.6417406305005555e6
1.6677204023056566e6
1.6939155233575716e6
1.7203252364650073e6
1.746948797395608e6
1.7737854762199463e6
1.8008345574851127e6
1.8280953399997116e6
1.8555671416867336e6
1.883249278976324e6
1.9111410987210153e6
1.9392419628317682e6
1.967551230175839e6
1.9960682823944623e6
2.0247925395779032e6
2.0537234026996535e6
2.0828602837277602e6
2.1122026442587217e6
2.141749927249699e6
2.1715016146079013e6
2.201457180748721e6
2.2316161243800307e6
2.2619779466071595e6
2.2925421854879456e6
2.323308369147484e6
2.3542760478438754e6
2.3854447874853304e6
2.4168141475084824e6
2.4483837293235194e6
2.480153125537856e6
2.512121956941169e6
2.544289838136699e6
2.576656399676811e6
2.609221296890758e6
2.6419841833797474e6
2.6749447284845e6
2.7081026115016206e6
2.741457522643688e6
2.775009155499362e6
2.808757243930403e6
2.8427014856661423e6
2.876841619175466e6
2.9111773835048596e6
2.945708534282751e6
2.9804348237744165e6
3.0153560238744738e6
3.050471911317537e6
3.085782282053224e6
3.121286898881265e6
3.1569855964994826e6
3.1928781743429224e6
3.2289644514059303e6
3.2652442523189466e6
3.30171741235941e6
3.3383837716599493e6
3.3752431779768295e6
3.412295487190856e6
3.4495405609260635e6
3.486978266316589e6
3.524608479921625e6
3.562431079502931e6
3.6004459570238553e6
3.6386530012284373e6
3.6770521014659996e6
3.715643194511471e6
3.754426158419482e6
3.793400917109421e6
3.832567389903325e6
3.871925508761426e6
3.911475196279772e6
3.9512163897491978e6
3.9911490278182435e6
4.0312730547872265e6
4.0715884176054304e6
4.1120950699624144e6
4.1527929644902465e6
4.1936820673614456e6
4.234762337285046e6
4.276033741776969e6
4.317496253430542e6
4.3591498465599585e6