418908.699509665
418929.7029425901
418985.99124214286
419078.0331952686
419180.9206765422
419373.02726226917
419575.75234500074
419825.00984561583
420114.3684006748
420449.057884822
420831.57158065436
421264.8739974648
421752.11110083456
422296.5922415566
422902.01451994106
423572.16614246764
424311.1085414231
425123.1017689544
426012.4903857298
426983.98467340984
428042.3746329574
429192.3622165604
430439.0638865974
431787.57678664627
433242.35468578443
434810.95506104
436496.4292250797
438305.0897156572
440242.2200991886
442313.35181637143
444523.99137837836
446879.6086233122
449385.69285796944
452047.6893824205
454871.03252688504
457860.9060571941
461023.2275872686
464362.6813618373
467884.6639177896
471594.28134059114
475496.5888503025
479596.5191413687
483898.91592045815
488408.53081950883
493129.97138504894
498067.74415348214
503226.271087472
508609.78810670064
514222.4888440886
520068.33660205
526151.2164009996
532474.8716216531
539042.9108486918
545858.7849389665
552925.8286810676
560247.2125635156
567825.9813936533
575665.0216065949
583767.0932619894
592134.7950799324
600770.719500871
609676.8452946963
618855.7000839731
628309.2196868731
638039.3148989031
648047.753598257
658336.1751080429
668906.0893893553
679758.8795031086
690895.7810308887
702319.196033669
714026.309861964
726021.8237141095
738305.2283965098
750877.1728874247
763738.197022802
776888.7289271015
790329.0947402203
804059.5174172411
818080.119515802
832390.9308131508
846991.8865410297
861882.8336096104
877063.5331234797
892533.6638730321
908292.8308473199
924340.5433862095
940676.2642674975
957299.3753584962
974209.1895393601
991404.9704361719
1.0088858966393012e6
1.0266511219743628e6
1.0446997188408816e6
1.0630307304521552e6
1.0816431461059828e6
1.1005359085175572e6
1.1197079216025937e6
1.1391580521843422e6
1.1588851300232075e6
1.1788879549981079e6
1.1991652922535934e6
1.2197158875861503e6
1.240538453685193e6
1.2616316864272943e6
1.2829942620475637e6
1.3046248397937953e6
1.3265220519141187e6
1.3486845442719902e6
1.3711109191712765e6
1.3937997908173706e6
1.416749767719947e6
1.4399594378150401e6
1.4634274039721526e6
1.4871522491806883e6
1.5111326128853725e6
1.5353669794563912e6
1.5598540430930462e6
1.5845923825629193e6
1.609580596174709e6
1.634817304567026e6
1.660301130092396e6
1.6860306943815926e6
1.71200465308777e6
1.7382216570640125e6
1.7646803718400265e6
1.7913794777222741e6
1.818317669518497e6
1.8454936572164325e6
1.8729061624860668e6
1.9005539296652495e6
1.9284357180757043e6
1.9565502922713645e6
1.9848964590019032e6
2.0134730225031178e6
2.0422788287119467e6
2.071312689875646e6
2.1005734990803343e6
2.1300601540282257e6
2.15977154878434e6
2.1897066171469726e6
2.219864302733929e6
2.250243575014349e6
2.280843435447206e6
2.311662883106932e6
2.342700950763581e6
2.3739566898735925e6
2.405429172775761e6
2.437117495379934e6
2.469020767214819e6
2.5011381232702774e6
2.533468719288101e6
2.566011733918903e6
2.5987663459785357e6
2.6317317833119547e6
2.6649072772556255e6
2.6982920893802955e6
2.731885472717384e6
2.765686739704947e6
2.7996951937841577e6
2.833910164525381e6
2.868331006997973e6
2.902957072210116e6
2.937787761512683e6
2.9728224721635124e6
3.0080606240441278e6
3.0435016531311586e6
3.0791450079617254e6
3.1149901783373607e6
3.1510366369973696e6
3.187283887347005e6
3.2237314485424943e6
3.2603788590227235e6
3.2972256667651394e6
3.3342714351224415e6
3.371515744433252e6
3.4089581863721726e6
3.4465983719347455e6
3.4844359209423517e6
3.5224704621424656e6
3.5607016503028763e6
3.599129108607234e6
3.637752611223766e6
3.6765717446445604e6
3.7155862361573684e6
3.7547958223797013e6
3.7942001532515534e6
3.8337990143795903e6
3.873592145338123e6
3.913579290993868e6
3.953760213130144e6
3.9941347250090097e6
4.034702532080894e6
4.075463461443721e6
4.116417324505624e6
4.1575639224220705e6
4.198903077295583e6
4.240434617307125e6
4.282158379180817e6
4.324074206495423e6