167892.38606601942
167984.70691735868
168231.00279326347
168631.56487640366
169186.85370747634
169897.47268095292
170764.4365743632
171788.51885775797
172970.96036719502
174313.06384485785
175816.30530225352
177482.314857096
179312.75557569158
181309.5666715295
183474.7298878412
185810.3248208997
188318.55465986422
191001.6988670202
193862.0762045264
196902.18956524623
200124.48996426183
203531.4901454422
207125.7483419595
210909.86242521246
214886.44768125348
219058.0863323083
223427.4162096145
227997.014821912
232769.4704846692
237747.31653427583
242933.07171908848
248329.19978308643
253938.13234571624
259762.20889191394
265803.74002228206
272064.9649186158
278548.04874277185
285255.0764203069
292188.0677205444
299348.9318875166
306739.5335805194
314361.6267090831
322216.87696831283
330306.8820524035
338633.10934937675
347196.96325377666
355999.7706051624
365042.73865898326
374327.00479910645
383853.5796736557
393623.43771366804
403637.4318091297
413896.3339719098
424400.83518305095
435151.5384756716
446148.97005912475
457393.57372992806
468885.7182024381
480625.6950109197
492613.72459225793
504849.9578510653
517334.4765764843
530067.2984043295
543048.3780536363
556277.6108776415
569754.8338857323
583479.8300121132
597452.3293320665
611672.0147176365
626138.5159816263
640851.4290331971
655810.2975799593
671014.6311989718
686463.9010725894
702157.5441388868
718094.9646873219
734275.5378674692
750698.6082959933
767363.4988192869
784269.5062663545
801415.9063262634
818801.9552805659
836426.8919480438
854289.9380907784
872390.3104119669
890727.1831601952
909299.762972718
928107.2195265193
947148.7211751803
966423.4305406531
985930.5036425191
1.0056690953874097e6
1.0256383557955341e6
1.0458374358474959e6
1.0662654826567436e6
1.0869216544826669e6
1.1078050970617612e6
1.1289149683340727e6
1.1502504283232938e6
1.1718106404891268e6
1.19359477456532e6
1.2156020064288708e6
1.2378315188816749e6
1.2602825013442058e6
1.2829541525840794e6
1.3058456777934849e6
1.3289562947112701e6
1.3522852267066855e6
1.3758317103196385e6
1.399594991193091e6
1.42357432441805e6
1.4477689792052647e6
1.4721782331794663e6
1.496801378618848e6
1.521637716726764e6
1.5466865622422053e6
1.5719472411723319e6
1.5974190959775178e6
1.6231014708676415e6
1.6489937297307355e6
1.6750952621198515e6
1.7014054466596884e6
1.7279236883055917e6
1.7546494024180558e6
1.7815820164274543e6
1.8087209723093251e6
1.8360657219590878e6
1.8636157327261947e6
1.8913704834111047e6
1.9193294659286146e6
1.9474921834476527e6
1.9758581540148447e6
2.0044269077205642e6
2.0331979818026163e6
2.062170925417054e6
2.0913453136487012e6
2.12072071939195e6
2.1502967315225415e6
2.180072952188501e6
2.210048992511547e6
2.240224473205427e6
2.270599030429091e6
2.301172309023685e6
2.3319439646846764e6
2.3629136616565213e6
2.394081087036089e6
2.425445917030365e6
2.4570078530434445e6
2.4887666013774537e6
2.520721881593e6
2.55287341787572e6
2.5852209471538644e6
2.617764214778181e6
2.6505029745891932e6
2.6834369896960524e6
2.716566031896172e6
2.7498898812295296e6
2.7834083262990345e6
2.817121163324638e6
2.8510281967930133e6
2.8851292392064477e6
2.9194241187798753e6
2.953912643763895e6
2.9885946600625687e6
3.023470010072687e6
3.058538537637582e6
3.0938001112006055e6
3.1292545771907936e6
3.1649017939854925e6
3.2007416500947126e6
3.2367740370681044e6
3.2729988228457356e6
3.309415905593123e6
3.3460251807762226e6
3.3828265568794706e6
3.419819936921297e6
3.457005236049138e6
3.494382372631607e6
3.5319512706409227e6
3.5697118577041347e6
3.607664052312338e6
3.645807819379854e6
3.684143086832769e6
3.72266980909786e6
3.7613879101283727e6
3.8002973695396297e6
3.839398136382008e6
3.8786901717951773e6
3.918173438508166e6
3.9578478992485544e6
3.997713544766048e6
4.037770339916615e6
4.078018262494296e6
4.1184572943349956e6
4.159087419759549e6
4.199908623994125e6
4.2409209027580945e6
4.282124244045946e6
4.323518642749569e6
4.365104099076107e6