349595.96752055385
349634.2211359731
349736.396620449
349903.16096899903
350134.7030430003
350432.6309584625
350798.0869234096
351232.69602200564
351738.2998294048
352317.0754052524
352971.38895479403
353703.8991902387
354517.505569909
355415.249503921
356400.49961954646
357476.7359342965
358647.6617210858
359917.15027916804
361289.1847822574
362768.0256239113
364357.95982539235
366063.41112897627
367888.8767698144
369838.98828921875
371918.44363042363
374131.9997511207
376484.44060107844
378980.6767538077
381625.5106921018
384423.8322590422
387380.5163619233
390500.44586576044
393788.3958188725
397249.2260297966
400887.67162041314
404708.3230874476
408716.19210089906
412915.480794686
417310.8049719175
421906.570353039
426707.0992394602
431716.6175104091
436939.2272584482
442378.95325551217
448039.6705141873
453925.1672477792
460039.2811945216
466384.96708416333
472966.2454668802
479786.1582755024
486847.86472316046
494154.3853602907
501708.6007522077
509513.25321277394
517570.9667296256
525884.214285687
534455.3495605399
543286.5750511489
552379.9788486509
561737.5069939324
571360.9792607129
581252.084194358
591412.3843341222
601843.3191666865
612546.2037552844
623522.2300983644
634772.4718295169
646297.8885832981
658099.3277052385
670177.5212517368
682533.0964039799
695166.5795411144
708078.3888682411
721268.8452090003
734738.174754101
748486.5119481701
762513.898654927
776820.2934817357
791405.5708382225
806269.5257021644
821411.8764941483
836832.2685080683
852530.282503621
868505.4102938105
884757.1134116701
901284.770678116
918087.7102078558
935165.2019332524
952516.4705019128
970140.6885058816
988036.9845781522
1.0062044452806436e6
1.0246421124645413e6
1.0433490004820081e6
1.0623240834226285e6
1.0815663071357124e6
1.1010745844131173e6
1.1208478048435533e6
1.1408848340229234e6
1.1611845135985245e6
1.181745669380698e6
1.2025671073351358e6
1.2236476201213766e6
1.2449859870055772e6
1.2665809590774893e6
1.2884313282553211e6
1.3105358317526956e6
1.3328932100494376e6
1.3555022178558158e6
1.3783615952023973e6
1.4014700636701114e6
1.4248263485583477e6
1.4484292718947371e6
1.472277501929896e6
1.496369814759443e6
1.5207049803574518e6
1.545281732371651e6
1.5700988713529124e6
1.5951551694976005e6
1.6204494203408787e6
1.6459804263629566e6
1.671747003838538e6
1.6977479713965913e6
1.7239821783266508e6
1.7504484755906905e6
1.7771457316590354e6
1.8040728317058536e6
1.831228673116821e6
1.8586121728733275e6
1.8862222605512391e6
1.914057885963189e6
1.9421180167444511e6
1.9704016292869945e6
1.9989077294752945e6
2.0276353311324378e6
2.0565834947905801e6
2.085751229916827e6
2.115137641103512e6
2.1447418158803047e6
2.1745628613014054e6
2.204599910117614e6
2.2348521026802384e6
2.265318609723978e6
2.2959986133187804e6
2.326891317129422e6
2.357995944941044e6
2.3893117327697957e6
2.4208379358867104e6
2.4525738403246817e6
2.4845187287876587e6
2.5166719319201754e6
2.5490327359404485e6
2.5816005311801536e6
2.6143746662318963e6
2.647354521048688e6
2.6805394955107165e6
2.713929007455224e6
2.747522476726532e6
2.7813193618971473e6
2.815319116046595e6
2.849521236216692e6
2.8839252022493365e6
2.918530520221643e6
2.953336723442115e6
2.9883433494867072e6
3.0235499695692174e6
3.058956097956813e6
3.0945613705067607e6
3.130365362851043e6
3.166367686999001e6
3.2025679674466266e6
3.2389658336301395e6
3.2755609351981785e6
3.312352933059892e6
3.349341498683727e6
3.3865263174550943e6
3.4239070814510775e6
3.4614835014912817e6
3.4992552939936505e6
3.5372221854951945e6
3.5753839181394656e6
3.613740239713618e6
3.652290910277488e6
3.6910356993222493e6
3.729974384895272e6
3.7691067568716635e6
3.8084326136621055e6
3.8479517504892484e6
3.8876639949065675e6
3.927569165727915e6
3.9676670931828595e6
4.007957616637128e6
4.0484405843345034e6
4.0891158475053455e6
4.1299832730636033e6
4.17104272501903e6
4.212294080816235e6
4.253737222193154e6
4.295372038483985e6
4.337198424685782e6