152167.8201762705
152265.52875824255
152526.18352519808
152950.05224877567
153537.55970316887
154289.3315534838
155206.09805536678
156288.8000850401
157538.43293556978
158956.28312991036
160543.65600859455
162302.06435872562
164233.06780271855
166338.41614651517
168619.9222744626
171079.47851322405
173719.13478757162
176540.94173434377
179547.07786716917
182739.74646374874
186121.18198246317
189693.7218463911
193459.66946868843
197421.36259601486
201581.20840796485
205941.50241914613
210504.63290133525
215272.91201867652
220248.66869423806
225434.16967202333
230831.66684086568
236443.35041544837
242271.38259767496
248317.8334796655
254584.75214262767
261074.0944767185
267787.7686286741
274727.59060710145
281895.31508530845
289292.601088816
296921.0492683542
304782.16426273476
312877.3692323126
321207.99691517174
329775.30718563637
338580.46762962244
347624.56309073546
356908.5847361997
366433.45008127694
376199.98513453477
386208.9391786204
396460.9757918489
406956.6827615363
417696.5671569295
428681.0606895857
439910.52102677105
451385.23391328217
463105.4152753644
475071.2128285377
487282.70962398313
499739.92621648964
512442.8222382091
525391.2994320905
538585.204192318
552024.3307247707
565708.4215429723
579637.1724884401
593810.2329214516
608227.2110176019
622887.6710600306
637791.1437936769
652937.1210917319
668325.062378816
683954.3956839669
699824.5202491874
715934.8083693837
732284.6077128479
748873.2432260071
765700.0191220755
782764.2208447421
800065.1168671404
817601.9603782397
835373.9910850443
853380.4371676027
871620.5160265085
890093.4368237342
908798.4001586565
927734.6024586118
946901.234982854
966297.4852849187
985922.5387602735
1.0057755799952575e6
1.0258557925419334e6
1.0461623634788619e6
1.0666944790413352e6
1.0874513306740795e6
1.108432112221467e6
1.1296360225556928e6
1.1510622662157e6
1.1727100527992877e6
1.1945785994550667e6
1.2166671303619568e6
1.2389748774274045e6
1.2615010812889019e6
1.2842449910345757e6
1.3072058651037035e6
1.3303829724965412e6
1.3537755902332754e6
1.3773830082850724e6
1.401204525643475e6
1.4252394521587417e6
1.4494871100952257e6
1.4739468335447311e6
1.49861796661604e6
1.5234998661782928e6
1.5485919000131243e6
1.573893449298109e6
1.5994039094187156e6
1.6251226785174776e6
1.6510491769635123e6
1.6771828374389503e6
1.703523099761326e6
1.7300694180783865e6
1.7568212593807844e6
1.7837781015915175e6
1.810939436839092e6
1.8383047678900475e6
1.865873609243447e6
1.8936454878599234e6
1.921619948417998e6
1.9497965358044466e6
1.9781748161007853e6
2.0067543648144277e6
2.0355347648739999e6
2.0645156104067664e6
2.0936965189104548e6
2.123077106479388e6
2.15265700250561e6
2.182435851251891e6
2.2124133044530684e6
2.242589022680183e6
2.2729627158514727e6
2.303533961051617e6
2.3343025579212895e6
2.365268174827483e6
2.396430523192576e6
2.4277893258434194e6
2.45934431459839e6
2.4910952296597427e6
2.5230418218177734e6
2.555183848732331e6
2.5875210751250032e6
2.6200532848511273e6
2.6527802536085076e6
2.685701775616081e6
2.7188176516473354e6
2.7521276888331734e6
2.785631702596928e6
2.819329515487087e6
2.853220957530016e6
2.88730586567791e6
2.921584083895602e6
2.956055459561629e6
2.990719858090332e6
3.0255771378249456e6
3.0606271676663323e6
3.0958698252390386e6
3.1313049975661593e6
3.16693256044955e6
3.202752410830289e6
3.2387644554086677e6
3.274968592343531e6
3.311364736521445e6
3.347952796824553e6
3.384732695111257e6
3.4217043552209125e6
3.4588677159384834e6
3.496222692213144e6
3.5337692312904955e6
3.571507275180717e6
3.6094367701213514e6
3.647557666525062e6
3.6858699246261427e6
3.7243734974749163e6
3.7630683400099473e6
3.801954423745243e6
3.8410317174724704e6
3.8803001913227243e6
3.919759824802285e6
3.9594105962961065e6
3.9992524832841223e6
4.0392854726848044e6
4.0795095518779904e6
4.119924710600635e6
4.160530942168574e6
4.201328241390377e6
4.242316606041237e6
4.28349603750149e6
4.324866536446942e6
4.366428109096386e6