170339.09590001055
170430.58892417443
170674.67862309038
171071.65971673618
171622.00704461028
172326.29517962114
173185.60358884238
174200.6803975858
175372.79015139973
176703.25242101605
178193.5564653318
179845.32791638933
181660.33388164302
183640.45288854808
185787.72080098325
188104.24016273598
190592.24486155092
193254.04304181843
196092.03414527816
199108.63457097922
202306.33877679432
205687.88317244814
209255.68180237513
213012.4163889899
216960.74393571867
221103.28189911053
225442.70758332976
229981.58430015645
234722.6505252868
239668.45154093212
244821.519701757
250184.33172059746
255759.3878498546
261549.06813651725
267555.7250101189
273781.6386178971
280229.0150410062
286899.97912967985
293796.5916652267
300920.8002764373
308274.5100055826
315859.5131563639
323677.512997694
331730.14558238315
340018.9135954123
348545.25818297744
357310.54140163097
366316.0041511847
375562.81734271266
385052.02388816176
394784.6293366345
404761.51719204336
414983.4888709913
425451.263292884
436165.47085524816
447126.663920289
458335.31108926743
469791.80527437315
481496.4605910991
493449.51969781506
505651.1527416173
518101.4623857947
530800.484119943
543748.1900466904
556944.4916910337
570389.2412298196
584082.235659969
598023.2181520354
612211.8834373732
626647.8726987946
641330.7918782632
656260.1935456496
671435.5955695475
686856.4764608974
702522.2794463052
718432.4150521149
734586.2605418899
750983.1682857721
767622.4617348829
784503.4405867979
801625.3823147982
818987.5441365687
836589.1647044627
854429.4667293404
872507.6574375206
890822.931786047
909374.4725733608
928161.4540184175
947183.0415096044
966438.394071003
985926.6636770895
1.0056470008966413e6
1.0255985507623263e6
1.0457804591370365e6
1.0661918696472575e6
1.0868319289036486e6
1.107699782135319e6
1.1287945790081425e6
1.1501154728505588e6
1.1716616202358054e6
1.1934321837627566e6
1.2154263320175533e6
1.2376432402269463e6
1.2600820902546588e6
1.2827420730936783e6
1.3056223859660937e6
1.3287222386344e6
1.3520408463169076e6
1.3755774374298695e6
1.3993312493260847e6
1.4233015288681719e6
1.4474875369201016e6
1.471888542635166e6
1.49650383010157e6
1.5213326921138165e6
1.5463744355380256e6
1.5716283774014139e6
1.5970938506930014e6
1.6227701934771687e6
1.6486567603312004e6
1.6747529332954197e6
1.7010580822565723e6
1.7275716042844797e6
1.754292906801119e6
1.7812214092022942e6
1.8083565455113668e6
1.8356977605808778e6
1.8632445133599876e6
1.890996275339302e6
1.9189525309970533e6
1.947112776136875e6
1.9754765215491457e6
2.004043290255317e6
2.0328126123017792e6
2.0617840298950565e6
2.0909571115037333e6
2.120331423246096e6
2.149906547420609e6
2.1796820797509677e6
2.209657625049893e6
2.2398327976721134e6
2.2702072277737074e6
2.3007805543389125e6
2.3315524268670203e6
2.362522508036932e6
2.393690467599309e6
2.42505598790426e6
2.456618761100144e6
2.488378488186467e6
2.5203348836464407e6
2.5524876664220584e6
2.5848365690650605e6
2.6173813316292632e6
2.6501217031045635e6
2.6830574430168415e6
2.71618831771357e6
2.7495141032331707e6
2.783034583962731e6
2.816749551945775e6
2.8506588160993536e6
2.8847621685310244e6
2.9190594330040035e6
2.9535504310796885e6
2.9882349966386072e6
3.023112978761264e6
3.0581841980016585e6
3.0934485189040764e6
3.128905805002937e6
3.164555901219343e6
3.200398699526555e6
3.2364340702551855e6
3.272661896679566e6
3.309082067777563e6
3.34569447660227e6
3.3824990289103994e6
3.419495625269149e6
3.4566841781951473e6
3.4940645911102733e6
3.531636810913009e6
3.5694007504705945e6
3.607356339582443e6
3.6455035113834487e6
3.683866840997477e6
3.7223723901122343e6
3.761093965567682e6
3.800006905273662e6
3.839111182348108e6
3.878406743094923e6
3.9178935485152276e6
3.9575715734216543e6
3.9974407798964726e6
4.0375011447470514e6
4.0777526444281163e6
4.118195259423309e6
4.1588289726572186e6
4.199653768057961e6
4.2406696400866695e6
4.281876575712461e6
4.323274568350048e6
4.364863617359666e6