156558.76603090283
156654.9584811573
156911.57263104952
157328.88287360026
157907.32264236998
158647.53698376837
159550.27042577366
160616.46433742906
161847.20798812227
163243.7465025401
164807.4667474852
166539.8699806074
168442.57243421502
170517.42546706248
172766.21049184634
175190.92261557476
177793.63360825836
180576.4652428047
183541.6512511735
186691.45486487434
190028.1707954743
193554.20893084744
197271.9358236266
201183.77802222557
205292.1579341178
209599.4971214621
214108.23883404167
218820.77035451957
223739.495380517
228866.75640027536
234204.87963978303
239756.13381692683
245522.75734249238
251506.89949202372
257710.6747369469
264136.1267125142
270785.23478248133
277659.89079269115
284761.9227268434
292093.0615528873
299654.9817614689
307449.25772787165
315477.38357555773
323740.75837285456
332240.7098054213
340978.4722527317
349955.1900835432
359171.9195223587
368629.63800667867
378329.2284103747
388271.4970304702
398457.1625527118
408886.86348534643
419561.1587289572
430480.5271250573
441645.37324487476
453056.0266913958
464712.74677031557
476615.71951780876
488765.06659060984
501160.8444545481
513803.0463705235
526691.6060442354
539826.3996695146
553207.2486871342
566833.9219213289
580706.1388677994
594823.5729570859
609185.8461311478
623792.547276361
638643.2215258523
653737.375571094
669074.481877275
684653.9799818203
700475.2789726752
716537.7595053043
732840.7761092767
749383.6591826393
766165.7170170097
783186.2377702133
800444.4914447432
817939.7315283049
835671.1970203861
853638.1131702524
871839.6952891119
890275.147997416
908943.6677878866
927844.4440595687
946976.6625882413
966339.500486444
985932.135042641
1.0057537500505258e6
1.0258035097845925e6
1.0460805936953812e6
1.0665841775355954e6
1.087313442165428e6
1.108267568679609e6
1.1294457432529742e6
1.150847158390591e6
1.1724710102841784e6
1.1943165026222747e6
1.216382845806803e6
1.2386692575848927e6
1.2611749644068822e6
1.2838992008396336e6
1.3068412105578242e6
1.3300002478222053e6
1.3533755744910673e6
1.3769664655750107e6
1.4007722051025117e6
1.4247920872985567e6
1.449025418553501e6
1.4734715202394929e6
1.4981297186547087e6
1.5229993563374702e6
1.5480797861588506e6
1.5733703729901672e6
1.5988704985225482e6
1.6245795451769645e6
1.6504969185836846e6
1.6766220367746605e6
1.7029543249259226e6
1.729493222584994e6
1.7562381824492046e6
1.7831886681615824e6
1.8103441579087127e6
1.8377041405599038e6
1.8652681167781116e6
1.89303560046699e6
1.921006121996618e6
1.94917921406675e6
1.9775544282700426e6
2.0061313312834438e6
2.0349094895290318e6
2.0638884859089274e6
2.0930679262427932e6
2.122447413916189e6
2.152026568633374e6
2.1818050212063016e6
2.211782412885097e6
2.241958393262202e6
2.2723326260152934e6
2.3029047837013127e6
2.333674548965743e6
2.364641616424972e6
2.3958056871248977e6
2.427166474214577e6
2.458723699960313e6
2.4904770953366663e6
2.5224264021337675e6
2.5545713691061866e6
2.5869117549844906e6
2.6194473275394477e6
2.6521778617194393e6
2.685103141294098e6
2.7182229597478323e6
2.751537114849112e6
2.785045416414567e6
2.818747679130243e6
2.852643725920701e6
2.886733386898312e6
2.9210164997832794e6
2.955492905682567e6
2.9901624606101057e6
3.0250250207967553e6
3.0600804474164285e6
3.095328612480691e6
3.1307693976439214e6
3.1664026676940466e6
3.2022283289900417e6
3.2382462691100882e6
3.2744563874485274e6
3.3108585978014716e6
3.347452774852416e6
3.3842388936501946e6
3.421216822836763e6
3.4583865044723926e6
3.495747867618747e6
3.533300858333793e6
3.5710453916901145e6
3.608981421447788e6
3.64710889433823e6
3.6854277613391974e6
3.7239379772848883e6
3.7626395002136794e6
3.801532292794733e6
3.8406163205349105e6
3.8798915504356935e6
3.9193579595211227e6
3.959015523307783e6
3.9988642164857085e6
4.0389040233317264e6
4.0791349309342285e6
4.1195569203810752e6
4.1601699734377987e6
4.200974111393655e6
4.241969315148992e6
4.283155582509436e6
4.324532912688581e6
4.366101312600447e6