241944.56497156143
242013.0995324193
242196.00476278906
242493.6402378768
242906.63886688423
243435.8444060748
244082.32437720796
244847.3914911722
245732.55154021492
246739.52426130313
247870.25429606787
249126.83925965388
250511.60206042405
252027.0041957865
253675.71373617754
255460.51482921548
257384.3276273025
259450.2257846442
261661.3762707411
264021.0811802753
266532.69308698503
269199.6690561384
272025.52329762036
275013.83645609074
278168.20974210656
281492.2781850881
284989.71331888874
288664.1772276217
292519.3866772034
296558.9096449646
300786.4086111531
305205.48377401446
309819.6651814169
314632.46281050803
319647.3178550007
324867.62151141255
330296.66891827853
335937.67911094165
341793.8075269053
347867.8514097268
354163.51312697574
360682.92491026764
367429.0340341113
374404.6744765673
381612.2261121843
389054.15022601146
396732.83795012295
404650.5094439191
412809.21694729
421211.0113340959
429857.75760289223
438751.2298169909
447893.0835109803
457284.86251386226
466928.00798099436
476823.8451977108
486973.5911945031
497378.3583913538
508039.15874095104
518956.8943900518
530132.3720515366
541566.3008345759
553259.2916967329
565211.8670614974
577424.4576866273
589897.404592913
602630.9667973332
615625.3207479971
628880.5652595717
642396.7194401457
656173.7372402735
670211.4958615731
684509.8087038334
699068.4234528556
713887.0281629437
728965.2530832855
744302.6714830889
759898.8059274636
775753.1287248496
791865.0657867679
808233.9989923765
824859.2689673917
841740.1776626455
858875.991079649
876265.9446678304
893909.2303350958
911805.0296826995
929952.4872683577
948350.7237616759
966998.8390571298
985895.916057812
1.0050410155391002e6
1.0244331826375063e6
1.0440714526362056e6
1.063954845413602e6
1.084082372988164e6
1.1044530351567476e6
1.1250658276859806e6
1.1459197396279438e6
1.1670137561015454e6
1.1883468605085642e6
1.2099180329453559e6
1.231726256222311e6
1.2537705128911196e6
1.2760497871933144e6
1.2985630679827938e6
1.3213093496022727e6
1.3442876274478347e6
1.367496908771105e6
1.3909362059083288e6
1.4146045353145895e6
1.4385009284257342e6
1.4626244240631757e6
1.4869740691902868e6
1.5115489219878665e6
1.5363480603388064e6
1.5613705593129774e6
1.586615506707449e6
1.6120820156963593e6
1.6377692062268308e6
1.6636762119783834e6
1.689802177616979e6
1.7161462597285372e6
1.7427076445254197e6
1.7694855174771966e6
1.7964790706745195e6
1.8236875417147067e6
1.8511101550907453e6
1.878746160772987e6
1.9065948213179195e6
1.934655416142821e6
1.962927240400092e6
1.9914095998871517e6
2.0201018220049024e6
2.0490032538866317e6
2.0781132248194574e6
2.107431130415378e6
2.1369563474641894e6
2.1666882742125215e6
2.1966263226354904e6
2.226769927472094e6
2.257118525731054e6
2.2876715827848557e6
2.318428564684689e6
2.3493889611018673e6
2.380552270794539e6
2.4119180089654895e6
2.443485700788238e6
2.47525489099772e6
2.5072251326222178e6
2.5393959926373493e6
2.5717670508973114e6
2.604337901245159e6
2.63710814968558e6
2.6700774124399065e6
2.703245319685207e6
2.736611512972814e6
2.770175646608444e6
2.8039373834282714e6
2.8378964003480454e6
2.8720523828356275e6
2.906405027428306e6
2.9409540475676265e6
2.9756991538626472e6
3.0106400776470723e6
3.045776563028016e6
3.0811083616036405e6
3.116635197364684e6
3.1523568739644275e6
3.1882731534620393e6
3.224383822937224e6
3.260688673351891e6
3.297187506432386e6
3.3338801321630003e6
3.3707663683966934e6
3.407846040601226e6
3.4451189820619617e6
3.4825850325258947e6
3.5202440419091797e6
3.55809586363291e6
3.5961403597646854e6
3.634377397232832e6
3.672806851983759e6
3.711428607321234e6
3.7502425639773165e6
3.7892485702708834e6
3.8284465711008287e6
3.8678364542989335e6
3.907418132213143e6
3.9471915205947305e6
3.9871565404683244e6
4.0273131170876413e6
4.0676611813579914e6
4.1082006694110814e6
4.148931521071849e6
4.1898536809025104e6
4.230967098160986e6
4.272271725592108e6
4.313767520578759e6
4.355454444427451e6