341656.7999074029
341697.1312909658
341804.84643030266
341980.42182125064
342224.59005913226
342538.3975123574
342923.15149674035
343380.464325687
343912.14425748185
344520.36232063017
345207.4295296708
345975.9950948343
346828.8972953528
347769.1838587219
348800.1581917678
349925.2589105792
351148.14136638754
352472.6323587263
353902.67746999377
355442.4460808223
357096.18482448027
358868.2609519504
360763.1140867207
362785.3051012869
364939.46571137913
367230.2866416735
369662.47099822894
372240.88419605483
374970.20784778526
377855.28286093817
380900.8877879546
384111.84552237723
387492.8337019552
391048.64814776496
394783.9151555018
398703.29864775814
402811.3071224695
407112.449110511
411611.12416033424
416311.6529840418
421218.26462876983
426335.0956804396
431666.1590996343
437215.38809339516
442986.596312153
448983.3792413638
455209.58830769727
461668.0862272981
468362.76160310535
475296.5819822846
482472.6185762184
489893.8054288971
497562.9353508193
505482.6652271231
513655.5367251079
522083.9392368384
530770.1456554063
539716.2747972582
548924.3422079142
558396.2131368695
568133.6332576617
578138.2172596543
588411.457060132
598954.721999363
609769.259484898
620856.1964146651
632216.5428773628
643851.1973734868
655760.9476476756
667946.4695623142
680408.3360615808
693147.0195028926
706162.8885758589
719456.2196893408
733027.1900585326
746875.8919938349
761002.3274377533
775406.4162849857
790087.9971911049
805046.8314807571
820282.6063786054
835794.9381225047
851583.3752738512
867647.401797148
883986.4461669673
900599.8551936795
917486.9564194011
934646.9984105066
952079.1918045545
969782.6974164946
987756.634135518
1.0060000806489191e6
1.0245120731731013e6
1.0432916205939513e6
1.0623376960231452e6
1.0816492436955133e6
1.101225177528221e6
1.1210643873019672e6
1.1411657487689613e6
1.1615281090234104e6
1.1821502856403063e6
1.2030311095188793e6
1.224169377006384e6
1.245563878229779e6
1.2672133915996032e6
1.289116691176717e6
1.3112725434672083e6
1.3336797041606861e6
1.3563369436984241e6
1.3792430038264687e6
1.4023966540455462e6
1.4257966504046079e6
1.4494417515319453e6
1.4733307285096776e6
1.4974623489609128e6
1.521835404988444e6
1.546448651335462e6
1.5713009100360316e6
1.5963909762587259e6
1.6217176646841664e6
1.647279802718438e6
1.6730762285029306e6
1.6991057857865952e6
1.7253673442028987e6
1.7518597826646285e6
1.7785819918247822e6
1.8055328801894549e6
1.8327113640071403e6
1.8601164072128641e6
1.8877469322093013e6
1.915601931954982e6
1.9436803939214563e6
1.9719813187113258e6
2.0005037359942459e6
2.0292466838084694e6
2.0582092449639884e6
2.0873904542994564e6
2.1167894389711786e6
2.1464053099946543e6
2.1762371959684743e6
2.206284253915149e6
2.2365456461976795e6
2.267020565518432e6
2.297708216010207e6
2.3286078232388142e6
2.3597186312086303e6
2.391039898214221e6
2.422570901917968e6
2.454310941415023e6
2.4862593291922105e6
2.518415395354025e6
2.550778490925908e6
2.583347981162517e6
2.616123247966153e6
2.6491036900209663e6
2.6822887249175534e6
2.7156777882709177e6
2.7492703176339087e6
2.7830657869800786e6
2.817063670394136e6
2.8512634760048045e6
2.885664702059336e6
2.920266870133598e6
2.955069529406857e6
2.9900722311623865e6
3.025274561427514e6
3.060676049650115e6
3.0962763444502368e6
3.132075035639916e6
3.1680717484414144e6
3.2042661198344897e6
3.240657792242243e6
3.277246427523245e6
3.314031698412615e6
3.3510132881502444e6
3.388190892370072e6
3.4255642168482468e6
3.463132980651292e6
3.5008969112720853e6
3.538855745652403e6
3.577009235556086e6
3.6153571385236285e6
3.6538992237336026e6
3.692635269708866e6
3.7315650558728906e6
3.7706884032631502e6
3.810005095497091e6
3.8495149440539316e6
3.8892177836131523e6
3.9291134402910513e6
3.9692017528841407e6
4.0094825667865644e6
4.049955736648083e6
4.0906211234152378e6
4.131478590414856e6
4.1725280234170402e6
4.213769294589147e6
4.25520229467001e6
4.2968269185636435e6
4.338643066564584e6