150524.00517144697
150622.28361635472
150884.45710741598
151310.65231656455
151901.7064829874
152657.8222095948
153579.86259203593
154668.75877357027
155925.48931247464
157351.347680397
158947.6364981271
160715.80125959704
162657.4303897031
164774.24497274062
167068.0399182499
169540.6908863267
172194.22447837752
175030.6721993689
178052.18933939675
181260.95630966887
184659.18955961135
188249.15713779637
192033.23902739023
196013.656312592
200192.81269937634
204572.9833361466
209156.52598479492
213945.72510324596
218942.88107594676
224150.2325778715
229570.0024737277
235204.35200629025
241055.41474110147
247125.23186321018
253415.8236995696
259929.11753647143
266666.99297549983
273631.23834172066
280823.5791810793
288245.64856847154
295899.01914944197
303785.1691981392
311905.49556463445
320261.3056793276
328853.83473954524
337684.22385392187
346753.5359390902
356062.7387103301
365612.7266396298
375404.3042957176
385438.1999143852
395715.0565506014
406235.4425668664
416999.84610798385
428008.68077684136
439262.28716550476
450760.93452756805
462504.82291409455
474494.08527413115
486728.7905436979
499208.94587832445
511934.49841479526
524905.3380725434
538121.3002622754
551582.1688641548
565287.6768184099
579237.511347002
593431.3134947057
607868.6841544675
622549.1808425906
637472.3282294094
652637.6129425742
668044.489444348
683692.3816725666
699580.6853051514
715708.7696054333
732075.9798110209
748681.6389522898
765525.0498437507
782605.4970471356
799922.2484553936
817474.5574605898
835261.6642074008
853282.7976092525
871537.176279489
890024.010877185
908742.5057852633
927691.8560606273
946871.2585040268
966279.9024423555
985916.9780144086
1.0057816706061462e6
1.0258731695217257e6
1.046190665148501e6
1.0667333478868292e6
1.0875004135413556e6
1.1084910604831048e6
1.1297044922327516e6
1.1511399182150129e6
1.1727965529586736e6
1.194673618609718e6
1.2167703449928372e6
1.239085968618151e6
1.2616197361755928e6
1.2843709022186068e6
1.3073387302596925e6
1.3305224951027227e6
1.3539214794444917e6
1.3775349789114406e6
1.4013622981940862e6
1.4254027528783733e6
1.4496556710146859e6
1.4741203923441125e6
1.4987962667227034e6
1.5236826567558297e6
1.5487789358766126e6
1.5740844910660414e6
1.5995987232186717e6
1.6253210362182392e6
1.6512508560088635e6
1.6773876207009843e6
1.7037307756505515e6
1.7302797804387617e6
1.7570341074398523e6
1.783993239889167e6
1.8111566751455946e6
1.838523921225563e6
1.8660944977504376e6
1.8938679370647506e6
1.9218437876941005e6
1.9500216007598795e6
1.9784009463551205e6
2.006981405107586e6
2.0357625645959305e6
2.064744023557219e6
2.093925403903246e6
2.123306326193724e6
2.1528864242400043e6
2.1826653464907156e6
2.2126427489135587e6
2.242818296206584e6
2.2731917022856856e6
2.303762551698378e6
2.3345306376119745e6
2.365495642413184e6
2.396657277829181e6
2.428015270356053e6
2.459569355257756e6
2.4913192762013692e6
2.5232647873840053e6
2.5554056493510166e6
2.587741633499081e6
2.620272519100678e6
2.652998091802202e6
2.68591814653483e6
2.7190324870790825e6
2.7523409231547904e6
2.785843273693713e6
2.819539363200942e6
2.8534290245657223e6
2.8875120980982943e6
2.9217884278629418e6
2.956257867788566e6
2.9909202796660946e6
3.0257755292210924e6
3.0608234859584025e6
3.096064029623151e6
3.131497049297397e6
3.1671224228553707e6
3.2029400493713305e6
3.2389498372519277e6
3.2751516865746737e6
3.3115455140441735e6
3.3481312303073783e6
3.384908758920085e6
3.421878025351106e6
3.4590389606601843e6
3.4963914995819456e6
3.53393559156159e6
3.571671161261487e6
3.6095981655807826e6
3.6477165561637618e6
3.686026294491602e6
3.7245273230899507e6
3.7632196217318205e6
3.802103163876989e6
3.841177894923784e6
3.8804437982807765e6
3.9199008543283883e6
3.959549042490693e6
3.999388341515368e6
4.03941873902106e6
4.0796402234256957e6
4.1200527851951458e6
4.160656418679608e6
4.201451119197114e6
4.242436886015085e6
4.283613720566675e6
4.324981624511616e6
4.366540604852877e6