212253.22848843533
212330.9884214747
212538.4758040519
212876.0382538623
213344.24315646273
213943.84658082336
214675.68857341754
215541.4371755782
216541.99948651
217678.94027331175
218954.47620160336
220370.09802301752
221928.0539948141
223630.58963811042
225480.134430399
227479.19829791458
229630.45134847978
231936.6727705311
234400.8190664294
237025.60602644185
239814.32406517508
242769.99851490714
245895.80666010274
249194.94588439527
252670.68006091617
256326.17285865778
260164.79878545098
264189.78904501535
268404.4036750813
272811.8577168326
277415.3857148659
282218.14518866054
287223.25784217846
292433.7927805875
297852.75776748924
303483.1027571292
309327.74067119934
315389.335525586
321670.72108624905
328174.48142790346
334902.89367317955
341859.15610955516
349044.8352368058
356462.4568760207
364114.12569130526
372001.88680854393
380127.6865275165
388493.3481635931
397100.590871008
405951.0302225561
415046.1812890054
424387.45576692675
433976.1559020085
443813.4819254166
453900.5422613638
464238.33856882143
474827.7728417918
485669.656243901
496764.7077234742
508113.5489093859
519716.7167923864
531574.6608989813
543687.7473496739
556056.2600981197
568680.4045457696
581560.311204256
594696.0357063031
608087.563941842
621734.8160779576
635637.6430134686
649795.8410383263
664209.1418714882
678877.2231974446
693799.7086176139
708976.1717712946
724406.1382886048
740089.0884810077
756024.4603462496
772211.6519035583
788650.0238709024
805338.9020870004
822277.5800136798
839465.3209580109
856901.3606617649
874584.9091413687
892515.1529509635
910691.2575948385
929112.370345965
947777.6193103307
966686.1180100252
985836.9680737318
1.0052292577252078e6
1.0248620633894035e6
1.0447344570402876e6
1.0648455007918493e6
1.0851942519088956e6
1.1057797684645276e6
1.1266010957693574e6
1.1476572855457284e6
1.1689473869425277e6
1.1904704509537125e6
1.2122255290325119e6
1.2342116778112138e6
1.2564279562491581e6
1.2788734309777515e6
1.3015471687372625e6
1.3244482511281855e6
1.3475757556094923e6
1.3709287879572078e6
1.3945064391774114e6
1.4183078211491068e6
1.44233205797901e6
1.4665782807158194e6
1.49104563139967e6
1.5157332630833695e6
1.5406403437470663e6
1.5657660547237727e6
1.5911095760503216e6
1.6166701126468675e6
1.6424468902030322e6
1.668439133945011e6
1.694646086289158e6
1.721067004836978e6
1.7477011600245968e6
1.7745478364425788e6
1.801606333702689e6
1.8288759641509831e6
1.8563560546696472e6
1.8840459473559335e6
1.9119449973985734e6
1.9400525801536515e6
1.9683680691392173e6
1.9968908591725638e6
2.0256203898747694e6
2.054556062473746e6
2.0836973088321418e6
2.1130436029714784e6
2.142594408226102e6
2.172349203601643e6
2.2023074833031422e6
2.232468749918922e6
2.2628325405212836e6
2.2933983805487463e6
2.3241658184048505e6
2.3551344060421363e6
2.386303732400786e6
2.417673374526577e6
2.449242929390813e6
2.4810120081295054e6
2.5129802304021996e6
2.545147195680041e6
2.577512651437694e6
2.6100761506408947e6
2.642837394020114e6
2.6757960590662644e6
2.7089518345180866e6
2.742304419006669e6
2.7758535224961075e6
2.8095988630756023e6
2.8435401696622143e6
2.877677183239131e6
2.9120096477717017e6
2.946537327124488e6
2.9812599810080933e6
3.0161773881108337e6
3.0512893328323797e6
3.0865956155180065e6
3.122096008311013e6
3.1577903506907965e6
3.1936784484088677e6
3.2297601261726534e6
3.266035215943863e6
3.302503556918106e6
3.3391649953763206e6
3.3760193844393245e6
3.4130665851356746e6
3.4503064633905785e6
3.4877388922836087e6
3.525363751307152e6
3.563180927857787e6
3.601190311189498e6
3.6393917988473335e6
3.6777852941347547e6
3.716370705391611e6
3.7551479468706213e6
3.7941169356384594e6
3.8332775953514175e6
3.8726298595499173e6
3.9121736560886567e6
3.9519089248624844e6
3.991835607930052e6
4.0319536525682434e6
4.072263008677887e6
4.1127636326065324e6
4.1534554822956203e6
4.194338520245859e6
4.235412713787664e6
4.27667803095782e6
4.318134446712587e6
4.359781937253846e6