247460.06146245377
247526.92664949645
247705.37559199976
247995.7935914483
248398.80249614167
248915.26398434906
249546.26370361118
250293.13331543075
251157.32200925626
252140.81024497174
253245.33821865355
254473.11187881642
255826.49034626692
257307.977258074
258920.28141449377
260666.22284134742
262548.7786948248
264571.06921293633
266736.31409407395
269047.8693041763
271509.14572030294
274123.6605964111
276894.98630538955
279826.77162730333
282922.68061995483
286186.4162706642
289621.71749271255
293232.3205158991
297022.6842637663
300994.4290791224
305153.3122900297
309502.3373149305
314045.1010358817
318785.20793530636
323726.16005682363
328871.43144621304
334224.3929787177
339788.3432911023
345566.51094959944
351561.76875198795
357777.92270651006
364216.9017148153
370882.4764566553
377776.8247114095
384902.62842827756
392262.4690897828
399858.76488787506
407693.82425519754
415769.765565385
424088.71373168426
432652.5999513372
441463.26534010447
450522.4301164693
459831.7012906722
469392.58292038576
479206.45957439335
489274.6063389408
499598.19324143603
510178.28629513783
521015.8403010848
532111.7130548685
543466.6626161556
555081.3469211102
566956.3331966617
579092.0961465995
591489.0150697248
604147.3904104254
617067.434626615
630249.2814104988
643692.9840395076
657398.5232092058
671365.8091180238
685594.6807115546
700084.9105282273
714836.2097895182
729848.2298645778
745120.5634233563
760652.7502776835
776444.2787136824
792494.5885639277
808803.0739944701
825369.0861033506
842191.9363403814
859270.8977099761
876605.2118130708
894194.0749450005
912036.6718837771
930132.148815423
948479.6268484914
967078.2049431717
985926.9638862329
1.005024961485826e6
1.0243712379632143e6
1.0439648236905427e6
1.0638047318464373e6
1.0838899669973596e6
1.1042195207184944e6
1.1247923793256336e6
1.1456075226302766e6
1.1666639243231474e6
1.1879605587999104e6
1.209496387232466e6
1.2312703860868164e6
1.2532815225915476e6
1.2755287671801015e6
1.2980110942502194e6
1.3207274830548337e6
1.34367691384124e6
1.3668583782551652e6
1.390270872513221e6
1.4139133968051625e6
1.4377849659023506e6
1.46188460143494e6
1.4862113394994417e6
1.510764209822758e6
1.535542278622115e6
1.5605446030741353e6
1.5857702471123124e6
1.611218318654652e6
1.6368879076394653e6
1.6627781420083707e6
1.6888881367105548e6
1.715217048986271e6
1.741764029020079e6
1.768528250739305e6
1.7955088949957776e6
1.8227051694823757e6
1.850116287398599e6
1.8777414814656612e6
1.9055799974397034e6
1.9336310970403242e6
1.9618940602965234e6
1.9903681741102121e6
2.0190527519073747e6
2.047947123036072e6
2.07705060158094e6
2.106362565209724e6
2.135882377666071e6
2.165609420815286e6
2.1955430916766953e6
2.225682809967319e6
2.256027997928762e6
2.2865781063731103e6
2.3173325876506846e6
2.3482909170547547e6
2.379452579807093e6
2.410817076995649e6
2.442383922318415e6
2.474152645961616e6
2.5061227886994863e6
2.5382939098567544e6
2.5706655631281985e6
2.603237344304775e6
2.6360088431505607e6
2.6689796644822955e6
2.702149427341418e6
2.7355177622764013e6
2.769084313034977e6
2.802848732044872e6
2.836810686161321e6
2.870969850374571e6
2.9053259121549823e6
2.939878575298418e6
2.9746275411634394e6
3.0095725329515613e6
3.0447132837104397e6
3.0800495266187163e6
3.115581012975675e6
3.151307514592735e6
3.187228760154777e6
3.2233445668337597e6
3.259654705318352e6
3.2961589703342826e6
3.3328571647922513e6
3.3697490996970693e6
3.4068345938673215e6
3.444113474176801e6
3.4815855745575493e6
3.519250736839415e6
3.55710881133721e6
3.5951596527378745e6
3.6334031238707807e6
3.671839094609434e6
3.710467440112273e6
3.7492880603363067e6
3.788300797699298e6
3.8275055912588667e6
3.866902324125574e6
3.9064909058626043e6
3.946271244030471e6
3.986243263648454e6
4.0264068778345343e6
4.0667620168122817e6
4.1073086125611216e6
4.1480466015475104e6
4.188975924763499e6
4.230096528052732e6
4.271408361075437e6
4.312911377906241e6
4.354605536976733e6