447556.7408389385
447571.0902810197
447609.6456267204
447672.83619315736
447761.56159256573
447876.9597315793
448020.50945339026
448194.0485662583
448399.62967841595
448639.7256109278
448916.84864738537
449234.1044177797
449594.705135131
450002.0674423665
450459.9729596863
450972.35759065347
451543.3719449232
452177.42125565244
452878.9688935642
453652.88778893405
454504.1275105203
455437.5248858882
456458.37124439084
457571.9431152744
458782.8605688133
460098.9089871177
461523.26506266464
463062.5096224919
464722.09501119156
466507.77494851546
468425.3158981607
470480.28789964307
472678.53460353904
475025.6966814798
477527.44406516245
480188.9058544177
483017.15774218435
486016.22922154947
489192.0770906145
492550.0666148318
496095.51825058425
499833.6327034908
503769.52277559997
507908.21464405535
512254.59062121226
516813.43086117704
521589.44606455625
526587.1248349048
531810.9660791415
537265.2036461487
542954.0044299341
548881.393471638
555051.2537379909
561467.3183201713
568133.1942741902
575052.3325043066
582228.0503936858
589663.5005280946
597361.7136888648
605325.5612216538
613557.7721110202
622060.9299526663
630837.476863825
639889.7113266159
649219.7918205776
658829.7187595908
668721.3728623361
678896.5010972425
689356.6986127142
700103.4301024161
711138.0381189648
722461.7293998279
734075.5893817075
745980.573321641
758177.5198197338
770667.1486703953
783450.0637936129
796526.755957185
809897.6085469525
823562.89624662
837522.7941129997
851777.3752671409
866326.616868489
881170.4032827162
896308.5286852629
911740.701063509
927466.5452089196
943485.6063147137
959797.353060276
976401.1813962067
993296.4167028741
1.0104823190877426e6
1.0279580890403817e6
1.0457228513265281e6
1.063775698681002e6
1.0821156535818793e6
1.100741691421673e6
1.1196527421756734e6
1.13884769131817e6
1.1583253813133105e6
1.1780846187096732e6
1.198124173234632e6
1.2184427821911098e6
1.2390391548186056e6
1.2599119685318414e6
1.2810598807350933e6
1.3024815274463086e6
1.324175514408307e6
1.3461404507441497e6
1.368374905060093e6
1.3908774473162286e6
1.4136466406894526e6
1.436681034641453e6
1.4599791691881276e6
1.4835395803155722e6
1.5073608178357137e6
1.5314413759041633e6
1.5557798265228504e6
1.5803746903542401e6
1.6052245119798754e6
1.6303278305336074e6
1.6556832018215093e6
1.6812891721958118e6
1.7071443230886364e6
1.7332472242597116e6
1.7595964658137471e6
1.7861906482107409e6
1.8130283842162401e6
1.840108313845392e6
1.8674290433396928e6
1.8949892682119112e6
1.922787650920039e6
1.9508228738064906e6
1.9790936602652352e6
2.007598725831433e6
2.0363368381182493e6
2.0653067204699158e6
2.0945071863299394e6
2.1239370409336155e6
2.1535951034600753e6
2.1834802223597346e6
2.2135912534165382e6
2.243927092360205e6
2.274486646372626e6
2.305268847893478e6
2.336272639120817e6
2.3674970004614354e6
2.3989409179530283e6
2.430603413036603e6
2.4624835182969808e6
2.4945802918943353e6
2.5268928157903445e6
2.559420188560516e6
2.5921615336242826e6
2.625115987608686e6
2.658282724959802e6
2.6916609272916643e6
2.7252497846111357e6
2.759048542227585e6
2.793056438135357e6
2.827272735966911e6
2.8616967293764786e6
2.8963277024091925e6
2.931164999824444e6
2.966207957352972e6
3.0014559367267485e6
3.036908316229318e6
3.0725644966742266e6
3.108423889928867e6
3.144485937030985e6
3.1807500823852243e6
3.217215794501563e6
3.253882557754096e6
3.290749875368e6
3.327817261837859e6
3.3650842511335406e6
3.402550391404529e6
3.4402152420665952e6
3.478078389971623e6
3.5161394134205403e6
3.5543979663055995e6
3.5928535949355643e6
3.6315059694579504e6
3.6703547369020823e6
3.709399557832161e6
3.748640132004572e6
3.788076072958745e6
3.8277071324445233e6
3.8675330195580907e6
3.9075534480748028e6
3.9477681474580197e6
3.9881768631497016e6
4.0287793486570735e6
4.0695753642947804e6
4.110564694965832e6
4.151747148495376e6
4.1931224551586276e6
4.234690451242358e6
4.276450950799969e6
4.318403772199807e6