153029.4931045175
153126.9034624546
153386.76344000638
153809.34211410306
154395.06598759486
155144.5645309488
156058.57083905654
157138.03137121224
158383.9435385959
159797.6032199424
161380.33210196448
163133.61705466112
165059.05905150904
167158.4058720556
169433.4798422041
171886.18179620142
174518.57380541906
177332.71676030863
180330.80131396247
183515.04236922672
186887.68608316514
190451.08454622075
194207.55280555764
198159.44314953973
202309.17691585122
206659.06295286605
211211.5045501827
215968.82829018877
220933.377998227
226107.43534007974
231493.2670999517
237093.07857907974
242909.0472700135
248943.25781563218
255197.77483539612
261674.56897830105
268375.56290608214
275302.5891128313
282457.41421963274
289841.7130909137
297457.1005064503
305305.0949292616
313387.13320898695
321704.561437031
330258.65245908126
339050.58706614
348081.4624260288
357352.2815409951
366863.9745265645
376617.3778530493
386613.2523420821
396852.27257504186
407335.0356128678
418062.0592703908
429033.7844511814
440250.57787221007
451712.7338521875
463420.47683388926
475373.962055636
487573.280151368
500018.4586104788
512709.46370322315
525646.2033654982
538828.5298006941
552256.2426158466
565929.0893725913
579846.7705089157
594008.9396807934
608415.209013035
623065.1462398868
637958.2854279794
653094.1212320427
668472.1156015905
684091.6988128659
699952.271994811
716053.2090418583
732393.8589315747
748973.5476438168
765791.5801515311
782847.2424009365
800139.8031203414
817668.5155165913
835432.619085568
853431.341584477
871663.9005857138
890129.5015881206
908827.3478460138
927756.6325316232
946916.5459833229
966306.2739083768
985925.0010264113
1.0057719091333473e6
1.0258461804376825e6
1.046146999249547e6
1.0666735499158364e6
1.0874250227207881e6
1.1084006078149409e6
1.1295995020675594e6
1.1510209075126108e6
1.172664031135146e6
1.1945280874330844e6
1.2166122978512594e6
1.2389158915195728e6
1.2614381062751138e6
1.284178188372606e6
1.30713539323833e6
1.3303089870726191e6
1.3536982438862543e6
1.3773024506882299e6
1.4011209035604112e6
1.4251529089978808e6
1.4493977869957178e6
1.4738548680195953e6
1.4985234933487463e6
1.5234030160029787e6
1.5484928034240953e6
1.5737922311491943e6
1.599300692518977e6
1.6250175826813236e6
1.6509423190875426e6
1.677074331569159e6
1.703413057048027e6
1.7299579468088709e6
1.7567084650575032e6
1.7836640868977788e6
1.8108243119007184e6
1.8381886095592056e6
1.8657565222091598e6
1.8935275643697176e6
1.9215012770343663e6
1.949677203555957e6
1.978054907152983e6
2.0066339608453335e6
2.0354139450634005e6
2.0643944515060305e6
2.093575095373656e6
2.1229554897171287e6
2.15253526366454e6
2.182314057228273e6
2.2122915206196e6
2.242467312223647e6
2.272841104735081e6
2.3034125785721485e6
2.3341814258573675e6
2.3651473482257174e6
2.3963100551180798e6
2.427669267453805e6
2.4592247151912227e6
2.490976136638944e6
2.5229232810718883e6
2.5550659041582765e6
2.58740377114355e6
2.6199366578305885e6
2.652664344735411e6
2.6855866223608595e6
2.718703289898467e6
2.7520141530409567e6
2.7855190257655354e6
2.819217729178475e6
2.853110091933626e6
2.8871959496389553e6
2.9214751449599573e6
2.955947524499119e6
2.990612950902748e6
3.0254712828930872e6
3.0605223876295732e6
3.095766141637027e6
3.131202430860457e6
3.1668311299441946e6
3.202652134783231e6
3.2386653511810103e6
3.274870676259356e6
3.3112680239553945e6
3.347857302227907e6
3.3846384320471073e6
3.4216113456692756e6
3.458775953497079e6
3.496132196874281e6
3.5336800133291176e6
3.5714193440840663e6
3.609350134628374e6
3.6474723346873396e6
3.685785915915053e6
3.724290794592231e6
3.7629869608182725e6
3.801874373728473e6
3.8409530014818734e6
3.880222813421923e6
3.919683788770952e6
3.959335905233161e6
3.9991791399146323e6
4.0392134790283837e6
4.0794389095757795e6
4.119855420806225e6
4.160463005594825e6
4.201261658315612e6
4.242251376609901e6
4.283432160349155e6
4.324804011376992e6
4.366366918368127e6