151463.1328580474
151561.08558392062
151822.39101177905
152247.3158435288
152836.2834287817
153589.91632063003
154508.94243786277
155594.29810500823
156846.96416505871
158268.2574475753
159859.44189397545
161622.03431661744
163557.59030816492
165667.85137343538
167954.62265763115
170419.78956312043
173065.39179999594
175893.4716452081
178906.19828985163
182105.76471874936
185494.4002639409
189074.4181905934
192848.1234697602
196817.83917152983
200985.9606387736
205354.77212842138
209926.64977791367
214703.89381591356
219688.82091855988
224883.68601782413
230290.72821076188
235912.1257754827
241750.02834687193
247806.4935528691
254083.55836855617
260583.1663401545
267307.21346319024
274257.5040498052
281435.7796238996
288843.6887718027
296482.82000006165
304354.666525514
312460.64029162505
320802.0632129301
329380.1849670521
338196.1606210539
347251.0667862905
356545.88426857255
366081.52049412637
375858.7924350891
385878.4404378029
396141.1190836594
406647.40799340245
417397.80602284207
428392.73716303287
439632.551668289
451117.528383489
462847.8762774224
474823.7367797287
487045.1868830157
499512.241385486
512224.85456566757
525182.9230734846
538386.288617358
551834.7409438964
565528.0184891848
579465.8133091554
593647.7712726154
608073.4973941301
622742.5530552273
637654.4664533623
652808.7270503077
668204.7922500763
683842.0882870653
699720.0128664013
715837.9369856638
732195.207256718
748791.1477955858
765625.0619221176
782696.2355393461
800003.9360671549
817547.4169574284
835325.9181659329
853338.6681678115
871584.8848204451
890063.778667701
908774.5496385433
927716.396469495
946888.5111209217
966290.0820609488
985920.2970566839
1.0057783411632958e6
1.025863399886542e6
1.0461746619215249e6
1.0667113153308702e6
1.0874725533894547e6
1.1084575718909362e6
1.1296655716972665e6
1.151095759431308e6
1.1727473468084936e6
1.19461955317456e6
1.2167116049212678e6
1.2390227362569713e6
1.2615521901022012e6
1.284299217898109e6
1.307263080473232e6
1.3304430492006792e6
1.3538384035294773e6
1.3774484358622557e6
1.4012724476241595e6
1.4253097511114844e6
1.44955967110833e6
1.4740215440848973e6
1.4986947166381334e6
1.5235785480485524e6
1.5486724085845484e6
1.573975681882231e6
1.599487765680906e6
1.6252080605863784e6
1.6511359893653176e6
1.6772709870150636e6
1.703612495736178e6
1.7301599720025286e6
1.7569128851121443e6
1.7838707152661728e6
1.8110329568452775e6
1.8383991148369529e6
1.8659687059655949e6
1.893741259688228e6
1.9217163217333197e6
1.9498934402141573e6
1.9782721828871437e6
2.0068521272893948e6
2.0356328584064762e6
2.0646139723318438e6
2.0937950884745345e6
2.123175824820783e6
2.152755812679597e6
2.182534698097521e6
2.2125121346157193e6
2.242687784585135e6
2.273061359648189e6
2.3036324386148388e6
2.334400822736184e6
2.365366182010349e6
2.396528229450441e6
2.4278866894401694e6
2.4594412953605168e6
2.4911917887586374e6
2.5231379220002834e6
2.5552794607409807e6
2.5876161533130743e6
2.6201477985418625e6
2.652874173041449e6
2.6857950702330996e6
2.718910292173961e6
2.752219646931464e6
2.7857229518708247e6
2.819420029952096e6
2.853310712579013e6
2.8873948377843783e6
2.9216722506430717e6
2.956142801240406e6
2.9908063509026677e6
3.02566276402596e6
3.060711908814448e6
3.0959536638098774e6
3.131387916942432e6
3.1670145447671684e6
3.202833445758716e6
3.2388445259081014e6
3.2750476855879207e6
3.311442839993291e6
3.348029898770443e6
3.384808784509404e6
3.42177942173864e6
3.4589417405824377e6
3.4962956844684742e6
3.533841173737541e6
3.571578160114041e6
3.609506590450368e6
3.6476264156998065e6
3.6859375966045973e6
3.72444007480274e6
3.763133841924215e6
3.802018833881361e6
3.8410950319291246e6
3.880362406717068e6
3.9198209381221165e6
3.9594706050362266e6
3.9993113853694056e6
4.0393432664233944e6
4.079566235980639e6
4.119980284167385e6
4.160585404656623e6
4.201381592614571e6
4.242368846161285e6
4.283547166991996e6
4.324916556107545e6
4.366477020017846e6