203652.0008298437
203732.51021648565
203947.3258315054
204296.8068893851
204781.4362854741
205402.02038841817
206159.49958474282
207054.91485529765
208089.9704981725
209265.79064226412
210584.24609478912
212047.2150661421
213656.7091254032
215414.91615612392
217324.18881455134
219386.9566881113
221605.80773698376
223983.4321230398
226522.66668059607
229226.1968363229
232097.1498749607
235138.46364928532
238353.20044597058
241744.45500928047
245315.37169721932
249068.98917494435
253008.57125638757
257137.22028705006
261458.0735058335
265974.2190271702
270688.7621029144
275604.7442329544
280725.11761734216
286052.8591254281
291590.8340244776
297341.8585274228
303308.68088865787
309493.93370865734
315900.22171078034
322530.03077658336
329385.760332661
336469.7276907493
343784.14654845657
351331.11717261944
359112.65774038015
367130.6916973761
375387.04188262706
383883.4135690762
392621.41344950505
401602.54549425957
410828.2158271927
420299.7301503192
430018.28801201045
439984.9911557216
450200.8494117923
460666.76575380506
471383.5677211685
482351.96868644794
493572.5977947231
505046.00658944994
516772.65361556713
528752.9136580891
540987.0841452564
553475.3812510853
566217.9489330951
579214.8574728647
592466.1072912386
605971.6319088077
619731.3016419858
633744.9223813935
648012.2475327811
662532.9697620547
677306.7307107786
692333.1210730558
707611.6852642955
723141.9203572274
738923.2846207808
754955.1942610701
771237.0291508186
787768.134439681
804547.8230207968
821575.3779451983
838850.0545683859
856371.0830222201
874137.6701478341
892149.0009424092
910404.2421474566
928902.5443072013
947643.0400092158
966624.8496988096
985847.0832682179
1.0053088391602609e6
1.0250092057203746e6
1.0449472681325874e6
1.065122102992495e6
1.0855327855029057e6
1.106178384833529e6
1.1270579709420053e6
1.1481706129758721e6
1.169515380491661e6
1.1910913477849439e6
1.2128975829156684e6
1.2349331716214628e6
1.2571971949052373e6
1.2796887420839532e6
1.3024069085641126e6
1.32535079889098e6
1.3485195210291485e6
1.3719121969331473e6
1.3955279549270812e6
1.4193659312563613e6
1.4434252771273972e6
1.4677051517266002e6
1.4922047246837318e6
1.5169231782138532e6
1.541859707592111e6
1.567013523607709e6
1.5923838333690735e6
1.6179698754283935e6
1.6437708911729073e6
1.669786146176347e6
1.6960149071874877e6
1.7224564597717577e6
1.7491101024428355e6
1.7759751471808096e6
1.803050921435042e6
1.8303367646174908e6
1.857832030870592e6
1.8855360887342216e6
1.9134483200996239e6
1.9415681205756478e6
1.9698949012197535e6
1.9984280823310209e6
2.027167111705406e6
2.0561114258613987e6
2.0852604959436404e6
2.114613799939869e6
2.1441708315055445e6
2.1739310995521434e6
2.2038941084005013e6
2.2340593969627293e6
2.2644265093806107e6
2.2949950004696324e6
2.3257644407583666e6
2.3567344103821376e6
2.3879045029522832e6
2.4192743152331105e6
2.4508434863375807e6
2.4826116219508746e6
2.5145783786109686e6
2.546743399695659e6
2.579106343901115e6
2.611666898155656e6
2.644424739152416e6
2.6773795619618353e6
2.710531070975313e6
2.7438789814482057e6
2.7774230187098486e6
2.81116291658477e6
2.8450984196730102e6
2.8792292814464425e6
2.9135552622798034e6
2.9480761390706673e6
2.9827916854447876e6
3.017701692988e6
3.0528059593473407e6
3.08810429676705e6
3.1235964898074633e6
3.159282390009986e6
3.195161814395207e6
3.2312345989964404e6
3.26750058661901e6
3.303959626832793e6
3.340611576328688e6
3.3774562990069557e6
3.4144936636021994e6
3.4517235469628535e6
3.489145829880316e6
3.5267604048806685e6
3.564567161365829e6
3.6025660011417707e6
3.6407568295727745e6
3.6791395559063824e6
3.7177140977418283e6
3.756480375402524e6
3.7954383145559654e6
3.834587844360036e6
3.873928905148674e6
3.913461431444754e6
3.9531853690567054e6
3.9931006664040815e6
4.0332072764856545e6
4.0735051538675856e6
4.113994261472554e6
4.1546745615539746e6
4.195546022022967e6
4.236608614649914e6
4.277862312973505e6
4.319307095580148e6
4.360942943160391e6