1.3343154741259353
1.3343407792671989
1.3343829660022852
1.334442051550709
1.3345180599708044
1.334611022058052
1.3347209752596405
1.3348479635971398
1.334992037466331
1.3351532534679404
1.3353316742277206
1.3355273680705408
1.335740408762695
1.3359708751004014
1.3362188504639494
1.3364844223204004
1.3367676815516478
1.337068721764313
1.3373876383927001
1.3377245276987506
1.3380794855505478
1.3384526060337307
1.3388439798039506
1.3392536921182456
1.339681820568725
1.340128432422586
1.3405935814414573
1.3410773041961694
1.3415796157412525
1.3421005044035121
1.3426399257850856
1.3431977955502505
1.3437739808636469
1.3443682902980953
1.344980461605347
1.3456101472047122
1.3462568965240413
1.3469201346517254
1.3475991361352067
1.3482929927796263
1.3490005735606283
1.3497204738581265
1.350450951674832
1.3511898444834394
1.3519344606426262
1.3526814346205878
1.3534265298177548
1.3541643642304324
1.3548880179496097
1.355588455410886
1.356253640673932
1.3568671269438752
1.35740568174716
1.3578350151530754
1.3581013988452333
1.35811315272268
1.3576919393959754
1.356401035936058
1.3523469257727412
1.3142796985416927
1.3001716085875636
1.2896214019164087
1.280577051845576
1.2724607499823932
1.265013869516933
1.2580924866076348
1.2516050358854487
1.2454877774865705
1.2396934224036469
1.2341852285278323
1.228933855052493
1.2239143305262248
1.2191067427066689
1.2144933564684495
1.2100589918313196
1.2057903747971275
1.2016757951111887
1.1977048493531155
1.1938682376559724
1.1901576024462908