551836.4888429572
551850.5900244749
551888.3472134194
551950.2474342803
552037.0834563391
552149.8982142264
552289.7682960187
552459.1119110119
552659.1115883823
552892.1396779572
553160.6807453637
553467.4471793951
553815.3518702743
554207.5398102776
554647.4529820397
555138.6641293173
555684.9557331023
556290.3368850442
556958.8110044375
557694.8651599444
558503.0016747522
559387.5711185341
560353.3771674478
561405.204306768
562547.8835671981
563786.5149234554
565125.7544221976
566571.443568913
568127.959579423
569800.7256851651
571594.8711270859
573515.5706434521
575567.9787141571
577757.2489970912
580088.4183890391
582566.7912083371
585197.2106833432
587984.7339174977
590934.3490237312
594050.7828888386
597338.9897429282
600803.655337265
604449.4143081752
608280.837315985
612302.3786778001
616518.3936793902
620933.2021633891
625550.932052248
630375.6989834787
635411.4164251674
640661.9425992151
646131.0206093366
651822.2710187815
657739.1910092903
663885.1844862055
670263.5217896281
676877.3683376665
683729.7687336742
690823.6282530483
698161.7783316721
705746.9015809294
713581.5755641739
721668.2617607409
730009.3149111852
738606.9717901953
747463.3451094469
756580.4556810699
765960.2089059418
775604.4032218193
785514.7214928636
795692.759397448
806140.0032495086
816857.8363584679
827847.5520331725
839110.3346594591
850647.2841411469
862459.4048620688
874547.6117664843
886912.7329676311
899555.5055235067
912476.5922057598
925676.569028802
939155.9279819127
952915.1003366807
966954.4181245673
981274.1740020443
995874.5478889463
1.0107556962505572e6
1.0259176817329407e6
1.0413605145689927e6
1.0570841418084237e6
1.0730884475490428e6
1.0893732650098996e6
1.105938369463697e6
1.1227834858206566e6
1.1399082875962828e6
1.1573124006437208e6
1.1749954041311806e6
1.1929568335239002e6
1.2111961823931737e6
1.2297129029829581e6
1.248506411060456e6
1.2675760850529145e6
1.2869212700667004e6
1.3065412742876022e6
1.3264353822401508e6
1.3466028430178766e6
1.3670428813177824e6
1.3877546972366227e6
1.4087374626963448e6
1.4299903307987582e6
1.4515124327279115e6
1.4733028782327655e6
1.4953607626109081e6
1.5176851611936195e6
1.5402751363716768e6
1.5631297361000818e6
1.5862479953693817e6
1.6096289369254622e6
1.6332715770051554e6
1.6571749194452877e6
1.681337966619426e6
1.7057596929514187e6
1.7304391017391342e6
1.7553751661446681e6
1.780566861949331e6
1.8060131701792516e6
1.831713056319027e6
1.8576654972879097e6
1.8838694594523755e6
1.910323922252569e6
1.9370278604939126e6
1.9639802366278477e6
1.9911800494801705e6
2.0186262732170324e6
2.0463179152624982e6
2.0742539164830344e6
2.1024333268260304e6
2.1308551334929904e6
2.159518348594793e6
2.1884219889881792e6
2.2175650803231397e6
2.2469466603084905e6
2.2765657669489635e6
2.306421451832165e6
2.336512781048412e6
2.366838815802085e6
2.397398639586202e6
2.4281913446433656e6
2.4592160276693674e6
2.4904718235755963e6
2.5219578065224085e6
2.55367313386253e6
2.585616950982904e6
2.6177884062734446e6
2.6501866757024364e6
2.6828109384859856e6
2.715660362301891e6
2.748734178039725e6
2.7820315875607627e6
2.815551842536841e6
2.849294132525237e6
2.883257735253598e6
2.917441912047988e6
2.9518459388245656e6
2.986469101870181e6
3.021310701751623e6
3.056370052284084e6
3.0916464744884875e6
3.1271393084539864e6
3.162847902327002e6
3.198771615298736e6
3.2349098218479576e6
3.2712619089845195e6
3.307827268524112e6
3.344605320191116e6
3.3815954730162458e6
3.418797167908628e6
3.4562098491005087e6
3.493832959481264e6
3.531665989121379e6
3.569708405843138e6
3.607959678983091e6
3.646419343224522e6
3.6850868932426902e6
3.7239618585841437e6
3.7630437675675103e6
3.80233216729264e6
3.841826613560883e6
3.881526666999332e6
3.9214319105140404e6
3.961541923452159e6
4.001856306560963e6
4.042374659941687e6
4.0830966029123464e6
4.1240217596353167e6
4.1651497628717846e6
4.206480255307507e6
4.2480128944282755e6
4.289746847649865e6