697513.4281866819
697501.733521631
697470.6051889098
697420.6227232668
697352.7126787473
697267.8527101852
697167.2055884529
697053.9756156808
696928.7937137294
696794.473570261
696653.785230296
696509.6728940762
696365.3333535861
696224.2395888551
696090.2011742011
695967.1226701769
695859.1908645127
695770.8719781482
695706.4828411364
695671.1126863994
695669.7781603276
695707.2476236465
695788.699839903
695920.0805842676
696106.2408356658
696353.0055213771
696665.7826000967
697050.8585306659
697513.559671498
698059.654868402
698695.2547136793
699426.1678010349
700258.2744224797
701197.4995451209
702249.397892682
703420.5125197655
704716.649623814
706143.3485495177
707705.8230998018
709410.3755868763
711262.7435753752
713268.3993301352
715433.1411245196
717761.5140678615
720259.7731120245
722932.8767549745
725786.0102917438
728824.3098174887
732052.6893697287
735476.0423168574
739099.1316608739
742926.6325734643
746963.0754126661
751212.879882911
755680.4283664027
760369.0365504901
765285.2668035141
770430.6313966905
775809.7333683871
781426.3546832054
787284.0623540228
793386.3406457478
799736.540908082
806337.8808655598
813193.4929036926
820307.370060115
827679.322731337
835315.1622352462
843216.4985862231
851385.8349730676
859825.5717794328
868537.9948443263
877525.2885553086
886789.4316014211
896332.4494430791
906156.1302432942
916262.2110506484
926652.3018798706
937327.9227584251
948290.4764815889
959541.277102427
971081.5339115256
982912.3498370289
995034.7408411534
1.0074496521611771e6
1.0201578888815573e6
1.0331601920375227e6
1.0464572405005323e6
1.0600495903838587e6
1.0739377318108436e6
1.0881220699470695e6
1.1026029337845573e6
1.117380574374475e6
1.1324551686293413e6
1.1478268227420072e6
1.1634955714047153e6
1.1794613821657938e6
1.1957241561638168e6
1.2122837382098238e6
1.2291398946761433e6
1.2462923483240479e6
1.263740760539364e6
1.2814847371060185e6
1.2995238319799714e6
1.3178575446696857e6
1.336485332129607e6
1.3554066001405646e6
1.37462071020405e6
1.3941269802765e6
1.4139246943081236e6
1.4340130915671554e6
1.454391373011216e6
1.475058707064271e6
1.4960142302681499e6
1.5172570454491337e6
1.538786225659181e6
1.5606008177605246e6
1.5826998428586945e6
1.6050822944315232e6
1.6277471462575644e6
1.6506933501323557e6
1.6739198443322284e6
1.6974255185462534e6
1.721209310167867e6
1.7452700611703144e6
1.7696066541917734e6
1.7942179453442798e6
1.8191027769248246e6
1.8442599988637292e6
1.8696884034792562e6
1.8953868316597396e6
1.9213540918869332e6
1.9475889773165027e6
1.974090309374825e6
2.0008568784111352e6
2.0278873814123846e6
2.0551809265300077e6
2.0827359940925352e6
2.1105514894563924e6
2.1386262110378244e6
2.166958960011727e6
2.195548538203138e6
2.2243937650512503e6
2.2534934446095633e6
2.2828464019422987e6
2.312451458972632e6
2.342307461028048e6
2.372413217108745e6
2.402767608093735e6
2.43336947900939e6
2.4642176958082896e6
2.495311134490043e6
2.5266486800511703e6
2.5582292313588616e6
2.5900516846520263e6
2.622114980589482e6
2.654418036961334e6
2.6869597716365433e6
2.7197391771393563e6
2.7527551903192415e6
2.7860068102443246e6
2.819493013082834e6
2.853212821706278e6
2.8871652392080813e6
2.9213493043322163e6
2.9557640591175486e6
2.9904085648784246e6
3.0252818978271396e6
3.060383138457069e6
3.095711394607091e6
3.1312657814888167e6
3.1670454401366324e6
3.2030494712755373e6
3.2392770834876886e6
3.2757274290670385e6
3.3123996971462504e6
3.349293096893092e6
3.386406820290807e6
3.4237401267126836e6
3.461292237467264e6
3.4990624304968184e6
3.5370499728571437e6
3.575254122992877e6
3.613674223378144e6
3.65230956674454e6
3.691159489998875e6
3.7302233197322376e6
3.7695004363219077e6
3.808990191983141e6
3.848691968563782e6
3.8886051634863717e6
3.9287291859198846e6
3.969063459151116e6
4.0096074161955966e6
4.050360504393477e6
4.0913221879252857e6
4.1324919256264186e6
4.173869209541617e6
4.215453542613641e6
4.257244422977453e6