340040.7197063583
340099.82930394413
340257.51061748015
340514.17980982864
340870.4123364865
341327.0428332342
341885.1088633146
342545.8944228727
343310.844352909
344181.6716266321
345159.5131624169
346248.53670636425
347448.95526958234
348763.8138371224
350195.73774151364
351747.4110322074
353421.7475014579
355221.7029209315
357150.3761459732
359211.01332737633
361406.9038683543
363741.48685634625
366218.154045822
368840.4355473281
371611.89683720283
374536.1384469778
377616.7500235854
380857.45489626273
384261.81638429035
387833.4605643627
391576.04183664673
395493.17039624706
399588.3538537512
403865.1690542869
408327.06432181876
412977.48350350885
417819.78511641966
422857.27945892664
428093.1888859265
433530.6707559149
439172.8060324964
445022.5980924922
451082.9431337238
457356.6786696337
463846.50967505435
470555.0733431091
477484.93251003814
484638.50083888415
492018.1813696879
499626.17082362797
507464.6335569321
515535.62824591366
523841.10740969575
532382.9215344671
541162.8422346242
550182.5249826182
559443.5505551249
568947.3767427559
578695.3996041218
588688.9090119042
598929.1037380339
609417.1026175257
620153.9353032751
631140.5481061813
642377.8075541451
653866.4958715556
665607.3208107542
677600.9150670074
689847.8393700563
702348.5790961611
715103.555594625
728113.1250954795
741377.5747148993
754897.1359640202
768671.9743303952
782702.2029745762
796987.8771733956
811529.0015591027
826325.5292985749
841377.3644788584
856684.3664030757
872246.3499710176
888063.0845988875
904134.3072947913
920459.703416663
937038.94146961
953871.639044926
970957.3861369444
988295.7457311342
1.0058862484551002e6
1.0237283985633906e6
1.0418216747210693e6
1.0601655318943025e6
1.0787594025617125e6
1.0976026984059524e6
1.1166948117428557e6
1.136035117047722e6
1.1556229720322024e6
1.175457719534723e6
1.195538688136626e6
1.2158651939036036e6
1.236436541227072e6
1.2572520245240198e6
1.2783109287953738e6
1.2996125298108752e6
1.3211560980725242e6
1.3429408957215429e6
1.364966183790669e6
1.3872312131159157e6
1.4097352321222476e6
1.4324774965364533e6
1.4554572456298603e6
1.4786737233293368e6
1.5021261737935091e6
1.5258138921501534e6
1.5497359884955892e6
1.5738918257494327e6
1.598280631204669e6
1.6229016471488515e6
1.647754129682968e6
1.672837337599229e6
1.6981505319978246e6
1.7236929804225229e6
1.7494639524047582e6
1.7754627299448987e6
1.8016885934366365e6
1.8281408327974149e6
1.8548187430153475e6
1.8817216268814653e6
1.908848793566434e6
1.9361995598791582e6
1.963773251462144e6
1.9915691923252288e6
2.0195867362749276e6
2.0478252077114165e6
2.0762840010242562e6
2.1049624321585e6
2.133859903696562e6
2.162975795438105e6
2.1923094907225203e6
2.2218603945297445e6
2.2516279075364294e6
2.2816114516566847e6
2.3118104505686024e6
2.34222433456653e6
2.372852566998018e6
2.4036945803450155e6
2.434749838741473e6
2.4660178303011814e6
2.497498019570308e6
2.5291899026530692e6
2.5610929778555855e6
2.593206754214703e6
2.6255307501083934e6
2.6580644896506043e6
2.6908075108809955e6
2.7237593564323643e6
2.756919585304349e6
2.7902877542014318e6
2.823863429427467e6
2.8576462127368604e6
2.891635674425878e6
2.9258314103738945e6
2.9602330351054994e6
2.9948401607935936e6
3.0296524272513376e6
3.0646694146637693e6
3.099890813667066e6
3.1353162530371184e6
3.1709453906470817e6
3.2067778924611714e6
3.242813424618652e6
3.279051668043868e6
3.315492310515319e6
3.3521350447372915e6
3.3889795749446587e6
3.4260256062709624e6
3.4632728586819833e6
3.500721054991581e6
3.53836992295172e6
3.576219202773419e6
3.6142686340756156e6
3.6525179767213846e6
3.690966979735557e6
3.729615409966602e6
3.768463037357318e6
3.807509642008189e6
3.846754994653673e6
3.886198896676136e6
3.925841138778805e6
3.9656815210882574e6
4.005719849225412e6
4.0459559361293847e6
4.086389600084724e6
4.1270206583210854e6
4.167848949938746e6
4.208874299368732e6
4.250096546882254e6
4.291515536921933e6
4.33313111858122e6