676002.1354619148
675994.0303110087
675972.5080813426
675938.0820035972
675891.7025901438
675834.3550675283
675764.2880783156
675693.3117831715
675613.4050136469
675530.2534188107
675446.577044429
675365.289116886
675289.5739432226
675222.825827905
675169.2211959029
675131.4456249275
675114.8144821823
675123.3451187876
675161.3084876698
675233.7217680912
675345.5382268117
675501.4723275758
675706.6365458593
675966.8909167128
676287.0258329348
676672.7769359043
677129.4996282305
677663.3635867154
678279.5239449502
678983.977006326
679782.4218160231
680680.6830516767
681684.5461004039
682799.8386875868
684032.0191211924
685387.5364848208
686872.0451738758
688491.0189500293
690249.5799912808
692153.9091155233
694209.6119068386
696422.0573035479
698796.6252231505
701338.6623202867
704053.3894958582
706945.4734072601
710021.4231855602
713284.7664105415
716740.8427706591
720394.3847228382
724250.0435200548
728312.369148693
732585.7629491922
737074.5111599506
741782.8858420078
746714.7931315247
751874.4860603239
757265.5234819171
762891.7037652843
768756.6304865463
774863.7592403574
781216.4501793119
787817.9205167221
794671.2956790789
801779.5511826214
809146.5241820484
816772.0339512841
824661.6421554198
832816.8836695878
841240.1426352761
849933.7024520761
858899.7360663915
868140.3010506991
877657.2799283371
887452.5846673495
897527.8935162832
907884.8350579641
918524.9193621904
929449.5571582557
940660.0521756399
952157.6209782064
963943.3204542026
976018.3293064407
988383.4086231808
1.0010394476608264e6
1.0139871967416076e6
1.0272272941266637e6
1.0407603403244978e6
1.0545868127461378e6
1.0687071259177795e6
1.0831216104092598e6
1.0978305240445323e6
1.112834050358914e6
1.1281322994826809e6
1.1437253151262947e6
1.1596130716223586e6
1.1757954766059208e6
1.1922723835691842e6
1.2090435736718692e6
1.226108775300614e6
1.2434676595906098e6
1.2611198443476344e6
1.27906489405375e6
1.2973023231421295e6
1.315831598003012e6
1.3346521394728704e6
1.3537633232179102e6
1.3731644831753646e6
1.3928549151140759e6
1.4128338721619206e6
1.4331005766727717e6
1.4536542112536775e6
1.4744939289862453e6
1.4956188522241558e6
1.517028071758338e6
1.5387206541790804e6
1.560695637435228e6
1.5829520378361754e6
1.6054888467425178e6
1.6283050375635517e6
1.6513995618898722e6
1.6747713633733862e6
1.6984193367477218e6
1.7223424105793259e6
1.7465394642213087e6
1.7710093774031538e6
1.7957510323552918e6
1.8207632555871832e6
1.846044914610156e6
1.8715948434144668e6
1.8974118875786243e6
1.9234948474338383e6
1.9498426343138919e6
1.9764539803198886e6
2.003327740256899e6
2.030462634793252e6
2.0578578019817362e6
2.0855117357233039e6
2.1134233808678538e6
2.1415915604361705e6
2.1700151024066033e6
2.1986928421153035e6
2.2276236227958193e6
2.2568062864805097e6
2.2862396864450136e6
2.315922677406149e6
2.3458541271285024e6
2.37603290975368e6
2.4064579080673316e6
2.437128030458942e6
2.4680421220127167e6
2.499199149002736e6
2.530598013028853e6
2.5622376508181817e6
2.5941169931769604e6
2.626235004262472e6
2.6585906558145527e6
2.6911828957002913e6
2.7240107468697918e6
2.7570731968442216e6
2.790369266023355e6
2.8238979780109543e6
2.8576583865884147e6
2.8916495257310662e6
2.925870474245729e6
2.9603203111423855e6
2.9949981326425355e6
3.029903050743303e6
3.0650341812944347e6
3.1003906672772383e6
3.1359716586455014e6
3.171776331162157e6
3.2078038207148355e6
3.244053369599296e6
3.280524162994629e6
3.3172154246416423e6
3.3541263965477766e6
3.3912563037574715e6
3.4286044378571073e6
3.466170053167862e6
3.5039524583589267e6
3.541950952504658e6
3.58016482589747e6
3.61859345017982e6
3.657236149184688e6
3.6960922897488754e6
3.735161235287711e6
3.7744423725952534e6
3.8139351053828606e6
3.853638838137865e6
3.893552988637683e6
3.9336770017617196e6
3.974010326611423e6
4.0145524167174036e6
4.0553027513708835e6
4.0962608198506627e6
4.137426100908092e6
4.17879812071989e6
4.22037639833793e6
4.262160458867172e6