496221.1188931643
496246.09919911704
496312.8360499162
496421.7943285238
496573.7464017875
496769.6664907007
497010.8575050179
497298.874411889
497635.53409418475
498018.8942124711
498463.34711553995
498959.41176127817
499513.9060613427
500129.78330453625
500810.33874044905
501558.9403014323
502379.18862907076
503274.87889142905
504249.8194947856
505308.23782767367
506454.40954183845
507692.4106371157
509026.80409420154
510462.1021237549
512002.85000853566
513653.8346376411
515419.4922002142
517305.18766309635
519315.1291568646
521454.3354904257
523727.64092234184
526139.8491608535
528695.7779303775
531400.2124089387
534257.9014225062
537273.5708418097
540451.8950328664
543797.4835191403
547314.9134509801
551008.2684009734
554883.0516766334
558942.5407711338
563191.3317025997
567633.5901883427
572273.3680668477
577114.6176358116
582161.2638091514
587416.9988701539
592885.5656516923
598570.4616411674
604475.142109258
610602.9451788142
616957.0918652867
623818.130757475
630356.7222493315
637408.0886394035
644697.5553380474
652227.7782741424
660001.279484987
668020.510784997
676287.7818305894
684805.3007889338
693575.169495005
702599.3737192815
711879.8019823844
721418.2200773084
731216.3060154885
741275.6331368978
751597.6713440364
762183.7845309264
773035.2514009734
784153.2581334332
795538.8884873791
807193.1424229387
819116.9231697452
831311.0573213967
843776.2823275502
856513.2552497302
869522.5541558268
882804.6779918321
896360.0541654713
910189.0351436302
924291.8993537559
938668.869484903
953320.081502513
968245.6367485604
983445.5368761467
998919.7647804654
1.0146682212214627e6
1.0306907593186726e6
1.0469871795593798e6
1.0635572311432727e6
1.080400615923163e6
1.0975169885897045e6
1.1149059603617361e6
1.1325670999060147e6
1.1504999357676608e6
1.1687039582030606e6
1.1871786209176057e6
1.205923343782905e6
1.224937512417178e6
1.244220483261379e6
1.2637716527623178e6
1.2835901109013178e6
1.3036753381280822e6
1.32402651635598e6
1.344642871168641e6
1.3655236078152163e6
1.3866679166308695e6
1.4080749527858736e6
1.4297438804994696e6
1.4516738295790888e6
1.4738639221354946e6
1.4963132697481872e6
1.5190209665922597e6
1.5419861027674999e6
1.5652077490748195e6
1.588684991795225e6
1.6124168771263107e6
1.6364024727666737e6
1.6606408266553872e6
1.6851309875922021e6
1.7098720028173819e6
1.7348629161871714e6
1.7601027677671919e6
1.7855906020423123e6
1.8113254603369955e6
1.837306386283148e6
1.863532427531627e6
1.8900026268838323e6
1.9167160407525734e6
1.9436717247710153e6
1.970868725935079e6
1.9983061256215773e6
2.0259829802246892e6
2.0538983919303736e6
2.082051391241224e6
2.1104411138012153e6
2.1390666411008853e6
2.167927077833476e6
2.1970215352795515e6
2.226349126740737e6
2.2559090062973592e6
2.2857002860906413e6
2.315722129482881e6
2.34597368533669e6
2.376454128516339e6
2.4071626294572987e6
2.438098383314233e6
2.469260584002781e6
2.5006484402859495e6
2.5322611734383274e6
2.564098018513432e6
2.596158205185122e6
2.6284409943049485e6
2.6609456518699736e6
2.6936714571055174e6
2.726617675573609e6
2.7597836295056716e6
2.793168619303898e6
2.826771969977593e6
2.8605929989841226e6
2.8946310672590835e6
2.928885524522166e6
2.963355737953554e6
2.9980411133190235e6
3.0329409736911664e6
3.0680547821167405e6
3.1033819162531514e6
3.1389218128806343e6
3.1746739064979204e6
3.210637642306872e6
3.24681247772536e6
3.2831978830831065e6
3.3197933346805735e6
3.356598324588481e6
3.393612352333987e6
3.4308349554202547e6
3.4682656057227496e6
3.5059038543238584e6
3.543749256387039e6
3.581801357851564e6
3.620059703657671e6
3.6585238974956563e6
3.6971935056089796e6
3.7360681262894208e6
3.7751473546604794e6
3.8144308065070063e6
3.8539181018333025e6
3.893608871949464e6
3.9335027527223667e6
3.9735993940482223e6
4.013898454284585e6
4.0543995949295918e6
4.0951024936172822e6
4.1360068321124306e6
4.1771122997899232e6
4.218418596855671e6
4.259925429922894e6
4.301632513140191e6