413818.49493582884
413860.685418944
413973.5056368464
414157.34706308227
414412.8858453039
414740.97196581203
415140.12956177397
415619.89710359706
416173.75040753966
416806.39026617224
417519.8029474019
418316.41710677114
419198.7642617237
420169.5176234972
421231.6417922486
422388.1924226836
423642.4398750118
424997.7870151079
426457.69332581013
428025.9386998494
429706.33852268057
431502.5973341352
433418.7754421638
435458.90561577526
437626.32456015446
439927.4523960849
442364.23210359714
444941.62986519793
447663.8736109799
450535.2208071047
453559.9055017971
456742.16028615367
460086.1916609508
463596.1622234117
467276.21423445095
471130.2427067136
475162.8479343223
479377.4364712526
483778.10428309115
488368.6666117222
493152.84148433607
498134.46771153156
503316.9482420209
508703.8520825512
514298.5567201802
520104.3622097913
526124.5082684348
532362.0417419206
538820.0433499916
545501.3549514209
552408.7629791241
559544.9700822076
566912.5531556046
574513.9751393679
582351.6103668516
590427.7113163132
598744.4348121912
607303.8237048483
616107.8250044256
625158.2770356078
634456.9268478401
644005.3947607779
653805.2354387664
663857.891483742
674164.7090934336
684726.9357489205
695545.73715941
706622.184809753
717957.2672705399
729551.8813502674
741406.8377209291
753522.8731107651
765900.6492238997
778540.7474468208
791443.6659807216
804609.8421337984
818039.6370047187
831733.3486716873
845691.207843545
859913.3807632539
874399.9767925625
889151.041449742
904166.5771042005
919446.5165851384
934990.7418418941
950799.1042731109
966871.3770606364
983207.316284835
999806.6231157529
1.0166689564047043e6
1.0337939369084463e6
1.0511811483621162e6
1.0688301388747077e6
1.0867404228511043e6
1.104911482919876e6
1.123342771679294e6
1.1420337133588628e6
1.1609837054917337e6
1.1801921207958276e6
1.1996583086177567e6
1.2193815952840813e6
1.2393612887118864e6
1.2595967454688181e6
1.2800870303677192e6
1.3008316021376583e6
1.3218296335704601e6
1.3430803499648806e6
1.364582965776392e6
1.3863366876015617e6
1.4083406950697016e6
1.4305941860500365e6
1.4530963343969514e6
1.4758463014028799e6
1.4988432603910472e6
1.522086366497543e6
1.545574777924507e6
1.5693076407066076e6
1.5932841110854433e6
1.617503334113988e6
1.6419644625022877e6
1.666666640678213e6
1.6916090204901113e6
1.7167907504935744e6
1.742210986160052e6
1.7678688818677883e6
1.7937635974253584e6
1.8198942966105908e6
1.8462601463899924e6
1.872860320053465e6
1.899693992547519e6
1.9267603516380573e6
1.954058587421708e6
1.9815878869757822e6
2.0093474661633186e6
2.0373365289859495e6
2.0655543091885687e6
2.0939999956973197e6
2.1226728528120955e6
2.151572119172954e6
2.1806970389914596e6
2.2100468874720954e6
2.23962091708756e6
2.269418414571587e6
2.2994386646025795e6
2.3296809693275187e6
2.3601446311724475e6
2.3908289740545508e6
2.4217333096574247e6
2.4528569906839374e6
2.484199358171168e6
2.5157597692788066e6
2.5475375907720504e6
2.5795322013869677e6
2.6117429890406104e6
2.64416934829147e6
2.6768106907974314e6
2.7096664389332137e6
2.7427360067343432e6
2.776018848325951e6
2.809514408134581e6
2.8432221445302437e6
2.877141532714655e6
2.9112720366792036e6
2.9456131708676433e6
2.9801643986598076e6
3.014925273429866e6
3.0498952860848447e6
3.085073974438584e6
3.120460874977078e6
3.1560555410894295e6
3.1918575268972483e6
3.227866399782502e6
3.264081740987369e6
3.3005031491474127e6
3.337130174327746e6
3.3739624671679465e6
3.4109996256335587e6
3.448241273903173e6
3.485687043964086e6
3.523336568556879e6
3.5611895058650137e6
3.599245506318024e6
3.6375042371346145e6
3.675965372227158e6
3.7146285917216972e6
3.753493611925456e6
3.792560059241869e6
3.831827693379386e6
3.871296224863145e6
3.91096536527794e6
3.950834841972903e6
3.9909043888580245e6
4.0311737417137693e6
4.0716427082301346e6
4.112310950946744e6
4.1531782701482293e6
4.19424443758308e6
4.235509228891313e6
4.27697242693126e6
4.318633818771798e6