330422.77426926675
330484.15148095146
330647.952060723
330914.55585236684
331284.52909772086
331758.6943310293
332338.06212578237
333023.9099055348
333817.6187369026
334720.8990264487
335735.5689959561
336863.6655893952
338107.4710291197
339469.0994747011
340951.3491309945
342556.7904832406
344288.29010948504
346148.6444059954
348141.0204148602
350268.5465227113
352534.4278053178
354942.07483693433
357494.74899957166
360195.9499535115
363049.1453355497
366057.86034301156
369225.60421976936
372556.0084382505
376052.5502657844
379718.78923383856
383558.2683033254
387574.5118182695
391770.9382112982
396151.02958112105
400718.1525690425
405475.6497634025
410426.79021943547
415574.776360563
420922.7501031918
426473.77008504944
432230.4680414613
438196.8118942452
444374.7302595887
450766.7688324362
457376.09472190484
464205.0612806416
471256.298045087
478531.664540909
486033.93783188984
493765.07203867624
501727.1444889915
509922.1282704406
518351.8907766009
527018.2014311872
535922.7486551533
545067.1123045082
554452.7857986905
564081.1596666181
573953.5535467269
584071.183985602
594435.1792930618
605046.5899189594
615906.3787457539
627015.4274656225
638374.5405419528
649984.4381068397
661845.7705009929
673959.1158470161
686324.9781229033
698943.7903816154
711815.927770868
724941.694754354
738321.3340610497
751955.0333578964
765842.916692622
779985.0576602119
794381.4739564396
809032.1354710162
823936.9607827265
839095.8234016194
854508.5528958784
870174.9365504516
886094.7181931547
902267.6090562004
918693.2797587169
935371.3682595221
952301.4801057935
969483.1935203656
986916.0373327257
1.0045995475646486e6
1.0225332103022668e6
1.0407164939578373e6
1.0591488445492063e6
1.077829687158328e6
1.0967584275006237e6
1.115934453257746e6
1.1353571355500265e6
1.1550258301614e6
1.1749398789955173e6
1.195098611121254e6
1.2155013429231755e6
1.2361473848509584e6
1.2570360315832966e6
1.2781665737909118e6
1.2995382931441532e6
1.3211504663967732e6
1.3430023636295178e6
1.3650932538354103e6
1.387422396941387e6
1.4099890538864848e6
1.432792483228507e6
1.4558319430987732e6
1.4791066856225731e6
1.5026159719491843e6
1.5263591051876522e6
1.5503352113010047e6
1.574543667318277e6
1.5989837146836468e6
1.6236546111348118e6
1.648555627919726e6
1.6736860396234365e6
1.6990451243129596e6
1.7246321513440444e6
1.75044644994243e6
1.7764872748627781e6
1.8027539402659794e6
1.8292457527693964e6
1.8559620251458029e6
1.8829020755142954e6
1.9100652389103903e6
1.9374508413097735e6
1.9650582304915793e6
1.992886749380194e6
2.0209357686549553e6
2.0492046364417581e6
2.0776927527548997e6
2.1063994644073592e6
2.13532418846621e6
2.1644663225128856e6
2.193825269716678e6
2.223400452115249e6
2.25319128939426e6
2.283197221341639e6
2.3134176901732925e6
2.343852150309433e6
2.374500063697421e6
2.405360900368635e6
2.4364341360594374e6
2.467719274891947e6
2.4992158003050517e6
2.53092322531184e6
2.56284106541345e6
2.5949688470843816e6
2.627306103440333e6
2.6598523774536867e6
2.6926072249668594e6
2.725570198304406e6
2.7587408788517024e6
2.792118837512785e6
2.8257036630571396e6
2.85949495116823e6
2.893492308732849e6
2.927695340312531e6
2.9621036744822194e6
2.996716935830023e6
3.0315347853687736e6
3.066556811496671e6
3.101782719972582e6
3.1372121540664155e6
3.1728447848461894e6
3.208680291406152e6
3.244718353407233e6
3.2809586584928827e6
3.317400925215796e6
3.3540448405797086e6
3.390890126414525e6
3.427936501850346e6
3.4651836967529138e6
3.502631446056784e6
3.5402794889687854e6
3.5781275767717334e6
3.616175460380302e6
3.6544229096839745e6
3.6928696847610725e6
3.731515562751038e6
3.7703603234835025e6
3.809403756885319e6
3.848645644267628e6
3.888085795556126e6
3.9277240109911812e6
3.967560099970176e6
4.0075938770063454e6
4.0478251637159623e6
4.0882537870934317e6
4.1288795725290934e6
4.1697023670164663e6
4.21072200366168e6
4.251938330110254e6
4.293351198844689e6
4.3349604659616845e6