615322.3007738319
615324.7226043245
615331.2903886114
615342.5107447486
615359.2592118698
615382.5831012004
615413.5351426121
615454.9303612773
615507.7091966498
615574.4464745241
615657.7712896534
615760.5059574944
615885.7070844099
616036.6428960552
616216.9780228786
616430.4125570774
616680.9400295842
616972.7815635203
617310.1001487551
617697.6767362519
618140.2509570853
618642.3746453477
619209.1318313475
619845.5780870558
620556.8220034827
621348.2599490844
622224.7837758866
623192.8037226559
624256.5636715201
625422.1758854848
626694.9898893357
628080.5333623851
629584.296925527
631211.8163275479
632968.2472223667
634859.7384779813
636891.5112704751
639068.8086808698
641396.4760899082
643880.326611469
646525.5626476172
649337.2410309612
652320.3960931534
655480.0198206055
658820.9775562366
662348.042585719
666065.9542989546
669979.2756237504
674092.5215133057
678410.0433699097
682936.1314114893
687674.9378731388
692630.5250741091
697806.8088452492
703207.6119839041
708836.5098261273
714697.4523216645
720793.5271121401
727128.195563013
733704.6866130505
740526.158285993
747595.3956201425
754915.4577900821
762489.0342620849
770318.7514686722
778407.1038089758
786756.4991762879
795369.2092293409
804247.4058664097
813393.1399790751
822808.3546373765
832494.8893609009
842454.4834491799
852688.7077022137
863199.1451205395
873987.1786232896
885054.1296044048
896401.2161937873
908029.561082832
919940.188492522
932134.0388364417
944611.9588195735
957374.6990907416
970422.937553596
983757.2574690578
997378.1844190327
1.011286117584146e6
1.0254814333618033e6
1.0399643995886189e6
1.0547352250672071e6
1.0697940435267114e6
1.0851409196219721e6
1.1007758559652579e6
1.1166987895937907e6
1.1329095976556346e6
1.149408096986251e6
1.1661940478171268e6
1.1832671554217148e6
1.2006270722297106e6
1.21827340024172e6
1.236205692793913e6
1.2544234563897394e6
1.2729261535557397e6
1.2917132052103737e6
1.3107839863735805e6
1.3301378421977744e6
1.3497740744532396e6
1.3696919515283718e6
1.3898907117128382e6
1.410369556703602e6
1.43112766410658e6
1.4521641819256933e6
1.4734782254406558e6
1.4950688985374281e6
1.5169352710699663e6
1.5390764012314274e6
1.5614913159127377e6
1.5841790345425934e6
1.6071385514573078e6
1.6303688523635766e6
1.6538689058373552e6
1.677637673580159e6
1.7016740807067768e6
1.725977083530098e6
1.7505455993824827e6
1.7753785469431807e6
1.8004748391181089e6
1.8258333802932217e6
1.8514530752506494e6
1.8773328158943476e6
1.9034715064703755e6
1.9298680395714133e6
1.9565212953595817e6
1.9834301884928127e6
2.0105936034598702e6
2.0380104413358662e6
2.065679600157048e6
2.093600002083826e6
2.121770519088486e6
2.150190078014018e6
2.178857607513941e6
2.2077720189495306e6
2.2369322523588194e6
2.2663372409682022e6
2.2959859496587655e6
2.325877296386175e6
2.356010261623864e6
2.3863838164956393e6
2.4169969449647805e6
2.447848636944534e6
2.4789378928294773e6
2.5102637227146737e6
2.5418251518900106e6
2.573621216379738e6
2.6056509542131354e6
2.6379134203540534e6
2.6704077125638193e6
2.7031328634135867e6
2.7360880036726585e6
2.769272224399134e6
2.8026846485770945e6
2.836324403251124e6
2.870190633419645e6
2.904282495840807e6
2.938599156230307e6
2.9731398087785724e6
3.007903636752179e6
3.0428898556961147e6
3.0780976819526847e6
3.113526356053731e6
3.14917512546802e6
3.185043249348755e6
3.2211300033643204e6
3.257434679239511e6
3.2939565739942677e6
3.33069500244395e6
3.3676492904415424e6
3.404818782125146e6
3.442202830827639e6
3.4798007909124913e6
3.5176120566314934e6
3.555636016818328e6
3.5938720458763354e6
3.632319599906764e6
3.6709780866701687e6
3.7098469536080146e6
3.748925649978929e6
3.788213639178334e6
3.8277103977759136e6
3.8674154112487733e6
3.9073281918739947e6
3.9474482620412325e6
3.9877750992964245e6
4.028308257177622e6
4.069047283048598e6
4.1099917372008655e6
4.1511411778906174e6
4.192495182595363e6
4.234053344756879e6
4.27581525280193e6