344529.59091236134
344587.66683573165
344742.54498695704
344994.613609669
345344.48266482534
345792.9916914602
346341.19326926005
346990.37651126174
347741.9977786317
348597.78855288465
349559.5902919358
350629.52683564246
351809.8633815721
353103.0332144262
354511.6398267956
356038.398534893
357686.2505150671
359458.19623302127
361357.3257513693
363386.9995878413
365550.4398492545
367851.17970805446
370292.5946487645
372878.30818692903
375611.8720966806
378496.94284062326
381537.1455167012
384736.2464972607
388097.82553766615
391625.6011982292
395323.22364450706
399194.3585618239
403242.5418020564
407471.42592186347
411884.4732078072
416485.05913930986
421276.9434621664
426263.1228139231
431446.966980909
436831.7066866907
442420.45170942065
448216.24880086357
454222.0375971912
460440.6990375967
466874.9803603695
473527.5619858178
480401.04896548606
487497.9113706258
494820.5643609926
502371.2602239764
510152.20348930097
518165.4926943653
526413.119858887
534896.9732736894
543618.8628173315
552580.4820000215
561783.4439632173
571229.2460045647
580919.3177287361
590854.9800479203
601037.4706024334
611467.9350103817
622147.4357055405
633076.949250767
644257.3709186446
655689.5122980797
667374.1074919035
679311.815965493
691503.2236001667
703948.8407950373
716649.1118570433
729604.4153109952
742815.0609430139
756281.2997407131
770003.316979853
783981.2449567532
798215.1560612944
812705.0720205726
827450.9617797373
842452.7443408514
857710.2930320238
873223.4358757206
888991.9544808753
905015.5973269504
921294.0601629921
937827.0214528876
954614.1074744265
971654.9163372337
988949.018392454
1.0064959508112522e6
1.0242952236467605e6
1.0423463207370113e6
1.0606487013788316e6
1.0792018017932316e6
1.0980050367158414e6
1.1170578008757322e6
1.1363594705964995e6
1.1559094047385547e6
1.1757069467751307e6
1.1957514274614418e6
1.2160421561147857e6
1.236578442407183e6
1.2573595771625305e6
1.278384844445477e6
1.2996535145837362e6
1.3211648582258683e6
1.3429181331996506e6
1.3649125969978552e6
1.3871474962636689e6
1.4096220747683067e6
1.4323355843234342e6
1.4552872583119832e6
1.478476335383463e6
1.5019020542174443e6
1.5255637038561308e6
1.5494603882813025e6
1.57359146365503e6
1.5979561509300186e6
1.6225536844208941e6
1.647383315830464e6
1.6724442942057627e6
1.697735873804091e6
1.7232573137826296e6
1.749007878488104e6
1.7749868395257578e6
1.8011934701194465e6
1.8276270551023972e6
1.8542868719373492e6
1.8811722293384564e6
1.9082824114439848e6
1.9356167397012783e6
1.96317452708373e6
1.9909550892273965e6
2.0189577708186533e6
2.0471818878770017e6
2.0756268273530602e6
2.1042918950661547e6
2.133176485587575e6
2.162279970310497e6
2.1916017233424047e6
2.221141142480854e6
2.250897618464237e6
2.2808705652991505e6
2.311059398119814e6
2.3414635448390655e6
2.37208244240171e6
2.4029155329285627e6
2.4339622712673675e6
2.4652221236832803e6
2.496694557910541e6
2.5283790604219744e6
2.5602751204889305e6
2.592382239174866e6
2.6246999270655024e6
2.657227737963732e6
2.6899650895273136e6
2.722911629687358e6
2.756066872092355e6
2.78943036612987e6
2.823001670482927e6
2.8567803806244275e6
2.8907660588786085e6
2.924958293863451e6
2.959356693955552e6
2.9939608638966223e6
3.0287704371063598e6
3.0637849865378784e6
3.0990041968904827e6
3.134427690059505e6
3.1700551180244097e6
3.2058861402471447e6
3.241920416623257e6
3.2781576220937795e6
3.314597438305555e6
3.3512395527825165e6
3.388083663254538e6
3.4251294838256165e6
3.4623766862278967e6
3.499825030452255e6
3.537474224614284e6
3.575324003679473e6
3.613374105169257e6
3.651624275282516e6
3.6900742666418357e6
3.7287238304726174e6
3.7675727552901674e6
3.806620793583813e6
3.8458677185191754e6
3.885313328043606e6
3.924957407732928e6
3.9647997536828127e6
4.0048401672607604e6
4.045078455315957e6
4.0855144360921355e6
4.1261479228683785e6
4.166978747077396e6
4.208006731157386e6
4.249231711778185e6
4.290653531336366e6
4.332272030706829e6