814704.0868848356
814673.9616470513
814594.139024714
814464.0115073038
814285.7645685218
814060.4381378945
813787.8601991961
813473.1039911575
813115.9097999324
812719.3998530129
812286.4933392348
811820.2782568429
811323.952011936
810801.6515190196
810256.9193425998
809694.0099942891
809117.325192068
808531.6087479021
807941.3829708007
807352.1440581429
806768.9692886659
806196.9980312263
805642.0343032898
805109.3253102396
804605.7093895195
804136.1407182977
803706.6646669459
803324.0333548661
802994.0685880705
802722.7705228521
802515.8603747163
802382.1643382555
802325.4288457329
802352.9051628186
802470.8783403992
802685.8756426706
803003.9066240301
803432.2714095855
803975.4735963222
804641.1909234158
805435.1790133123
806363.3787819016
807432.9154138088
808647.8940766779
810015.6893451193
811541.7256698101
813231.8039807791
815091.5530117732
817126.6181693175
819342.3791114333
821744.2839002114
824337.5864277977
827127.439836941
830118.897490268
833316.9264337829
836726.3545106307
840351.8678369604
844198.0778943648
848269.4476254857
852570.3482395927
857104.9938259705
861877.1971019759
866891.8768832182
872151.9657723673
877661.5232938536
883425.4333305812
889443.3882177181
895722.5647703855
902264.9543049618
909073.6859170698
916151.7428879394
923502.0466159885
931127.3820671373
939030.2993231328
947213.4414024658
955679.1688392565
964429.8040642161
973467.5077063726
982794.3608926198
992412.3177269684
1.0023232298882209e6
1.0125288371691633e6
1.0230307650621468e6
1.0338305449031579e6
1.0449295982176621e6
1.0563292355033373e6
1.068030676542566e6
1.080035052007005e6
1.0923433781419224e6
1.104956583333649e6
1.1178754968017992e6
1.1311008671353026e6
1.14463334422305e6
1.1584734927424255e6
1.172621794603749e6
1.1870786461309472e6
1.2018443631671527e6
1.2169191819328803e6
1.2323032623679964e6
1.2479966874447362e6
1.2639994681787319e6
1.280311535702684e6
1.2969327891229806e6
1.313863005533303e6
1.3311019339893125e6
1.3486492520497171e6
1.3665045767872569e6
1.384667467015013e6
1.403137434336739e6
1.4219139087997498e6
1.440996295944442e6
1.4603839505951207e6
1.4800761529958379e6
1.50007216635306e6
1.5203711965436584e6
1.5409724070201279e6
1.5618749312453521e6
1.5830778588775434e6
1.604580222044544e6
1.6263810556143145e6
1.6484793397387483e6
1.670874036199327e6
1.6935640411725182e6
1.7165482838798845e6
1.7398256204258034e6
1.7633948923077807e6
1.787254955356137e6
1.8114045837918257e6
1.8358425779379392e6
1.860567693741339e6
1.8855786981349553e6
1.91087432335732e6
1.9364532776722617e6
1.9623143031155232e6
1.988456084660988e6
2.014877323615477e6
2.0415767017810207e6
2.0685528987234556e6
2.0958045896516158e6
2.123330443439662e6
2.151129126397427e6
2.1791993089814973e6
2.2075396514253234e6
2.2361488159461347e6
2.265025471056531e6
2.2941682832241943e6
2.3235759234466767e6
2.3532470621722294e6
2.3831803850064315e6
2.4133745722393654e6
2.44382830477086e6
2.474540309740723e6
2.5055092589753876e6
2.53673388509196e6
2.5682128952465034e6
2.5999450371504915e6
2.6319290492626606e6
2.664163657808017e6
2.6966476603631023e6
2.72937981578158e6
2.762358917525939e6
2.795583758481937e6
2.8290531708670636e6
2.862765918342808e6
2.896720909328492e6
2.93091695034483e6
2.9653529389065355e6
3.000027737984532e6
3.034940260110844e6
3.070089371407854e6
3.1054740401924015e6
3.141093207407541e6
3.1769457731095613e6
3.2130307718490665e6
3.249347160250667e6
3.2858939428751324e6
3.3226701378100393e6
3.35967477999742e6
3.3969069199369373e6
3.4343656064739753e6
3.472049944230242e6
3.5099590203996017e6
3.5480919174931557e6
3.5864478085861565e6
3.6250258153967927e6
3.66382510724224e6
3.7028448499871255e6
3.742084239542072e6
3.7815424791220822e6
3.8212187947530574e6
3.8611124129313338e6
3.901222608529868e6
3.941548633279677e6
3.9820897695087544e6
4.0228453232982825e6
4.063814601580404e6
4.104996932725622e6
4.1463916578451977e6
4.187998137656024e6
4.229815740176937e6