334510.20966236095
334570.6084322791
334731.80048348475
334994.1694778247
335358.2852342813
335824.97750055813
336395.26335316047
337070.4275858654
337851.88200107845
338741.3286782667
339740.5876104317
340851.73330746987
342076.99095427373
343418.7460120638
344879.546623655
346462.07450248895
348169.17914307537
350003.8193596159
351969.0436278429
354068.0674213562
356304.1199793988
358680.6495318799
361200.9316927665
363868.50839539384
366686.878853456
369659.6026775427
372790.2247608849
376082.4151552771
379539.69194466574
383165.6311919538
386963.8353756056
390937.8628780239
395091.1641285204
399427.2671680864
403949.5760952225
408661.47361545975
413566.2687010063
418667.2029339615
423967.4613457887
429470.1413288468
435177.90867515386
441094.79429636453
447222.55902071914
453564.3463897115
460122.8089641053
466900.53106090694
473900.18472312356
481123.6463352393
488573.75297356443
496252.4888875205
504161.9686681371
512304.2017141259
520681.0915321576
529294.4428650979
538145.9785622541
547237.312630486
556569.9713110408
566145.3777937958
575964.8832115827
586029.7349720349
596341.0914306985
606900.0321067644
617707.5482723755
628764.5489966087
640071.865501604
651630.2433490393
663440.3577910126
675502.8107844337
687818.1294098162
700386.7687257419
713209.1251082245
726285.5232341212
739616.2252992202
753201.4373383545
767041.3010954196
781135.9068894777
795485.2882091581
810089.4301489088
824948.2647721665
840061.6794563308
855429.516067917
871051.5734825002
886927.6063336742
903057.3358748727
919440.4420429969
936076.5712353631
952965.3398631718
970106.317608582
987499.0677167737
1.0051431099517513e6
1.0230379416673414e6
1.0411830354082352e6
1.0595778410255807e6
1.0782217866189703e6
1.097114280332787e6
1.116254711727663e6
1.135642453244811e6
1.1552768593969066e6
1.1751572784983555e6
1.1952830331638774e6
1.215653442298019e6
1.236267811733605e6
1.2571254378306312e6
1.2782256083040235e6
1.2995676020683888e6
1.3211506932698125e6
1.3429741484231623e6
1.3650372330434718e6
1.3873392032553777e6
1.4098793156597165e6
1.4326568242733958e6
1.4556709824005691e6
1.4789210368794338e6
1.5024062436100899e6
1.526125900249768e6
1.5500791265470358e6
1.5742652936208467e6
1.5986836367582206e6
1.623333407049131e6
1.6482138694233913e6
1.6733242917222888e6
1.6986639443539807e6
1.7242321001746121e6
1.750028051057025e6
1.776051075528122e6
1.8023004688748387e6
1.828775530805439e6
1.8554755664179577e6
1.8823998888149224e6
1.9095478181957528e6
1.9369186797277725e6
1.9645118117159447e6
1.992326547534379e6
2.020362251819246e6
2.0486182640898656e6
2.0770939767257068e6
2.105788728492193e6
2.1347019286255264e6
2.163832967334319e6
2.193181238704945e6
2.222746158190584e6
2.252527137155717e6
2.282523607760568e6
2.312735004360671e6
2.343160774010674e6
2.373800370806287e6
2.40465325711493e6
2.435718901011222e6
2.466996799890098e6
2.498486429089602e6
2.5301872943975506e6
2.562098904061013e6
2.594220776965469e6
2.6265524405636373e6
2.659093429214776e6
2.6918432900733384e6
2.7248015753169474e6
2.757967852869189e6
2.791341688849261e6
2.824922663915301e6
2.85871037237724e6
2.8927044094913746e6
2.92690437483754e6
2.961309890927331e6
2.9959205763263353e6
3.0307360859023686e6
3.065756001530307e6
3.1009800235830117e6
3.1364077892361274e6
3.1720389639057796e6
3.207873221145935e6
3.2439102348598693e6
3.280149686967498e6
3.3165912916597896e6
3.3532347296366342e6
3.3900797179411743e6
3.427125970519184e6
3.464373212274939e6
3.501821173354006e6
3.5394695879214196e6
3.577318202725303e6
3.6153667638196847e6
3.653615036860123e6
3.6920627772122077e6
3.7307097577171554e6
3.769555753967862e6
3.8086005517646032e6
3.8478439278752715e6
3.8872856886089803e6
3.9269256302456963e6
3.966763558244225e6
4.006799283264995e6
4.0470326233087373e6
4.087463401589585e6
4.128091440275566e6
4.168916582812427e6
4.209938658603219e6
4.251157503869176e6
4.292572992904166e6
4.334184953582907e6