342204.9557487523
342263.5513427633
342419.89463926473
342674.34289811895
343027.50344933796
343480.21451781044
344033.5173003497
344688.7018862677
345447.217309311
346310.7863809643
347281.2457712435
348360.6999849488
349551.41859508556
350855.8077097558
352276.4683931537
353816.12617922336
355477.6704693643
357264.1060683312
359178.52787802165
361224.21302594343
363404.4443994703
365722.6926786692
368182.35296601086
370786.97969342355
373540.1492270227
376445.4849809197
379506.57892172335
382727.2045810917
386110.9303218226
389661.4019939573
393382.2864988058
397277.21032833477
401349.7056623606
405603.386380596
410041.70956985845
414668.14029410447
419486.0551787757
424498.8029776609
429709.59722360194
435121.63070119557
440738.00513778283
446561.7454565602
452595.76862526534
458842.93304401584
465305.9679206254
471987.52004449704
478890.1839364294
486016.38951107935
493368.56003369676
500948.91192922724
508759.62880065374
516802.7887315538
525080.3631312263
533594.2208725945
542346.1519755851
551337.830950446
560570.8521511396
570046.6944602979
579766.7698225889
589732.3811423962
599944.7494531989
610405.0037550689
621114.1902761003
632073.2699960647
643283.1229515995
654744.5461729114
666458.2595707483
678424.9089028357
690645.0669177782
703119.2312997526
715847.8342437837
728831.242555097
742069.7549062287
755563.611539372
769312.9877453032
783318.0057329272
797578.7291273396
812095.1708012007
826867.2914713575
841895.0024164089
857178.1696682693
872716.6144289593
888510.111982596
904558.4048570424
920861.1862810254
937418.1208238648
954228.8389887748
971292.9317166582
988609.9655562654
1.0061794742530078e6
1.0240009648521047e6
1.0420739184523593e6
1.0603977921253615e6
1.0789720201190426e6
1.0977960155685265e6
1.1168691719253217e6
1.1361908645557002e6
1.155760451682406e6
1.1755772764429878e6
1.1956406674272113e6
1.215949940479467e6
1.236504399461648e6
1.2573033380719018e6
1.2783460403502802e6
1.2996317808441275e6
1.3211598287437805e6
1.342929444506635e6
1.364939887441864e6
1.3871904063861985e6
1.4096802475501727e6
1.4324086645585392e6
1.4553748940417194e6
1.4785781772869541e6
1.502017755828185e6
1.5256929217582943e6
1.549602782360866e6
1.5737467015860989e6
1.5981238903846755e6
1.6227336001541354e6
1.6475750817364918e6
1.6726475877109778e6
1.6979503764768266e6
1.7234827110369809e6
1.7492438597450051e6
1.7752330982554513e6
1.8014497039425727e6
1.8278929627417633e6
1.8545621655960784e6
1.881456616360247e6
1.908575606279781e6
1.9359184614269435e6
1.9634844990607556e6
1.991273038976075e6
2.0192834310201674e6
2.0475149951986612e6
2.075967122251467e6
2.1046391234782264e6
2.1335303974523135e6
2.162640319983272e6
2.191968269665213e6
2.221513648724138e6
2.2512758523908462e6
2.2812542989634713e6
2.3114484080090653e6
2.3418576118024033e6
2.3724813515686113e6
2.4033190738329245e6
2.4343702377158557e6
2.465634312437704e6
2.4971107735796613e6
2.528799108282693e6
2.5606988110605394e6
2.592809387188837e6
2.625130351189459e6
2.657661261453621e6
2.690401538244257e6
2.723350834593047e6
2.756508668041784e6
2.789874591360893e6
2.823448167443795e6
2.857228994932165e6
2.8912166402920326e6
2.9254106959660742e6
2.9598107733427323e6
2.994416481166236e6
3.029227456148964e6
3.06424327495502e6
3.0994636254071826e6
3.13488813284312e6
3.1705164525368526e6
3.2063482471231455e6
3.2423831797834137e6
3.2786209285502117e6
3.315061178146999e6
3.3517036191346217e6
3.388547952293022e6
3.425593880263233e6
3.462841120360772e6
3.500289392799443e6
3.537938422694488e6
3.575787946574802e6
3.6138377079709056e6
3.6520874523252253e6
3.690536935885117e6
3.7291859129025894e6
3.7680341733991136e6
3.8070814729312933e6
3.8463275870981966e6
3.885772315884217e6
3.9254154472306236e6
3.965256779447663e6
4.0052961161058345e6
4.0455332661852124e6
4.0859680519825495e6
4.1266002828346924e6
4.1674297981033404e6
4.208456420273071e6
4.2496799879030045e6
4.291100343349814e6
4.332717335025908e6