454815.6727832403
454849.1194107074
454938.5507145969
455084.3294760736
455287.21428785776
455548.11293285026
455868.31409627176
456249.2984548424
456692.80581094127
457200.8540057903
457775.55645858904
458420.69256839156
459135.3111473208
459925.84493542043
460794.20603418513
461743.63871800434
462777.56937566074
463899.6172785256
465113.41981767083
466422.9926279265
467832.3929223687
469345.5210275027
470966.6982393366
472700.20948301535
474549.6334053759
476521.7040603069
478618.53704238625
480845.5851344719
483207.1762337298
485707.92152365565
488352.3826385053
491145.0758504217
494090.53911542834
497193.22862877557
500457.6325232055
503887.6586771051
507489.1678785748
511264.96236273786
515219.7955731867
519357.81426066335
523683.134580043
528199.7588491872
532911.6110106275
537822.54402534
542936.2786169105
548256.4449606797
553786.6417131348
559530.2412711114
565490.6631939294
571671.0831606443
578074.6360831077
584704.3402065153
591563.1026851281
598653.7311672029
605978.8586631482
613541.1149831269
621342.9504872118
629386.7091556258
637674.645392374
646208.8921089222
654991.6611716993
664024.3397761448
673309.2840083739
682848.0335189968
692642.1989323236
702693.2946452326
713002.739540338
723571.85301763
734401.8664561838
745493.9007051686
756849.0057036211
768468.1389032272
780352.1644442527
792501.8736638546
804917.9624387259
817601.0587434437
830551.7073861641
843770.3817180266
857257.4801746219
871013.3314361116
885038.1979360348
899332.2772497123
913895.6913230536
928728.5257217183
943830.778171722
959202.4196310138
974843.3319352497
990753.3749955542
1.0069323472330117e6
1.0233799968818184e6
1.04009602778337e6
1.0570801003059326e6
1.074331836315886e6
1.0918508032907234e6
1.1096365522859767e6
1.1276885840076713e6
1.1460063683689563e6
1.1645893429046527e6
1.1834369144982966e6
1.202548461456829e6
1.2219233336972902e6
1.2415608573681503e6
1.261460333470318e6
1.2816210416911428e6
1.3020422377362368e6
1.3227231628042788e6
1.3436630366555739e6
1.3648610637335558e6
1.386316439324426e6
1.4080283194154368e6
1.4299958864571033e6
1.452218287256484e6
1.4746946530246572e6
1.497424127906556e6
1.5204058297602031e6
1.5436388780065821e6
1.5671223776900948e6
1.5908554427543315e6
1.6148371705468607e6
1.6390666647495842e6
1.663543019762437e6
1.6882653309274267e6
1.7132326930262973e6
1.7384442032425269e6
1.7638989563471293e6
1.7895960515119075e6
1.815534588058826e6
1.8417136695648818e6
1.8681324033832464e6
1.8947898978631715e6
1.9216852720779737e6
1.948817647169744e6
1.9761861383160227e6
2.0037898926871575e6
2.0316280407316678e6
2.0596996416636053e6
2.0880041214835038e6
2.1165403557931506e6
2.145307619598262e6
2.17430508434317e6
2.2035319377903007e6
2.232987367252961e6
2.262670582998694e6
2.2925807944320384e6
2.3227172296758723e6
2.353079115223746e6
2.3836656953489324e6
2.4144762205222547e6
2.445509955825112e6
2.476766171074911e6
2.5082441523168962e6
2.5399431904171444e6
2.5718625921700075e6
2.604001672642885e6
2.636359753046976e6
2.6689361763102505e6
2.7017302922092024e6
2.7347414398729806e6
2.767969011708905e6
2.801412379466236e6
2.8350709319366994e6
2.86894407296329e6
2.903031211887579e6
2.937331776713564e6
2.9718451996013904e6
3.006570926018782e6
3.041508410649944e6
3.07665712097075e6
3.1120165302711655e6
3.1475861327041243e6
3.183365420950764e6
3.2193539032489723e6
3.2555510979420245e6
3.291956535228688e6
3.328569751493559e6
3.3653902964181257e6
3.4024177274761153e6
3.4396516131833983e6
3.477091565579339e6
3.5147371002656296e6
3.552587852831307e6
3.5906434346965915e6
3.6289034377369666e6
3.667367509471043e6
3.706035274493888e6
3.744906404812039e6
3.7839804752144003e6
3.823257200087292e6
3.862736248139494e6
3.9024172867030306e6
3.9422999982045554e6
3.982384075865417e6
4.0226692532754866e6
4.0631551685733804e6
4.1038415828132555e6
4.1447282078634175e6
4.1858147777408455e6
4.227101031314791e6
4.268586714330741e6
4.31027157704998e6