368903.2483163733
368955.48803062097
369095.25293701526
369322.7599252369
369638.6305546928
370043.7447750183
370539.1878408041
371127.33466815343
371806.72742590006
372582.13638576353
373454.48942369386
374425.9954983202
375499.0433111943
376676.1244373326
377960.01169385365
379353.5473350738
380859.76977223717
382481.846682747
384223.0040968143
386086.73858961475
388076.5336553637
390195.97543571563
392448.6515653073
394838.3796496977
397368.9109775607
400044.07770719077
402867.7088938396
405843.78041371005
408976.0702381403
412268.51634924323
415724.9628380133
419349.2959466132
423145.29919095035
427116.8011996205
431267.53860189766
435601.06867006887
440121.45309329836
444831.84238155757
449735.88572386326
454837.00304526987
460138.5638789614
465643.8344233399
471355.98977946176
477278.1306026316
483413.24608388066
489764.23857891106
496334.16171699984
503125.0232181853
510140.1605793636
517381.8051458582
524852.3992904485
532554.1877460158
540489.4405445058
548660.2298095473
557068.5673981394
565716.3462211537
574605.374916085
583737.3415173999
593113.8627218016
602736.4419041994
612606.4959945533
622725.3422715733
633094.2128331895
643714.2490080233
654586.5058315976
665711.9449941273
677091.4544294802
688725.8364802793
700615.8160719967
712762.0390709586
725166.116797957
737825.4298408176
750743.5322193871
763919.7440502413
777354.3618384268
791047.6282469836
804999.6898119019
819210.6867935322
833680.6682295443
848409.6365207054
863397.5428983727
878644.2916352608
894149.7316854919
909913.6775308258
925935.885268446
942216.0899655591
958753.9593004896
975549.1505101356
992601.2725621457
1.0099099011101926e6
1.027474580476712e6
1.045294825335667e6
1.063370121804081e6
1.081699929172285e6
1.100283681676889e6
1.11912079009061e6
1.138210643097479e6
1.1575526094184574e6
1.1771460379576748e6
1.196990261168122e6
1.2170845936285916e6
1.237428336992459e6
1.2580207781596384e6
1.278861192254688e6
1.2999488413948312e6
1.3212829805390409e6
1.3428628536365558e6
1.3646876978338906e6
1.3867567463086443e6
1.4090692116754851e6
1.4316243245933908e6
1.4544212981850274e6
1.477459336618003e6
1.500737658970737e6
1.524255515117445e6
1.548011977865967e6
1.5720063717505755e6
1.59623788268973e6
1.6207057115328184e6
1.6454090673871604e6
1.6703471655582911e6
1.6955192186342524e6
1.7209244461454968e6
1.7465620737728453e6
1.7724313277761019e6
1.7985314412912268e6
1.8248616518522608e6
1.8514212042813492e6
1.8782093483244358e6
1.9052253388097833e6
1.9324684407173996e6
1.9599379247653596e6
1.9876330625971863e6
2.015553147345133e6
2.04369746767217e6
2.072065338167689e6
2.1006560340498965e6
2.1294689009169997e6
2.1585032617211603e6
2.1877584489369364e6
2.217233806780009e6
2.2469286871184492e6
2.2768424547122084e6
2.3069744784543314e6
2.337324141546935e6
2.3678908360808906e6
2.3986739576618327e6
2.4296729149078145e6
2.46088713370638e6
2.492316036478545e6
2.5239590632746215e6
2.555815660667613e6
2.587885293045325e6
2.6201674109401223e6
2.652661505155951e6
2.6853670586891053e6
2.7182835664540567e6
2.7514105345037947e6
2.784747474720667e6
2.8182939134678026e6
2.852049384500046e6
2.8860134338005446e6
2.920185600027731e6
2.9545654580927105e6
2.989152573614461e6
3.023946543537836e6
3.058946902047517e6
3.0941533005204066e6
3.12956532448347e6
3.165182590920812e6
3.201004657425736e6
3.2370313550375276e6
3.2732621193568804e6
3.309696668830524e6
3.3463346586495973e6
3.3831757540182318e6
3.420219625728863e6
3.457465956495941e6
3.494914433952408e6
3.5325647512520324e6
3.5704166132444846e6
3.608469730718735e6
3.6467238215427822e6
3.6851786111929477e6
3.7238338311958103e6
3.7626892456447235e6
3.801744534553885e6
3.8409995049379566e6
3.8804539098941037e6
3.920107510345399e6
3.959960078068569e6
4.000011391534015e6
4.0402612370672696e6
4.0807094033337417e6
4.121355694588913e6
4.1621999064328917e6
4.203241850555832e6
4.244481340366526e6
4.285918197535761e6
4.327552246748598e6