777855.3888093487
777836.4167274937
777771.4456513575
777665.5833602913
777520.6968316538
777337.8160550981
777117.6622406011
776864.0415876696
776577.2428371178
776259.7014100624
775916.0577004286
775547.6063019219
775158.2521431809
774751.5603896566
774331.5301110062
773902.193493916
773467.8886330253
773033.285482934
772602.847161998
772181.976263342
771775.296389584
771389.0038298913
771027.6688286446
770697.1714809083
770403.241166064
770152.9258120961
769948.2724152352
769798.7381205249
769711.0228135984
769688.877419936
769739.4372504081
769868.8609513273
770083.3293561186
770389.0974175071
770792.3243394578
771299.4014623729
771916.3705954896
772649.8275380053
773504.9227139333
774488.3637074118
775606.3464882108
776864.4542493443
778269.6322101916
779825.9344198632
781540.4403829523
783418.4532193767
785465.5986525796
787687.3424575361
790089.1325578808
792676.211588463
795453.802873031
798427.0130143545
801600.7889066671
804980.0260043361
808569.4677582814
812373.7841245062
816396.7288277608
820644.9591458202
825120.4586300771
829828.2221776987
834772.2509463546
839956.4757196081
845384.6868565897
851060.5535265291
856987.648680011
863170.5745592818
869609.0620796438
876309.8724585683
883274.8807719224
890507.0282502007
898009.1126022434
905783.8592227711
913833.8749121497
922161.5274530535
930769.2742717492
939659.2815374844
948833.7266935157
958294.561284167
968043.7095425285
978082.9447783187
988413.9521443562
999038.3031904097
1.0099574631386518e6
1.021172798439536e6
1.032685568471607e6
1.0444969368783e6
1.0566079636958682e6
1.0690196375635078e6
1.081732831628948e6
1.0947483138787532e6
1.1080667964482862e6
1.1216881693465596e6
1.1356150954143016e6
1.1498458711979813e6
1.164381568673899e6
1.1792224655010726e6
1.194368761811451e6
1.2098205831022488e6
1.2255779819013565e6
1.2416409385826658e6
1.258009361609951e6
1.2746831084721591e6
1.2916619487644073e6
1.3089456046716287e6
1.326533734301061e6
1.3444259375380143e6
1.3626217579934197e6
1.3811206853222048e6
1.3999221567005794e6
1.419025559327398e6
1.4384302352301853e6
1.4581354754453944e6
1.4781405402120075e6
1.4984446184070492e6
1.5190468855354604e6
1.5399464720742814e6
1.5611424807864889e6
1.5826339515952703e6
1.6044199213459066e6
1.6264993836478814e6
1.6488713070158018e6
1.6715346393817998e6
1.6944882663515275e6
1.7177311076602063e6
1.7412620192152085e6
1.7650798509667872e6
1.7891834313405773e6
1.81357156630159e6
1.8382430584422834e6
1.8631966773506838e6
1.8884312018410815e6
1.9139453832889704e6
1.9397379517709734e6
1.9658076650652564e6
1.992153227866727e6
2.0187734007366023e6
2.0456668612869016e6
2.0728323339553087e6
2.10026781910064e6
2.127974144248287e6
2.155947886277088e6
2.1841884758609813e6
2.2126946040564454e6
2.2414649797804626e6
2.2704983158399803e6
2.299793326187765e6
2.329348725918919e6
2.359163243804263e6
2.3892356064379774e6
2.4195645485891867e6
2.450148813573324e6
2.480987153880001e6
2.512078326681492e6
2.543421106219893e6
2.5750142581619197e6
2.6068565862938454e6
2.6389468870976507e6
2.671283945450064e6
2.7038666168816434e6
2.736693718678317e6
2.7697641017114185e6
2.803076626817531e6
2.836630177401403e6
2.870423581320984e6
2.904455801142242e6
2.938725717237804e6
2.973232278692092e6
3.0079744088863716e6
3.042951063340504e6
3.078161217098831e6
3.113603854149304e6
3.1492779890441652e6
3.1851825832960047e6
3.221316728242556e6
3.2576794414731893e6
3.294269785694847e6
3.3310868378449427e6
3.3681296895362614e6
3.4053974515129747e6
3.442889228246502e6
3.4806041805722746e6
3.5185414525015834e6
3.556700183228537e6
3.5950795996434805e6
3.6336788779182755e6
3.6724972424965217e6
3.7115339095539055e6
3.7507881321326536e6
3.7902591653645844e6
3.8299462824052353e6
3.8698487710976196e6
3.9099659348508227e6
3.950297095043069e6
3.990841576158565e6
4.0315987319522514e6
4.072567918056497e6
4.1137485085129677e6
4.155139886372845e6
4.196741469517492e6
4.238552659782058e6