503684.271570739
503707.74605461594
503770.5100597509
503872.99803750985
504016.0001890176
504200.49496997567
504427.7832323754
504699.45581217355
505017.3537953795
505383.5081921591
505800.32479462377
506270.3806441864
506796.49655638076
507381.6481096706
508029.1564185042
508742.4140099144
509525.0501236691
510380.88965489157
511313.7696682272
512327.9528643114
513427.7536754168
514617.2758847327
515901.12410541263
517283.8464044173
518770.0359429498
520364.51405619667
522071.7569320289
523897.1897964453
525845.0498924928
527920.4085914453
530128.1472877564
532473.1183826275
534960.189030325
537594.1936843372
540379.9371248531
543322.19243525
546425.6881172651
549695.0873146805
553135.0257453712
556749.6234994963
560544.463754679
564522.8681172262
568689.4853781845
573048.5397030034
577604.13901071
582360.2918192482
587320.9797944135
592489.9507718574
597871.004117063
603467.6935014842
609283.5299737976
615321.9075145597
621586.1022477016
628079.2700645371
634804.4691960037
641764.6348786107
648962.5904911692
656401.0453643025
664082.5745498101
672009.6850415651
680184.7358509005
688609.9849704
697287.5794895103
706219.5595169731
715407.8602035338
724854.2936496261
734560.5845744286
744528.3508001467
754759.1064479284
765254.2585536421
776015.1272393726
787042.9404245724
798338.8210814099
809903.8083890016
821738.8426633549
833844.7867014194
846222.4137012933
858872.414572358
871795.4001669547
884991.9011952477
898462.375470753
912207.2048343782
926226.6954972905
940521.0972847906
955090.5715951126
969935.2444657236
985055.1404491784
1.000450264409338e6
1.0161205388242959e6
1.0320658356050947e6
1.0482859740295619e6
1.0647807173891296e6
1.0815497937347991e6
1.0985928628531944e6
1.1159095533168472e6
1.1334994466829984e6
1.1513620833331498e6
1.1694969642841346e6
1.1879035530574995e6
1.2065812780353075e6
1.22552953273483e6
1.2447476803426328e6
1.2642350529930566e6
1.2839909556936575e6
1.3040146626220364e6
1.3243054289364778e6
1.3448624823646992e6
1.3656850297080367e6
1.3867722574030454e6
1.4081233327803584e6
1.429737407125832e6
1.451613612434918e6
1.473751068336727e6
1.4961488833786782e6
1.518806147860486e6
1.5417219475814356e6
1.564895348123051e6
1.5883254307099083e6
1.6120112348099693e6
1.6359518216970996e6
1.6601462320246098e6
1.6845935069924176e6
1.7092926848907028e6
1.734242802906815e6
1.7594428909970387e6
1.7848919827820288e6
1.8105891125799497e6
1.8365333115335177e6
1.8627236177304387e6
1.8891590635150329e6
1.915838693911149e6
1.9427615535180287e6
1.969926677228813e6
1.9973331349924824e6
2.0249799749573914e6
2.0528662790188685e6
2.0809910696003379e6
2.10935346968126e6
2.1379525485146223e6
2.1667873975827433e6
2.195857115177106e6
2.2251608013825133e6
2.2546975980018303e6
2.2844666031536735e6
2.314466967386852e6
2.3446978280921113e6
2.3751583406626065e6
2.4058476692675333e6
2.4367649914487875e6
2.4679094905688735e6
2.499280360908733e6
2.530876810439577e6
2.562698056284929e6
2.5947433298869804e6
2.627011862428027e6
2.6595029145901245e6
2.692215749623774e6
2.7251496222120007e6
2.7583038418153017e6
2.7916776945147845e6
2.825270489499994e6
2.8590815449401936e6
2.8931101955782743e6
2.927355810391221e6
2.961817690294884e6
2.9964952280675145e6
3.031387790432487e6
3.0664948010719577e6
3.10181562563513e6
3.137349689521969e6
3.1730964156754026e6
3.209055238046326e6
3.2452256030123048e6
3.281606969851264e6
3.3181988039519545e6
3.355000611673812e6
3.392011831776629e6
3.429231990665533e6
3.466660602171376e6
3.5042971816180353e6
3.542141273358418e6
3.580192413967375e6
3.6184501388017503e6
3.656914042210259e6
3.695583680990701e6
3.734458644530577e6
3.773538518610826e6
3.812822910661519e6
3.8523114315226884e6
3.8920037044392754e6
3.931899356776955e6
3.971998015589178e6
4.012299381663146e6
4.0528030451078922e6
4.093508710141173e6
4.1344160444046366e6
4.1755247297815145e6
4.216834457994986e6
4.258344932325568e6
4.300055856167953e6