436281.629621609
436318.99366122554
436418.89904243825
436581.67714385653
436808.0597172305
437098.98508287035
437455.6598267333
437879.54634712986
438374.6193583604
438936.08958945784
439572.7795825399
440284.9383388327
441075.1775692194
441946.2607350565
442901.2268622966
443943.24754864234
445075.67132704356
446302.02585253515
447625.8713240676
449051.1195070513
450581.7197959154
452221.49017760134
453974.63572787144
455845.3285215098
457837.0438783546
459956.3756248319
462205.3438003282
464589.24890614464
467112.3135498845
469779.00880491326
472593.7629889357
475560.95693756
478684.98128370685
481970.1760569558
485420.86436959414
489040.8378765016
492835.7381001457
496808.3030654837
500963.0997047607
505304.1319266296
509835.3634066158
514560.64654103806
519483.7536366822
524608.3858718008
529938.1092281989
535476.4061532262
541226.7217650894
547192.2783498178
553376.3442177908
559781.9464768629
566412.0714168197
573269.6402519686
580357.2566787581
587677.6941737658
595233.5377090903
603027.126201507
611060.8201106414
619336.8261130693
627857.2629491951
636624.1300655401
645639.478528833
654904.6555763836
664421.80323698
674192.3647326117
684217.8364035978
694499.6132076229
705038.9918183499
715837.1817687247
726895.3069728072
738214.3853361446
749795.362789901
761639.0897156844
773746.3418128425
786117.8138195982
798754.1114696197
811655.7758840651
824823.2674809942
838256.9797391407
851957.2342328253
865924.2847168695
880158.3234443038
894659.4786553622
909427.8149298843
924463.3490993234
939766.0250441014
955335.757903029
971172.3791170403
987275.6999493729
1.0036454738208158e6
1.0202814065916867e6
1.0371831631830202e6
1.05435036749512e6
1.0717826052975804e6
1.089479423662927e6
1.1074403355446127e6
1.1256648202718883e6
1.144152325570142e6
1.1629022693958608e6
1.181914041581795e6
1.2011870058069096e6
1.2207205000572645e6
1.2405138404580061e6
1.2605663897113383e6
1.2808772152948268e6
1.301445777159388e6
1.3222712454734682e6
1.3433528420294444e6
1.3646897740063067e6
1.3862812399490264e6
1.4081264074808613e6
1.4302244624879141e6
1.4525745635029494e6
1.4751758542612763e6
1.4980274905233714e6
1.5211286068443991e6
1.5444783449567242e6
1.5680758084638044e6
1.5919201478937226e6
1.6160104755201058e6
1.6403459156016395e6
1.6649255854399838e6
1.6897486036289667e6
1.7148140889767255e6
1.7401211656150708e6
1.7656689522849915e6
1.7914565764358952e6
1.8174831649243655e6
1.8437478497579417e6
1.870249767307141e6
1.896988056063502e6
1.9239670814236656e6
1.9511703463900872e6
1.9786126468130618e6
2.0062879444877428e6
2.034195402189029e6
2.0623342157872983e6
2.0907035320687394e6
2.1193025718180602e6
2.1481305386313717e6
2.1771866373080797e6
2.206470086943453e6
2.235980114901015e6
2.2657159605295807e6
2.295676867094009e6
2.3258620965367835e6
2.3562709102887725e6
2.3869025833700146e6
2.41775640556134e6
2.4488316707577254e6
2.4801276838076306e6
2.5116437635947047e6
2.543379235653805e6
2.575333438403442e6
2.6075057201033067e6
2.6398954354178575e6
2.6725019579528766e6
2.705324670481742e6
2.738362946538731e6
2.7716162070251293e6
2.805083853884144e6
2.8387653106050743e6
2.872660007792198e6
2.906767391649689e6
2.9410869142788746e6
2.975618040347149e6
3.0103602650295193e6
3.0453130078144064e6
3.080475829966018e6
3.1158482122332924e6
3.15142967419943e6
3.1872197384244455e6
3.2232179396805656e6
3.259423823229715e6
3.295836945888562e6
3.332456869135061e6
3.369283169142266e6
3.406315428401873e6
3.4435532402457125e6
3.480996208590829e6
3.5186439389638244e6
3.556496057563676e6
3.594552189892207e6
3.6328119758009617e6
3.671275061836542e6
3.7099411375512243e6
3.74880982372521e6
3.7878807544059562e6
3.827153665692925e6
3.8666282441013823e6
3.906304177814349e6
3.9461811695000823e6
3.986258931354256e6
4.0265371836849204e6
4.067015648808964e6
4.1076940713751153e6
4.1485721826016647e6
4.1896497333030174e6
4.230926479954867e6
4.2724021848431155e6
4.314076614501826e6