461314.9725428715
461347.06413110334
461432.8694991686
461572.76473323954
461767.5123037653
462018.0239286771
462325.58159358264
462691.7220287302
463118.165196585
463606.94594838016
464160.1826301706
464780.5013815471
465470.552618123
466233.1938727007
467071.56385696307
467988.9289835264
468988.74510622176
470074.6599270243
471250.33869557467
472519.8337010419
473887.2301832079
475356.47051945433
476931.905588501
478617.86029873264
480417.951351361
482338.95576769754
484383.0258767826
486555.6633872668
488861.234477508
491304.3975946907
493889.75752150547
496621.8792459882
499505.33790459286
502544.66601639683
505744.3720600052
509108.67947292514
512642.72932772
516350.1435763291
520235.46488372516
524302.908620798
528556.6260609359
533000.6733657963
537639.0335562645
542475.6017082938
547514.1591496591
552758.384843454
558211.9323495677
563878.2228480069
569760.7293821324
575862.6788242629
582187.2567869636
588737.5345341695
595516.4896300123
602526.8958819957
609771.5588127639
617253.0782516947
624973.9717441845
632936.6315661486
641143.3587030179
649596.33284908
658297.6340978073
667249.2281878097
676452.9800390904
685910.6479108066
695623.8897528362
705594.2639933534
715823.2227069108
726312.1283819256
737062.2457408046
748074.7394204251
759350.6926168263
770891.0987305895
782696.8554477701
794768.7874684292
807107.6225733913
819714.0195381634
832588.5528794872
845731.7245685719
859143.9604767608
872825.6152262302
886776.9776002303
900998.2684115936
915489.6323348156
930251.1773933552
945282.9216133701
960584.8560459246
976156.8807059685
991998.8730114246
1.0081106478869566e6
1.0244919689655113e6
1.041142554235764e6
1.0580620774384101e6
1.075250172695768e6
1.0927064185940986e6
1.1104303766395638e6
1.1284215568071115e6
1.146679437393265e6
1.165203463399473e6
1.1839930482703324e6
1.2030475760278474e6
1.2223664013374846e6
1.2419488544943202e6
1.2617942394539777e6
1.2819018385702893e6
1.3022709089422068e6
1.32290069273694e6
1.3437904098706946e6
1.3649392642934285e6
1.3863464491243446e6
1.4080111212804746e6
1.4299324578556025e6
1.452109603878179e6
1.474541686260648e6
1.4972278442383087e6
1.520167193187856e6
1.5433588445685287e6
1.5668019035119861e6
1.5904954693413354e6
1.61443863747358e6
1.6386305044263708e6
1.6630701553156117e6
1.687756678820842e6
1.7126891621125168e6
1.7378666927635795e6
1.7632883569592973e6
1.788953268318032e6
1.8148604457332555e6
1.8410090541567255e6
1.8673981675372368e6
1.894026882761462e6
1.920894309921945e6
1.9479995590178836e6
1.9753417345819103e6
2.0029199726434804e6
2.0307333927167398e6
2.0587810420615643e6
2.0870623377165047e6
2.1155761410809057e6
2.144321716883646e6
2.173298225055674e6
2.2025048415476293e6
2.231940741719459e6
2.26160512446047e6
2.2914971875623483e6
2.321616146695392e6
2.3519612174539687e6
2.382531630939373e6
2.413326627210643e6
2.444345459285331e6
2.4755873860111847e6
2.507051678840439e6
2.5387376200479534e6
2.570644503882617e6
2.6027716338166934e6
2.6351183195585613e6
2.6676838921422367e6
2.70046769206759e6
2.733469044768423e6
2.7666873327741763e6
2.8001219173304113e6
2.83377217422367e6
2.867637504152758e6
2.9017172878174377e6
2.9360109599409117e6
2.97051793698311e6
3.005237652966872e6
3.04016955299817e6
3.075313094294123e6
3.110667740098148e6
3.1462329769875216e6
3.1820082813031874e6
3.217993158134114e6
3.254187114208585e6
3.2905896704707886e6
3.3272003539057975e6
3.364018737503546e6
3.4010443054358237e6
3.438276649737161e6
3.4757153403452537e6
3.513359950383269e6
3.551210075433145e6
3.589265315759272e6
3.627525257533288e6
3.665989539687361e6
3.70465777956334e6
3.743529640628997e6
3.782604690540058e6
3.821882635844167e6
3.8613631386129293e6
3.901045858848197e6
3.940930502134755e6
3.98101669405631e6
4.021304160594216e6
4.061792599926952e6
4.1024817245284044e6
4.143371240476852e6
4.184460902088311e6
4.225750412310462e6
4.267239520610902e6
4.30892797199923e6