543409.54819827
543425.2574988916
543467.3207130565
543536.1677665706
543632.638172513
543757.7513032403
543912.8035555814
544099.5178735817
544319.7453109256
544575.6266229969
544869.6147212334
545204.4079313212
545582.9003248813
546000.7183562135
546483.7672424589
547013.1061099479
547599.9855889501
548248.3844816587
548962.2790588578
549746.119583038
550604.3709506599
551541.3542043759
552561.8329286635
553670.5522070146
554872.3033120456
556172.14282041
557574.6914886619
559085.7252894703
560709.5970854259
562451.6738440846
564317.0385759708
566310.8154217816
568438.1091561004
570704.0234713567
573113.6073372242
575671.9066731966
578383.9194719052
581254.5782065685
584288.8110090081
587490.9285225709
590866.9315084452
594420.3370177521
598156.0943895737
602078.714572287
606192.5947390271
610502.0305897187
615011.2940026231
619724.4209444121
624645.5004582854
629778.3764689902
635126.8459160941
640694.5941332971
646485.1837991532
652502.0521395861
658748.5435821452
665227.8713587238
671943.1427317474
678897.3441530576
686093.3258625834
693533.8607101039
701221.5765498723
709158.9963648119
717348.5259214321
725792.467556313
734493.0039962194
743452.1954576935
752672.012866509
762154.3105440919
771900.8375461515
781913.2285018193
792193.0313491924
802741.6861433866
813560.5307259209
824650.8143175663
836013.6780710287
847650.1799431562
859561.283576691
871747.8642704957
884210.711525433
896950.5255154944
909967.9330007145
923263.474731918
936837.6096650071
950690.737131918
964823.1578297684
979235.1346007709
993926.8193635184
1.0088983409422524e6
1.0241497364325004e6
1.0396809928679749e6
1.0554920293732532e6
1.0715827125133635e6
1.0879528530848254e6
1.1046022067769389e6
1.1215304800616351e6
1.1387373291868435e6
1.1562223640845031e6
1.1739851490436294e6
1.1920252058998244e6
1.2103420156489552e6
1.2289350192295215e6
1.247803622091432e6
1.266947193419861e6
1.286365070233337e6
1.3060565536835266e6
1.3260209217812945e6
1.3462574196757346e6
1.36676526708407e6
1.3875436610550801e6
1.4085917714651623e6
1.4299087505506978e6
1.4514937275419757e6
1.47334581417776e6
1.4954641061859601e6
1.5178476816297853e6
1.5404956068039644e6
1.563406928632374e6
1.5865806908954787e6
1.6100159199079075e6
1.633711637331183e6
1.6576668538627138e6
1.6818805775672996e6
1.706351791750062e6
1.7310795067700353e6
1.756062704646161e6
1.781300371893514e6
1.8067914939080756e6
1.8325350513780254e6
1.8585300299052012e6
1.884775406812119e6
1.911270172726596e6
1.9380133133496633e6
1.965003804255551e6
1.9922406561503292e6
2.019722854672068e6
2.0474494221552564e6
2.07541931089029e6
2.1036315847831788e6
2.132085244249023e6
2.1607793152672e6
2.1897128267765287e6
2.218884824167073e6
2.248294353274435e6
2.2779404689086014e6
2.3078222318871925e6
2.337938737664325e6
2.368289047286746e6
2.39887226378931e6
2.429687494146708e6
2.460733849966267e6
2.492010458021568e6
2.5235164525300404e6
2.5552510064793997e6
2.5872132333602314e6
2.619402319704369e6
2.6518174560188227e6
2.684457835789696e6
2.717322642368624e6
2.7504111157259136e6
2.783722486137426e6
2.8172559850574527e6
2.8510108629957857e6
2.8849864118445492e6
2.9191818640246466e6
2.9535965311435354e6
2.9882297133592274e6
3.023080724934176e6
3.0581488932163515e6
3.093433552782145e6
3.128934056997884e6
3.1646497669411553e6
3.2005800554510304e6
3.2367243093327936e6
3.2730819284334835e6
3.3096523172413604e6
3.346434907708315e6
3.383429121243498e6
3.42063441086443e6
3.458050232406695e6
3.495676043727602e6
3.533511337771343e6
3.571555603038541e6
3.609808314830145e6
3.648269021544394e6
3.686937227569773e6
3.7258124731900375e6
3.7648942973491345e6
3.804182259238419e6
3.843675919462544e6
3.883374853982106e6
3.923278655966143e6
3.963386907815477e6
4.003699226199895e6
4.044215218504807e6
4.084934513005412e6
4.1258567428372744e6
4.1669815502244215e6
4.208308584556606e6
4.249837513476328e6
4.29156800095924e6