708509.9393789294
708496.4370070174
708460.4801942828
708402.6550811263
708323.8996196957
708225.182107635
708107.6675243187
707974.6230678599
707826.6310716843
707666.5381120942
707497.1299831335
707321.3658288596
707124.9751740941
706963.9072324994
706789.5325682035
706623.2708999675
706469.3242117565
706332.1860902538
706216.2124526354
706126.5076538918
706068.1272154966
706045.8655852973
706065.1342440626
706131.3212219145
706249.9064979169
706426.556511324
706666.7105272769
706976.7155729277
707361.8793820809
707828.1370573146
708381.5301941045
709027.9512980335
709773.3243281773
710623.6255488151
711584.460007167
712662.4082650491
713863.356324991
715192.8720216933
716656.2279694527
718259.7710230171
720009.3116531204
721910.3709717747
723968.81413804
726189.2158666073
728577.9169130627
731139.9227387048
733880.516591478
736804.8058051562
739917.8431623428
743224.5559486798
746729.7782582438
750438.2448042841
754354.54334335
758483.1552548358
762828.5339721373
767394.0555543412
772186.3428923242
777206.9750439591
782460.6239842369
787951.1164351219
793682.0939898004
799657.1129456166
805879.573050909
812352.7629925394
819079.8740574596
826064.9841262894
833307.898993134
840814.5540612391
848586.6025089952
856626.6108710452
864937.0296212524
873520.2072326912
882378.3823955457
891513.5925053139
900927.9242528598
910623.2220507764
920601.2709459641
930863.7311042048
941412.197481066
952248.0974669026
963372.8058945617
974787.5815572324
986493.5754688405
998491.8506508198
1.0107833988491902e6
1.0233690692910593e6
1.0362496464275642e6
1.0494258518617956e6
1.0628982824132442e6
1.0766674678471317e6
1.0907338516886262e6
1.1050977998661194e6
1.119759599445469e6
1.134719461322269e6
1.1499775249263486e6
1.1655338565336103e6
1.1813884537418657e6
1.1975412467167277e6
1.213992104005506e6
1.2307408257920742e6
1.2477871557274922e6
1.265130778598497e6
1.282771322190468e6
1.3007083603207928e6
1.3189414143562154e6
1.3374699572126046e6
1.3562934114153637e6
1.375411154291423e6
1.3948225216448181e6
1.4145268027255302e6
1.4345232518838616e6
1.454811077858407e6
1.475389466713381e6
1.4962575541641633e6
1.5174144527803983e6
1.5388592410719215e6
1.5605909704842772e6
1.5826086655894676e6
1.6049113216504238e6
1.6274979141721735e6
1.6503673941841195e6
1.6735187147933843e6
1.6969507350905747e6
1.720662390812717e6
1.744652545117701e6
1.7689200653789027e6
1.7934638012666875e6
1.8182826003258305e6
1.8433752700016669e6
1.868740631493547e6
1.8943775034490789e6
1.920284688778164e6
1.9464609669461234e6
1.9729051503326287e6
1.9996160170345525e6
2.0265923596813602e6
2.0538329576518175e6
2.0813365935803296e6
2.1091020538336807e6
2.137128124150877e6
2.1654135900478614e6
2.1939572396407435e6
2.2227578777562664e6
2.2518142921557995e6
2.2811252902571335e6
2.3106896828832924e6
2.340506258168215e6
2.3705739175779633e6
2.4008914179101167e6
2.431457622362463e6
2.4622713796745725e6
2.493331554247413e6
2.524637002021008e6
2.556186611151689e6
2.587979264803472e6
2.620013854576582e6
2.6522893175511956e6
2.684804539561956e6
2.7175584949590787e6
2.750550101907057e6
2.7837783410863183e6
2.817242169670899e6
2.8509405952508803e6
2.884872598706193e6
2.9190372015129486e6
2.9534334276103806e6
2.988060320146088e6
3.0229169370969795e6
3.0580023407796975e6
3.0933156212341967e6
3.128855875548899e6
3.1646222275249707e6
3.2006137587681627e6
3.2368296620714418e6
3.2732690714438064e6
3.3099311590387817e6
3.34681511692095e6
3.3839201198920184e6
3.421245411349725e6
3.458790195103194e6
3.49655373340503e6
3.5345352766138553e6
3.5727340673351367e6
3.6111494323517424e6
3.64978064864066e6
3.688627037950966e6
3.727687911135243e6
3.7669626346058133e6
3.806450544313125e6
3.8461510090835965e6
3.8860634105116636e6
3.9261871445104065e6
3.9665216203011754e6
4.00706625723959e6
4.0478204890841977e6
4.088783763742423e6
4.1299555358366515e6
4.171335275744677e6
4.212922477152038e6
4.254716625214601e6