403550.6867916632
403595.1004043879
403713.9951636422
403907.6664393969
404176.7374713621
404522.1052082168
404944.9314479263
405446.6861029541
406028.96244539635
406693.64153265883
407442.727148777
408278.6026007964
409203.7652451282
410220.84522020223
411332.77042074257
412542.5461828484
413853.3920530379
415268.6635889753
416791.76811355015
418426.42176876706
420176.3758868576
422045.2866225962
424037.14203604707
426155.90155835927
428405.56207876897
430790.30609721795
433314.11717609456
435981.30315782723
438795.8885636227
441762.0833368965
444884.04597881576
448165.9449319561
451611.8521408214
455225.8964923335
459012.1144678268
462974.33639568475
467117.0330281361
471443.56337684416
475957.9122530818
480663.81532597437
485564.962926319
490664.91917378
495967.1897037778
501475.1712421555
507192.16928472475
513121.3943835654
519265.99496627494
525628.9321094867
532213.1937429063
539021.5397880054
546056.6721547988
553321.200491571
560817.6250102733
568548.3232323921
576515.5877987875
584721.5902030485
593168.4075919304
601858.0038008313
610792.2501850269
619972.909401408
629401.6536076361
639080.033705273
649009.5312228629
659191.5201128786
669627.280068512
680317.9926435786
691264.7602430274
702468.5924182743
713930.4173624141
725651.0703935347
737631.3171483721
749871.8335589999
762373.2190977696
775136.0178693978
788160.6752304957
801447.5819057908
814997.0546232553
828809.3485291329
842884.6536891027
857223.0982160538
871824.7526535365
886689.6336993455
901817.6971575923
917208.8572326356
932862.9629194335
948779.8372105068
964959.228026608
981400.8696320272
998104.4341066212
1.0150695665272041e6
1.0322958674813716e6
1.049782900827101e6
1.067530201756385e6
1.0855372697828421e6
1.1038035751145151e6
1.12232855938381e6
1.1411116373461988e6
1.1601521985198893e6
1.1794496087799985e6
1.1990032125130133e6
1.2188123318881125e6
1.2388762720566266e6
1.259194319480132e6
1.279765744862237e6
1.3005898016179588e6
1.3216657332120284e6
1.3429927681349202e6
1.3645701247375025e6
1.386397014666135e6
1.4084726240049985e6
1.4307961574977317e6
1.4533667956868024e6
1.4761837100420815e6
1.499246082591767e6
1.5225530790872108e6
1.5461038674882147e6
1.5698976072717132e6
1.593933465278034e6
1.6182106006916263e6
1.6427281784165562e6
1.6674853582926283e6
1.6924813049795695e6
1.717715183588458e6
1.7431861642000957e6
1.768893417332989e6
1.7948361190038493e6
1.8210134493350643e6
1.8474245924476746e6
1.8740687387490931e6
1.9009450808304027e6
1.9280528237128577e6
1.9553911764807138e6
1.9829593437006585e6
2.0107565593829653e6
2.0387820464413483e6
2.0670350567859309e6
2.0955147985821557e6
2.1242205555263804e6
2.153151583784111e6
2.182307152374292e6
2.211686540286767e6
2.241289034052419e6
2.2711139345848775e6
2.3011605454423446e6
2.331428187277868e6
2.3619161826913585e6
2.3926238689954006e6
2.4235505903088073e6
2.4546957044299818e6
2.4860585760637466e6
2.517638580633153e6
2.549435103275552e6
2.581447540913244e6
2.613675299581365e6
2.646117792587303e6
2.678774448680441e6
2.711644708024299e6
2.744728004262851e6
2.778023807626981e6
2.8115315716106487e6
2.8452507851041653e6
2.879180933375871e6
2.9133214981284062e6
2.9476720014618584e6
2.982231954003256e6
3.01700088170612e6
3.05197831870277e6
3.087163811799693e6
3.1225569131137463e6
3.1581571909279153e6
3.193964214457156e6
3.2299775678251428e6
3.266196841269947e6
3.302621637328775e6
3.3392515645315866e6
3.376086242072733e6
3.4131252960111517e6
3.4503683634418985e6
3.487815091871057e6
3.5254651257852674e6
3.56331813376773e6
3.6013737815175396e6
3.6396317478422974e6
3.678091718236876e6
3.7167533851036443e6
3.7556164756858177e6
3.7946806287570163e6
3.8339456151715484e6
3.8734111554129827e6
3.913076972590728e6
3.9529428035027734e6
3.993008393941851e6
4.0332734971807566e6
4.0737378669036296e6
4.114401277948244e6
4.155263493416901e6
4.196324293115025e6
4.237583506125521e6
4.279040838709401e6
4.320696129149251e6