393925.3252384545
393971.84343829367
394096.56644203793
394299.4661572272
394581.3102845533
394943.08016779413
395385.83904657385
395911.0038360484
396520.1499432899
397215.1566373914
397998.03800971154
398871.1203751714
399836.8309070392
400897.78997958044
402056.8739627665
403317.04994724574
404681.49015864346
406153.49402725813
407736.4255543789
409433.9406713621
411249.7282888661
413187.39321802044
415250.85700974555
417444.014371212
419770.79651428375
422235.3157073468
424841.4879987441
427593.5407367089
430495.4327777488
433551.29388506163
436765.20881947945
440141.26345273363
443683.4564619686
447395.82928192324
451282.33940943726
455346.74527198495
459593.40391057474
464025.6157603606
468647.28410816996
473462.051084985
478473.5180093484
483685.1713827702
489100.4291969532
494722.6032937607
500554.9151101096
506600.4905314861
512862.3929642957
519343.5010495273
526046.7206181308
532974.7196373786
540130.138208893
547515.4898584218
555133.1987886151
562985.5644775676
571074.8018847116
579403.0064397745
587972.1819485859
596784.212435917
605840.9030700864
615143.9432414877
624694.9324476952
634495.3642189284
644546.6440336586
654850.0808254003
665406.8966373012
676218.2081080783
687285.05959343
698608.4021150696
710189.1082568537
722027.9595371009
734125.6641804073
746482.8529454629
759100.0863385835
771977.8422335199
785116.5250137179
798516.4908951778
812178.0111179268
826101.3012544005
840286.5149677045
854733.7412219689
869443.0199072554
884414.3343893476
899647.6102928327
915142.732967419
930899.5248754061
946917.7835450466
963197.233591906
979737.5855141538
996538.4976582474
1.0135995899566932e6
1.0309204482855019e6
1.0485006213298403e6
1.066339630209586e6
1.084436962142871e6
1.10279207638308e6
1.1214044050464989e6
1.140273354750658e6
1.1593983082102172e6
1.1787786258218272e6
1.1984136474303282e6
1.2183026927724902e6
1.238445064637432e6
1.2588400489226016e6
1.2794869167974074e6
1.3003849231577965e6
1.3215333139221817e6
1.342931321062969e6
1.3645781673900827e6
1.38647306981402e6
1.4086152210294493e6
1.4310038319705909e6
1.4536380923679434e6
1.4765171815112638e6
1.4996402907626845e6
1.52300659608289e6
1.5466152849129946e6
1.5704655009079217e6
1.5945564515607136e6
1.6188872975000853e6
1.6434572172255109e6
1.668265384393637e6
1.6933109769057708e6
1.7185931757517038e6
1.7441111640691867e6
1.769864128997361e6
1.7958512615679996e6
1.8220717566675132e6
1.848524816586456e6
1.8752096468830737e6
1.9021254567120066e6
1.929271467825995e6
1.9566469100552436e6
1.9842509968308245e6
2.0120829862615392e6
2.040142117966604e6
2.0684276602801655e6
2.096938840509022e6
2.125674957860714e6
2.1546353248883956e6
2.183819117819759e6
2.2132257436871277e6
2.2428544702828308e6
2.272704616247795e6
2.3027755032188194e6
2.333066469657351e6
2.36357685574428e6
2.39430601675151e6
2.4252533143951492e6
2.4564181244143825e6
2.487799828331868e6
2.5193978195414077e6
2.551211500327556e6
2.583240283865599e6
2.61548359446653e6
2.6479408617469096e6
2.6806115311471345e6
2.713495059284706e6
2.74659089627929e6
2.7798985255204905e6
2.8134174273546697e6
2.84714709487551e6
2.8810870332934833e6
2.915236739594091e6
2.9495957514500073e6
2.984163594372598e6
3.0189398279710948e6
3.053923945681928e6
3.089115564112257e6
3.124514232451586e6
3.16011952993749e6
3.195931042972686e6
3.231948367881416e6
3.2681711092451867e6
3.3045988821611092e6
3.3412313085818505e6
3.378068020574003e6
3.415108656731796e6
3.4523528675742703e6
3.4898003095626393e6
3.5274506441651513e6
3.565303547698241e6
3.6033586995815323e6
3.6416157892139857e6
3.680074513615173e6
3.7187345761767845e6
3.75759571385836e6
3.7966575777586563e6
3.8359199490844994e6
3.875382557212571e6
3.9150451430799975e6
3.954907430571551e6
3.9949691977084302e6
4.035230199025012e6
4.0756901990804593e6
4.1163489804595807e6
4.1572063153121653e6
4.198261993568562e6
4.239515807124099e6
4.280967557108501e6
4.322617046733927e6