326576.06835403113
326638.3704515696
326804.6367620009
327075.24350716494
327450.752797689
327931.9824865243
328519.9347168076
329215.86800760747
330021.1682980954
330937.5394262436
331966.7743489029
333110.86977742374
334372.04418656597
335752.63222234574
337255.1618818368
338882.2472333754
340636.7609524185
342521.45673196943
344539.47531751223
346693.9307483823
348987.9939389058
351425.0397625161
354008.3160101723
356741.2794909288
359627.37019966036
362670.0780651407
365872.88270685606
369239.37882257445
372773.0071505596
376477.2941398771
380355.74619893654
384411.8506060008
388648.98964652786
393070.60719651624
397680.0328358236
402480.5711261153
407475.4527428578
412667.8423512816
418060.84316056455
423657.47617101413
429460.3446885651
435473.34900604247
441697.9143965602
448138.0222613374
454795.3141671862
461672.6073793902
468772.3463179182
476096.7967081336
483648.25668848935
491428.7894882214
499440.4393053184
507685.1446580544
516164.73881086515
524880.9585103381
533835.4587656285
543029.7879838108
552465.4081561068
562143.6791961733
572065.8911711357
582233.2311587962
592646.7996078171
603307.6194594826
614216.6298038466
625374.6779334852
636782.5516003444
648440.9448561305
660350.4839131415
672511.7236106298
684925.14844047
697591.1708120129
710510.1425527689
723682.3524955993
737108.0243280961
750787.3282733865
764720.3719213572
778907.2132699534
793347.8553160853
808042.2533567431
822990.3127587955
838191.8975799759
853646.8223848733
869354.8639727853
885315.7573121369
901529.2037898131
917994.8655202333
934712.3725922494
951681.3233536369
968901.2833026536
986371.8008180421
1.0040923684858057e6
1.0220624935070114e6
1.0402816339038466e6
1.058749232380628e6
1.077464711295989e6
1.0964274735724668e6
1.115636907052749e6
1.135092379955348e6
1.154793248043872e6
1.1747388531017038e6
1.1949285244985707e6
1.2153615795767535e6
1.2360373298744517e6
1.2569550717058172e6
1.2781140980097882e6
1.2995136924832822e6
1.321153135241846e6
1.343031699178175e6
1.3651486565594282e6
1.3875032715261567e6
1.4100948089056588e6
1.4329225326647193e6
1.4559857025085068e6
1.4792835782941843e6
1.5028154262182128e6
1.5265805054122068e6
1.5505780926865584e6
1.5748074260083078e6
1.5992678007297372e6
1.623958481623351e6
1.6488787452822851e6
1.6740278729923991e6
1.6994051494767498e6
1.7250098609405986e6
1.750841312844324e6
1.776898797945634e6
1.8031816256344807e6
1.8296891111654588e6
1.8564205737727368e6
1.8833753415206496e6
1.9105527488604707e6
1.9379521379097644e6
1.9655728597415998e6
1.9934142648460758e6
2.021475731692768e6
2.0497566159311207e6
2.0782563135497589e6
2.106974212200713e6
2.1359097039385326e6
2.1650622024619924e6
2.1944311209048172e6
2.224015887297604e6
2.253815929206958e6
2.283830693422325e6
2.3140596296234056e6
2.344502199347768e6
2.3751578716812227e6
2.406026123975709e6
2.4371064432297153e6
2.4683983274814435e6
2.499901280386554e6
2.5316148174013933e6
2.5635384609202435e6
2.595671744153756e6
2.6280142069459897e6
2.6605653988390034e6
2.6933248799971193e6
2.72629221613061e6
2.7594669879931137e6
2.7928487752423324e6
2.826437172874562e6
2.8602317827194715e6
2.894232216894469e6
2.928438007261652e6
2.962849029451478e6
2.9974646710754815e6
3.032284679164407e6
3.0673086504704743e6
3.102536293625162e6
3.1379672583118402e6
3.173601220952486e6
3.2094378658497036e6
3.245476878055579e6
3.2817179562798645e6
3.318160805373146e6
3.3548051372769256e6
3.3916506707716715e6
3.428697129925904e6
3.465944250764368e6
3.5033917713617296e6
3.5410394359122706e6
3.578887000117844e6
3.6169342193524623e6
3.655180866437833e6
3.693626709064331e6
3.732271524761915e6
3.771115099793533e6
3.810157226546893e6
3.8493976910188403e6
3.8888363065056894e6
3.9284728771184385e6
3.968307215827224e6
4.0083391407211283e6
4.0485684766620714e6
4.0889950546513284e6
4.1296187028454794e6
4.170439271525355e6
4.211456597107816e6
4.252670530417636e6
4.294080926675231e6
4.335687645218997e6