569172.2321224585
569183.0669045812
569212.1140101011
569259.8674146789
569327.1326439178
569414.9676372982
569524.4299005306
569658.0459785413
569816.9460266967
570003.5600921239
570220.3999270006
570470.228979607
570755.9834309494
571080.8478172544
571448.3421247079
571862.0636253626
572325.8599421205
572843.8110544896
573419.9309098207
574058.83074745
574765.0680216188
575543.0535659515
576397.6784400921
577333.7684090621
578356.2906805945
579470.3936958356
580680.8130458122
581993.5225142557
583412.9474927422
584944.6225816235
586593.7700615389
588365.6659480837
590265.5629701774
592298.7209420255
594470.2793927662
596785.650148595
599249.7858513674
601867.8520439392
604644.9603853488
607585.9180262641
610695.825398221
613979.4742487312
617441.6108974557
621086.9304359253
624919.9998259017
628945.2937238844
633167.2658940635
637590.1221064011
642218.1392682587
647055.3361817371
652105.6872831268
657373.0650034613
662861.2008693668
668573.7139565137
674514.1287889247
680685.8330808505
687092.1066931693
693736.1076075038
700620.8742373792
707749.3352986312
715124.2917875885
722748.4361967914
730624.3367126703
738754.4643205667
747141.1555024121
755786.636914651
764693.0310428195
773862.3480307356
783296.4857008957
792997.2289814664
802966.2669431596
813205.1881743753
823715.4627741725
834498.4781681538
845555.5059268497
856887.7357451307
868496.2535579307
880382.0578846864
892546.0553550166
904989.0617401095
917711.8127589165
930714.9578722222
943999.0585230682
957564.6132091524
971412.018574527
985541.63048953
999953.6855888665
1.0146483999842426e6
1.0296258900105585e6
1.0448862191719037e6
1.0604293792033745e6
1.07625530595543e6
1.0923638747083494e6
1.1087549030482129e6
1.1254281549248786e6
1.1423833407590315e6
1.1596201204591622e6
1.1771381053663944e6
1.1949368604083885e6
1.2130159063339904e6
1.2313747202637112e6
1.2500127405269546e6
1.2689293659055522e6
1.2881239596175249e6
1.307595845863639e6
1.3273443226294639e6
1.3473686556445525e6
1.3676680672061476e6
1.3882417768372288e6
1.4090889583336893e6
1.4302087694729404e6
1.4516003420224183e6
1.4732627881526144e6
1.4951952005522223e6
1.5173966519609506e6
1.5398662007288882e6
1.5626028879349732e6
1.5856057412549392e6
1.6088737741557101e6
1.6324059927800312e6
1.6562013886798962e6
1.68025895210226e6
1.7045776413706515e6
1.7291564456671702e6
1.7539943623484059e6
1.7790902276641447e6
1.8044431215582427e6
1.8300519555331736e6
1.8559156821909028e6
1.882033247147631e6
1.9084036080221005e6
1.9350257149846663e6
1.9618985077315944e6
1.989020959794716e6
2.0163920223901123e6
2.0440106587319213e6
2.0718758314425834e6
2.099986516138012e6
2.128341688770077e6
2.1569403335346207e6
2.18578143927861e6
2.2148640029407563e6
2.24418703251101e6
2.273749538734982e6
2.3035505439758413e6
2.333589079662488e6
2.3638642052962556e6
2.394374928291006e6
2.425120332497978e6
2.4560994460137966e6
2.487311467250532e6
2.518755368948404e6
2.550430294110957e6
2.5823353582844776e6
2.6144696788917906e6
2.646832400093666e6
2.679422697536804e6
2.7122396610465953e6
2.7452825170605634e6
2.778550434847376e6
2.81204261708067e6
2.8457582649899786e6
2.879696607789775e6
2.9138568735892223e6
2.948238313511583e6
2.982840184314795e6
3.017661757868407e6
3.052702320080242e6
3.087961163984159e6
3.123437602491058e6
3.159130956125155e6
3.1950405572641157e6
3.231165753776287e6
3.2675059069074593e6
3.3040603847797103e6
3.3408285720819472e6
3.3778098627488287e6
3.41500366871591e6
3.4524094099151646e6
3.4900265042909468e6
3.527854418979849e6
3.565892597577699e6
3.604140485555871e6
3.6425975956675303e6
3.6812633996714656e6
3.7201374057097076e6
3.759219117929488e6
3.798508064264001e6
3.8380037786976234e6
3.877705802950934e6
3.91761369332408e6
3.9577270155203626e6
3.998045348606016e6
4.038568273058765e6
4.0792953896157923e6
4.120226303024297e6
4.1613606290889285e6
4.202697991503503e6
4.244238030847497e6
4.285980385741379e6