511308.0616886472
511330.0213676412
511388.74785132083
511484.67515605903
511618.6168181727
511791.5170643484
512004.72269000387
512259.82517348364
512558.66806457244
512903.3414212773
513296.1975172193
513739.89604183397
514238.0348167305
514791.2194247139
515405.2162855862
516082.63217454887
516827.12278196093
517642.5456471807
518532.76458379946
519502.0783738783
520554.840620159
521695.1822328531
522927.75009875215
524257.133278544
525687.9568799788
527225.0936560717
528873.0523138272
530637.3213025164
532522.1653581592
534532.7102818738
536673.8816608372
538950.5842505193
541367.73314051
543930.2152632512
546642.8834371001
549510.5669180823
552538.0457323862
555730.0365926332
559091.2341914903
562625.7962185496
566339.3876569509
570235.3678794957
574318.4463537366
578592.903307183
583062.9040482226
587732.5127377545
592605.7688197352
597686.4764841048
602978.4920489658
608485.4260483009
614210.846063788
620158.2022673788
626330.8269133163
632731.9316696906
639364.6316423272
646231.9138671574
653336.6564661851
660681.625397217
668269.4476474344
676102.6824275409
684183.7411277636
692514.9325667769
701098.4522630128
709936.3974563358
719030.7439526576
728383.3555121056
737996.0016162053
747870.3478873658
758007.9529196189
768410.2676720588
779078.6574878858
790014.3849374873
801218.6211593117
812692.4421613386
824436.8947814811
836452.6759175977
848740.798035553
861301.9193889552
874136.684556572
887245.6567423347
900629.3251955932
914288.1018754629
928222.3220695661
942432.2632221053
956918.113102538
971680.0233186387
986718.0421347204
1.0020321988910828e6
1.0176224337031449e6
1.0334886428877129e6
1.0496306635654112e6
1.0660482808774759e6
1.082741229315973e6
1.099709194797287e6
1.116951817186721e6
1.1344686916019074e6
1.1522593709119856e6
1.1703233675032475e6
1.1886601552643788e6
1.2072691718593887e6
1.2261498190782457e6
1.2453014673802853e6
1.2647234552710957e6
1.2844150929708802e6
1.304375659161128e6
1.3246044125397978e6
1.345100583416724e6
1.365863380428072e6
1.386891990819878e6
1.408185582151141e6
1.4297433051234654e6
1.4515642901359168e6
1.4736476552074887e6
1.4959925047950924e6
1.5185979271352522e6
1.5414630026249455e6
1.5645867923051124e6
1.5879683733266462e6
1.6116067774351803e6
1.6355010602415798e6
1.6596502548345104e6
1.6840533948401464e6
1.708709510638302e6
1.7336176304992982e6
1.7587767762966028e6
1.7841859727367559e6
1.8098442418808283e6
1.835750606999517e6
1.8619040941883235e6
1.888303725855691e6
1.9149485359118227e6
1.9418375573093013e6
1.968969813138644e6
1.996344361745312e6
2.023960239051533e6
2.0518165146028425e6
2.0799121976941933e6
2.1082463999056304e6
2.13681817670697e6
2.1656266167208883e6
2.1946707750929194e6
2.223949768281443e6
2.2534627169447187e6
2.283208702677891e6
2.313186864615802e6
2.343396326105305e6
2.3738362286440833e6
2.4045057239293894e6
2.435403974988539e6
2.466530152121864e6
2.4978834361324836e6
2.529463019745817e6
2.5612681087000566e6
2.5932979198267735e6
2.625551672618488e6
2.658028612568028e6
2.690727991635339e6
2.7236490465570246e6
2.756791078933457e6
2.790153359644456e6
2.8237352114746403e6
2.8575358871053075e6
2.891554734790952e6
2.9257910837261276e6
2.960244276879947e6
2.994913672568233e6
3.0297986085608737e6
3.064898514291046e6
3.100212736382087e6
3.135740689009555e6
3.1714817834062427e6
3.2074354422044223e6
3.2436011235417156e6
3.279978227524553e6
3.3165662328555775e6
3.353364609804044e6
3.3903728360176412e6
3.427590403890539e6
3.4650168157225745e6
3.502651575159688e6
3.5404942179482477e6
3.578544270017584e6
3.616801256759243e6
3.655264763270149e6
3.6939343365075337e6
3.732809556788765e6
3.771890000208348e6
3.8111752654070985e6
3.850664954436778e6
3.890358681636122e6
3.930256065795132e6
3.970356740169665e6
4.010660353639394e6
4.0511665317686973e6
4.091874956373358e6
4.1327852871731613e6
4.1738971987947775e6
4.215210375010618e6
4.256724512066746e6
4.298439306042988e6