765901.0400918518
765878.3541313147
765818.2969305486
765720.4775942962
765586.6886651735
765416.837302767
765215.0743803782
764981.7230483793
764718.257981923
764427.6762567594
764112.8439130863
763776.8017375558
763422.8386436561
763054.5140128545
762675.8170722394
762290.7356728914
761903.6083443915
761519.0574561154
761141.5554385242
760776.3487186693
760428.6938765238
760103.4026787285
759806.1716157589
759542.5058964225
759318.0708808232
759139.914274595
759010.0349377393
758938.5572581406
758930.0161110198
758990.254445865
759125.6562196526
759342.3296923508
759646.4188885132
760044.135889727
760541.5869183232
761145.1232955097
761860.7321824005
762694.9551003885
763652.9081224488
764741.2445768819
765966.0935529086
767332.9899662988
768848.822480685
770517.6107946726
772346.3524052416
774340.3029494414
776505.0299772861
778845.9409215642
781368.4206142193
784077.6620139412
786978.8166092752
790076.935503047
793376.9070351844
796883.5536671699
800601.5691054915
804535.5507416116
808689.9303387183
813069.086773206
817677.1677729498
822518.3475353807
827596.5696438823
832915.7032229616
838479.4731531483
844291.4861302342
850355.2457846095
856675.2722388672
863251.3057831868
870089.9692400786
877193.1001032518
884563.5768305969
892204.134296345
900117.4390763565
908306.0346620169
916772.2299802391
925518.4201111937
934546.7309266507
943859.2291050624
953457.8607005609
963344.4754476856
973520.7908009104
983988.4366418187
994748.930208727
1.0058036837217597e6
1.01715401121313e6
1.0288011211448332e6
1.040746126836735e6
1.0529900381312768e6
1.0655337994219395e6
1.078378228000585e6
1.0915240649964581e6
1.10497196130012e6
1.118722481588702e6
1.1327761088719368e6
1.1471332385102017e6
1.1617941903327028e6
1.1767592042387673e6
1.1920284438036364e6
1.2076020002230841e6
1.2234798918379513e6
1.2396620667833318e6
1.2561484109048974e6
1.2729387285004186e6
1.2900327847416974e6
1.3074302673917236e6
1.325130809244507e6
1.3431339864434858e6
1.361439320143358e6
1.3800462788589937e6
1.398954280390717e6
1.418162693003729e6
1.4376708424737717e6
1.4574780038779816e6
1.4775834126578183e6
1.4979862772945077e6
1.5186857283557304e6
1.5396808969333153e6
1.560970868075141e6
1.5825546922284202e6
1.6044313985964558e6
1.6265999588392912e6
1.6490593440836992e6
1.6718085001821336e6
1.694846309191909e6
1.718171693995408e6
1.7417835074556686e6
1.7656805996446225e6
1.7898618016416694e6
1.8143259273027908e6
1.8390717778261348e6
1.8640981297790515e6
1.8894037694085783e6
1.9149874514974733e6
1.9408479157912706e6
1.966983926869439e6
1.9933942007856895e6
2.0200775079418519e6
2.047032539644868e6
2.0742580180064673e6
2.101752678166943e6
2.1295152351060896e6
2.1575444022952644e6
2.185838903424022e6
2.214397458571193e6
2.2432187869843193e6
2.272301616169055e6
2.301644676142408e6
2.331246698449622e6
2.3611065467826794e6
2.391222608427398e6
2.4215939921033876e6
2.452219341084538e6
2.4830974219673155e6
2.5142270159740006e6
2.5456069080491033e6
2.5772358892393666e6
2.609112779104391e6
2.641236394939604e6
2.6736055394301508e6
2.7062190876076207e6
2.7390758764399886e6
2.7721747785767387e6
2.8055146668395763e6
2.8390944520010646e6
2.872912979566564e6
2.9069692311195233e6
2.941262113996372e6
2.9757905763185257e6
3.0105535824101083e6
3.045550098485702e6
3.0807791555022276e6
3.1162396549628396e6
3.1519307298467592e6
3.187851493082758e6
3.2240005663007936e6
3.2603774736669743e6
3.296981136482968e6
3.3338106453622184e6
3.3708651156261866e6
3.4081436748767667e6
3.445645446536492e6
3.483369608815001e6
3.5213153246233105e6
3.559481748539178e6
3.5978681323373397e6
3.6364736623524115e6
3.6752975824185624e6
3.7143384607486497e6
3.753596898472776e6
3.7930715022899588e6
3.8327622276114007e6
3.8726670459211995e6
3.9127859433216746e6
3.9531182535856185e6
3.993663326025074e6
4.0344205197208156e6
4.0753892118301173e6
4.1165687877833466e6
4.1579586485148477e6
4.199558220807062e6
4.241366924807141e6