448477.01651563344
448511.7938913265
448604.7848486566
448756.340204071
448967.2149718824
449238.3150310165
449570.9085615645
449966.454050764
450426.7366013966
450953.7071753773
451549.4764314062
452216.60156641353
452957.71497222653
453775.627601261
454673.4271147908
455654.33345684095
456721.74593191035
457879.25473741116
459130.4702277287
460479.37278148753
461929.9834366593
463486.17542135937
465152.23018411093
466932.39573702135
468830.21428644436
470852.3738173116
473000.9577194962
475281.36696608993
477697.8939727314
480255.10288951953
482957.51037051145
485809.5868755408
488815.81448701594
491980.62933970033
495308.44383794593
498803.12471130094
502470.48768598377
506313.2810645446
510336.2088360477
514543.3681826851
518938.8233581268
523526.5258758642
528310.3490569858
533294.0933110954
538481.4283685029
543875.9331792588
549481.1548410775
555300.4146566798
561337.0808778504
567594.2794949556
574075.0929800832
580782.4912077091
587719.3308960731
594888.3514609147
602292.1951675692
609933.3857414912
617814.344983944
625937.3704743468
634304.670243619
642918.3317874458
651780.5099447848
660892.5850335059
670256.8318356646
679874.7626138865
689747.9492600325
699877.8589115487
710265.8727246239
720913.3033610919
731821.2584062062
742990.90726508
754423.237690737
766119.1682241679
778079.5326884425
790305.0942914286
802796.512235842
815554.3867931247
828579.2335732586
841871.4983739433
855431.552709162
869259.7007368059
883356.1795538331
897721.1614702236
912354.7534072653
927257.0122347525
942427.9191116914
957867.4250265262
973575.3921626522
989551.6709851194
1.0057960367829845e6
1.0223082254346848e6
1.0390879272432041e6
1.0561347898408491e6
1.0734484200289496e6
1.0910283851811115e6
1.1088742159385202e6
1.126985407751082e6
1.145361422685036e6
1.1640016912845115e6
1.1829056145158475e6
1.20207256476524e6
1.2215018883384923e6
1.2411929073539278e6
1.2611449198619085e6
1.2813572041313213e6
1.301829014050644e6
1.322559590062385e6
1.3435481523578637e6
1.364793906102176e6
1.386296046505104e6
1.4080537360906368e6
1.4300661567168832e6
1.4523324531459012e6
1.4748517745934906e6
1.497623254496701e6
1.5206460234680085e6
1.543919206370645e6
1.5674419124399498e6
1.591213260985647e6
1.6152323574666125e6
1.6394983118737503e6
1.6640102265240606e6
1.6887672045244449e6
1.7137683489271544e6
1.7390127655403526e6
1.7644995571992875e6
1.7902278331290877e6
1.8161967016431e6
1.8424052766373e6
1.868852673479007e6
1.8955380117485418e6
1.9224604210913791e6
1.9496190327402712e6
1.9770129725999394e6
2.004641398429233e6
2.0325034516841965e6
2.0605982018941967e6
2.088925087841972e6
2.1174829951025257e6
2.1462712100347523e6
2.1752889155235714e6
2.204535307815017e6
2.234009594784297e6
2.263710988869707e6
2.293638714622829e6
2.3237920109922104e6
2.3541701168497694e6
2.38477228642744e6
2.4155977832192103e6
2.446645883259271e6
2.4779158675851193e6
2.5094070339509035e6
2.5411186845890544e6
2.573050137491894e6
2.6052007188666863e6
2.6375697614197475e6
2.6701566186145428e6
2.7029606523378934e6
2.7359812107092263e6
2.769217698606524e6
2.802669498164974e6
2.836336008590183e6
2.870216649705857e6
2.9043108254590896e6
2.938617989867029e6
2.9731375802038233e6
3.0078690496358806e6
3.042811869188446e6
3.0779655101156817e6
3.1133294581860183e6
3.1489032155536003e6
3.184686285375635e6
3.2206781850777427e6
3.256878442190402e6
3.2932865959370816e6
3.329902191594704e6
3.366724787961888e6
3.40375395256847e6
3.4409892574616694e6
3.478430295105021e6
3.516076653739393e6
3.553927978791006e6
3.591983819409596e6
3.630243812063153e6
3.6687076111320835e6
3.7073748475846015e6
3.7462452013485786e6
3.7853182559117917e6
3.824593731957419e6
3.864071304536461e6
3.903750648553855e6
3.943631453188585e6
3.9837134182377225e6
4.0239962516769515e6
4.064479663400895e6
4.1051633861088697e6
4.1460471724653244e6
4.1871306961065773e6
4.228413734749114e6
4.269896040120052e6
4.311577368016194e6