686677.4926349457
686667.5972128423
686641.2950843652
686599.1016937911
686541.9818268111
686470.9129104587
686387.0534726841
686293.5490778699
686191.05826908
686082.3909395932
685970.2801876755
685857.664041403
685747.731834233
685645.1401311995
685549.9909486292
685469.8786129075
685407.721870953
685367.9603756715
685354.8920714874
685373.5662052009
685428.9730501603
685525.8429527511
685669.3347749016
685865.3469073131
686118.6941344426
686435.1624328208
686820.1367358129
687279.840118587
687819.5622839434
688445.0474279695
689162.3388506623
689977.206624376
690895.4842344122
691923.0476605044
693065.404187556
694329.0501664062
695719.7163898092
697242.9082057961
698903.7946612464
700708.6179473563
702663.0481436875
704772.5087147416
707042.4373959062
709478.2323030239
712085.1746836433
714868.4682903925
717833.2656100376
720984.5637673278
724327.3023907848
727866.2738650785
731606.1851406953
735551.6511314457
739707.1368073891
744076.9905257126
748665.552737785
753476.7885008494
758515.0011379059
763783.8535407587
769286.9426819835
775028.5775957346
781011.6759892863
787239.858575371
793716.3950037127
800444.4748307482
807427.1428489665
814668.3170340204
822167.8085827886
829931.3007581047
837960.3745099505
846257.4690403355
854824.9259409875
863664.972451231
872779.7328950254
882171.1333497162
891841.1466705039
901791.5037114021
912023.8868230354
922539.8579407375
933340.8767050527
944428.2993902214
955803.3904889511
967467.3107041615
979421.1156823358
991665.7754529755
1.0042021894565042e6
1.0170311196261655e6
1.030153264573283e6
1.0435692601252503e6
1.057279626317332e6
1.0712848109806594e6
1.085585183069358e6
1.1001810356619055e6
1.115072584671461e6
1.1302599741549194e6
1.145743278070354e6
1.161522500527246e6
1.1775975797904965e6
1.193968389152e6
1.2106347428369178e6
1.227596390047369e6
1.2448530257669427e6
1.2624042889367095e6
1.2802497641803513e6
1.2983889849094776e6
1.3168214348996296e6
1.335546551249387e6
1.3545637246608306e6
1.3738723024613298e6
1.3934715930846524e6
1.4133608607271574e6
1.4335393376483968e6
1.4540062153623807e6
1.4747606544316043e6
1.495801783519412e6
1.517128699803252e6
1.538740471430901e6
1.5606361415941268e6
1.582814728407008e6
1.6052752239423494e6
1.628016601737413e6
1.6510378124115397e6
1.6743377969686345e6
1.6979154493284347e6
1.7217696921396493e6
1.7458994159795623e6
1.7703034654827102e6
1.7949807167899073e6
1.8199300189334606e6
1.8451502169235626e6
1.8706401360971676e6
1.896398626003216e6
1.922424479147283e6
1.9487165117753027e6
1.9752735565287156e6
2.002094414737493e6
2.0291777949590774e6
2.0565228187284225e6
2.0841279885460865e6
2.11199219361902e6
2.1401142766244127e6
2.168493042483286e6
2.197127310134649e6
2.2260159082024605e6
2.255157663106695e6
2.2845514122632677e6
2.314195994270971e6
2.344090260079291e6
2.374233067923668e6
2.4046232834756384e6
2.4352597795543717e6
2.4661414396963073e6
2.497267156724775e6
2.528635833673918e6
2.5602463909970606e6
2.5920977353104115e6
2.6241888209486976e6
2.6565185985438568e6
2.6890859978064904e6
2.721890028688166e6
2.754929656544736e6
2.7882038792104837e6
2.821711707389426e6
2.8554521632043435e6
2.8894242859678697e6
2.923627126206309e6
2.95805974458691e6
2.9927212201459487e6
3.027610647138713e6
3.0627271237587444e6
3.0980697756311437e6
3.1336377355249003e6
3.1694301618109015e6
3.20544617293675e6
3.241684995139294e6
3.278145796248373e6
3.3148277834577593e6
3.351730182586255e6
3.3888522021002914e6
3.426193117663464e6
3.463752167283785e6
3.501528644457416e6
3.539521832264218e6
3.57773100531715e6
3.616155520940933e6
3.654794687631846e6
3.6936478773803595e6
3.7327143781737466e6
3.771993623794379e6
3.8114849827437312e6
3.851187844114221e6
3.891101619215744e6
3.9312257310347757e6
3.9715596184534016e6
4.0121027217083587e6
4.0528545075360495e6
4.093814452015163e6
4.13498202391283e6
4.1763567306582876e6
4.217938086219016e6
4.259725600714931e6