488918.64999414026
488945.0947428077
489015.7638221901
489131.1042654929
489291.88960873
489499.0607542074
489753.91051038716
490058.0465037271
490413.22304525634
490821.50969990005
491285.22732689406
491806.92847064463
492389.39377655357
493035.55436914705
493748.6708011342
494532.10175711743
495389.4151463163
496324.3751336504
497340.75969354017
498442.76250649546
499634.63038492063
500920.37952227355
502304.5643347
503791.6470475637
505386.1333921419
507092.7684946519
508916.06122337456
510860.98633700365
512932.0531028145
515134.11774335604
517471.9676522309
519950.3583396302
522574.05574328627
525347.8020960814
528276.2881511545
531358.7838835359
534616.1301064679
538036.6646392043
541630.3141580491
545401.1221253847
549354.5137892462
553493.729495787
557823.3051963664
562347.3510639159
567069.8633351586
571994.7393906097
577125.8474477228
582466.8248656386
588021.3295273109
593792.891411697
599784.8211530307
606000.4332176221
612442.8928263128
619115.2480134603
626020.4464035732
633161.31543574
640540.5749022999
648160.825539841
656024.5455674285
664134.1278108094
672491.83564543
681099.8249506805
689960.1510822808
699074.7519184758
708445.4690986071
718074.0216190363
727962.0429517577
738111.0425590496
748522.5047733799
759197.6941681129
770137.8682809299
781344.1737446059
792817.6508767253
804559.2671955416
816569.887200749
828850.3025654247
841401.2161953865
854223.251878505
867316.9558809089
880682.7963530438
894321.1710784342
908232.4043074173
922416.7471896531
936874.396357059
951605.4632111124
966610.0252963556
981888.0618239513
997439.5342798836
1.0132643241349239e6
1.0293622647753498e6
1.045733139185662e6
1.0623766799689033e6
1.0792925769769857e6
1.0964804594887404e6
1.113939936583791e6
1.1316705608864203e6
1.1496718497599815e6
1.167943283279974e6
1.1864843060000883e6
1.205294329646494e6
1.2243727325817011e6
1.2437188651902552e6
1.2633321183210725e6
1.2832115779035017e6
1.3033567206090451e6
1.3237667259316624e6
1.3444408174072707e6
1.3653781994389095e6
1.3865780579854592e6
1.4080395608816412e6
1.429761861538417e6
1.4517440959791765e6
1.4739853901787251e6
1.4964848548697853e6
1.5192415927404067e6
1.5422546962892883e6
1.5655232475012685e6
1.5890463227548404e6
1.6128229893390322e6
1.6368523173654173e6
1.6611333618098297e6
1.6856651799695904e6
1.7104468250740194e6
1.7354773513323036e6
1.7607558088872244e6
1.7862812494703413e6
1.8120527252919031e6
1.8380692897065352e6
1.8643300010714207e6
1.8908339125668749e6
1.9175800917672974e6
1.9445676054479908e6
1.9717955085609537e6
1.999262905051e6
2.026968855291146e6
2.0549124700176034e6
2.0830927980062857e6
2.1115089840432396e6
2.140160124016817e6
2.169045334371031e6
2.1981637432246692e6
2.2275144731045538e6
2.257096679097075e6
2.286909505746955e6
2.3169521215144536e6
2.3472236869572354e6
2.377723392689594e6
2.408450421598208e6
2.439403980001772e6
2.470583276960754e6
2.5019875335871857e6
2.5336159840820907e6
2.565467877049487e6
2.597542453716713e6
2.6298389884123276e6
2.66235675996175e6
2.695095060293468e6
2.7280531678908556e6
2.7612304180309586e6
2.794626121209772e6
2.82823961257849e6
2.8620702352340985e6
2.896117348117543e6
2.930380317629969e6
2.9648585231299987e6
2.9995513537846277e6
3.0344582114782818e6
3.0695785387885985e6
3.104911697110057e6
3.140457161364084e6
3.1762143681474817e6
3.212182776536434e6
3.248361854982767e6
3.28475108415569e6
3.3213499517336017e6
3.358157959310661e6
3.395174616639392e6
3.4323994467079514e6
3.469831982253731e6
3.507471758550903e6
3.545318364300891e6
3.583371308209913e6
3.621630164127522e6
3.66009455003204e6
3.698764038019404e6
3.737638236192041e6
3.776716748770031e6
3.815999199786977e6
3.8554852177754957e6
3.895174442242793e6
3.935066515249498e6
3.9751611005179305e6
4.01545785848091e6
4.055956459970275e6
4.096656590341447e6
4.137557938350629e6
4.1786602011862323e6
4.219963085458093e6
4.26146630536678e6
4.303169581380607e6