338036.8680675562
338096.42619334767
338255.37707006617
338514.10762535164
338873.19074361736
339333.4563471605
339895.94491827686
340561.9282173398
341332.84896594135
342210.4121271415
343196.4446018414
344293.01877432165
345502.4262895228
346826.99060404033
348269.37456399994
349832.21176337113
351518.3980646945
353330.8909664439
355272.79127782397
357347.30308035377
359557.722656231
361907.4750295703
364399.9237018111
367038.58756670565
369827.03157177893
372768.8112382238
375867.514287533
379126.84471030603
382550.34241380333
386141.6297847901
389904.33513941907
393842.05011520616
397958.2577966575
402256.52761659666
406740.2816169376
411412.8330357532
416277.8603168003
421338.31581565714
426597.5125381849
432058.58991629945
437724.6089577478
443598.55361634307
449683.3006736167
455981.668182611
462496.34194935404
469229.9399997321
476185.0062721416
483363.9356430777
490769.11251537583
498402.7153963924
506266.89055002807
514363.6788253181
522695.01548304805
531262.733186602
540068.5870844295
549114.2161306822
558401.1848444394
567930.9348189277
577704.847527037
587724.1969779185
597990.167404653
608503.863445061
619266.3008170376
630278.4123229502
641541.051573858
653054.9880662714
664820.9173974773
676839.4604941319
689111.1667463979
701636.5107230181
714415.9032163381
727449.6905307833
740738.1502293858
754281.5045287735
768079.9103177779
782133.472445615
796442.2381952489
811006.2055967095
825825.3191580086
840899.4776862306
856228.5339155882
871812.2968920844
887650.530663331
903742.9671572376
920089.2886686185
936689.1607947237
953542.1838474745
970647.9607121941
988006.0451424343
1.0056159649016696e6
1.0234772217077141e6
1.0415892920053671e6
1.0599516288492514e6
1.0785636631114914e6
1.0974248051588503e6
1.1165344462989543e6
1.1358919602195022e6
1.155496704180086e6
1.1753480207774052e6
1.1954452386121263e6
1.2157876740181665e6
1.2363746319019003e6
1.2572054072974864e6
1.2782792862069223e6
1.2995955455228928e6
1.3211534570602374e6
1.3429522844314268e6
1.3649912903783964e6
1.3872697275724404e6
1.4097868490455057e6
1.4325419049665164e6
1.4555341445405844e6
1.478762812152264e6
1.5022271532077368e6
1.5259264666945701e6
1.5498598651793269e6
1.5740267145576966e6
1.5984262450035575e6
1.6230577019660994e6
1.6479203447685707e6
1.6730134354221665e6
1.6983362384307259e6
1.7238880205145092e6
1.749668067294192e6
1.7756756517188826e6
1.801910061960668e6
1.8283705915795253e6
1.85505653920695e6
1.8819672113824142e6
1.9091019216631365e6
1.9364599886413272e6
1.9640407439112437e6
1.9918435140914142e6
2.019867657053916e6
2.0481125018227485e6
2.076577445444272e6
2.105261808365399e6
2.1341649968821188e6
2.1632863945506425e6
2.192625388665486e6
2.222181387901394e6
2.251953796938054e6
2.281942041249359e6
2.31214554845984e6
2.3425637586339964e6
2.3731961206838666e6
2.404042088985998e6
2.4351011253707325e6
2.466372721442844e6
2.4978563455203124e6
2.5295514972935077e6
2.5614576786238607e6
2.593574402341441e6
2.625901189543193e6
2.658437568610325e6
2.6911830807127436e6
2.7241372719405284e6
2.757299704514668e6
2.790669938581671e6
2.824247549079268e6
2.8580321246949043e6
2.892023255165259e6
2.9262205342487884e6
2.960623579370203e6
2.9952320058421623e6
3.0300454552144543e6
3.0650635144383726e6
3.100285873179157e6
3.1357121646110974e6
3.1713420491856486e6
3.2071751956852954e6
3.243211273006914e6
3.2794499581787507e6
3.315890961498237e6
3.3525339583887113e6
3.389378661658079e6
3.426424780747041e6
3.463672036298104e6
3.5011201541327243e6
3.5387688644139217e6
3.5766179096388794e6
3.614667031800465e6
3.652915992877753e6
3.691364544105544e6
3.7300124546448183e6
3.7688594964139494e6
3.807905451551977e6
3.8471500930554294e6
3.8865932240826297e6
3.926234637295552e6
3.966074134825978e6
4.0061115240877275e6
4.0463466198871923e6
4.086779242267744e6
4.1274092102735317e6
4.1682363645433574e6
4.209260531406347e6
4.250481552655561e6
4.291899274343796e6
4.333513547124298e6