802262.505937397
802234.2411315287
802159.3670056111
802037.3487530816
801870.2804078192
801659.2393504423
801404.0429821969
801109.7200504574
800776.045334836
800406.1197891422
800002.8470093333
799569.3039527216
799108.6684107427
798625.0630614655
798122.0100868777
797603.7439673343
797074.6540326029
796539.4512665079
796002.6425678553
795469.6923785617
794945.6512547149
794435.6435128713
793945.4223580295
793480.2303138415
793046.8488140577
792650.2140351934
792296.3389931084
791991.921767991
791742.76583307
791554.8298112259
791434.6408523624
791388.4335231697
791422.4679794193
791543.0951561185
791756.5590652446
792069.3457979062
792487.4097614442
793017.2031692308
793664.7982781988
794437.8061393702
795339.4684915806
796379.0669829738
797561.0623068963
798890.4416725494
800374.4471069234
802018.4765739522
803828.2693025903
805809.4073052467
807967.4533883154
810307.7723197362
812835.7078509273
815556.4848333206
818475.1773022625
821596.7833403514
824926.2090734758
828468.2208573218
832227.4378354775
836208.4140329128
840415.5470331351
844853.1445164464
849525.3569165601
854435.9222637278
859589.7304361176
864989.6088724977
870639.5752790736
876544.4172189264
882703.8394160923
889125.1486637255
895809.4948207277
902760.7453818901
909981.5962708786
917474.7779519323
925243.1422139385
933289.1335874833
941615.3354721563
950224.0449089184
959117.5256926874
968297.878592334
977767.1263428209
987527.1651173744
997579.788983959
1.0079266815043227e6
1.0185694129811316e6
1.0295094596580537e6
1.0407481898835739e6
1.0522868615634139e6
1.0641263688297113e6
1.0762686136872051e6
1.0887137417867468e6
1.1014629046083512e6
1.114516889027122e6
1.1278763943701664e6
1.1415420268122293e6
1.1555143077998732e6
1.169793677030916e6
1.1843804905984395e6
1.199275022411038e6
1.214477476697033e6
1.22998797088275e6
1.2458065543995546e6
1.261933204624658e6
1.2783678209221833e6
1.295110268088602e6
1.3121602967169662e6
1.329517626429196e6
1.3471819078630586e6
1.3651527325479137e6
1.3834296352386524e6
1.402012095528046e6
1.4208995507336939e6
1.4400913571586309e6
1.4595868529378881e6
1.4793853180024885e6
1.4994859998717e6
1.5198880718551185e6
1.5405906939211208e6
1.5615929889218183e6
1.582894025436826e6
1.6044928497194638e6
1.6263884677835049e6
1.6485798616493954e6
1.6710659850502252e6
1.6938457292969904e6
1.7169180220997445e6
1.7402817189872132e6
1.763935667519796e6
1.7878786951821442e6
1.8121096044346204e6
1.8366271937688235e6
1.8614302193960987e6
1.8865174526234232e6
1.9118876310600513e6
1.9375394692911215e6
1.9634717159162739e6
1.9896830639546744e6
2.016172220583244e6
2.0429378856609524e6
2.0699787410344712e6
2.0972934751413744e6
2.1248807703938168e6
2.152739300115784e6
2.180867754138957e6
2.2092648032252667e6
2.2379291245058924e6
2.2668594006268736e6
2.2960543148051184e6
2.32551255196584e6
2.3552328003298976e6
2.385213780228384e6
2.4154541323440485e6
2.445952621346336e6
2.4767082211773926e6
2.5077188235435355e6
2.5389839954120554e6
2.5705021887448733e6
2.6022721689232555e6
2.6342926941951215e6
2.6665625104326564e6
2.699080434764606e6
2.7318452450259547e6
2.7648557557167066e6
2.798110779342833e6
2.8316091680110283e6
2.8653497062328802e6
2.8993313173140213e6
2.933552842229594e6
2.9680131870957976e6
3.0027112355562937e6
3.0376459223966463e6
3.072816136556426e6
3.1082208641844047e6
3.1438590662211296e6
3.1797296643182575e6
3.2158317118063327e6
3.2521641860237205e6
3.288726111318852e6
3.3255165255446844e6
3.362534482305963e6
3.3997790541169266e6
3.437249306312264e6
3.4749443654691232e6
3.512863335615902e6
3.551005319282569e6
3.5893695078407433e6
3.6279550413368866e6
3.666761108325826e6
3.705786891458311e6
3.7450316055681994e6
3.7844944711561445e6
3.8241747321051657e6
3.8640716306990674e6
3.904184461918071e6
3.944512491725239e6
3.985055019689612e6
4.025811318065564e6
4.0667808607439017e6
4.107962841239552e6
4.1493566625203034e6
4.1909617126481235e6
4.232777362770248e6