474795.5029664638
474824.81490320736
474903.1756470931
475030.9931761483
475209.0332220907
475438.2299051221
475719.87781779724
476055.5062689255
476446.90298624395
476896.06665993086
477405.29955635604
477977.11494686315
478614.2559088459
479319.6158666656
480096.3915754742
480947.8963820648
481877.64143208764
482889.5001275978
483986.6934653524
485173.84386805526
486454.9471590534
487833.993527218
489315.4230397794
490903.642277051
492602.3110567231
494418.3383433984
496353.92403911566
498414.6784634382
500605.0395162632
502929.7624830705
505393.5465068461
508001.04781169025
510756.93769189727
513665.84882774984
516732.5050908859
519960.85819972854
523356.73214820225
526923.1554556573
530665.3277901352
534587.3692949372
538693.5583832049
542988.0511500476
547474.9357626847
552158.2133678977
557041.7715187762
562129.3979554828
567424.8511391269
572931.6593458316
578653.4002975273
584593.4085551724
590754.9729896252
597141.2716061658
603755.3623513299
610600.1875792478
617678.5891311947
624993.2902889795
632546.9077542451
640341.9322532531
648380.7619771331
656665.6743043669
665198.8396728834
673982.3151039348
683018.0583183543
692307.9208839412
701853.6494172949
711656.8761462187
721719.1461240207
732041.9016587245
742626.4876229169
753474.1438195177
764586.0304132596
775963.2143009929
787606.6640465558
799517.2729135561
811695.8355687815
824143.0749182557
836859.6281069645
849846.0562618116
863102.8438753013
876630.4003178566
890429.0669574839
904499.1137138703
918840.7401080751
933454.0935700564
948339.2380908346
963496.2066477428
978924.9383292985
994625.3474642813
1.0105972847283708e6
1.026840544981071e6
1.0433548785822348e6
1.0601399866883508e6
1.0771955301421636e6
1.094521111471596e6
1.1121163149218727e6
1.1299806705233138e6
1.148113675017982e6
1.1665147898483844e6
1.1851834429681986e6
1.204119031191603e6
1.2233209202385661e6
1.24278844955404e6
1.262521000311934e6
1.2825176516569545e6
1.3027778740376595e6
1.3233008427126352e6
1.3440857788312486e6
1.365131885926709e6
1.3864383502542512e6
1.4080043417255348e6
1.4298290171874748e6
1.4519115173978852e6
1.474250973430043e6
1.4968465053544925e6
1.5196972245626473e6
1.542802229662209e6
1.5661606164486753e6
1.5897714726796863e6
1.6136338788829779e6
1.6377469180092688e6
1.6621096540530059e6
1.6867211770328432e6
1.711580541413612e6
1.7366868231516301e6
1.762039090020551e6
1.7876364131428231e6
1.8134778639416385e6
1.8395625160797248e6
1.8658894474219577e6
1.8924577336077671e6
1.9192664636032816e6
1.9463147258984044e6
1.9736016026616183e6
2.0011262080640616e6
2.0288876386791305e6
2.0568850233810488e6
2.0851174426242867e6
2.113584047100981e6
2.1422839741207194e6
2.171216359635362e6
2.200380356260799e6
2.229775111805495e6
2.2593998108285167e6
2.2892536103082662e6
2.319335715929009e6
2.3496453117160182e6
2.380181610241745e6
2.4109438218943845e6
2.4419311883329633e6
2.4731429118845845e6
2.504578270275157e6
2.5362365131851477e6
2.5681169098431016e6
2.600218740552405e6
2.632541290680241e6
2.6650838683995754e6
2.697845790445168e6
2.7308263571276977e6
2.764024930774837e6
2.797440845748726e6
2.8310734592192248e6
2.864922148088736e6
2.898986269708465e6
2.9332652377293133e6
2.9677584469898203e6
3.0024653089480307e6
3.037385248206348e6
3.0725177004655297e6
3.1078621071248776e6
3.1434179354994087e6
3.179184644008066e6
3.2151617432812457e6
3.2513486620017258e6
3.2877449316340857e6
3.3243500599626796e6
3.361163568942907e6
3.3981849880595994e6
3.435413858856543e6
3.472849734104757e6
3.51049216790151e6
3.548340740554539e6
3.5863950309041473e6
3.6246546118458523e6
3.663119104961639e6
3.701788110424835e6
3.7406613056058097e6
3.7797381731254184e6
3.819018463616111e6
3.858501794332582e6
3.8981878207477587e6
3.9380762031373414e6
3.9781666124634803e6
4.018458732081122e6
4.058952244609632e6
4.099646850157279e6
4.140542251200522e6
4.181638158880238e6
4.222934293488849e6
4.264430381699713e6
4.30612615773383e6