719667.023542378
719651.7054989705
719610.8991023247
719545.1959900438
719455.5470872021
719342.9097860011
719208.4515784547
719055.5038199023
718884.5981836063
718698.6154682493
718500.0855751677
718292.7908061523
718061.462020513
717862.9671274186
717648.0669767687
717438.4082430954
717238.2274433577
717052.0403796458
716883.8484028063
716739.8994335985
716624.1804339363
716541.8718109649
716498.4407442573
716499.2831856858
716549.9349588474
716656.0745181534
716823.2012563951
717057.7030928433
717364.9152693431
717750.8347400252
718221.5284124924
718782.940251204
719441.0428545602
720201.8585848989
721071.0347857062
722055.2057326206
723160.33020111
724392.0067725587
725755.5531968992
727257.3802468909
728903.3545320709
730699.0240604586
732650.4043269422
734762.0145282341
737040.3110845685
739490.3472219288
742117.466413598
744926.8231269425
747923.5706662975
751112.657802815
754500.234326088
758087.3774082862
761882.4528897918
765888.7671783082
770110.8419370389
774552.1124583775
779219.2623199289
784113.9387657045
789240.8660837077
794603.9565893699
800206.9026543767
806053.3156314491
812146.670314942
818490.3149449292
825087.5030449395
831942.4016612684
839054.7979521158
846430.7728929078
854072.0061843706
861981.1247615827
870160.64709977
878612.9764432969
887340.4111574182
896345.0430725241
905629.0191945896
915194.2383884828
925042.5377790878
935175.645188411
945595.1865427572
956302.6603460122
967299.4861307727
978586.9733186453
990166.3220412873
1.0020386429537234e6
1.0142049754152731e6
1.0266662135454806e6
1.0394231861980563e6
1.0524766585991234e6
1.065827269485551e6
1.0794755889715545e6
1.0934220999994508e6
1.1076672065932578e6
1.1222112324400377e6
1.137054423804504e6
1.152196954132399e6
1.1676389222372365e6
1.1833803570911007e6
1.1994212186416048e6
1.2157614037152422e6
1.232400740468618e6
1.2493389974216102e6
1.266575884033539e6
1.2841110510963984e6
1.301944094068022e6
1.320074554954424e6
1.3385019245863936e6
1.3572256441050998e6
1.376245106799947e6
1.3955596633371064e6
1.4151686169682865e6
1.4350712341176453e6
1.4552667347363695e6
1.475754315154816e6
1.4965331193430766e6
1.5176022675261428e6
1.5389608444796114e6
1.5606079067997849e6
1.5825424835939556e6
1.6047635723724717e6
1.6272701507826496e6
1.6500611842478854e6
1.673135584145934e6
1.6964922510487516e6
1.7201301026701336e6
1.7440480020482491e6
1.7682448208800852e6
1.7927193821806258e6
1.8174705280813202e6
1.8424970825047763e6
1.8677978473567574e6
1.8933716334003054e6
1.9192172345920608e6
1.9453334206335747e6
1.9717189929163794e6
1.9983727216429196e6
2.0252933849016044e6
2.0524797507220267e6
2.0799305893873866e6
2.1076446746405466e6
2.135620777396894e6
2.1638576700026514e6
2.192354125272314e6
2.2211089325281386e6
2.25012086504133e6
2.279388714322566e6
2.3089112750559533e6
2.3386873437961508e6
2.3687157301864e6
2.39899525435728e6
2.429524727582168e6
2.460302985436683e6
2.4913288684510435e6
2.522601226751821e6
2.5541189224636406e6
2.58588082521272e6
2.6178858044394446e6
2.6501327806184376e6
2.6826206202492574e6
2.7153482796878587e6
2.7483146582165123e6
2.781518721606631e6
2.814959402019649e6
2.848635709673825e6
2.8825465486879507e6
2.9166909817538494e6
2.9510679936682447e6
2.985676609949195e6
3.020515869327951e6
3.0555848159249853e6
3.090882522418189e6
3.126408065385912e6
3.162160552927124e6
3.1981390473189275e6
3.2343427280142833e6
3.2707706967909466e6
3.3074221257279366e6
3.3442961826485274e6
3.3813920253128614e6
3.4187088798994515e6
3.4562459330658717e6
3.4940024308484877e6
3.5319776067940444e6
3.570170686961026e6
3.608580982551422e6
3.6472077542407336e6
3.6860503083955115e6
3.7251079393424364e6
3.7643800019076793e6
3.8038658096998557e6
3.8435647228630167e6
3.8834761062554186e6
3.923599341541745e6
3.9639338235903764e6
4.00447895760845e6
4.0452341642938005e6
4.086198876939213e6
4.12737253754007e6
4.1687546027343543e6
4.210344554096322e6
4.252141863760476e6