527037.5453547182
527056.416301802
527106.9106443853
527189.4599270277
527304.8895850076
527454.1841920291
527638.6532119587
527859.9844875742
528123.6936279361
528420.8010455034
528764.8196136497
529154.732609921
529593.3670675005
530083.8082629429
530629.4409635118
531233.7320993223
531900.3945315013
532633.3387580717
533436.506524773
534314.2524639443
535270.9779662881
536310.9466919935
537438.823482652
538659.2951585473
539977.0658302758
541397.1062171132
542923.9645868241
544563.2891184308
546319.3856939405
548197.4935199651
550202.6205346979
552339.7846392738
554613.9902934388
557030.2376331667
559593.4725392297
562308.6349464817
565180.6107844799
568214.228212869
571414.2927019187
574785.0424803897
578332.3104651094
582059.5281380494
585971.5300393725
590072.7092838282
594367.3464050002
598859.6196481712
603553.684720113
608453.4606037342
613562.9185586706
618885.7851412797
624425.7421138055
630186.3528857112
636171.0675742695
642383.2102128278
648826.007097318
655502.555601838
662415.1672279411
669568.7575028756
676964.0264931697
684604.3168072633
692492.1453768199
700629.9269668597
709019.9871117002
717664.444953963
726565.4575766482
735724.9586424213
745144.8158596483
754826.7884198452
764772.5272833761
774983.5755751192
785461.3863061146
796207.3097396747
807222.597165074
818508.4109390504
830065.8089506682
841895.7675450111
853999.1724218038
866376.8219419153
879029.4306782058
891957.6299676617
905161.9744869517
918642.9392774269
932400.9197336994
946436.2524065579
960749.1796191176
975339.9068033712
990208.5325029924
1.0053551337612759e6
1.0207796981718785e6
1.036482165783888e6
1.0524624121908902e6
1.0687202619783853e6
1.0852554862209265e6
1.1020678045474784e6
1.1191568882158182e6
1.136522361730556e6
1.1541638048865318e6
1.1720807547558467e6
1.1902727078635353e6
1.2087391222463013e6
1.2274794180072977e6
1.2464929829960635e6
1.265779166685254e6
1.2853372946909093e6
1.3051666550057812e6
1.325266514820474e6
1.3456361109328333e6
1.3662746568649015e6
1.3871813429741345e6
1.408355338117533e6
1.4297957929640776e6
1.4515018367228638e6
1.4734725812219493e6
1.4957071292202137e6
1.5182045614423738e6
1.540963950753233e6
1.5639843558424406e6
1.5872648241207772e6
1.6108043960440499e6
1.634602104034755e6
1.6586569724585614e6
1.6829680232671595e6
1.7075342556225767e6
1.7323546962376784e6
1.7574283441150784e6
1.7827542046713838e6
1.8083312811194642e6
1.8341585777653323e6
1.860235098081059e6
1.8865598417970308e6
1.9131318220432783e6
1.9399500484800441e6
1.9670135202541759e6
1.9943212719037582e6
2.0218723137399368e6
2.049665693613202e6
2.0777003912424298e6
2.1059754948781226e6
2.134490032544677e6
2.163243057195684e6
2.1922336270007426e6
2.221460809485996e6
2.250923683764971e6
2.28062133100159e6
2.310552845523502e6
2.340717336363662e6
2.3711139077475723e6
2.401741686525205e6
2.4325998081344124e6
2.463687414823173e6
2.4950036587829934e6
2.5265477059029033e6
2.5583187335864985e6
2.5903159312775577e6
2.6225384956070264e6
2.6549856288875015e6
2.6876565974608376e6
2.7205505539476695e6
2.7536667991393628e6
2.787004575842901e6
2.820563154835268e6
2.8543418141091065e6
2.8883398496901207e6
2.92255656461797e6
2.956991275704414e6
2.991643310059289e6
3.026512008485262e6
3.06159674722495e6
3.096896841366442e6
3.1324116927087507e6
3.1681406879628603e6
3.20408322516664e6
3.2402387161081955e6
3.2766066002235427e6
3.313186260722362e6
3.349977198119541e6
3.3869788444661093e6
3.4241906746741855e6
3.461612166604406e6
3.4992428031828017e6
3.537082109074008e6
3.575129562273542e6
3.6133846897900677e6
3.651847054211008e6
3.6905161797037045e6
3.7293916263769553e6
3.7684729541176897e6
3.807759741765481e6
3.847251568219012e6
3.88694803439825e6
3.926848742255487e6
3.966953301024874e6
4.0072613421636806e6
4.0477724953279705e6
4.0884863954581744e6
4.1294027034282214e6
4.1705210742053934e6
4.211841175655281e6
4.253362689413313e6
4.295085296014169e6