634906.5478745827
634905.503648151
634902.8314982366
634899.0343696077
634895.0138838331
634891.8185103739
634890.4734467885
634893.9451773578
634903.0720712128
634920.5146499946
634948.9099422508
634991.1237424975
635050.2485143043
635129.6021185284
635232.8816269579
635363.8693394088
635526.5834425025
635725.3131717906
635964.248412289
636248.2577464632
636582.1629022136
636970.5611097628
637418.6098861503
637931.4522460784
638514.2958908149
639172.538579398
639911.2134641273
640736.851367944
641654.1148331747
642668.049892373
643785.2857121296
645011.0499453846
646350.9297471037
647810.5592694022
649395.2031158049
651111.109174762
652963.6404559663
654958.1194493948
657099.484713493
659393.6735947096
661846.0235607916
664461.6920670014
667245.8337897585
670203.5591857746
673339.8488090493
676659.1899958163
680167.6752811144
683868.7549469183
687767.4799452587
691868.3209957208
696175.6913415716
700693.8832749375
705427.0623245334
710379.2770860782
715554.4752364309
720956.3624872396
726588.9816576779
732455.5883673718
738559.7396141819
744904.7933263166
751493.9589548685
758330.3489557973
765416.9365413495
772756.5981929674
780352.0790678262
788205.9886090873
796320.8500325438
804699.0488690675
813342.8706767134
822254.4707716011
831435.907683331
840889.1239905371
850615.9694496511
860618.1101530899
870897.235261036
881454.825790123
892292.3000731026
903410.9707958697
914812.0529294548
926496.6610543443
938465.823385181
950720.4692515392
963261.4392757744
976089.4848813883
989205.2693777545
1.0026093941810265e6
1.0163023300136544e6
1.030284524278003e6
1.0445563138149362e6
1.059117966729851e6
1.0739696846813937e6
1.0891115894253976e6
1.1045437391640656e6
1.1202661298437454e6
1.1362786851523388e6
1.152581272550139e6
1.1691736983624361e6
1.1860557109393734e6
1.2032270054027727e6
1.220687220334106e6
1.238435945391044e6
1.2564727206159625e6
1.2747970390507025e6
1.2934083480104776e6
1.312306054196338e6
1.3314895201723252e6
1.3509580709624595e6
1.3707109935156289e6
1.390747542547362e6
1.4110669340574727e6
1.431668357729356e6
1.4525509688219936e6
1.4737138967972698e6
1.4951562454648009e6
1.5168770892432295e6
1.5388754898824985e6
1.561150473019881e6
1.5837010525648617e6
1.606526229177533e6
1.6296249723120944e6
1.6529962479571889e6
1.676639009000706e6
1.7005521691601984e6
1.7247346736138735e6
1.7491854275565601e6
1.7739033308192105e6
1.7988872841084918e6
1.8241361734685914e6
1.849648884825847e6
1.8754242901971622e6
1.9014612729964524e6
1.9277587048013168e6
1.954315440112095e6
1.9811303908254562e6
2.0082023793979206e6
2.0355302593670634e6
2.0631130275020937e6
2.0909494247019044e6
2.119038386588362e6
2.1473787892402513e6
2.175969546557052e6
2.2048095098980935e6
2.233897599679185e6
2.2632327314564427e6
2.292813809324591e6
2.3226397577744904e6
2.3527095080332793e6
2.3830220007089525e6
2.413576183144234e6
2.444371016397861e6
2.4754054666269505e6
2.5066785106071774e6
2.5381891417980697e6
2.5699363596646166e6
2.6019191698861467e6
2.634136604866351e6
2.666587702625097e6
2.6992714861566154e6
2.732187043859851e6
2.765333435005474e6
2.798709748593399e6
2.8323150783518855e6
2.8661485365025788e6
2.900209246469738e6
2.934496340945637e6
2.969008983100462e6
3.0037463216812895e6
3.0387075359782297e6
3.0738918260501656e6
3.1092983851461285e6
3.144926434636138e6
3.1807752020147005e6
3.2168439322279473e6
3.2531318870730563e6
3.2896383324257797e6
3.326362554647563e6
3.363303848625216e6
3.4004615302382135e6
3.43783492345358e6
3.4754233647843893e6
3.5132262093642126e6
3.55124281010126e6
3.589472258537143e6
3.6279147756008185e6
3.666568951494275e6
3.7054344716269043e6
3.74451075554895e6
3.7837972465976044e6
3.8232933937487504e6
3.862998659096156e6
3.902912526699943e6
3.9430344719697074e6
3.9833639946441245e6
4.0239006196006374e6
4.064643852738286e6
4.105593233211801e6
4.146748303149547e6
4.18810861785972e6
4.229673746029375e6
4.271443262855811e6