358559.41536032886
358614.24792599934
358760.3284646319
358998.1891289422
359328.3797452026
359751.76908337325
360269.44240479334
360882.7173753445
361593.1075758339
362402.3442203781
363312.3740553339
364325.33831320924
365443.58703003265
366669.5730825701
368005.99563406524
369455.66677994153
371021.56248897256
372706.78898984334
374514.51659567293
376448.1701493276
378511.16480347747
380707.0213375457
383039.2695286962
385511.61469617987
388127.7481572798
390891.4209617204
393806.38287205575
396876.51675649534
400105.5218960295
403497.2292398964
407055.42529609485
410783.8902994945
414686.31729803793
418766.45598021697
423027.9134427019
427474.1818947877
432109.1984261685
436936.04026369436
441958.2558213513
447179.1695691772
452602.04819919576
458230.064774549
464066.30390053743
470113.75935659604
476375.32879499637
482853.8185999985
489552.1698497778
496472.35137634806
503617.5519291621
510989.92950453016
518591.8138091321
526425.4267512467
534492.881981555
542796.1875535153
551337.2692612417
560117.9358300949
569139.9140789069
578404.8109246703
587914.1631368705
597669.397795409
607671.8558237186
617922.7812068628
628423.326899361
639174.5869874795
650177.527196745
661433.0482984514
672941.9777635449
684705.0554947526
696722.9468748842
708996.2396687743
721526.4428368461
734311.0329385059
747353.360776628
760652.7517869985
774209.4533115432
788023.6556147533
802095.4879139544
816425.009515191
831012.2723737508
845857.2428121725
860959.8113400515
876319.8487492604
891937.1916596575
907811.6206061235
923942.8658904284
940330.6379769803
956974.5826518148
973874.3361901175
991029.4895956762
1.0084396006212046e6
1.02610419883766e6
1.0440227851429159e6
1.062194833740662e6
1.0806197934877172e6
1.0992970897619235e6
1.118226125959296e6
1.1374062849540848e6
1.1568369305945258e6
1.1765174090770974e6
1.196447050697148e6
1.2166251696847812e6
1.2370510681051032e6
1.2577240348418956e6
1.2786433480366506e6
1.2998082738238259e6
1.3212180721299248e6
1.342871993216996e6
1.364769281172038e6
1.3869091771125016e6
1.4092909028950976e6
1.431913698441096e6
1.454776787034498e6
1.477879385705072e6
1.501220722570661e6
1.5248000643072817e6
1.54861649358813e6
1.5726693501928027e6
1.5969578348442493e6
1.6214811611275678e6
1.6462385561478147e6
1.671229250109014e6
1.6964524722413495e6
1.7219074589179084e6
1.7475934524315686e6
1.7735096970880716e6
1.7996554435020685e6
1.826029947949586e6
1.8526324718990077e6
1.879462285375675e6
1.9065186613308294e6
1.9338008836021072e6
1.9613082420932476e6
1.9890400281774157e6
2.0169955529003004e6
2.0451741256610772e6
2.0735750797424726e6
2.1021977106845835e6
2.1310413824305725e6
2.160105440033323e6
2.189389231187044e6
2.21889212535376e6
2.2486134899283117e6
2.278552709691716e6
2.3087091735511664e6
2.339082283874999e6
2.3696714518023385e6
2.4004760922478987e6
2.431495633341886e6
2.4627295192849766e6
2.4941771908592153e6
2.5258381111624725e6
2.5577117356964992e6
2.5897975555731617e6
2.622095036975863e6
2.6546036886497866e6
2.687323011212636e6
2.720252517830602e6
2.753391730445335e6
2.786740181141833e6
2.8202974106479e6
2.8540629705990376e6
2.8880364244323773e6
2.922217323712002e6
2.956605263445239e6
2.991199823882767e6
3.0260006173142833e6
3.061007194704909e6
3.0962192213564054e6
3.131636298470307e6
3.167258058182907e6
3.2030841406514714e6
3.2391141856218884e6
3.275347849305552e6
3.3117847947718115e6
3.3484246912322687e6
3.385267217345502e6
3.42231205623758e6
3.4595589061490665e6
3.497007464902563e6
3.5346574392507384e6
3.5725085458518146e6
3.6105605087112e6
3.6488130563556394e6
3.6872659270411087e6
3.7259188625767883e6
3.764771614674432e6
3.8038239447379494e6
3.8430756019222597e6
3.882526371641418e6
3.922176025603939e6
3.962024345720779e6
4.002071120352553e6
4.0423161434321813e6
4.082759219190998e6
4.123400155216664e6
4.1642387581196884e6
4.205274848770889e6
4.246508248707729e6
4.287938787697951e6
4.329566300693004e6