481776.7793145153
481804.65602259175
481879.16677532555
482000.79523751535
482170.2641151255
482388.54576425266
482656.9105014908
482976.9096411695
483350.34473909275
483779.22975167236
484265.88330852427
484812.8379745184
485422.8558289575
486098.84543247323
486844.0525011426
487661.78987132444
488555.60721068527
489529.4083388278
490586.4357380769
491731.3658951594
492968.1948472414
494300.97588619543
495734.1784424202
497272.24677403097
498919.6190688608
500681.0313289963
502560.9362809466
504564.2585309738
506695.4724900301
508959.38405535754
511360.7340453373
513904.2294912557
516594.5907772961
519436.50008290156
522434.61063414905
525593.2765018166
528917.8220170322
532412.0733322941
536080.6443278126
539927.5798458523
543958.2241028941
548175.7822912401
552584.7300868183
557189.1233292894
561992.9033011849
566999.9124639858
572213.963528596
577638.6392805743
583277.5714677415
589134.1484943422
595211.713326121
601513.4972767482
608042.6115433949
614802.0509790104
621794.7096287777
629023.3628742332
636490.6782288249
644199.1972150698
652151.369037921
660349.5179078723
668795.8621459766
677492.5081754233
686441.4628643943
695644.6206734222
705103.7756559635
714820.601148685
724796.687149227
735033.5181534413
745532.4801764745
756294.8531709745
767321.8363688461
778614.5353327526
790173.9545123553
802001.0238834841
814096.5724993199
826461.3570445199
839096.04710996
852001.2351667976
865177.435423487
878625.086540254
892344.5577054054
906336.1454134235
920600.0745938343
935136.5171031237
949945.5600324951
965027.2580735225
980381.5714572663
996008.4339674739
1.0119077147890656e6
1.0280792269366744e6
1.0445227362589848e6
1.0612379594336236e6
1.0782245715418467e6
1.095482188028159e6
1.1130104053225962e6
1.130808764462384e6
1.14887677215791e6
1.167213898858238e6
1.1858195807987354e6
1.2046932216674644e6
1.2238341934590107e6
1.2432418406456416e6
1.2629155492559718e6
1.2828544014855148e6
1.3030578723805454e6
1.323525134172442e6
1.3442554140282248e6
1.3652479140105029e6
1.386501819143741e6
1.4080163010456439e6
1.4297905118941297e6
1.4518235907816854e6
1.4741146658331752e6
1.4966628538208774e6
1.5194672600137591e6
1.5425269801470297e6
1.5658411036990318e6
1.5894087122453053e6
1.6132288792328422e6
1.6373006824455908e6
1.6616231840991713e6
1.686195446958847e6
1.7110165360100758e6
1.7360855125688424e6
1.7614014353479494e6
1.7869633660472347e6
1.8127703666649333e6
1.8388215005561702e6
1.8651158354220372e6
1.8916524364733256e6
1.918430381550733e6
1.9454487486149224e6
1.9727066081988646e6
2.0002030634580932e6
2.0279371989137316e6
2.0559081322644502e6
2.084114931496841e6
2.1125567352291793e6
2.1412326693657124e6
2.170141857035899e6
2.199283438842415e6
2.228656549742899e6
2.2582603622750095e6
2.2880940209095282e6
2.3181567186668073e6
2.3484476271593412e6
2.378965946237481e6
2.4097108735666843e6
2.4406816280237725e6
2.471877429755193e6
2.503297515642263e6
2.534941131726931e6
2.5668075334145688e6
2.5988959897542926e6
2.6312057743592877e6
2.6637361820180737e6
2.6964865159136904e6
2.7294560690646833e6
2.762644187975318e6
2.7960501961636296e6
2.829673438993574e6
2.8635132735542892e6
2.8975689873761255e6
2.931840205570317e6
2.9663260731218825e6
3.0010260713881254e6
3.0359396150054573e6
3.071066128400239e6
3.106405041898379e6
3.1419558419737443e6
3.177717917255054e6
3.2136907670253115e6
3.24987387013934e6
3.286266717957233e6
3.3228688082285556e6
3.359679652746182e6
3.3966987712460496e6
3.4339256965643833e6
3.4713599711005567e6
3.5090011397945224e6
3.5468487741709263e6
3.5849024439338124e6
3.623161740564426e6
3.6616262215762534e6
3.7002955064694635e6
3.739169208814087e6
3.778246941449391e6
3.8175283368647913e6
3.8570130315022715e6
3.8967006729836804e6
3.9365909113116725e6
3.976683417857908e6
4.016977860707589e6
4.057473917900589e6
4.098171282514906e6
4.13906964996238e6
4.180168724893561e6
4.221468220254097e6
4.262967857340597e6
4.30466736306772e6