326816.4788733399
326878.7230515376
327044.8349504633
327315.19101907144
327690.3535806548
328171.1409229284
328758.5555794832
329453.85680930613
330258.43098511506
331173.98307520436
332202.306691052
333345.3995863534
334605.48127968755
335984.8876445643
337486.1479743006
339111.8775605751
340864.95066969126
342748.12234221125
344764.53500626615
346917.3043666151
349209.60311234853
351644.807900962
354226.1683665171
356957.14330645726
359841.17466820177
362881.7544673512
366082.3643255572
369446.60128029826
372977.90810619
376679.81351459876
380555.8261767304
384609.43569055275
388844.02661010245
393263.04520710954
397869.8233836775
402667.6681011035
407659.8124189005
412849.42339058244
418239.606639948
423833.38554000587
429633.36526180693
435643.45015010826
441865.0661868872
448302.1977050554
454956.48863305565
461830.75852901285
468927.5960838809
476248.8434744457
483797.2269173393
491574.66998241114
499583.2190021683
507824.814671879
516301.29249546217
525014.3909533278
533965.7674519919
543156.9722720934
552589.4693627842
562264.6205551119
572183.7177737555
582347.9499108724
592758.4191864913
603416.1502502684
614322.0838669545
625477.0689247593
636881.8947554964
648537.2569056633
660443.783047582
672602.0294107174
685012.4818462918
697675.5528675364
710591.5990861238
723760.906977636
737183.7025405569
750860.1570774952
764790.3792128124
778974.4279069842
793412.3070780057
808103.9730322892
823049.3315506822
838248.2478714422
853700.5371355118
869405.9768195606
885364.3025117803
901575.2161810193
918038.3804760047
934753.4259696952
951719.9514563463
968937.5228299844
986405.6888377545
1.0041239423920801e6
1.0220917909273945e6
1.0403086927588776e6
1.0587740907765604e6
1.0774874075065972e6
1.0964480460022804e6
1.1156553942114022e6
1.1351088204123594e6
1.1548076804050957e6
1.1747513159771268e6
1.1949390564739876e6
1.2153702191832683e6
1.236044115562807e6
1.2569600418208628e6
1.2781172907548337e6
1.2995151459368556e6
1.321152887272741e6
1.343029787505772e6
1.3651451185680833e6
1.3874981444745474e6
1.41008812975516e6
1.4329143381020664e6
1.4559760289297476e6
1.4792724617771523e6
1.5028029025272005e6
1.526566609971078e6
1.5505628605757537e6
1.574790891923996e6
1.5992499990152498e6
1.6239394462302502e6
1.6488585097632224e6
1.6740064705123394e6
1.6993826127742103e6
1.7249862223233345e6
1.7508166042286705e6
1.776873050786476e6
1.8031548709551808e6
1.829661379548165e6
1.8563918954298985e6
1.8833457459779035e6
1.9105222660764013e6
1.937920795346247e6
1.9655406863646526e6
1.9933812884982002e6
2.0214419797685125e6
2.0497221153387108e6
2.0782210907535288e6
2.1069382931978647e6
2.1358731142481505e6
2.1650249671546593e6
2.1943932645850508e6
2.223977434120664e6
2.253776902833312e6
2.2837911170941656e6
2.314019526108716e6
2.344461590969968e6
2.3751167803168288e6
2.405984571049463e6
2.43706444972488e6
2.4683559139445163e6
2.499858466932089e6
2.5315716236979784e6
2.563494906213262e6
2.5956278472947897e6
2.627969986332201e6
2.6605208724650196e6
2.693280065450254e6
2.7262471305880453e6
2.7594216482477007e6
2.7928031976706395e6
2.8263913734765295e6
2.860185777107695e6
2.894186020307757e6
2.9283916345424526e6
2.9628024951015785e6
2.997417989217738e6
3.0322378635774218e6
3.0672617145486576e6
3.10248925044685e6
3.1379201206008466e6
3.1735540010984065e6
3.2093905759169674e6
3.245429529774334e6
3.281670561061292e6
3.3181133743194523e6
3.354757681176862e6
3.3916032001129407e6
3.4286496548971497e6
3.4658967812601295e6
3.503344316993859e6
3.540992006004143e6
3.578839603721742e6
3.6168868652418773e6
3.6551335631342367e6
3.693579464819224e6
3.73222434754743e6
3.771067997401239e6
3.8101102064635674e6
3.849350760485804e6
3.888789472555406e6
3.9284261465477436e6
3.9682605952033303e6
4.008292636389895e6
4.048522094755476e6
4.088948801089224e6
4.129572583333703e6
4.170393291584953e6
4.21141076204633e6
4.252624845352473e6
4.294035396536082e6
4.335642274751363e6