389353.5432746449
389401.08984057186
389528.5021475137
389735.86650162144
390023.8706593008
390393.4516472027
390845.76067492226
391382.1263218933
392004.13314543467
392713.7040570495
393512.7315176568
394403.5861505858
395388.71913039323
396470.67262073036
397652.3192737255
398936.6071185067
400326.6850076135
401825.8296318451
403437.37604399875
405164.9565273144
407012.2300194899
408982.7728134806
411080.4776278221
413309.2068071804
415672.85958298657
418175.51455243165
420821.0554849813
423613.6701763673
426557.2983537235
429655.994511181
432913.8434052367
436334.8812974326
439923.06506140076
443682.40579776117
447616.81178169174
451730.0134683298
456026.30949883256
460508.97560065263
465181.86932072416
470048.59261404723
475112.70628446876
480377.6551899521
485846.81665729475
491523.46198517433
497410.77178150474
503511.8314295012
509829.6567136614
516367.1080887972
523127.02968832536
530112.0575888037
537324.7922452597
544767.7096389295
552443.1951077561
560353.5107450469
568500.8345156994
576887.2252276641
585513.1883913334
594384.9609334318
603499.9252357446
612861.1996558303
622470.3503400716
632328.839184927
642438.0395911981
652799.2296382741
663413.6015472511
674282.2440334082
685406.1704189614
696786.30758776
708423.4977317333
720318.500441577
732471.9973513894
744884.5955155657
757556.8303876306
770489.1617287943
783681.9754160912
797135.595860732
810850.2827342424
824826.2344758429
839063.5834793806
853562.4021272808
868322.7166886184
883344.4934962804
898627.6445374767
914172.0418149116
929977.4954177819
946043.7909758809
962370.6423519927
978957.7499911728
995804.7628240914
1.0129112923117231e6
1.030276916436437e6
1.0479011770486921e6
1.0657835887735342e6
1.0839236332496824e6
1.1023207647976116e6
1.1209744112605592e6
1.1398839756268214e6
1.1590488376550167e6
1.1784683553586414e6
1.1981418668580777e6
1.2180686904716261e6
1.238248128573263e6
1.2586794669753485e6
1.2793619770811591e6
1.300294914941373e6
1.321477527573603e6
1.3429090490942677e6
1.3645887044996975e6
1.386515713443112e6
1.4086892719287034e6
1.431108594234956e6
1.4537728740640553e6
1.476681295189201e6
1.4998330533317346e6
1.5232273295600917e6
1.5468633162468025e6
1.5707401637441653e6
1.5948570831826122e6
1.6192132431455113e6
1.6438078278161963e6
1.6686400174313285e6
1.6937089966137316e6
1.7190139534664224e6
1.7445540780965656e6
1.7703285650194578e6
1.796336612789352e6
1.8225774238667607e6
1.8490502082121286e6
1.8757541794062564e6
1.9026885545652113e6
1.9298525639827466e6
1.9572454441353972e6
1.9848664191224568e6
2.0127147524373713e6
2.0407896944152825e6
2.0690905209302423e6
2.0976164679389205e6
2.126366843202845e6
2.1553409675723864e6
2.1845380258957236e6
2.2139574337384743e6
2.243598467448218e6
2.2734604541661963e6
2.3035427240890115e6
2.333844621920048e6
2.364365502900171e6
2.3951047242307956e6
2.4260616564992983e6
2.4572356887952103e6
2.488626205814372e6
2.5202326111380095e6
2.5520543151555173e6
2.58409073909568e6
2.6163413152796384e6
2.648805481565574e6
2.6814826911428627e6
2.7143724084567446e6
2.747474091585926e6
2.780787231526252e6
2.814311316187551e6
2.8480458459823737e6
2.8819903343770164e6
2.9161442847504257e6
2.9505072367082005e6
2.985078740227619e6
3.01985834448854e6
3.054845556154218e6
3.090039998220498e6
3.1254412269836273e6
3.1610488279793207e6
3.196862394528899e6
3.2328815293122637e6
3.2691058430856275e6
3.3055349580991985e6
3.342168501538596e6
3.3790061119403206e6
3.416047433827369e6
3.45329212357904e6
3.4907398434715765e6
3.528390260667083e6
3.5662430569951558e6
3.6042979174260483e6
3.642554533521702e6
3.6810126171838376e6
3.7196718673653235e6
3.7585320289735855e6
3.797592758866222e6
3.836853842784574e6
3.87631501471932e6
3.9159760121277147e6
3.955836588166568e6
3.9958965007969313e6
4.036155517322589e6
4.076613406045035e6
4.117269958665555e6
4.1581249386015837e6
4.199178152425151e6
4.240429391838841e6
4.281878460430266e6
4.32352516945439e6