408604.2817898053
408647.61740879505
408763.49423001695
408952.3270054845
409214.72386880533
409551.52998819423
409964.018819686
410453.6076212219
411021.8417436391
411670.7083652568
412402.188558353
413218.6887001754
414122.7229083183
415116.93969827425
416204.2876603983
417387.7980864976
418670.7157763385
420056.4174258979
421548.3375714179
423150.2231770307
424865.85725618294
426698.92224636
428653.4381948103
430733.4055831275
432942.12814989814
435285.9851396276
437766.83613361674
440389.7520257103
443158.7886688147
446078.19743545074
449152.17853985354
452384.92115430336
455780.59151247924
459343.30715663393
463077.16710927093
466986.0348805586
471074.4428011094
475345.7724188968
479804.0708024114
484453.1036657515
489296.6102139355
494338.19891196373
499581.419275981
505029.7095363984
510686.4263358399
516554.817096757
522638.07647094387
528939.2089165263
535461.2451141198
542206.9885596053
549179.1800349607
556380.4800696413
563813.4219742796
571480.4265467343
579383.8278328135
587525.8359949089
595908.5683553482
604534.0269704476
613404.121101578
622520.6504647249
631885.319957412
641499.7271364506
651365.3770813153
661483.6817699954
671855.9536568262
682483.4064656873
693367.1699893128
704508.2963425991
715907.7311895317
727566.3422027973
739484.9249757883
751664.1736498921
764104.7259722792
776807.1424831954
789771.8944607079
802999.3955453739
816489.9841207026
830243.9364476366
844261.4624943364
858542.7088814767
873087.7659801829
887896.6657796331
902969.3808582169
918305.8409779423
933905.9088927215
949769.4217140949
965896.139599784
982285.8063464604
998938.111625562
1.0158527038082068e6
1.0330291939593772e6
1.050467157042109e6
1.0681661330992663e6
1.0861256293271952e6
1.1043451219280367e6
1.1228240578744016e6
1.1415618577761329e6
1.1605579110584313e6
1.1798115907853334e6
1.1993222423553658e6
1.2190891899225875e6
1.239111739980363e6
1.2593891794465801e6
1.2799207791563566e6
1.3007057932864223e6
1.321743460308159e6
1.3430330109882643e6
1.3645736604139418e6
1.3863646176378252e6
1.408405065477407e6
1.4306942050093063e6
1.4532312127122178e6
1.4760152583380202e6
1.4990455157652055e6
1.522321146632452e6
1.5458413145383205e6
1.5696051716271043e6
1.5936118799918697e6
1.6178605916048165e6
1.64235046500144e6
1.6670806530249063e6
1.6920503131676088e6
1.7172586030453676e6
1.7427046852476883e6
1.7683877222889634e6
1.7943068821144996e6
1.8204613368442233e6
1.8468502622217801e6
1.8734728400173548e6
1.9003282541402674e6
1.927415700957434e6
1.954734380672073e6
1.9822834886572028e6
2.0100622502345175e6
2.0380698789037052e6
2.0663056176468683e6
2.0947686648238837e6
2.123458295576358e6
2.1523737562264525e6
2.1815143066771473e6
2.2108792164402893e6
2.240467762705106e6
2.2702792370538265e6
2.3003129335966324e6
2.3305681640907335e6
2.3610442406701855e6
2.3917404924564213e6
2.4226562537853215e6
2.453790873655447e6
2.485143707095734e6
2.5167141205920586e6
2.548501490328365e6
2.5805052071312144e6
2.6127246593284383e6
2.645159259777984e6
2.6778084261369957e6
2.7106715894557545e6
2.743748173091129e6
2.7770376397285615e6
2.810539442685111e6
2.8442530484196865e6
2.878177941906109e6
2.9123135948348604e6
2.9466595194989373e6
2.981215225450918e6
3.01598022317667e6
3.050954041980011e6
3.0861362208933104e6
3.1215263043274223e6
3.157123850860582e6
3.1929284294715277e6
3.2289396098654503e6
3.26515697712232e6
3.301580127910774e6
3.3382086627251427e6
3.375042194280831e6
3.412080342215807e6
3.4493227376213535e6
3.4867690190782906e6
3.5244188262713943e6
3.5622718234690297e6
3.600327667659222e6
3.638586032213499e6
3.6770465971876252e6
3.715709048776624e6
3.754573108892994e6
3.793638410235786e6
3.8329047182458667e6
3.8723717483596522e6
3.9120392105199117e6
3.951906859927861e6
3.9919744134421283e6
4.032241627287348e6
4.072708250582313e6
4.1133740533950413e6
4.154238834269222e6
4.195302289294162e6
4.236564238684108e6
4.278024469597982e6
4.31968277420359e6