827306.1960523349
827274.231314323
827189.4503960385
827051.1988121514
826861.7440068723
826621.7359556978
826332.116166507
825996.8872682481
825616.1254694752
825192.9638189393
824730.3576444559
824231.3955534565
823699.4759564906
823138.2114531993
822551.7035976651
821944.038202166
821319.6503019284
820683.2880572407
820039.5065972932
819393.8298501769
818751.3611635115
818117.2585426299
817497.3648362416
816896.9434351121
816322.8823773123
815780.155845255
815274.8370718461
814812.8303699094
814402.6936856256
814047.7484867014
813755.5162453759
813532.3080563877
813384.4661364044
813318.4318405738
813339.5594478116
813457.344174574
813674.9275528541
814000.6231553903
814439.1871160686
814997.7142656398
815682.6569752526
816499.7920578124
817456.3088680118
818556.3088959807
819807.2923039533
821214.7051009616
822784.4083659088
824522.0872175255
826433.4457374923
828523.9218815641
830799.022012371
833264.0596821363
835924.2470338099
838785.0225429615
841850.4460621877
845126.3774137753
848617.2390119612
852327.7045131818
856262.3061605595
860425.4718968888
864821.481231288
869454.2240092963
874328.6473213736
879447.7744754099
884815.7330277407
890437.4882458049
896312.7192378069
902448.7437147883
908847.5920426667
915512.4565826735
922446.510778268
929652.3584138833
937133.2288872806
944891.6044977676
952930.1840299532
961251.4145405671
969857.6545149084
978751.1284122278
987933.9813938601
997408.2247866268
1.0071757682311248e6
1.0172384084958362e6
1.0275978268342261e6
1.0382556105390905e6
1.0492132350763087e6
1.0604720642693995e6
1.0720333700343813e6
1.0838983357770503e6
1.0960680272693802e6
1.1085434199217395e6
1.1213253936297446e6
1.1344147425546413e6
1.147812162143247e6
1.1615182618600423e6
1.1755335658364915e6
1.189858512995791e6
1.204493459091843e6
1.2194386796059005e6
1.234694372131065e6
1.2502606559594437e6
1.2661375775969378e6
1.282325110144379e6
1.2988231581937177e6
1.315631556711153e6
1.3327500750900721e6
1.35017841881189e6
1.3679162407631837e6
1.3859631064760545e6
1.4043185512299521e6
1.4229820543279871e6
1.4419530161646851e6
1.4612308111724067e6
1.480814754941666e6
1.5007041186279743e6
1.5208981235665786e6
1.541395949738786e6
1.5621967368461955e6
1.5832995835066466e6
1.6047035532348398e6
1.6264076681547347e6
1.6484109223171286e6
1.6707122845280292e6
1.6933106543900438e6
1.7162049684262914e6
1.7393940844174032e6
1.7628768534910697e6
1.7866521033713976e6
1.8107186345049453e6
1.8350752401403224e6
1.8597206715631594e6
1.884653692493194e6
1.9098730318274933e6
1.9353773897773083e6
1.9611654988867606e6
1.987236043480432e6
2.01358771377802e6
2.0402176541047497e6
2.0671291184081836e6
2.0943161871682636e6
2.1217790462237746e6
2.1495163499218123e6
2.177526754855714e6
2.20580890913087e6
2.2343614605064495e6
2.2631830630630674e6
2.2922723680415256e6
2.321628030933749e6
2.351248705771412e6
2.38113306237824e6
2.4112797628627215e6
2.441687472412668e6
2.472354898347321e6
2.5032806953206984e6
2.5344635779124047e6
2.5659022339117816e6
2.597595392426963e6
2.6295417740523065e6
2.6617400804921016e6
2.6941890946738706e6
2.726887553767006e6
2.7598342317737504e6
2.793027899550037e6
2.826467373100939e6
2.8601513912070435e6
2.894078839802004e6
2.928248522757776e6
2.9626592882224605e6
2.9973099986120905e6
3.0321995396502865e6
3.0673267602267517e6
3.1026906045357618e6
3.1382899943857165e6
3.17412380946721e6
3.210191063987451e6
3.2464906940421504e6
3.283021684174105e6
3.3197830324501493e6
3.3567737531818817e6
3.393992878956168e6
3.431439436767035e6
3.469112512943063e6
3.50701117503976e6
3.5451344858577074e6
3.58348160002819e6
3.6220516202905746e6
3.6608436976543153e6
3.6998569781249827e6
3.7390906455056854e6
3.778543872267181e6
3.8182158744282424e6
3.858105874030971e6
3.898213097977846e6
3.9385368058744054e6
3.9790762546330225e6
4.0198307346533034e6
4.060799535929437e6
4.1019819844651343e6
4.143377365018882e6
4.184985032732472e6
4.226804386421444e6