754101.6887590252
754080.8469904467
754025.6890728815
753935.8877360714
753813.2970860483
753657.4446791278
753472.8669202923
753259.7249017218
753019.5283189729
752755.238009683
752469.7080369549
752165.9597704249
751847.2774706401
751517.1975753243
751179.6818868004
750838.7136317359
750498.5926582672
750163.9378950765
749839.163993372
749529.5189109243
749240.1931157344
748976.0602821735
748742.6869731311
748545.5825936475
748390.3768142307
748282.8902264729
748228.6754223814
748234.311856328
748304.8567016693
748447.4554953133
748667.3113244197
748970.832040925
749364.1184448181
749853.337473455
750444.5450455165
751144.0501773863
751957.7426840692
752892.2399169372
753952.4912242637
755145.1377562811
756476.2454103249
757951.2982386034
759577.1258980274
761357.714613346
763299.9816512717
765409.1295836424
767690.6710597916
770149.9538758562
772792.3035115557
775622.8516537579
778646.6920145643
781868.8107795133
785294.0360291542
788927.1276200436
792772.7168216656
796835.3377807927
801119.3593757697
805629.0962147978
810368.6339963103
815342.0813604256
820553.319113792
826006.1518488218
831704.241158359
837651.1297024419
843850.2574498863
850304.907056167
857018.2774204256
863993.4077431436
871233.2458287105
878740.6076782553
886518.1675467486
894568.5304425021
902894.1783802123
911497.3631067398
920380.4175056503
929545.4090124774
938994.3477584583
948729.1223228569
958751.5254215787
969063.2201862619
979665.7814613907
990560.6734006805
1.0017492555734359e6
1.013232787499212e6
1.0250124366396097e6
1.0370892574851598e6
1.0494642153941025e6
1.0621382074081686e6
1.0751120054099024e6
1.0883863059247513e6
1.1019617166595173e6
1.1158387610567282e6
1.1300178788133997e6
1.144499429397279e6
1.1592836926274518e6
1.1743708722397257e6
1.1897610966280429e6
1.2054544223875704e6
1.2214508359000832e6
1.2377502541758048e6
1.2543525287987501e6
1.2712574483411247e6
1.288464738463013e6
1.3059740654021818e6
1.3237850378399235e6
1.3418972090530696e6
1.3603100788199368e6
1.3790230953608598e6
1.398035658316702e6
1.4173471180531732e6
1.4369567846586567e6
1.456863918192326e6
1.4770677413327731e6
1.4975674382103877e6
1.5183621532802796e6
1.5394510059837904e6
1.560833050995016e6
1.582507343169759e6
1.6044728972097798e6
1.626728706945626e6
1.6492737121250918e6
1.672106864621149e6
1.695227127781828e6
1.7186331831457915e6
1.7423241230748014e6
1.766298721161779e6
1.7905558095438073e6
1.8150942058844846e6
1.839912717471296e6
1.8650101239808872e6
1.8903852217149185e6
1.916036770735955e6
1.9419635193395752e6
1.9681642402669566e6
1.9946376687003379e6
2.0213825565632447e6
2.0483976370590038e6
2.0756816312593701e6
2.1032332900939174e6
2.1310513377875257e6
2.159134502986258e6
2.1874815232095774e6
2.2160911331239017e6
2.2449620668397513e6
2.274093067435628e6
2.30348288080836e6
2.333130257341953e6
2.363034066007933e6
2.3931927297892408e6
2.4236053612310505e6
2.4542706248299126e6
2.4851873050548495e6
2.5163542014044076e6
2.5477701170343184e6
2.579433861867788e6
2.611344271987971e6
2.643500189409829e6
2.6759004305530395e6
2.7085438910478717e6
2.741429427522218e6
2.7745559313689666e6
2.8079222956149983e6
2.8415274498612834e6
2.875370259868616e6
2.909449725963109e6
2.943764775421605e6
2.9783143760215784e6
3.0130975106613855e6
3.0481131659592898e6
3.08336039167389e6
3.1188381079555782e6
3.154545466505887e6
3.1904816000762796e6
3.226645158113646e6
3.2630356696326514e6
3.299652081020123e6
3.336493508751832e6
3.373559061145068e6
3.4108479105583285e6
3.448359189909054e6
3.486092094911093e6
3.5240458062990345e6
3.5622194992142264e6
3.600612434865011e6
3.6392238359673703e6
3.678052923989434e6
3.717098991949018e6
3.756361306271892e6
3.795839161703498e6
3.835531855038468e6
3.8754387137584426e6
3.9155590719355e6
3.9558922785738427e6
3.9964376979473205e6
4.0371947043313878e6
4.078162689690483e6
4.1193410540531473e6
4.1607294186604545e6
4.202326606463689e6
4.24413266945228e6