596380.4551627282
596386.2845460142
596401.958805396
596427.9757373314
596465.1801524293
596514.650395094
596577.3943333295
596656.1440064416
596751.9140713646
596867.2269209623
597004.6453350584
597166.9803579112
597357.2310813922
597578.646134051
597834.8311589905
598129.4375860221
598466.4000290479
598849.9039707808
599284.0998365968
599773.494236124
600322.9745667586
600936.9634371358
601620.4575551576
602378.4469518056
603215.9595840443
604138.303521202
605150.3101413785
606258.1548596837
607466.344833472
608780.5388219063
610206.1089308832
611748.5681113545
613413.2097364753
615205.493192357
617130.4829261405
619194.2191796752
621401.7816404034
623758.0772403548
626268.6232645772
628938.3444313558
631772.5622276687
634776.2285171603
637954.245417933
641311.5367449613
644852.7967630937
648582.6969331603
652505.8555026974
656626.7049329253
660949.6633909214
665478.9315560979
670218.6809833103
675172.9636915585
680345.6947744689
685740.6727856766
691361.6024236523
697212.0555921211
703295.4901485399
709615.2434531697
716174.531825081
722976.4633435628
730024.0084830206
737320.0385940301
744867.2910151088
752668.4084519229
760725.8944563677
769042.1382662768
777619.4296388312
786459.9377677445
795565.7188775276
804938.7129863561
814580.761806817
824493.6048290178
834678.8718232808
845138.0402745383
855872.5908837954
866883.8137193262
878172.9342538684
889741.0814253041
901589.2882364811
913718.4943457586
926129.5509270772
938823.2263194453
951800.1969230953
965061.0563738847
978606.3177512975
992436.4335485932
1.0065517352828352e6
1.0209525327995255e6
1.035639031538999e6
1.0506113760110221e6
1.0658711495547954e6
1.0814138418474544e6
1.0972439227747722e6
1.113359771611e6
1.1297612177156224e6
1.1464480326595362e6
1.163419934043369e6
1.1806765869969048e6
1.198217606584579e6
1.2160425599823915e6
1.234150967128122e6
1.2525423056908997e6
1.271216010023533e6
1.2901714759476904e6
1.3094080558836656e6
1.3289250743053688e6
1.348721815477774e6
1.36879753017453e6
1.389151444480535e6
1.4097827485142725e6
1.4306906094068403e6
1.4518741666172794e6
1.4733325358587694e6
1.4950648114805638e6
1.5170700656346488e6
1.5393473510556081e6
1.561895703450595e6
1.5847141420503247e6
1.607801668108358e6
1.631157275741178e6
1.6547799398147198e6
1.6786686340788973e6
1.702822294963027e6
1.7272398914841404e6
1.7519203963981597e6
1.7768626228023202e6
1.8020656213210952e6
1.827528275010132e6
1.8532495076952742e6
1.8792282318599732e6
1.9054633730406174e6
1.9319538463976362e6
1.9586985559859187e6
1.985696439925211e6
2.012946405525809e6
2.0404473876666739e6
2.0681983030413303e6
2.0961980858414809e6
2.1244456712515205e6
2.152940001864576e6
2.1816800419229567e6
2.2106647061213967e6
2.2398929788584355e6
2.2693638244193057e6
2.2990762229363285e6
2.3290291545793545e6
2.3592216165301246e6
2.3896526103924047e6
2.420321153292744e6
2.4512262815797934e6
2.482366996062923e6
2.513742356029602e6
2.545351418978501e6
2.577193253214702e6
2.609266928498847e6
2.6415715425403514e6
2.6741062037405227e6
2.706869994871126e6
2.7398620764715336e6
2.7730815694607873e6
2.80652762935861e6
2.8401994159864206e6
2.874096106166086e6
2.9082168885321417e6
2.9425609649880985e6
2.977127547363053e6
3.0119158639609204e6
3.0469251560448217e6
3.0821546730963057e6
3.1176036836923338e6
3.153271465919929e6
3.1891573097946458e6
3.2252605217086314e6
3.2615804169721855e6
3.2981163276394242e6
3.3348675948438165e6
3.3718335738016567e6
3.409013635513771e6
3.4464071618449865e6
3.484013533184837e6
3.5218321715689222e6
3.5598624913510936e6
3.5981038966007424e6
3.636555865310569e6
3.6752178323496333e6
3.714089269967385e6
3.7531696503751012e6
3.792458463899777e6
3.8319552098607593e6
3.8716594035260077e6
3.911570561378081e6
3.951688220053272e6
3.9920119268105696e6
4.0325412310107504e6
4.0732757030083225e6
4.1142149191496302e6
4.155358463988911e6
4.19670593335529e6
4.238256940311987e6
4.28001109507658e6