424728.7972816115
424768.6440821602
424875.1436733579
425048.72362369264
425289.9967509513
425599.92028659245
425979.6956658369
426430.7772000334
426954.7909491372
427553.7583031384
428229.69065879646
428985.03832167655
429822.3781481668
430744.4395867606
431754.2188441119
432854.8144517428
434049.5534557749
435341.8911747716
436735.3403151907
438233.74336756987
439840.9825945585
441560.8177993132
443397.3853593846
445354.78042246075
447436.4102271602
449648.7803944623
451993.84764583677
454476.8167175943
457101.8391337675
459873.29699087865
462795.5328492166
465872.8399804705
469109.51981010323
472509.821261132
476077.9762911381
479817.95757202525
483734.490065166
487831.04046691186
492111.804730732
496580.6922097
501241.57087954914
506098.19439202454
511154.2399611367
516413.318063976
521878.87262623967
527554.3234790496
533442.9942409891
539548.0206906195
545872.5807460253
552419.5937990884
559191.9663068858
566192.4612745643
573423.7539055607
580888.3654466632
588588.8441922558
596527.4396982967
604706.4242071582
613127.9174319023
621793.952883421
630706.4468165996
639867.2250875593
649277.981659141
658940.3516152316
668851.341634771
679025.8807277197
689451.7779323054
700134.7755257253
711075.9934638073
722276.5002070791
733737.238790799
745459.1007601323
757442.870452452
769689.2640843883
782198.9185955095
794972.384236181
808010.1483540983
821312.6202022546
834880.1436557327
848712.9930822719
862811.3774821535
877175.4453779268
891805.284814398
906700.9210379239
921862.3339561364
937289.4329627587
952982.0999879148
968940.1361407532
985163.3236337437
1.0016513887661847e6
1.0184040126389766e6
1.0354208370517144e6
1.052701464852151e6
1.0702454616074895e6
1.0880523574843048e6
1.106121649234192e6
1.1244528019680595e6
1.1430452508444104e6
1.1618984028975265e6
1.1810116385868688e6
1.200384313814418e6
1.2200157601582888e6
1.2399052890937324e6
1.2600522596167428e6
1.2804557373494217e6
1.3011151812780562e6
1.3220297626683766e6
1.343198704484312e6
1.3646212172291283e6
1.3862965032663262e6
1.4082237360289255e6
1.4304021071772766e6
1.452830782706168e6
1.4755089150975812e6
1.4984356688495902e6
1.5216101887590936e6
1.545031620598422e6
1.5686991013688813e6
1.5926117683170869e6
1.616768766610647e6
1.6411692228404004e6
1.6658122710216725e6
1.69069704796084e6
1.7158226871940126e6
1.7411883278196317e6
1.7667931074228727e6
1.792636169930026e6
1.818716661008755e6
1.8450337300302363e6
1.8715865331065124e6
1.8983742259945637e6
1.925395977659923e6
1.9526509608973307e6
1.9801383419486338e6
2.0078573185983133e6
2.0358070748061277e6
2.06398682517554e6
2.092395738332732e6
2.121033057967751e6
2.1498980055552553e6
2.178989807860497e6
2.2083077052107016e6
2.237850946171785e6
2.2676187913367813e6
2.297610505601636e6
2.3278253705907864e6
2.35826266981705e6
2.388921700025846e6
2.4198017882424006e6
2.4509021990980464e6
2.4822223089363496e6
2.513761440388627e6
2.5455189554201644e6
2.5774941656397437e6
2.6096864876891305e6
2.642095280587159e6
2.6747199375305776e6
2.707559861839138e6
2.740614448520154e6
2.7738831333608096e6
2.8073653425991563e6
2.8410605166538423e6
2.8749681125082895e6
2.909087575552241e6
2.943418396132723e6
2.97796005070687e6
3.012712030752319e6
3.0476738390158163e6
3.082844989557904e6
3.118225002541463e6
3.1538134150265283e6
3.1896097652003383e6
3.2256136067125103e6
3.2618244994379748e6
3.2982420176028176e6
3.334865742072538e6
3.371695254520099e6
3.408730163310685e6
3.4459700734156654e6
3.483414603974484e6
3.521063375485491e6
3.5589160285088387e6
3.59697221125681e6
3.6352315527766454e6
3.673693738142708e6
3.712358426738066e6
3.7512253231396615e6
3.7902940403473987e6
3.829564325701413e6
3.869035879815264e6
3.908708439943559e6
3.9485816458518584e6
3.9886552587642544e6
4.0289290114830392e6
4.069402637226828e6
4.110075891292468e6
4.1509485164553574e6
4.192020273929531e6
4.233290930613257e6
4.274760259475799e6
4.316428036841366e6