730984.6781420737
730967.5369531517
730921.8605162277
730848.2469044625
730747.6595456096
730621.0440181685
730469.5708822503
730296.636278378
730102.7197440782
729890.7358968168
729663.4989981067
729424.0039209041
729175.5011000304
728921.6640690123
728665.8877891402
728412.6368213694
728166.0441330366
727930.5362991339
727710.6188537298
727511.4387122708
727338.0999143536
727195.4595494744
727089.0108567759
727024.1791413062
727006.5309151876
727042.1563498973
727135.5177424413
727294.1165311817
727522.9532400819
727828.0697189665
728215.6448795323
728691.5045354093
729261.817157444
729932.6126084964
730709.8419500032
731599.7192352572
732608.0757073814
733741.2830202985
735004.3561678242
736403.7699122106
737945.466403413
739635.0336396025
741478.556129359
743480.5824931449
745647.6537472485
747984.8718096317
750497.6352684638
753191.1684074677
756070.6795130792
759141.179263323
762407.6371299588
765874.9152334013
769547.719566477
773430.6887331586
777528.3208824744
781845.025932455
786385.047663651
791152.5717470589
796151.5597320499
801385.9892439966
806859.615016786
812576.138329816
818539.0211768533
824751.7505343029
831217.6175604383
837940.8767452264
844921.3034493427
852165.1109404546
859674.0224226554
867450.7230815043
875497.7914189989
883817.6872309989
892412.7754125173
901285.1983010471
910437.1639004251
919870.1489729378
929587.4859010748
939589.5148792122
949878.3974659308
960455.6854755388
971322.8506551408
982481.2535585839
993932.1440281229
1.0056766881876211e6
1.0177159542224709e6
1.0300509011939032e6
1.0426823973144877e6
1.0556112520330846e6
1.068838147559384e6
1.0823636947053876e6
1.0961884168220113e6
1.110312757438323e6
1.1247370775554543e6
1.1394616593387641e6
1.1544867126138904e6
1.1698123687402445e6
1.185438688940687e6
1.2013656651441546e6
1.217593221523256e6
1.2341212158973636e6
1.250949443487971e6
1.2680776389599848e6
1.285505477036219e6
1.3032325758068692e6
1.3212584984618975e6
1.339582755811458e6
1.358204807480591e6
1.3771240639586942e6
1.3963398920510823e6
1.4158516104862522e6
1.4356584948678124e6
1.4557597845026231e6
1.4761546748135486e6
1.496842331995899e6
1.5178218779090852e6
1.539092405368443e6
1.5606529775780945e6
1.582502626520278e6
1.6046403688880093e6
1.6270651574878118e6
1.6497759597077705e6
1.672771713041488e6
1.696051378391052e6
1.7196136605404161e6
1.743457620391924e6
1.7675820520588043e6
1.791985797006304e6
1.8166676796395448e6
1.8416265188551475e6
1.8668611090815638e6
1.8923702547212443e6
1.9181527375762411e6
1.9442073204411287e6
1.9705327969724138e6
1.9971279240627307e6
2.023991467844076e6
2.0511221902550184e6
2.0785188414229497e6
2.106180184615245e6
2.134104978010186e6
2.1622919800748415e6
2.190739950696583e6
2.2194476587930038e6
2.2484138678641147e6
2.2776373518567393e6
2.307116893070206e6
2.3368512665651618e6
2.366839371953521e6
2.3970796865276704e6
2.4275713368711257e6
2.458313028750941e6
2.489303584945703e6
2.520541837481222e6
2.5520266305334666e6
2.583756814791948e6
2.615731242593719e6
2.647948814747491e6
2.6804083793475893e6
2.7131088739366024e6
2.7460491791692213e6
2.779228238713263e6
2.8126449718523454e6
2.846298368579692e6
2.880187308580238e6
2.9143108433780414e6
2.9486679354580045e6
2.983257591424493e6
3.018078831679139e6
3.053130681789246e6
3.0884121946549853e6
3.1239224293665127e6
3.1596604769855966e6
3.195625378275651e6
3.2318162949607074e6
3.2682323220265736e6
3.304872596893138e6
3.3417362771735503e6
3.378822502678529e6
3.416130493905359e6
3.4536593856007042e6
3.4914084417283856e6
3.5293768670461266e6
3.5675638710191506e6
3.605968748202002e6
3.6445907436798676e6
3.68342914784662e6
3.7224832472286704e6
3.761752354665832e6
3.8012357985430383e6
3.8409329053237573e6
3.8808430338238548e6
3.920965548438987e6
3.9612998288638755e6
4.001845266820085e6
4.0426012681446443e6
4.0835672524039815e6
4.124742648378544e6
4.1661268985890155e6
4.207719471429938e6
4.249519827700404e6