560424.0511689007
560436.5273152696
560469.9512171891
560524.8134148953
560601.9136722301
560702.3004210537
560827.040019309
560978.6128465484
561158.1675602812
561368.1051286858
561610.9267446125
561889.3742794138
562206.3544210027
562565.0575145311
562968.9517005719
563421.6122157665
563926.8712051271
564488.7801387798
565111.3112460338
565799.0462389954
566556.5051709908
567388.0759180969
568298.5811470698
569292.8649089839
570375.7914724004
571552.5038177504
572827.6928364942
574207.2665412384
575695.6260681562
577298.2507358474
579020.3161832774
580867.0472661594
582843.6481692345
584955.3259103699
587207.167940407
589604.532811263
592152.3181467869
594855.6355179262
597719.5343394327
600748.7821288982
603948.4057686711
607323.1435492064
610877.6880442497
614616.6683339657
618544.5978175794
622665.8902695883
626984.9256067922
631505.8912574502
636232.9618697094
641170.1128321887
646321.2593330614
651690.2038139629
657280.6288630718
663096.0889814949
669140.0486629502
675415.8387007895
681926.6789483338
688675.6741950592
695665.7863707481
702899.9054987151
710380.7693314452
718111.012181948
726093.1492169825
734329.5915404024
742822.6286467208
751574.4350266365
760587.0581926495
769862.4797658286
779402.5402405869
789208.9717027155
799283.4178161301
809627.4133313462
820242.3864218342
831129.676512494
842290.5108496575
853726.03439208
865437.2910820328
877425.2375997971
889690.7407751678
902234.5762180793
915057.4433839639
928159.9540450647
941542.6346243909
955205.9494406208
969150.2620989424
983375.897715395
997883.0624085916
1.0126719428308179e6
1.0277426279848919e6
1.0430951551055291e6
1.0587294906298318e6
1.0746455464711527e6
1.0908431759430913e6
1.1073221747408549e6
1.1240822870368229e6
1.141123204395156e6
1.1584445691811503e6
1.176045976405591e6
1.193926975843804e6
1.21208707429109e6
1.2305257359503123e6
1.2492423878888898e6
1.2682364180110772e6
1.2875071802867216e6
1.3070539906314542e6
1.3268761397398633e6
1.3469728835197748e6
1.3673434501573232e6
1.3879870437139776e6
1.4089028388022846e6
1.4300899907998848e6
1.4515476301932263e6
1.473274868550918e6
1.4952707995391495e6
1.5175344964319633e6
1.540065020036555e6
1.562861414418703e6
1.585922710451609e6
1.6092479270876325e6
1.6328360744920885e6
1.6566861504906276e6
1.680797150974494e6
1.7051680428028062e6
1.7297978217519405e6
1.75468545248161e6
1.7798299029271281e6
1.805230140812062e6
1.8308851266985105e6
1.8567938240634506e6
1.882955189397815e6
1.9093681909559479e6
1.9360317915250612e6
1.9629449422496115e6
1.9901066294980273e6
2.0175158143138203e6
2.045171491576304e6
2.0730725891017846e6
2.10121814341092e6
2.1296071280008163e6
2.158238541164742e6
2.187111386033046e6
2.2162246731113396e6
2.2455774267118406e6
2.2751686700102407e6
2.304997441979656e6
2.3350627875057566e6
2.365363760684372e6
2.3958994260620726e6
2.426668883927517e6
2.4576711719509345e6
2.4889054095187266e6
2.5203707006409895e6
2.5520661653390545e6
2.5839909340386647e6
2.616144139511544e6
2.6485249425254827e6
2.68113251089823e6
2.713965992502226e6
2.7470246262049093e6
2.780307558056375e6
2.8138140250566313e6
2.847543243570284e6
2.881494455890811e6
2.915666909231148e6
2.9500598650688957e6
2.984672595562307e6
3.0195043873038935e6
3.0545545402545966e6
3.0898223615246867e6
3.1253071778613194e6
3.1610083237810414e6
3.196925144859225e6
3.2330570031560175e6
3.2694032718602503e6
3.3059633338261982e6
3.3427365860653133e6
3.379722434780402e6
3.416920305283411e6
3.454329629751704e6
3.491949838648014e6
3.529780410804264e6
3.5678208020602227e6
3.606070469932457e6
3.6445289382910845e6
3.683195690505549e6
3.7220702451897e6
3.7611521197354826e6
3.800440850786445e6
3.8399359837826104e6
3.8796370688775624e6
3.919543686740055e6
3.959655383523881e6
3.9999717737371423e6
4.040492439936076e6
4.0812169922627653e6
4.122145045326729e6
4.1632762238223036e6
4.2046101604976915e6
4.246146504884426e6
4.287884903997986e6