789981.4782444481
789955.0331002965
789885.1360053979
789771.2065630965
789615.2912991077
789418.1099676839
789180.6476346173
788906.702556046
788596.4949219967
788253.0893072153
787879.3787914417
787478.4293935155
787053.3952399716
786608.3853581315
786146.9037792019
785673.1663235438
785191.5398019413
784706.7116655074
784223.169784633
783746.2444221245
783281.2608223313
782833.0320036602
782407.7010017235
782009.8027987222
781646.0953097125
781322.1516989861
781043.6228522153
780817.1476192058
780648.5110357045
780543.6353243969
780508.9887512717
780550.7798316488
780675.2221348167
780888.6203516147
781196.4041506345
781606.5599514537
782124.3965928205
782756.5766153336
783509.0511715107
784387.0391588781
785397.5726202221
786546.28406515
787840.174475421
789282.5587330086
790882.1433271323
792642.7042898401
794572.3321574868
796674.1428179198
798955.2168053128
801419.3132273846
804072.4895234746
806919.9094691572
809966.58395252
813217.4683446956
816677.3688394991
820351.0190300627
824242.9686177506
828357.7054386877
832699.5688013467
837272.0414874728
842080.723738105
847129.6127186646
852421.052780193
857959.5349060108
863748.6878157728
869793.2101700634
876092.819122117
882654.6723141933
889479.9084140332
896572.304471537
903934.4646924599
911569.1767201296
919479.1084050061
927666.6856290763
936134.4290605676
944884.5753560227
953919.329005481
963240.7302697871
972850.7513970926
982751.2221520438
992943.883267377
1.0034303625667414e6
1.0142121759121721e6
1.0252907452030301e6
1.0366673870654602e6
1.0483433069518642e6
1.0603196187014806e6
1.072597360088725e6
1.0851774451487912e6
1.098060706350011e6
1.111247880524794e6
1.1247396282963334e6
1.1385365077967579e6
1.15263899942806e6
1.167047493346393e6
1.1817623314601528e6
1.1967837252573625e6
1.2121118457218995e6
1.227746778737961e6
1.243688539036925e6
1.259937070064086e6
1.2764922489634939e6
1.2933538853149486e6
1.3105217252710173e6
1.3279954532283405e6
1.3457746939044264e6
1.3638590143732908e6
1.382247926317208e6
1.4009408877345491e6
1.419937304660994e6
1.4392365374953696e6
1.4588379037842061e6
1.47874064801685e6
1.4989440046006297e6
1.5194471599701263e6
1.54024923398383e6
1.561349349075134e6
1.5827465623691422e6
1.6044399148962512e6
1.626428403746844e6
1.6487110031539872e6
1.671286662279996e6
1.6941542759181007e6
1.717312761457827e6
1.7407609759280947e6
1.764497766610899e6
1.7885219619209173e6
1.812832367990233e6
1.8374277791162464e6
1.8623069650707094e6
1.887468696496342e6
1.9129117190999342e6
1.9386347554734442e6
1.9646365542887724e6
1.9909158243632447e6
2.0174712802608719e6
2.044301630131314e6
2.0714055683080836e6
2.0987817938729776e6
2.126429001193452e6
2.1543458760272227e6
2.1825311227105316e6
2.210983411433039e6
2.2397014737396417e6
2.268683967848656e6
2.297929605499303e6
2.327437087597116e6
2.357205118912818e6
2.387232417372642e6
2.4175176978220735e6
2.4480596856164522e6
2.478857114484066e6
2.509908725802472e6
2.5412132729093055e6
2.572769504699318e6
2.604576204739512e6
2.636632150795296e6
2.668936105548801e6
2.701486913510406e6
2.734283364264126e6
2.767324294428694e6
2.8006085368308416e6
2.8341349632489537e6
2.867902378810522e6
2.9019097264289227e6
2.936155866795504e6
2.970639727854248e6
3.005360211716101e6
3.0403162608002974e6
3.075506823352961e6
3.110930865988908e6
3.146587383522097e6
3.182475317306114e6
3.218593739768828e6
3.2549416486155856e6
3.2915180876467726e6
3.328322114151743e6
3.3653528011237322e6
3.402609240247852e6
3.4400905169665096e6
3.4777957739415523e6
3.5157241366654094e6
3.553874725568083e6
3.5922467500893185e6
3.630839367840632e6
3.6696517872874e6
3.708683205352296e6
3.747932860209387e6
3.7873999845425757e6
3.8270838403408034e6
3.8669836885033306e6
3.9070988405567687e6
3.94742857746471e6
3.987972215850168e6
4.0287290937268967e6
4.0696985513634114e6
4.110879947432854e6
4.152272649964962e6
4.1938760629365034e6
4.235689571952798e6