336193.3601426784
336253.3572924214
336413.4786176755
336674.1093424151
337035.82075083314
337499.4455293821
338066.0033994776
338736.77853724186
339513.2037628717
340396.97668605496
341389.906163428
342494.0972747761
343711.7824855442
345045.33174613724
346497.3279209321
348070.4491319667
349767.5571273335
351591.6208103488
353545.6997815635
355633.0208865851
357856.825122598
360220.57347388077
362727.55422391486
365381.3222504371
368185.3907881159
371143.3335617726
374258.7091430641
377535.2037951256
380976.3425480315
384585.7306085727
388366.986340901
392323.6700507819
396459.2547523078
400777.2849140243
405281.1804868514
409974.33973497455
414860.08654603106
419941.6906874501
425222.3393806813
430705.1531303928
436392.80626875383
442289.36262740486
448396.58490083576
454717.6384404282
461255.1914402498
468011.8441781191
474990.2879838479
482192.4060269173
489621.0599964054
497278.24669515993
505166.09578342317
513286.6315839249
521641.77263914293
530233.3379615917
539063.0647428582
548132.5808515807
557443.4261580632
566997.0372879008
576794.7782701027
586837.9092397757
597127.6009168995
607664.9447876975
618450.9438087456
629486.5183772614
640772.5100081979
652309.6767421652
664098.7022658071
676140.1987167994
688434.7029765905
700982.6804248706
713784.5322201793
726840.5953814232
740151.1387954273
753716.3761809026
767536.4565060404
781611.4770259189
795941.4777917274
810526.4500191277
825366.331802915
840461.015877931
855810.3493053059
871414.1358044569
887272.1344750603
903384.0707521283
919749.6284626496
936368.4604816636
953240.1744812859
970364.361150407
987740.5742657802
1.0053683390067271e6
1.0232471547711198e6
1.0413764959949547e6
1.0597558140040375e6
1.0783845382240019e6
1.0972620780466103e6
1.116387823251883e6
1.1357611474595638e6
1.1553814073600909e6
1.1752479453266219e6
1.1953600900009216e6
1.2157171579976047e6
1.2363184546834282e6
1.257163275786491e6
1.2782509082017438e6
1.2995806298473706e6
1.3211517137798383e6
1.3429634250428637e6
1.365015027889162e6
1.3873057767816465e6
1.409834926578178e6
1.432601729475572e6
1.455605436795387e6
1.4788452932450143e6
1.5023205525900032e6
1.526030510244031e6
1.5499742876533023e6
1.5741512408559783e6
1.5985606152906544e6
1.6232016551762116e6
1.648073618674446e6
1.6731757829309357e6
1.698507403505791e6
1.72406775423702e6
1.7498561240554375e6
1.7758717890791446e6
1.8021140408250664e6
1.8285821761997417e6
1.85527549722239e6
1.8821933138522515e6
1.909334943110722e6
1.9366997070273552e6
1.9642869407056912e6
1.9920959742598878e6
2.0201261692027273e6
2.0483768617195555e6
2.076847441049441e6
2.10553724264034e6
2.134445672504938e6
2.1635721176815443e6
2.19291596901083e6
2.222476638689924e6
2.2522535349663496e6
2.2822460867342185e6
2.312453725139969e6
2.3428758941519223e6
2.3735120447131027e6
2.4043616360413446e6
2.4354241330061955e6
2.466699030259552e6
2.498185799769241e6
2.5298839444366256e6
2.561792969414328e6
2.5939123907700693e6
2.6262417328368253e6
2.658780527182262e6
2.691528318129197e6
2.724484654862514e6
2.757649102647953e6
2.7910212247435777e6
2.8246005990890125e6
2.858386817296682e6
2.892379472000081e6
2.9265781599828536e6
2.9609825013738917e6
2.995592114270154e6
3.030406643140378e6
3.0654256776193166e6
3.100648909950666e6
3.1360759760082844e6
3.1717065388585893e6
3.207540269764412e6
3.2435768402555822e6
3.2798159299224806e6
3.3162572510324987e6
3.3529004819036657e6
3.389745337436263e6
3.426791529477245e6
3.4640387808930133e6
3.50148681979404e6
3.539135378356965e6
3.5769842013823004e6
3.615033032959644e6
3.6532816369946287e6
3.691729766889854e6
3.7303771937079965e6
3.7692236913272548e6
3.8082690437721037e6
3.8475130259935507e6
3.88695544285138e6
3.9265960888462667e6
3.9664347679155027e6
4.0064712891194676e6
4.046705468952779e6
4.0871371291134194e6
4.1277660902889217e6
4.168592194565858e6
4.209615269913996e6
4.250835150970848e6
4.292251711234236e6
4.333864776767174e6