467974.91592963977
468005.629108787
468087.7437802187
468221.65108716843
468408.1134645866
468648.0615552479
468942.7636802113
469293.7851499534
469702.85381591896
470171.96730740805
470703.41557997576
471300.04586499085
471963.5098906528
472697.75685415295
473505.59380476765
474390.3116395255
475355.3951436766
476404.5195582894
477541.37893818744
478770.0602956743
480094.6862420865
481519.22645758063
483048.0730916195
484685.58669216704
486435.42108305
488304.4072135293
490294.7212126649
492411.9294739138
494660.40832075273
497044.8547161979
499570.0171844925
502240.40098272735
505060.6639336391
508035.38905029715
511169.24781027384
514466.1593204564
517931.6835054516
521569.36092777
525383.7908736018
529379.2316430924
533559.896791829
537929.8941046011
542493.2566016214
547253.9332970872
552215.7584598865
557382.4637517768
562757.756120085
568345.1091343146
574148.0487985902
580169.854378327
586413.7631743383
592882.8995896578
599580.2694700069
606508.7637613863
613671.1727937132
621070.1679585513
628708.3170234668
636588.0603683307
644711.7470009965
653081.606600638
661699.7609267698
670568.2236816545
679688.9040779036
689063.6054208204
698694.0352007727
708581.7801975812
718728.3441034346
729135.1276723004
739803.4345237815
750734.4663798487
761929.3449166643
773389.0998286246
785114.6632143053
797106.8940981128
809366.5531919436
821894.3305848828
834690.831844806
847756.5880275635
861092.0538998314
874697.6111331286
888573.5744584545
902720.1893723665
917137.6246014696
931826.0108344227
946785.3875029075
962015.7662738629
977517.0661993818
993289.1845501196
1.0093319486798283e6
1.0256451427204576e6
1.0422284986454544e6
1.0590817036837637e6
1.076204404821556e6
1.093596192417703e6
1.111256639023731e6
1.1291852644108026e6
1.1473815557863628e6
1.1658449661161127e6
1.1845749158802177e6
1.203570795259492e6
1.2228319641401356e6
1.2423577572653273e6
1.2621474821164696e6
1.2822004238392012e6
1.3025158414194097e6
1.3230929783056579e6
1.3439310548580512e6
1.3650292746459816e6
1.386386829586599e6
1.4080028759883086e6
1.4298765877317474e6
1.4520071070299363e6
1.4743935598928484e6
1.497035073361106e6
1.519930767610355e6
1.5430797433559443e6
1.5664811029623174e6
1.5901339400578488e6
1.6140373396819872e6
1.6381903934873065e6
1.6625921794016107e6
1.6872417778496265e6
1.7121382675623307e6
1.737280728053078e6
1.7626682362056447e6
1.7882998721697277e6
1.8141747172288175e6
1.8402918549051406e6
1.8666503732204887e6
1.8932493581816216e6
1.9200879096807493e6
1.9471651268710485e6
1.9744801031669448e6
2.0020319639906185e6
2.0298198170964767e6
2.0578428029069619e6
2.0861000140896053e6
2.114590616778934e6
2.1433137483676476e6
2.172268568618932e6
2.201454238274926e6
2.230869917841389e6
2.260514799597456e6
2.290388064942904e6
2.3204889190661553e6
2.3508165651874673e6
2.381370222270745e6
2.4121491190339522e6
2.443152495732692e6
2.4743796000418887e6
2.5058296894402904e6
2.537502037390896e6
2.5693959235724844e6
2.6015106402406655e6
2.633845486818404e6
2.6663997822326124e6
2.6991728544286285e6
2.732164017366522e6
2.765372642870881e6
2.7987980804319666e6
2.8324396948936465e6
2.8662968757793372e6
2.900368997955844e6
2.9346554688983387e6
2.9691557114173356e6
3.003869142601953e6
3.0387951973053575e6
3.0739333223233516e6
3.109282969703623e6
3.1448436168642812e6
3.1806147236800096e6
3.216595807795357e6
3.252786341264198e6
3.289185875437074e6
3.325793865587959e6
3.362609874369609e6
3.399633440687399e6
3.436864115986864e6
3.474301460420567e6
3.511945038989141e6
3.5497944388803444e6
3.587849251550713e6
3.626109054356041e6
3.664573479299038e6
3.7032421342853787e6
3.7421146760920803e6
3.781190663588813e6
3.8204698328202614e6
3.859951757279541e6
3.8996361413836856e6
3.939522643628309e6
3.979610949890978e6
4.019900742411232e6
4.060391714459293e6
4.1010835719874646e6
4.14197602469477e6
4.183068789930388e6
4.224361594972197e6
4.265854172200091e6
4.307546262587663e6