442299.002626803
442335.08601483994
442431.5688314354
442588.7917060917
442807.5041466099
443088.6098089013
443433.3634454274
443843.227662232
444319.93930508837
444865.4650197609
445481.9040003979
446171.7701413544
446937.69387939316
447782.46025657526
448709.13208733196
449720.9056216567
450821.15319668024
452013.4361056383
453301.33749280777
454688.80409606616
456179.8201260171
457778.23171010916
459488.28232597595
461314.1811393099
463259.43602885783
465330.6890338338
467529.9907711096
469862.69333890046
472333.05110410333
474945.5834241697
477704.76026006404
480615.01242057874
483680.77089827426
486906.424964844
490296.34115504695
493854.3497790048
497586.1761282281
501494.56931459205
505584.15860336146
509858.99650457036
514323.09572632785
518980.3583170889
523834.60662709514
528889.5916988468
534148.9288338396
539616.150455561
545294.7515968804
551188.003474238
557299.2240648608
563631.4892340911
570187.8323542717
576971.1737559114
583984.3215819611
591229.9381356951
598710.7048013814
606429.0110600827
614387.2613229429
622587.7071673966
631032.5114835988
639723.7173401411
648663.42453054
657853.0043703318
667294.6557283079
676989.85951935
686940.1505563465
697146.9583477207
707611.6189735044
718335.4092891612
729319.4045299346
740564.7364169199
752072.3592196772
763843.1551979278
775877.9294031244
788177.4126326955
800742.2340399942
813572.964558994
826670.0923538858
840034.0361605323
853665.1418309782
867563.6888241136
881729.8906085244
896163.8973191227
910865.794354453
925835.6182114112
941073.3307763425
956578.8651561952
972352.0688046828
988392.7684671949
1.0047007320314823e6
1.0212756787720612e6
1.0381172860563053e6
1.0552251893762294e6
1.072598984500161e6
1.0902382286430136e6
1.1081424432536245e6
1.1263111154844824e6
1.1447436999988658e6
1.1634396208365215e6
1.1823982732415607e6
1.2016190248440055e6
1.221101217816317e6
1.240844171110637e6
1.2608471802641335e6
1.2811095217517293e6
1.3016304484212382e6
1.3224092006964684e6
1.3434449987849945e6
1.3647370489896582e6
1.3862845480540465e6
1.4080866610128554e6
1.4301425709989015e6
1.4524514330234476e6
1.4750123880041933e6
1.4978245829370427e6
1.5208871518099783e6
1.5441992221402838e6
1.56775991258869e6
1.5915683478029596e6
1.6156236386108869e6
1.6399249027620275e6
1.6644712501251742e6
1.689261791782004e6
1.7142956383803762e6
1.7395719046279895e6
1.7650897021721455e6
1.790848148817971e6
1.816846362528041e6
1.843083466517534e6
1.8695585853538753e6
1.8962708502534747e6
1.923219399202788e6
1.9504033743003632e6
1.9778219120329258e6
2.0054741804061837e6
2.0333593314700904e6
2.0614765508373321e6
2.0898249685092564e6
2.1184038116393276e6
2.1472122559743337e6
2.1762495012102695e6
2.20551475547582e6
2.235007235192882e6
2.2647261687041936e6
2.2946707881972333e6
2.324840344795877e6
2.355234088765408e6
2.3858512859846773e6
2.4166912099492587e6
2.447753149015204e6
2.4790363953173035e6
2.5105402571545886e6
2.5422640483705397e6
2.5742070978250653e6
2.6063687422069944e6
2.6387483259763476e6
2.6713452125541307e6
2.7041587739178175e6
2.737188372897646e6
2.7704334207919193e6
2.8038933089702884e6
2.8375674510786184e6
2.871455274836725e6
2.905556195093156e6
2.93986967570311e6
2.9743951639122474e6
3.0091321248830217e6
3.044080033015857e6
3.0792383748864145e6
3.1146066445079236e6
3.1501843521760497e6
3.185971011431579e6
3.221966148310202e6
3.258169299213876e6
3.294580012665572e6
3.3311978414804633e6
3.3680223538581445e6
3.40505312549472e6
3.44228973689541e6
3.4797317890543193e6
3.517378877634527e6
3.555230622013547e6
3.5932866394084017e6
3.6315465975296716e6
3.6700100661839168e6
3.7086767266414533e6
3.7475462639875826e6
3.786618270116013e6
3.8258924732493446e6
3.865368554440225e6
3.9050461956045474e6
3.9449250922710192e6
3.985004950817565e6
4.0252854853292364e6
4.0657664120360627e6
4.1064474696518783e6
4.147328384483823e6
4.188408900810396e6
4.229688804988101e6
4.271167781662045e6
4.312845630842907e6