361846.80036823
361900.8419060302
362044.9185322166
362279.4743287988
362605.0979017224
363022.6568491934
363533.2442594692
364138.1855622367
364838.98606624804
365637.4388249719
366535.44591811916
367535.1609872329
368639.01511884737
369849.3958248112
371169.0662491479
372600.83137891453
374147.69340865617
375812.77897190256
377599.2918813148
379510.6465581029
381550.2967747131
383721.7846547365
386028.66470522794
388474.6653656247
391063.5041361622
393798.95729301544
396684.8006283343
399724.9466220371
402923.11968211096
406283.17837662366
409808.9422193718
413504.21637235617
417372.7244514857
421418.2288348753
425644.40284343145
430054.7463828883
434653.23391663714
439442.97511716373
444427.5412729026
449610.29172504763
454994.5239136643
460583.4419512593
466380.1613850087
472387.68927900586
478608.9886346733
485046.8790984588
491704.3376530922
498583.3457712345
505687.13932082383
513017.900436942
520578.00358719705
528369.6660584545
536395.046762646
544656.1813153797
553155.0227846958
561893.4072307999
570873.0867785685
580095.6948466208
589562.793080782
599275.8332537494
609236.180354177
619445.1015704267
629903.780352883
640613.3101798053
651574.7004295539
662788.8667969004
674256.655195318
685978.8256143375
697956.0623022611
710188.9722467585
722679.0945478828
735423.8774238327
748426.7347906685
761686.9927408975
775204.911957558
788980.6966879428
803014.4903257724
817306.3810306473
831856.3995116686
846664.5237431675
861730.6822277571
877054.7557363352
892636.5741438736
908475.9325165825
924572.5688458506
940926.2014622759
957536.4830347146
974403.0565391124
991525.5180390079
1.0089034314921497e6
1.0265363308934758e6
1.044423721337281e6
1.0625650807640539e6
1.0809598612443628e6
1.0996074908742202e6
1.1185073753131302e6
1.1376588992153562e6
1.1570614277759595e6
1.1767143081011411e6
1.1966168709906884e6
1.2167684307682137e6
1.2371682936077327e6
1.2578157345033486e6
1.2787100438277142e6
1.2998504818787107e6
1.3212363069758783e6
1.3428667672431227e6
1.3647411045249098e6
1.3868585576023036e6
1.4092183445461383e6
1.4318197030414538e6
1.4546618527058074e6
1.477744006776255e6
1.5010653896295917e6
1.5246252639779947e6
1.5484227079596263e6
1.5724570569753572e6
1.596727507264606e6
1.6212332674508695e6
1.6459735596586084e6
1.6709476090779079e6
1.696154639581202e6
1.7215938822489735e6
1.7472645738730314e6
1.7731659531733538e6
1.7992972650471705e6
1.8256577597649083e6
1.852246693711808e6
1.8790633302017744e6
1.9061069364750076e6
1.9333767903162981e6
1.960872175547574e6
1.9885923773769648e6
2.0165367007617776e6
2.0447044488439194e6
2.0730949488487367e6
2.1017074898129683e6
2.130541429579375e6
2.1595961070144894e6
2.1888708635671632e6
2.2183650624742107e6
2.2480780648766966e6
2.2780092494166596e6
2.3081579987165052e6
2.338523709083399e6
2.3691057855783277e6
2.3999036369409957e6
2.430916685227233e6
2.46214436865222e6
2.4935861226253863e6
2.5252414027129635e6
2.5571096600891836e6
2.589190379467952e6
2.621483021334029e6
2.6539870886657513e6
2.686702076459776e6
2.7196274922680063e6
2.752762852512336e6
2.7861076837689225e6
2.819661521372109e6
2.8534239114302997e6
2.887394410699523e6
2.921572570896309e6
2.955957976114477e6
2.990550203519937e6
3.0253488605737397e6
3.060353492899077e6
3.0955637613247656e6
3.1309792621190837e6
3.166599622723511e6
3.2024244787660595e6
3.238453465297947e6
3.2746862340096286e6
3.31112244366838e6
3.3477617584981937e6
3.384603854617599e6
3.4216484101771326e6
3.458895117248367e6
3.496343672166973e6
3.5339937767889565e6
3.571845144318606e6
3.609897493831033e6
3.6481505511673475e6
3.6866040505756605e6
3.725257730167806e6
3.7641113383627655e6
3.8031646325512463e6
3.842417358906799e6
3.8818692995214807e6
3.921520222703593e6
3.961369907157627e6
4.001418138146893e6
4.0416647065061154e6
4.0821094134599874e6
4.1227520637569865e6
4.163592460994201e6
4.204630423332095e6
4.245865769424059e6
4.287298326680711e6
4.328927926859893e6