329380.9294414894
329442.55675935384
329607.02411985886
329874.71038842236
330246.1808885401
330722.25630348676
331303.94552599324
331992.5229056777
332789.36715180485
333696.1843165093
334714.7904957903
335847.2164296061
337095.74004586274
338462.4731710957
339950.2069133398
341561.5027277826
343299.2309438883
345166.16827396164
347165.4748050552
349300.2843267444
351573.7944880212
353989.3878209585
356550.3391239984
359260.1315498253
362122.22469574655
365140.1348835222
368317.36267060216
371657.5293160251
375164.1035936234
378840.63520599273
382690.6573691962
386717.68444819737
390925.12510494725
395316.45112863823
399895.0191634621
404664.1614634758
409627.1368118415
414787.13734574954
420147.29451916704
425710.65688828565
431479.8497420774
437458.8183445211
443649.3115466216
450054.4067003754
456676.71301918896
463518.760850969
470583.1630143266
477871.7760042307
485387.361831111
493131.86695668264
501107.3591335034
509315.8021379821
517759.05414378503
526438.875628733
535356.9461029044
544514.8368347521
553914.0327687266
563555.9161401534
573441.7985365172
583572.888662825
593950.3071047692
604575.0969837183
615448.2139155967
626570.5325851423
637942.8506848287
649565.8822812131
661440.2700777538
673566.5874139913
685945.3319696257
698576.9261678103
711461.7549595645
724600.1024063696
737992.2113943584
751638.2649249169
765538.3825387317
779692.6335851881
794101.0318554506
808763.5431952863
823680.0829067815
838850.5209435695
854274.6837675262
869952.355723128
885883.2779203271
902067.1590362524
918503.6673656114
935192.438721578
952133.0766921141
969325.1577432309
986768.209141995
1.004461765431246e6
1.0224053115181096e6
1.0405983147132926e6
1.0590402201289863e6
1.0777304520906624e6
1.09666841571383e6
1.1158534982208717e6
1.1352850704199485e6
1.1549624879216738e6
1.174885092577925e6
1.1950522135367107e6
1.2154631674196434e6
1.2361172649685997e6
1.2570138013206848e6
1.2781520676603136e6
1.299531346343852e6
1.3211509148574714e6
1.3430100442484566e6
1.365108004081648e6
1.38744405565792e6
1.4100174609119177e6
1.4328274795665464e6
1.4558733709930626e6
1.4791543886815107e6
1.5026697951111658e6
1.5264188948593275e6
1.550400815403027e6
1.5746149353571963e6
1.5990604973822315e6
1.623736761876401e6
1.6486430008131587e6
1.673778490813455e6
1.699142511749493e6
1.724734334812487e6
1.750553290943253e6
1.7765986368498805e6
1.8028696886721572e6
1.8293657547976372e6
1.8560861500011042e6
1.883030196529128e6
1.910197224730136e6
1.9375865692647474e6
1.9651975776084817e6
1.9930295947587213e6
2.0210819933198509e6
2.0493541235053139e6
2.0778453872373034e6
2.10655513343071e6
2.1354827817847272e6
2.1646277298888676e6
2.1939893849187773e6
2.223567170211049e6
2.2533605074804584e6
2.2833688380218656e6
2.3135916073414222e6
2.344028270519332e6
2.374678291846459e6
2.4055411434053816e6
2.4366163026654804e6
2.467903275704222e6
2.499401547947339e6
2.5311106342196492e6
2.5630300518748527e6
2.595159329157847e6
2.6274980011862763e6
2.6600456125533334e6
2.6928017209114456e6
2.7257658804121697e6
2.7589376740731923e6
2.792316674582406e6
2.825902472380047e6
2.8596946648289035e6
2.893692860418901e6
2.9278966654393417e6
2.9623057099575163e6
2.99691962021115e6
3.031738058682369e6
3.066760615449536e6
3.101986997642933e6
3.13741685007853e6
3.173049845270018e6
3.2088856637258125e6
3.2449239865595163e6
3.2811645028738542e6
3.3176069323421074e6
3.354250963565719e6
3.3910963195719197e6
3.428142720830414e6
3.465389898475995e6
3.502837588634818e6
3.5404855318150884e6
3.578333480461803e6
3.616381186698279e6
3.654628420425528e6
3.6930749461549656e6
3.731720538884955e6
3.7705649806004097e6
3.809608062280116e6
3.848849566375066e6
3.8882893037216724e6
3.927927075634535e6
3.96776269245226e6
4.0077959696647613e6
4.048026729639269e6
4.088454800851288e6
4.1290800090398886e6
4.169902202248315e6
4.210921214454122e6
4.252136894146586e6
4.293549094629237e6
4.335157672805637e6