347014.64017942233
347072.16180081933
347225.4778405691
347475.1917675156
347821.3690821604
348265.4005325679
348808.1606331221
349450.9461619175
350195.215798603
351042.7138658415
351995.2865903124
353055.0698819009
354224.3460991804
355505.5371257495
356901.2826510706
358414.31737713516
360047.5648493569
361804.0470465382
363686.8921492187
365699.4360984337
367845.0103546714
370127.0599542217
372549.0371562049
375114.54839002725
377827.20020557207
380690.65507269534
383708.5576300988
386884.69776534976
390222.6816248889
393726.2510267362
397399.0593153669
401244.8048439383
405267.0555267697
409469.45822261716
413855.53544356034
418428.66918694554
423192.64987622807
428150.4912222293
433305.60437797126
438661.213842161
444220.46849220607
449986.43915460806
455962.08926236664
462150.3234523914
468553.9127641019
475175.5609050866
482017.89653030026
489083.39767185354
496374.5322193736
503893.5599787162
511642.7076967454
519624.09569387045
527839.7388981193
536291.5451896603
544981.3458834926
553910.8547815153
563081.7055823272
572495.4146990037
582153.4309385709
592057.0786353935
602207.644664813
612606.276008201
623254.0531706853
634151.9692312115
645300.9508216024
656701.7941794404
668355.2658093786
680262.0377188809
692422.7106345571
704837.8084745217
717507.7886085926
730433.0420568897
743613.8905452425
757050.5966084908
770743.356328427
784692.312403868
798897.5469328582
813359.0914573031
828076.923296352
843050.9699451122
858281.1124869761
873767.1863779437
889508.9799910407
905506.2482494287
921758.6926824887
938265.9974187643
955027.7935662011
972043.6837923331
989313.2426154701
1.0068360109135124e6
1.0246115020314632e6
1.042639202695154e6
1.0609185747156404e6
1.0794490564453304e6
1.0982300642496063e6
1.1172609946807446e6
1.1365412247149576e6
1.1560701141267954e6
1.1758470066670033e6
1.1958712312233904e6
1.2161421032031316e6
1.2366589254953428e6
1.2574209901494752e6
1.2784275803817806e6
1.2996779650977058e6
1.3211714134975506e6
1.3429071825971326e6
1.3648845249936408e6
1.3871026880558077e6
1.4095609122568457e6
1.4322584466247344e6
1.4551945219984003e6
1.478368373919798e6
1.5017792377576828e6
1.525426400255375e6
1.54930896094374e6
1.5734262727219549e6
1.59777755302661e6
1.622362032329497e6
1.6471789584266013e6
1.672227576403152e6
1.697507136355443e6
1.7230168933121497e6
1.7487561073322399e6
1.7747240456940767e6
1.800919977219518e6
1.827343179165752e6
1.8539929337965946e6
1.880868532120469e6
1.9079692683466938e6
1.9352944476762924e6
1.9628433822755537e6
1.9906153830808983e6
2.0186097849906185e6
2.0468259144601806e6
2.0752631388236056e6
2.103920763746051e6
2.1327981792056626e6
2.161894751823527e6
2.19120985131461e6
2.2207428703624075e6
2.25049319500163e6
2.280460234750448e6
2.310643399754459e6
2.341042113522147e6
2.371655808327714e6
2.4024839216302102e6
2.4335259036924588e6
2.4647812163145477e6
2.4962493225736544e6
2.5279297073177313e6
2.559821847218127e6
2.5919252525197146e6
2.6242394103730656e6
2.6567638490264122e6
2.689498089231746e6
2.7224416620057463e6
2.7555941143767796e6
2.7889549915459827e6
2.8225238480295273e6
2.8563002757323706e6
2.8902838326588417e6
2.924474103391659e6
2.958870692725156e6
2.9934732015961343e6
3.028281259592228e6
3.0632944358822815e6
3.0985124115931294e6
3.1339348051452897e6
3.1695612650713287e6
3.2053914469394013e6
3.241425007647358e6
3.277661618599996e6
3.314100958145924e6
3.350742710724085e6
3.3875865707016466e6
3.4246322491538627e6
3.4618794145539594e6
3.499327824103489e6
3.536977182812237e6
3.5748272227923824e6
3.6128776786782797e6
3.6511282938659815e6
3.6895788182766773e6
3.728229000177564e6
3.7670786261364296e6
3.8061274454537034e6
3.8453752287073703e6
3.884821771620116e6
3.924466857341051e6
3.9643102794127297e6
4.004351836981577e6
4.0445913346049776e6
4.085028588054004e6
4.1256634090654887e6
4.16649562632008e6
4.207525060474488e6
4.248751545766113e6
4.290174923160491e6
4.331795031459286e6