535143.2339617806
535160.5321769742
535206.8350030936
535282.5722262503
535388.582163403
535525.8651181639
535695.6956667484
535899.8165350991
536140.0515662144
536418.5222948487
536737.6726151193
537100.2071113081
537509.0835963173
537966.9885822847
538477.7944347239
539045.327196524
539671.8392974798
540362.7590405223
541121.5620647618
541952.7425571688
542860.4257000684
543849.2191437772
544923.7233294582
546088.6640723303
547348.7857594544
548709.1018748097
550174.1973763596
551749.7836000711
553440.1942602738
555250.7213361022
557186.4209339719
559252.3606429321
561453.5974897455
563795.1749942731
566282.0999681146
568919.3618158216
571711.900748793
574664.5992132197
577782.3230050893
581069.3467500958
584531.5888009276
588172.5178863803
591997.0308615927
596009.5785005827
600214.4987963205
604616.0291089752
609218.382591099
614025.5366742235
619041.5211607484
624270.1208370705
629715.0754702725
635380.0085249752
641268.4270849732
647383.7114705879
653729.1450021067
660307.883241085
667122.2733640078
674177.3540003585
681473.8118581902
689015.066299169
696803.6899406268
704842.1491247587
713132.8026350109
721677.8927924959
730479.5530685219
739539.7927514103
748860.5293737514
758443.5711419766
768290.6163835297
778403.2549466778
788782.9855736591
799431.2034036048
810349.2020863204
821538.1876264398
832999.2589605553
844733.4325146036
856741.6323517795
869024.69529702
881583.3722697219
894418.3298396787
907530.1570664477
920919.3615623647
934586.3705296285
948531.5509617213
962755.1741278967
977257.4741314698
992038.5746938138
1.0070985789245185e6
1.0224374990404842e6
1.0380552979381841e6
1.053951872396117e6
1.070127067690894e6
1.0865806744693203e6
1.103312429715543e6
1.1203220221737307e6
1.137609091821331e6
1.155173232990281e6
1.1730139961733564e6
1.1911308901351157e6
1.2095233840787858e6
1.2281909082092403e6
1.2471328593786662e6
1.2663485950186772e6
1.2858374477810683e6
1.305598711363993e6
1.3256316581784585e6
1.345935528941961e6
1.3665095395759323e6
1.3873528847016157e6
1.408464731153682e6
1.429844234021979e6
1.4514905187858474e6
1.473402699100318e6
1.4955798730500196e6
1.518021119667601e6
1.5407255083789718e6
1.563692093010006e6
1.5869199185656304e6
1.6104080176989906e6
1.6341554177027757e6
1.6581611359752542e6
1.682424200725012e6
1.7069435635004905e6
1.7317182821665874e6
1.7567473342461635e6
1.7820297156627905e6
1.807564420020125e6
1.8333504413490964e6
1.85938677021e6
1.8856724034699474e6
1.9122063344003928e6
1.9389875643071434e6
1.9660150805556674e6
1.9932879048188303e6
2.0208050363191166e6
2.048565509486364e6
2.076568290512118e6
2.1048124553518053e6
2.133297018495419e6
2.162021019456003e6
2.1909835027445466e6
2.2201835222115032e6
2.24962014308749e6
2.2792924324905407e6
2.3091994708890663e6
2.339340352829187e6
2.369714168583624e6
2.4003200307115465e6
2.431157060388482e6
2.462224384783361e6
2.493521144228475e6
2.5250464878455745e6
2.5567995795870638e6
2.588779594592307e6
2.6209857341508004e6
2.6534171552101295e6
2.686073089663628e6
2.7189527351848944e6
2.7520553513607793e6
2.7853801689324514e6
2.8189264436136796e6
2.8526934397273264e6
2.886680440025043e6
2.9208867339734314e6
2.9553116249202345e6
2.989954448645205e6
3.0248144886757345e6
3.0598911078235833e6
3.0951836539088036e6
3.130691493238467e6
3.166413999800475e6
3.20235055921682e6
3.2385005707893698e6
3.2748634468558533e6
3.311438604391371e6
3.348225486019328e6
3.385223527916068e6
3.422432192580136e6
3.459850948138003e6
3.4974792639181106e6
3.535316644101411e6
3.573362588123776e6
3.6116165829360588e6
3.6500781869307905e6
3.6887469155350337e6
3.7276223189445427e6
3.7667039468387896e6
3.8059913682662053e6
3.8454841539329514e6
3.8851818893323373e6
3.925084177114049e6
3.9651906096879216e6
4.0055008120022966e6
4.046014401023508e6
4.086731013899739e6
4.127650292323538e6
4.1687718864726555e6
4.210095456098412e6
4.251620674862837e6
4.293347215797543e6