328499.3849002115
328561.2240688676
328726.256220605
328994.8593914687
329367.59738930094
329845.29153638275
330428.9470868312
331119.8363456746
331919.3364198444
332829.14980060316
333851.10181752767
334987.1830501816
336239.7026355064
337610.75939299737
339103.13668697467
340719.39218642353
342462.3906575884
344334.9038826729
346340.08570462593
348481.070471357
350761.02958316775
353183.3589427491
355751.31991353584
358468.3885563675
361338.0171931385
364363.7133989277
367548.9740493684
370897.4081468993
374412.4783663645
378097.7261272401
381956.6761806933
385992.83503549674
390209.6024495391
394610.4416927536
399198.7009258759
403977.70364235947
408950.69991867733
414120.87317226804
419491.3460368768
425065.15840503597
430844.9287477173
436834.5892380695
443035.57141391607
449451.8757978078
456085.1725928121
462938.29141982633
470013.8404925867
477313.66715356347
484840.5223103807
492596.3458714073
500583.1975486424
508803.033219215
517257.70324435737
525948.960575174
534878.4770695477
544047.8168873296
553458.457669994
563111.7746700319
573009.072671919
583151.5537158386
593540.3319081018
604176.4441017228
615060.8397818124
626194.3877475652
637577.8799210665
649212.0248814188
661097.4599586425
673234.753413252
685624.3979393763
698266.8111633197
711162.373527341
724311.3647671057
737714.0235736922
751370.528956257
765280.9967164914
779445.4926189944
793864.0270482495
808536.5624651172
823463.010293572
838643.2413144391
854077.0756418252
869764.2955193056
885704.6407753518
901897.8176155998
918343.4923550962
935041.2990098384
951990.8394978187
969191.6887343939
986643.3729342639
1.0043454251481952e6
1.0222973293470859e6
1.0404985519391304e6
1.0589485372647964e6
1.0776467090377694e6
1.096592471854081e6
1.1157852125543004e6
1.1352243017042717e6
1.154909094760705e6
1.174838933545722e6
1.1950131472856961e6
1.2154310527606306e6
1.236091961061382e6
1.2569951676122437e6
1.278139964180355e6
1.2995256335276817e6
1.321151453885713e6
1.3430166970026325e6
1.365120633169348e6
1.3874625247110066e6
1.410041634357579e6
1.4328572228768817e6
1.4559085506899368e6
1.479194872081642e6
1.5027154517683994e6
1.5264695461509712e6
1.550456429310612e6
1.5746753361451388e6
1.5991255591937993e6
1.623806360089893e6
1.6487170122807892e6
1.6738567938667664e6
1.6992249862335e6
1.724820862116391e6
1.7506437539655308e6
1.776692920686916e6
1.802967678295177e6
1.829467338512222e6
1.8561912170914265e6
1.8831386381842536e6
1.9103089335579257e6
1.9377014396207945e6
1.9653155057402828e6
1.9931504780004164e6
2.0212057312771878e6
2.0494806173442455e6
2.0779745397374912e6
2.1066868491471857e6
2.1356169669598076e6
2.1647642924303943e6
2.194128234500493e6
2.2237082179923053e6
2.2535036665391633e6
2.283514023006701e6
2.313738734566128e6
2.344177257971213e6
2.374829059138503e6
2.4056936118060406e6
2.43677039510924e6
2.4680589165870612e6
2.4995586634086184e6
2.5312691519309767e6
2.563189901082009e6
2.595320440761391e6
2.6276603073025146e6
2.6602090471104276e6
2.6929662170172823e6
2.7259313794419593e6
2.75910411203694e6
2.792483991248889e6
2.826070608932308e6
2.8598635638609966e6
2.8938624658673867e6
2.928066922776152e6
2.962476565835628e6
2.9970910226979875e6
3.031909956374374e6
3.0669329605480707e6
3.1021597413133695e6
3.137589945543234e6
3.1732232469174433e6
3.209059327195974e6
3.245097868712249e6
3.2813385677109417e6
3.31778112705552e6
3.354425254450274e6
3.3912706680426723e6
3.4283170894045215e6
3.465564250741387e6
3.503011889232852e6
3.540659746438426e6
3.5785075921210977e6
3.6165551304730237e6
3.654802181262434e6
3.693248493695497e6
3.731893843220009e6
3.7707380141912946e6
3.809780797001855e6
3.84902197557334e6
3.888461361504856e6
3.928098756989922e6
3.9679339732058826e6
4.007966826450382e6
4.048197139887517e6
4.088624742761347e6
4.129249461591584e6
4.1700711451203865e6
4.2110896281015035e6
4.252304759715032e6
4.29371639398e6
4.335324388452128e6