380691.73336539045
380741.2438268309
380873.86572708806
381087.2578008184
381390.5380731651
381773.9667802197
382244.4390725385
382802.1961577323
383448.7562727337
384186.05301487923
385015.91112690803
385940.8049269591
386962.87307116133
388084.8437269621
389309.5354291691
390639.8178934908
392078.8170537485
393629.721834952
395295.84471337683
397080.7587715674
398988.06700271624
401021.30130614305
403184.2849820141
405480.83106605976
407914.76751487586
410490.1123853057
413210.6850379787
416080.6006146921
419103.732177953
422284.06821980514
425625.6179015385
429132.3457283821
432808.13540628145
436656.92204938526
440682.5389286113
444888.6493132828
449279.4482735699
453858.16081796796
458628.5569964637
463594.16227311397
468758.457728241
474124.8109141906
479696.5197573332
485476.7793247682
491468.69110638695
497675.2630140643
504099.43218306487
510743.98755146377
517611.6916154604
524705.1089268189
532026.7603392184
539579.0586201113
547364.3065918057
555384.6979596893
563642.3405356623
572139.2227580347
580877.2462764276
589858.191113856
599083.763471235
608555.5543214732
618275.0667098904
628243.70184048
638462.7728184767
648933.500283861
659657.017299379
670634.3598496194
681866.4873145814
693354.2698155653
705098.5129397871
717099.9146887688
729359.1136039078
741876.6724917537
754653.0828132418
767688.7612950963
780984.057105233
794539.2619269947
808354.5815866081
822430.1922862376
836766.192017992
851362.6209069734
866219.4753507313
881336.6933383556
896714.160592641
912351.724132838
928249.1708762387
944406.2645361386
960822.6990843737
977498.156169787
994432.2675176515
1.0116246288423783e6
1.0290748038469775e6
1.0467823216623297e6
1.0647466851874038e6
1.082967365929495e6
1.1014438092891145e6
1.1201754354602722e6
1.139161641045098e6
1.1584018006133032e6
1.1778952678414735e6
1.197641378546695e6
1.217639448622794e6
1.2378887798948046e6
1.258388658317846e6
1.279138356436633e6
1.3001371324958825e6
1.3213842367061258e6
1.3428789068703842e6
1.3646203728341027e6
1.3866078596363992e6
1.4088405700680162e6
1.4313177251058763e6
1.4540385261060284e6
1.4770021642651912e6
1.5002078482348332e6
1.523654764735353e6
1.5473421172919467e6
1.571269068079407e6
1.595434838463186e6
1.619838609269961e6
1.64447957532898e6
1.669356933789936e6
1.694469878553772e6
1.719817611147318e6
1.745399336755191e6
1.771214263506382e6
1.7972616042692536e6
1.8235405762029176e6
1.8500504040311743e6
1.8767903156748968e6
1.903759545768649e6
1.9309573381580804e6
1.9583829446285912e6
1.986035605874957e6
2.0139146018012268e6
2.0420191976736595e6
2.070348685510977e6
2.098902317915545e6
2.1276794187590303e6
2.15667928796526e6
2.1859012369958013e6
2.215344587456399e6
2.2450086732814205e6
2.2748928239506776e6
2.3049963996101525e6
2.335318756661347e6
2.36585926597899e6
2.3966173012541663e6
2.4275922487645675e6
2.4587835134898135e6
2.4901904959069993e6
2.521812615322586e6
2.553649297143766e6
2.5856999783948804e6
2.617964106752742e6
2.6504411349878027e6
2.6831305316495635e6
2.7160317755169272e6
2.7491443399777533e6
2.782467730126562e6
2.816001448422733e6
2.849745009390809e6
2.8836979404238253e6
2.917859757844753e6
2.952230025105781e6
2.9868082836314016e6
3.0215941144603603e6
3.0565870327195586e6
3.0917866733726957e6
3.127192605370115e6
3.162804428433696e6
3.1986217466556127e6
3.2346441757233767e6
3.2708713381509106e6
3.3073028680986697e6
3.343938404555351e6
3.38077759757188e6
3.417820102525973e6
3.455065587291494e6
3.4925137248430853e6
3.5301641932972176e6
3.568016684621056e6
3.606070894425403e6
3.644326527449681e6
3.6827832958708038e6
3.721440918150403e6
3.7602991451145303e6
3.799357644052382e6
3.8386162091836506e6
3.878074583297173e6
3.9177325130844167e6
3.957589760277378e6
3.997646091250487e6
4.0379012813941366e6
4.0783551082952353e6
4.1190073656942737e6
4.1598578382501774e6
4.200906328112822e6
4.242152637851996e6
4.283596578864753e6
4.325237968609387e6