644939.562699771
644936.7693302097
644929.4279298871
644918.9196637181
644903.5364391396
644886.8927570638
644869.2810156298
644853.5862018039
644840.6669485109
644833.1940801389
644833.8386634253
644845.4692826653
644871.2048404408
644914.409176427
644978.7357232231
645068.0318261683
645186.3461627662
645338.0024107418
645527.2042693156
645758.8495574679
646037.8023473071
646368.6842293529
646756.7001312502
647207.0155959162
647724.8770142742
648315.7300588922
648984.8118081576
649738.2201298731
650580.726913413
651518.4745326166
652556.9376151337
653701.7778540995
654958.6505955163
656333.2351627799
657830.8375564484
659457.7609773517
661219.4409337484
663121.2327031598
665168.1327723954
667366.1341575219
669720.6420929824
672236.8652431491
674920.017299154
677775.2658230509
680807.6525278274
684021.711546854
687423.6358014192
691016.89786113
694806.6197232986
698797.3399092448
702993.5280403075
707399.5407296265
712019.6060397306
716857.8352616623
721918.237258155
727204.5868510387
732720.9719196506
738470.7286756049
744457.4681026815
750684.6126741242
757155.42654971
763873.0929639457
770840.6389775701
778061.0067472879
785536.9916138047
793271.2708051947
801266.4231815751
809524.8892109616
818049.0200247708
826841.0189738012
835903.0016450086
845236.9666830787
854844.8191848994
864728.2715102499
874889.0709371191
885328.7474069211
896048.7685170289
907050.4963147743
918335.1927788504
929904.0191835364
941758.0479446199
953898.2545953831
966325.6065564045
979040.6400251278
992044.3161727968
1.005337189222261e6
1.0189197679958767e6
1.0327925365031678e6
1.0469558664772308e6
1.0614100601056959e6
1.0761553515431788e6
1.0911918935155107e6
1.1065197741523318e6
1.1221390178198607e6
1.1380495754847876e6
1.1542513403672166e6
1.1707441432140241e6
1.1875277555913734e6
1.204601894465154e6
1.221966218807858e6
1.2396203375535156e6
1.2575638086423122e6
1.2757961417080113e6
1.29431680000046e6
1.3131252026794252e6
1.332220726985604e6
1.3516027086046878e6
1.371270445370199e6
1.3912232011302495e6
1.4114602000268693e6
1.431980638707261e6
1.4527836784410302e6
1.4738684531328173e6
1.4952340710354e6
1.5168796112610875e6
1.538804129497171e6
1.561006660126811e6
1.583486213790311e6
1.6062417896608235e6
1.6292723575389234e6
1.6525768777162167e6
1.6761543001748587e6
1.7000035338441127e6
1.7241235187626334e6
1.7485131525977652e6
1.7731713322550345e6
1.7980969465234315e6
1.823288874834957e6
1.8487459941563504e6
1.874467166714347e6
1.9004512664158659e6
1.9266971691249968e6
1.9532036875199156e6
1.9799697067687719e6
2.006994119802148e6
2.0342757188493179e6
2.0618134157321022e6
2.089606045714525e6
2.117652504475071e6
2.1459516248466354e6
2.174502306318063e6
2.2033034150618315e6
2.2323538387408582e6
2.2616524844782935e6
2.291198234078775e6
2.32098999758115e6
2.351026690776121e6
2.381307236348022e6
2.411830569476708e6
2.442595630318655e6
2.4736013649192294e6
2.504846747701994e6
2.536330739133663e6
2.568052331340925e6
2.600010507768667e6
2.6322042860374586e6
2.6646326872146567e6
2.697294715645146e6
2.7301894444263084e6
2.763315914854265e6
2.7966731991656558e6
2.830260373926303e6
2.864076534475303e6
2.8981207873328933e6
2.9323922537778825e6
2.9668900639697392e6
3.001613366340235e6
3.0365613186231125e6
3.0717331044073715e6
3.1071278998333155e6
3.1427449106457103e6
3.1785833489869456e6
3.2146424429738177e6
3.2509214396751607e6
3.2874195879136412e6
3.3241361772892317e6
3.3610704534459007e6
3.3982217334967563e6
3.4355893266343637e6
3.4731725437237197e6
3.5109707372254035e6
3.5489832524131504e6
3.5872094240190615e6
3.6256486663186844e6
3.6643003467525826e6
3.70316387400368e6
3.742238653964221e6
3.78152411702262e6
3.821019701255012e6
3.8607248565874076e6
3.9006390397817013e6
3.9407617330996e6
3.981092416507388e6
4.0216306042297776e6
4.0623757892123037e6
4.103327499502432e6
4.1444852660670183e6
4.185848632371262e6
4.227417158939553e6
4.269190372082679e6