398657.7038412085
398703.2051683896
398825.0015148198
399023.3708101701
399298.9199679672
399652.61825429264
400085.56561900605
400599.16240489064
401195.0494529569
401875.1202818592
402641.3720797342
403496.0992178137
404441.824817601
405481.1548542391
406616.994830759
407852.3296263962
409190.3540004612
410634.3977396975
412187.84410818096
413854.3787172802
415637.72219534905
417541.5044552558
419569.6801810758
421726.17593040084
424014.9552051
426440.1659927474
429005.7557682054
431715.9932017749
434574.8694391325
437586.5529989917
440755.1676198557
444084.83765129617
447579.5970989793
451243.5328732289
455080.6501182256
459094.7145535557
463290.1672857327
467670.32692424883
472239.1426496656
477000.29781104776
481957.43644828757
487114.0866890864
492473.7087183187
498039.6564483042
503815.1919321881
509803.484198921
516007.63762935996
522430.5718270595
529075.2319939174
535944.3330862629
543040.5471434719
550366.4300129003
557924.4493079393
565716.9386514601
573746.1525052952
582014.2240534109
590523.1921437333
599274.9828333656
608271.4312113472
617514.2634937197
627005.1134446415
636745.5078527278
646736.8846994329
656980.5862271255
667477.8623989859
678229.8627104275
689237.6596809449
700502.2331693979
712024.4827101942
723805.2162737987
735845.1706418883
748144.999810753
760705.2853824329
773526.5243301042
786609.1598825594
799953.5542902146
813560.0034918406
827428.7423790342
841559.9414962435
855953.7119605788
870610.1056624665
885529.1232554091
900710.7051504579
916154.7507980466
931861.0955738975
947829.5494864174
964059.8484642805
980551.7136407132
997304.8131604292
1.0143187759989965e6
1.031593196319636e6
1.0491276301058466e6
1.066921605319429e6
1.0849746151609858e6
1.1032861241545465e6
1.121855569009888e6
1.140682360268742e6
1.1597658838850176e6
1.179105502832731e6
1.1987005602619112e6
1.21855037377931e6
1.2386542504067833e6
1.259011475200228e6
1.2796213197173856e6
1.30048303593951e6
1.3215958706158265e6
1.342959053234905e6
1.364571804339685e6
1.3864333381562675e6
1.4085428440866233e6
1.4308995301366746e6
1.4535025808560974e6
1.476351172241007e6
1.4994444907812376e6
1.5227817024833374e6
1.546362004301643e6
1.5701845191149274e6
1.5942484538430078e6
1.618552962751307e6
1.643097218034796e6
1.6678803863206124e6
1.692901638948304e6
1.7181601496204706e6
1.7436550945488126e6
1.7693856522844553e6
1.79535100702484e6
1.8215503462883115e6
1.847982863360449e6
1.8746477557852508e6
1.9015442261302876e6
1.928671485908435e6
1.9560287541052417e6
1.9836152444020312e6
2.0114301987997636e6
2.0394728494017408e6
2.0677424569147467e6
2.0962382387413115e6
2.1249594876248315e6
2.1539054685613187e6
2.1830754597388767e6
2.2124687492622887e6
2.2420846327555273e6
2.271922420197146e6
2.3019814242866375e6
2.3322609746909644e6
2.362760403039463e6
2.3934790556365727e6
2.42441628580813e6
2.4555714600140266e6
2.4869439518607333e6
2.5185331458859863e6
2.5503384356644545e6
2.5823592268407205e6
2.6145949345035898e6
2.6470449801612706e6
2.6797088011359535e6
2.712585845941695e6
2.745675556915259e6
2.778977407655014e6
2.812490873680929e6
2.8462154381065313e6
2.880150598787658e6
2.914295845690307e6
2.948650708352168e6
2.983214705072052e6
3.0179873696063072e6
3.0529682435631184e6
3.0881568810358457e6
3.1235528425986525e6
3.1591557005876116e6
3.194965034495679e6
3.230980434011065e6
3.2672014969621655e6
3.303627832044853e6
3.3402590547252637e6
3.377094790668087e6
3.414134672446542e6
3.451378344322499e6
3.4888254573767902e6
3.5264756654743603e6
3.5643286407576352e6
3.6023840563684003e6
3.6406416004522676e6
3.679100951931202e6
3.717761821244222e6
3.7566239367164792e6
3.795686942362584e6
3.834950615686775e6
3.8744146811145935e6
3.9140788662126306e6
3.953942914513613e6
3.99400657680518e6
4.0342696062395005e6
4.074731767570341e6
4.1153928371859174e6
4.1562525832626885e6
4.197310790971471e6
4.238567249291955e6
4.280021754056782e6
4.321674147326098e6