587150.4373177136
587157.9521579924
587178.1245422082
587211.4484722533
587258.7639492957
587321.132924393
587399.593548652
587496.7926445701
587613.7951478811
587753.0816944435
587917.2136928302
588108.9768292701
588331.3509457973
588587.5713745789
588881.1859435432
589215.8638074815
589595.5029287133
590024.2427189993
590506.1425393231
591045.8921996683
591648.1150047043
592317.2942535658
593058.3851794777
593876.327878156
594776.1135475377
595763.011593865
596841.8182834894
598018.6412850714
599297.948087405
600685.3956628335
602186.2886338853
603806.0108914331
605549.9021741964
607423.3381697999
609431.3341332001
611579.8768349872
613873.9764689098
616318.5054635315
618918.9115062859
621680.079978225
624607.2580205144
627705.3449567615
630979.1842294342
634433.6412639532
638073.3501179167
641902.9225071922
645926.9294349907
650149.7022299787
654575.6397512236
659208.8686229694
664053.4986222261
669113.5184806241
674392.7828847801
679895.0318353288
685623.9078856348
691582.578496739
697775.4692299154
704204.8303259853
710874.1598463319
717786.5074752865
724944.7838351326
732351.8019745983
740010.2416865483
747922.6875495266
756091.5860531698
764519.2736952864
773207.9828010793
782159.827585829
791376.8116072367
800860.8201447367
810613.649821087
820636.9813802568
830932.4003944097
841501.33369135
852345.2137499943
863465.2848457021
874862.727354775
886538.6253515284
898493.9691533921
910729.656669829
923246.4977689618
936045.222484777
949126.4637984245
962490.7920706323
976138.6714936434
990070.5243435932
1.0042866496246071e6
1.0187873251327592e6
1.0335727258397458e6
1.0486429673339827e6
1.0639980977975554e6
1.0796381022348513e6
1.0955629035367188e6
1.1117723642825368e6
1.1282662915197555e6
1.145044435224603e6
1.16210649305252e6
1.1794521114101012e6
1.19708088781153e6
1.2149923731937003e6
1.2331860724329827e6
1.251661449390782e6
1.270417925791331e6
1.2894548858948576e6
1.3087716719785046e6
1.3283675991761605e6
1.3482419469393857e6
1.3683939495463166e6
1.3888228366664199e6
1.4095277902423334e6
1.4305079742502104e6
1.4517625240727882e6
1.4732905544397056e6
1.4950911586782155e6
1.5171634086533457e6
1.5395063581307123e6
1.5621190444748127e6
1.5850004894403839e6
1.6081496982743402e6
1.631565667624101e6
1.6552473788359733e6
1.6791938106206811e6
1.7034039061023276e6
1.7278766409364585e6
1.752610995612644e6
1.7776057915253714e6
1.8028600879523612e6
1.8283727778076397e6
1.854142794387321e6
1.8801690608839404e6
1.906450513468224e6
1.9329860791604244e6
1.959774673470759e6
1.9868152459908517e6
2.0141067221779418e6
2.0416480386526193e6
2.069438134759975e6
2.097475955526448e6
2.1257604499921836e6
2.1542905750045814e6
2.1830652900741613e6
2.2120835656455834e6
2.2413443934670524e6
2.2708467198211467e6
2.3005895598688344e6
2.3305719095772654e6
2.3607927782502645e6
2.3912511854456663e6
2.42194616276462e6
2.452876746169968e6
2.48404198650269e6
2.5154409714665185e6
2.5470727021617843e6
2.578936317318832e6
2.6110308906938797e6
2.6433555411053933e6
2.6759093782609985e6
2.7086915128163993e6
2.7417011200391343e6
2.774937335085758e6
2.808399330774017e6
2.84208627816656e6
2.8759973741441933e6
2.9101318216469376e6
2.9444888364774697e6
2.9790676485004933e6
3.013867499067981e6
3.0488876452171784e6
3.084127350984843e6
3.119585900167796e6
3.1552625854996503e6
3.1911567108190325e6
3.2272675965682925e6
3.263594575777543e6
3.3001369888029504e6
3.3368941969810324e6
3.373865564328755e6
3.411050477079394e6
3.44844833034553e6
3.4860585150394053e6
3.523880474893666e6
3.561913627742923e6
3.600157394275422e6
3.638611264143885e6
3.677274684838162e6
3.71614714064964e6
3.7552281152599733e6
3.794517111373361e6
3.8340136412582537e6
3.8737172258984214e6
3.9136273990066396e6
3.9537437056431947e6
3.9940657041879557e6
4.034592953037305e6
4.0753250374278063e6
4.1162615390516324e6
4.157402054471912e6
4.198746189453416e6
4.240293565926227e6
4.28204380397607e6