331624.9287378165
331686.0177189476
331849.04987720505
332114.40618274454
332482.65393167385
332954.6177936202
333531.3102639081
334214.00735024724
335004.10770579043
335903.31132540666
336913.4456716109
338036.5398627048
339274.92025263875
340630.65823849477
342106.59857577144
343705.28973474493
345429.57126667956
347282.38403256447
349266.7648825963
351385.89627843886
353642.99218559277
356041.47215598624
358584.6063203402
361275.904317177
364118.8445861365
367116.95944157254
370273.77123272105
373592.92201387684
377077.90548148775
380732.27293828
384559.59792597976
388563.410145269
392747.1389378093
397114.2782979002
401668.20648018364
406412.2779984904
411349.77356602077
416483.9075995387
421817.83399130637
427354.6048054289
433096.9158671658
439048.7005195237
445211.7285232685
451589.1032290078
458183.4572014905
464997.34065346466
472033.3951187398
479293.4851376035
486780.4053957026
494496.11892121227
502442.71397276176
510622.17443116906
519036.37814208365
527687.1052253797
536576.0539907789
545704.8143483825
555074.8894805411
564687.6794860698
574544.5132728999
584646.6164712548
594995.1262267473
605591.1015345394
616435.5136552985
627529.2522900266
638873.1297467047
650467.8737055227
662314.1417870328
674412.5190921532
686763.5165109477
699367.5733915885
712225.0712087933
725336.320351029
738701.5692425858
752321.0109861264
766194.7747878599
780322.9391441392
794705.526396747
809342.5107249656
824233.8151634804
839379.3167870785
854778.8489254145
870432.2022703749
886339.1238035212
902499.3276798315
918912.4872814375
935578.2429965232
952496.2057129657
969665.9434048027
987087.0052963921
1.0047589166153893e6
1.0226811680134232e6
1.0408532291558413e6
1.0592745471235919e6
1.0779445478807772e6
1.0968626378503183e6
1.1160282052513193e6
1.1354406215768121e6
1.155099242814771e6
1.1750034109572088e6
1.1951524546766724e6
1.2155456921066479e6
1.2361824291363177e6
1.2570619635414379e6
1.278183584365533e6
1.2995465724179698e6
1.3211502036581112e6
1.3429937472940162e6
1.3650764709281663e6
1.3873976336347377e6
1.4099564950034565e6
1.432752312227164e6
1.4557843420167905e6
1.4790518349332106e6
1.5025540505885282e6
1.526290290437773e6
1.5502596786624875e6
1.5744615904848515e6
1.5988952655911963e6
1.62355995973818e6
1.6484549426915147e6
1.6735794860023137e6
1.6989328661967758e6
1.724514360897109e6
1.7503232669457137e6
1.7763588669635167e6
1.8026204629318973e6
1.8291073592547933e6
1.8558188664088354e6
1.8827543027462908e6
1.9099129940635625e6
1.9372942708751725e6
1.964897476437701e6
1.9927219513210081e6
2.0207670639699774e6
2.0490321601439673e6
2.0775166375906009e6
2.1062198406930645e6
2.135141184379155e6
2.164280063799415e6
2.1936358798378226e6
2.2232080522745373e6
2.252995998422835e6
2.2829991558469003e6
2.3132169644891433e6
2.34364887648601e6
2.374294353684512e6
2.4051528575439984e6
2.436223876799213e6
2.4675068845659457e6
2.499001388825995e6
2.5307068915282553e6
2.5626229060282763e6
2.594748956704383e6
2.627084574540513e6
2.6596293004534654e6
2.6923826860086564e6
2.7253442881741417e6
2.758513679801382e6
2.791890431678132e6
2.8254741291997614e6
2.859264371268593e6
2.8932607576594977e6
2.9274628926840355e6
2.961870403195755e6
2.9964829118879717e6
3.031300078103453e6
3.0663214882508083e6
3.101546846550035e6
3.136975794408225e6
3.1726080013022576e6
3.208443144667638e6
3.2444809024940664e6
3.2807209607164254e6
3.317163036634124e6
3.3538068153648367e6
3.390652017361056e6
3.427698360219923e6
3.464945572420287e6
3.50239338729341e6
3.540041542740075e6
3.5778897886943244e6
3.6159378745879554e6
3.6541855691158636e6
3.692632630924597e6
3.73127883592548e6
3.7701239626968945e6
3.80916779994508e6
3.848410127644595e6
3.887850754692456e6
3.9274894800887364e6
3.967326112178992e6
4.0073604642751976e6
4.0475923569507278e6
4.088021616131699e6
4.1286480661300872e6
4.169471553004162e6
4.210491908800637e6
4.2517089721383955e6
4.293122618748115e6
4.3347326796149295e6