327778.1325552587
327840.1452082294
328005.6398660301
328274.9938851126
328648.7704379455
329127.7895481823
329713.05530669005
330405.83773950033
331207.501518926
332119.7795614535
333144.46027353953
334283.5455777609
335539.3375230436
336913.9417923653
338410.1145578552
340030.43780378555
341777.7453010698
343654.8242461358
345664.8236918922
347810.85273683676
350096.0978042595
352523.94267384417
355097.64315377304
357820.6695409067
360696.46793802816
363728.54023181414
366920.3768529756
370275.5805403561
373797.6061143399
377489.9900234685
381356.24983130477
385399.88459185767
389624.2877709551
394032.91531250114
398629.1083622521
403416.18344161054
408397.38321804267
413575.8842377517
418954.80170303374
424537.16856478597
430325.5974534289
436324.0087673345
442533.831511662
448959.05778446444
455601.35060923663
462463.5327857302
469548.20228236285
476857.2090122213
484393.28785124654
492158.37502131064
500154.5238032144
508383.6835038053
516847.6981695065
525548.3145307202
534487.1982846796
543665.9075379517
553085.9141797012
562748.5876719832
572655.2273716714
582807.0294231392
593205.1031315944
603850.4799850836
614744.1074426702
625886.8406501504
637279.4756415462
648922.7135642034
660817.1880394333
672963.4611838504
685362.0234280295
698013.2932310484
710917.6318253214
724075.3307595961
737486.6202307076
751151.6759618719
765070.6106898012
779243.4872569564
793670.3132770695
808351.0485534575
823285.6021361758
838473.8423828308
853915.5872797971
869610.6170632802
885558.6696710873
901759.4495450243
918212.6214130598
934917.8178091007
951874.6393107013
969082.6565114532
986541.4071012291
1.0042504041731287e6
1.0222091435981671e6
1.0404170878518578e6
1.0588736806454603e6
1.0775783451840014e6
1.0965304856559702e6
1.1157294885962768e6
1.135174724366935e6
1.1548655483099353e6
1.1748013022276745e6
1.1949813154154578e6
1.2154049048007976e6
1.2360713817150122e6
1.2569800418557427e6
1.2781301774803088e6
1.2995210715791038e6
1.3211520033344715e6
1.3430222446944343e6
1.3651310667326497e6
1.38747773248774e6
1.4100615054636856e6
1.4328816482349792e6
1.4559374191221476e6
1.4792280763278278e6
1.5027528845067606e6
1.526511101088774e6
1.550502001171821e6
1.5747248208047496e6
1.599178853580181e6
1.6238633622983512e6
1.6487776216012235e6
1.6739209107729145e6
1.699292512447919e6
1.7248917106944975e6
1.750717808988375e6
1.7767700977923062e6
1.8030478843388546e6
1.829550481674446e6
1.85627720689746e6
1.8832273855130298e6
1.910400350655382e6
1.9377954400898553e6
1.965412004568211e6
1.9932493915755313e6
2.0213069773384135e6
2.0495841151052697e6
2.078080198595254e6
2.1067946131622028e6
2.1357267484540157e6
2.1648760159440036e6
2.1942418264228245e6
2.2238236056444617e6
2.2536207788019017e6
2.283632790493878e6
2.3138590880623353e6
2.3442991308229193e6
2.3749523856267696e6
2.405818327564857e6
2.43689643713532e6
2.4681862230731435e6
2.4996871739741964e6
2.531398807448458e6
2.563320643709259e6
2.595452213717049e6
2.6277930556741045e6
2.6603427166241533e6
2.6931007548256563e6
2.726066733926395e6
2.7592402327404283e6
2.7926208289383515e6
2.8262081155344825e6
2.86000169244932e6
2.894001170645325e6
2.9282060778749227e6
2.9626162901863307e6
2.997231192592961e6
3.0320505304004485e6
3.0670738984419983e6
3.1023010037658364e6
3.1377314942829413e6
3.173365044743375e6
3.209201337823544e6
3.2452400568731246e6
3.2814808991001756e6
3.3179235683008516e6
3.3545677731153714e6
3.3914132325914907e6
3.428459669216457e6
3.4657068160383133e6
3.5031544111636714e6
3.540802196931608e6
3.5786499439171767e6
3.616697357292624e6
3.654944257430096e6
3.6933903943986073e6
3.7320355444187e6
3.7708794925862625e6
3.8099220300279493e6
3.8491629414204676e6
3.8886020390366465e6
3.9282391257669143e6
3.968074013475945e6
4.008106519117946e6
4.048336466525062e6
4.088763685546194e6
4.1293880033722986e6
4.170209269287822e6
4.211227318679744e6
4.252442001315483e6
4.293853171766957e6
4.335460688149021e6