372672.1944221866
372723.5407760474
372861.02719533956
373084.7892218479
373395.4794056113
373793.96793598635
374281.40111786406
374860.145711542
375528.650161286
376291.8299669713
377150.53851408255
378107.0480875623
379163.7487645057
380323.1430760609
381588.02537335793
382961.25478716486
384445.89028506796
386045.1204241471
387762.17305694974
389600.6074062692
391563.91455579025
393655.7022089622
395879.60419752426
398239.4479434169
400738.98995917814
403382.1168721318
406172.6803058776
409114.691679857
412211.9566553141
415468.4291808725
418888.0175581976
422474.62732218986
426232.072167063
430164.2157568706
434274.8275179807
438567.49653467233
443046.32861244085
447714.49840798834
452575.6934379897
457633.36803569715
462890.9273604747
468351.6685457219
474018.8121777278
479895.4829458917
485984.70827493106
492289.42493891274
498812.4958416603
505556.6386780841
512524.5459452068
519718.7108916675
527141.6079647748
534795.513697173
542682.7305915137
550805.3621754996
559165.4513613491
567764.9219111007
576605.6119172454
585689.238946166
595017.4485123742
604591.7718079807
614413.6537291441
624484.4378195442
634805.3826945357
645377.6545346045
656202.3333435329
667280.4055481362
678612.78011826
690200.2837946289
702043.6626638892
714143.5834648393
726500.6371274719
739115.3451280684
751988.1587084873
765119.4563367036
778509.5515305428
792158.6950131726
806067.0738017893
820234.8231306919
834661.999216764
849348.6420152928
864294.6838010481
879500.0660488836
894964.6412790506
910688.2340526106
926670.6123136319
942911.5135525345
959410.6204085175
976167.5955879819
993182.0552130337
1.0104535811765124e6
1.0279817237093677e6
1.0457660026258671e6
1.0638059086281161e6
1.0821009050017064e6
1.1006504294431391e6
1.11945389561672e6
1.1385106946574529e6
1.1578201968659437e6
1.1773817528416202e6
1.1971946957341302e6
1.217258340548439e6
1.2375719889197713e6
1.2581349272677451e6
1.2789464298102546e6
1.3000057572186221e6
1.3213121631424918e6
1.3428648891522768e6
1.3646631700823435e6
1.3867062364002746e6
1.4089932975644027e6
1.4315235808808277e6
1.4542962955153647e6
1.4773106426059413e6
1.5005658347257683e6
1.5240610724212362e6
1.5477955673307609e6
1.5717684926754304e6
1.5959790788496034e6
1.6204265207174374e6
1.6451100223199609e6
1.6700287931872136e6
1.695182040003363e6
1.720568976224229e6
1.746188821439492e6
1.7720407955657162e6
1.798124125393462e6
1.824438041866282e6
1.8509817832888726e6
1.8777545926669694e6
1.9047557180195814e6
1.931984417425761e6
1.9594399551781183e6
1.9871215958682022e6
2.0150286242407009e6
2.0431603236475142e6
2.0715160011049556e6
2.100094932978888e6
2.1288964328691196e6
2.1579198408561014e6
2.1871644750585337e6
2.2166296721058516e6
2.2463147769342856e6
2.27621914705173e6
2.306342144310001e6
2.3366831449009003e6
2.3672415337314056e6
2.3980167000867687e6
2.429008044868706e6
2.4602149875061894e6
2.491636943311341e6
2.5232733456898266e6
2.5551236336558377e6
2.587187261668452e6
2.6194636881758366e6
2.651952381154556e6
2.684652822906269e6
2.7175645059049972e6
2.750686917460708e6
2.7840195757839116e6
2.817561996476361e6
2.8513137075061253e6
2.885274248629711e6
2.9194431522315885e6
2.9538199877137966e6
2.988404314651918e6
3.0231957243859703e6
3.058193745007986e6
3.0933980227233446e6
3.128808137338225e6
3.164423703181041e6
3.2002443330358774e6
3.236269654737441e6
3.2724993019744833e6
3.3089329196150936e6
3.345570157441146e6
3.3824106760845394e6
3.4194541413661935e6
3.4567002312285835e6
3.4941486286338205e6
3.5317990214467095e6
3.569651111968916e6
3.6077046046292055e6
3.6459592135742037e6
3.684414660010174e6
3.7230706713537276e6
3.7619270076905936e6
3.8009833446159083e6
3.8402394852115354e6
3.879695179561128e6
3.9193501834045677e6
3.959204265942896e6
3.999257201501389e6
4.0395087730635954e6
4.079958765608877e6
4.1206069802310914e6
4.1614532089326866e6
4.202497260141953e6
4.243738944615823e6
4.285178080283144e6
4.326814488518879e6