519092.4870684773
519112.9120358133
519167.54806705844
519256.8283052915
519381.5656419945
519542.7432144466
519741.68053395685
519979.9938549056
520259.54580668244
520582.4107166823
520951.0274909189
521367.98937644507
521836.1588901329
522358.57896060334
522938.61297469994
523579.71773822664
524285.5305982935
525059.9850547048
525906.9587609306
526830.7858316674
527835.8395299765
528926.3368427545
530106.9076071162
531382.2000615333
532756.8780460196
534235.8584750991
535823.6859498391
537525.911079902
539346.8267894621
541291.6124808558
543365.2409460163
545572.6661953534
547918.8531150123
550408.7401368048
553047.2313144068
555839.2089222921
558789.5065680394
561902.8974695099
565184.1270462703
568637.3979024328
572268.4571206066
576080.7002847897
580078.8986921789
584267.389148613
588650.3944102412
593232.0353306053
598016.4092559033
603007.3778105823
608208.8537693876
613624.5055143737
619257.9585259388
625112.7177363705
631192.1754326276
637499.5998269303
644038.1570820387
650810.8940353077
657820.7431277311
665070.5238534585
672562.9193268324
680300.5426549877
688285.8549309428
696521.2189298738
705008.8818584655
713750.9882965783
722749.5675125883
732006.5306535914
741523.694823697
751302.7728192228
761345.3683653243
771652.9788795806
782227.0124999811
793068.7763125014
804179.4776655905
815560.2388085342
827212.0767632572
839135.9275285979
851332.6424383157
863802.9790102689
876547.6179116038
889567.1558570422
902862.1143629735
916432.9364081138
930279.9870713761
944403.5725766476
958803.9078127043
973481.1708497971
988435.4344607039
1.003666750769863e6
1.0191750848585039e6
1.0349603539958772e6
1.0510224132777983e6
1.067361067764254e6
1.0839760696712811e6
1.1008671215091469e6
1.1180338784139482e6
1.135475949884213e6
1.1531929019107115e6
1.1711842588978112e6
1.1894495057123008e6
1.2079880898910973e6
1.2267994221043726e6
1.2458828806304992e6
1.2652378108154265e6
1.2848635287762173e6
1.3047593179955182e6
1.324924441258539e6
1.3453581318985168e6
1.3660596007110754e6
1.3870280363683957e6
1.408262606829546e6
1.4297624626151682e6
1.4515267327953367e6
1.47355453375625e6
1.495844967389082e6
1.5183971184937041e6
1.5412100636296216e6
1.5642828644398546e6
1.5876145774596387e6
1.6112042450336765e6
1.635050906894215e6
1.6591535939634673e6
1.6835113306187813e6
1.7081231399349426e6
1.7329880408028727e6
1.758105046486804e6
1.783473171874883e6
1.8090914302004098e6
1.8349588344318825e6
1.8610743997745218e6
1.8874371374611927e6
1.9140460705894704e6
1.9409002208139407e6
1.9679985991368159e6
1.9953402521984729e6
2.0229242025642493e6
2.0507495104130222e6
2.0788151689574053e6
2.107120278446903e6
2.135663881160084e6
2.1644450425375365e6
2.193462834433725e6
2.2227163381478013e6
2.252204646181016e6
2.2819268511256655e6
2.3118820704408633e6
2.3420694136049813e6
2.3724880192377893e6
2.403136992542861e6
2.4340155155975865e6
2.4651227341048e6
2.4964578143336847e6
2.528019936008578e6
2.5598082908434523e6
2.5918220819993084e6
2.6240605151390685e6
2.656522822201516e6
2.6892082417111415e6
2.722115996572012e6
2.755245400722268e6
2.788595660840525e6
2.8221660856605447e6
2.8559559668449e6
2.889964611904306e6
2.924191342635216e6
2.9586354838360543e6
2.99329638238576e6
3.0281733751648613e6
3.0632658454611674e6
3.0985731613159035e6
3.134094713550736e6
3.1698299247267274e6
3.205778158318881e6
3.241938860461827e6
3.2783114837939683e6
3.3148954254609835e6
3.3516901896025063e6
3.3886952280473025e6
3.42591002219902e6
3.4633340635935753e6
3.5009668449588e6
3.5388078920190353e6
3.576856720138279e6
3.615112844353649e6
3.65357584026072e6
3.692245244842884e6
3.731120628998204e6
3.7702015589519544e6
3.8094876240357924e6
3.848978417528458e6
3.8886735446074083e6
3.92857261729627e6
3.9686752539875666e6
4.0089810947592007e6
4.0494897779608667e6
4.0902009469585083e6
4.13111427066423e6
4.172229412218741e6
4.213546047719567e6
4.255063866063789e6
4.2967825556057505e6