742462.9006875964
742443.8970741782
742393.364059704
742311.8122889422
742200.2413935318
742058.48440617
741891.0382789482
741698.0351210408
741481.0200717553
741242.931481398
740986.6020928468
740715.0464843786
740431.5198820865
740139.7201266146
739843.0638652277
739546.0425984828
739252.7625130592
738967.7990667772
738695.5603045993
738441.2653961652
738210.0523260564
738006.7974636361
737837.026122541
737706.2042912904
737619.9336342547
737584.351302437
737603.9177410443
737686.22211376
737836.2795611173
738060.1684187559
738364.1332455379
738753.7156536627
739235.7540988534
739816.3024528086
740500.7759290783
741295.7357392883
742207.062740607
743241.1854090479
744403.1539805048
745699.5001478407
747136.2327948506
748719.022051357
750453.9176914209
752345.594921111
754400.6475887959
756624.2267940819
759021.7896505935
761598.622553223
764359.9919601651
767310.968956496
770456.5862123951
773801.7671608072
777351.2774191896
781109.8211263496
785081.9585493525
789272.1627703635
793684.741159211
798323.9428473762
803193.7920708593
808298.3288256163
813641.3767118389
819226.6729794511
825057.8169333914
831138.2857426069
837471.4555628408
844060.551475273
850908.7029135128
858018.8890040444
865393.9949918383
873036.7658875278
880949.8422976924
889135.7430070491
897596.8957358707
906335.4958006543
915353.815164056
924653.8634849065
934237.5949803987
944106.8410970968
954263.3383890247
964708.6961821659
975444.4352030156
986471.9695086364
997792.5998776936
1.0094075423364966e6
1.0213179124130324e6
1.0335247165027471e6
1.0460288726910026e6
1.0588312318130285e6
1.071932520905119e6
1.0853333933195984e6
1.099034414275079e6
1.113036066368989e6
1.1273387499406189e6
1.141942784903965e6
1.156848415357869e6
1.1720558088956475e6
1.1875650596288792e6
1.203376239706157e6
1.2194891586488811e6
1.2359038487119926e6
1.2526200840451776e6
1.2696376260520823e6
1.2869561744395895e6
1.3045753707395822e6
1.3224948005038584e6
1.3407139950995292e6
1.359232433937875e6
1.3780495456006837e6
1.3971647135285567e6
1.4165772699977406e6
1.436286510980024e6
1.4562916823740522e6
1.4765919944935325e6
1.497186620298316e6
1.5180746943021747e6
1.5392553159983256e6
1.560727567265954e6
1.5824904612281148e6
1.6045430195492085e6
1.6268842211031527e6
1.6495130261351336e6
1.6724283817601372e6
1.695629228703315e6
1.719114265816431e6
1.742882580229857e6
1.7669329496395155e6
1.7912642116642874e6
1.815875185889396e6
1.8407646856020184e6
1.8659314986473364e6
1.8913744220298713e6
1.9170922289926133e6
1.9430836745542386e6
1.9693475437588429e6
1.9958825795282267e6
2.022687539632654e6
2.0497611754882734e6
2.0771022171005441e6
2.1047094259381425e6
2.1325815429774825e6
2.1607173118207194e6
2.1891154805410868e6
2.2177747996747014e6
2.2466940185126886e6
2.275871895366354e6
2.305307192596652e6
2.334998677057732e6
2.364945229740448e6
2.3951453024699446e6
2.425598014138976e6
2.4563020494012856e6
2.4872562132673752e6
2.51845931977428e6
2.549910195335447e6
2.581607663118289e6
2.613550581031904e6
2.645737808389898e6
2.6781681814365773e6
2.710840619228819e6
2.743753983326956e6
2.7769071985666924e6
2.8102991719208746e6
2.8439288537052125e6
2.877795127858804e6
2.911897014367553e6
2.946233459617582e6
2.980803450675989e6
3.015605989666031e6
3.0506400824046833e6
3.08590476565202e6
3.121399074926445e6
3.157122084190501e6
3.1930729735365924e6
3.229250423076204e6
3.2656539682235047e6
3.3022825763106993e6
3.339135386561805e6
3.376211521052889e6
3.413510171573928e6
3.4510304889511573e6
3.488771686265012e6
3.5267329621060933e6
3.5649135088081784e6
3.6033126045436016e6
3.641929477610406e6
3.680763402447567e6
3.719813649131411e6
3.7590795141958897e6
3.79856031078459e6
3.8382553495961665e6
3.8781639741570638e6
3.918285533842984e6
3.958619392761893e6
3.999164930056428e6
4.0399215351929157e6
4.0808886140844435e6
4.12206558138568e6
4.1634520659320555e6
4.205046923815496e6
4.2468502009501085e6