352466.10438317264
352522.35253534495
352672.22439374373
352916.2468260149
353254.94174822635
353689.1934599942
354220.06832762
354848.8772974546
355577.09157070954
356406.4661045069
357338.8891516651
358376.4935023839
359521.59208396607
360776.6322025675
362144.28141435323
363627.30019630183
365228.64600518084
366951.3827637347
368798.6495571001
370773.8285158773
372880.28366723313
375121.51469881093
377501.0045452753
380022.3959516469
382689.3424528499
385505.5462241028
388474.708476925
391600.6568313819
394887.0450161744
398337.64790225547
401956.1979322492
405746.4283283876
409711.9556780656
413856.4798386547
418183.5728426597
422696.6640198527
427399.6099552982
432295.4608822581
437387.6875830309
442679.56459870626
448174.2939543372
453874.99808223016
459784.6915470806
465906.3334881652
472242.7450567085
478796.6812234087
485570.8218041722
492567.6948668549
499789.8185803469
507239.5015250609
514919.0192823041
522830.5402772818
530976.1257394272
539357.7322630095
547977.2346166312
556836.3918754165
565936.8819636409
575280.2638570808
584868.0277894598
594701.5550733879
604782.1419556334
615110.9891911168
625689.215172366
636517.8499438139
647597.8425368575
658930.0465553426
670515.2544411833
682354.1676964911
694447.4180911318
706795.5593822983
719399.0776751144
732258.3914215397
745373.8487782154
758745.7376465271
772374.277938358
786259.6356276118
800401.9138567797
814801.1654782775
829457.3874428516
844370.5249146291
859540.4769711271
874967.0952007193
890650.1827852448
906589.5097136558
922784.7913197015
939235.7194065092
955941.9411320887
972903.0674221022
990118.6823652387
1.0075883350038716e6
1.0253115461067229e6
1.0432878089015562e6
1.0615165909784937e6
1.079997335469786e6
1.098729462945626e6
1.1177123728452758e6
1.1369454449468332e6
1.1564280408652825e6
1.176159505893126e6
1.1961391675612638e6
1.2163663430101783e6
1.2368403329076269e6
1.257560428605757e6
1.2785259098676909e6
1.2997360459505355e6
1.3211900998604007e6
1.3428873259646834e6
1.3648269725760901e6
1.3870082858886756e6
1.4094304935751273e6
1.4320928412619808e6
1.4549945588081372e6
1.4781348721455596e6
1.5015130086689065e6
1.5251282545640445e6
1.548979692876737e6
1.5730666739499844e6
1.5973884068799196e6
1.6219441141983776e6
1.6467330325695735e6
1.6717544014043221e6
1.6970074607169332e6
1.7224914565136866e6
1.7482056401299983e6
1.7741492677909113e6
1.8003216006094941e6
1.8267219046882722e6
1.8533494533243605e6
1.8802035273155163e6
1.9072834107669545e6
1.9345883987333747e6
1.962117792450444e6
1.98987089486181e6
2.017847028285768e6
2.0460455093124202e6
2.07446569585894e6
2.1031068820666084e6
2.131968447888487e6
2.161049749714302e6
2.1903501309489445e6
2.2198690046025333e6
2.2496057335161185e6
2.279559714067665e6
2.3097303466193443e6
2.340117044960989e6
2.370719231492532e6
2.401536332425126e6
2.432567788976648e6
2.4638130525458064e6
2.495271576726897e6
2.5269428367811446e6
2.558826298719121e6
2.590921462767149e6
2.6232278079422098e6
2.655744852527087e6
2.6884721077631027e6
2.7214090953646605e6
2.754555353575127e6
2.7879104181783437e6
2.8214738420202294e6
2.855245186749954e6
2.8892240253050188e6
2.923409919576823e6
2.957802473553143e6
2.9924012765663783e6
3.027205950408695e6
3.0622160557048195e6
3.0974312660536524e6
3.1328512075584624e6
3.1684754894064143e6
3.2043037758245887e6
3.2403357155518215e6
3.276570972785731e6
3.313009218733623e6
3.349650130667121e6
3.386493396442803e6
3.423538704163719e6
3.460785760132698e6
3.4982342717271606e6
3.5358839520539767e6
3.5737345251729637e6
3.611785721095846e6
3.6500372765169833e6
3.6884889353169594e6
3.727140447626275e6
3.7659915707160914e6
3.8050420718872603e6
3.8442917076245854e6
3.8837402690393236e6
3.92338753326481e6
3.9632332889111033e6
4.0032773299457356e6
4.043519455857237e6
4.0839594766224716e6
4.1245972048522327e6
4.165432452837565e6
4.206465046447529e6
4.247694812419612e6
4.289121585343547e6
4.33074520531615e6