349660.1491598851
349717.05182669056
349868.7095881057
350115.7380093072
350458.18219270033
350897.46039672545
351434.44394845865
352070.4368047154
352806.90289846656
353645.58765468525
354588.3722715677
355637.37491225
356794.90212264075
358063.38377553923
359445.4743422455
360943.9220221386
362561.66535546
364301.7555631291
366167.3114721371
368161.6976655682
370288.2580980335
372550.47020411433
374951.80685812526
377495.8790780575
380186.32187311165
383026.81859282777
386021.03703058616
389172.7734396787
392485.68854247767
395963.51535378303
399609.9626459646
403428.7365481601
407423.42892106925
411597.71306894196
415955.1354696853
420499.10089585173
425233.4358696926
430161.1601364728
435285.72660219437
440610.3773047626
446138.2909566979
451872.5617582778
457816.17631016683
463972.0677701385
470343.0309097987
476931.7944693848
483741.01191705186
490773.2009970604
498030.8232233443
505516.1776227348
513231.5145809215
521178.97777445766
529360.6042673727
537778.326833501
546433.9966399868
555329.3499056873
564466.0416852396
573845.6092495864
583469.521706407
593339.1383849957
603455.7353362994
613820.4934175952
624434.5115427613
635298.8008009789
646414.2919626004
657781.8209292116
669402.1629427173
681276.0029570835
693403.9567310557
705786.5627283963
718424.2921756894
731317.5494100485
744466.6689390186
757871.9256052639
771533.5270225552
785451.6271109206
799626.3183805273
814057.6424315879
828745.5860805645
843690.0856632437
858891.0306582901
874348.2644496374
890061.5882243065
906030.7471356423
922255.4656163121
938735.4283019174
955470.2715655294
972459.6028252488
989703.0012867175
1.007200011723633e6
1.0249501510585019e6
1.042952909158029e6
1.061207750563053e6
1.0797141159536215e6
1.0984714237655685e6
1.1174790717063295e6
1.1367364382751058e6
1.156242884091755e6
1.1759977532983292e6
1.196000374968878e6
1.2162500643618247e6
1.236746123821656e6
1.25748784479295e6
1.2784745083400232e6
1.299705385054306e6
1.3211797395375208e6
1.3428968280699383e6
1.3648558856415474e6
1.3870561882720287e6
1.4094969738593148e6
1.4321774580199579e6
1.4550968839417556e6
1.4782544843838757e6
1.5016494887370276e6
1.5252811867839019e6
1.5491486684555458e6
1.573251284726725e6
1.5975882497063598e6
1.622158789283913e6
1.646962147346243e6
1.6719975647562724e6
1.6972642872345261e6
1.7227615653854357e6
1.748488655341204e6
1.7744448180479307e6
1.8006293196670625e6
1.8270414313567735e6
1.8536804313541406e6
1.880545605596723e6
1.907636243381275e6
1.9349516450035789e6
1.9624911171535884e6
1.9902539673023666e6
2.018239523815843e6
2.0464471084987272e6
2.0748760841111594e6
2.1035257507301755e6
2.132395493454395e6
2.161484673928627e6
2.1907926563595254e6
2.2203188297583163e6
2.250062573698705e6
2.280023293255097e6
2.3102003935236335e6
2.340593293077816e6
2.371201419303409e6
2.4020242046818067e6
2.4330610946283406e6
2.464311546151663e6
2.495775017372231e6
2.527451003371886e6
2.559338931610221e6
2.591438352052152e6
2.6237487323813196e6
2.656269596398219e6
2.689000460147567e6
2.721940850200734e6
2.755090309278578e6
2.788448378055458e6
2.8220146083199927e6
2.8557885829835325e6
2.889769860632331e6
2.923958019898303e6
2.958352661657392e6
2.9929533827366293e6
3.0277598088085866e6
3.062771504870508e6
3.0979881483648126e6
3.133409353800098e6
3.1690347659464153e6
3.2048640370619306e6
3.240896819875841e6
3.2771327823927845e6
3.313571599472531e6
3.350212952170047e6
3.387056531226606e6
3.42410203026119e6
3.461349157159569e6
3.498797623336379e6
3.5364471452366817e6
3.5742974502742914e6
3.612348271701229e6
3.6505993493739255e6
3.68905043027173e6
3.727701267623502e6
3.766551621662844e6
3.805601262550909e6
3.8448499499775153e6
3.8842974775300436e6
3.923943625202777e6
3.963788184357277e6
4.003830951594251e6
4.0440717289667837e6
4.084510329911611e6
4.12514656377427e6
4.1659802571084416e6
4.207011242752355e6
4.248239308991533e6
4.289664336476349e6
4.331286152965203e6