665487.3594862644
665481.0351186548
665464.2672658571
665437.5667661104
665401.8775116182
665358.170325949
665304.828043429
665253.251329142
665195.8133693475
665138.0332100554
665082.6287864894
665032.500821415
664990.805370844
664960.9270265625
664946.9950886315
664951.7220902777
664980.3536227384
665036.8922238171
665125.5875823025
665251.4206628861
665419.3136547026
665633.9468212406
665900.4053319293
666224.5079449432
666611.0017956204
667065.5907258539
667593.5944367826
668201.1180905877
668893.309234478
669676.07961452
670555.127887948
671536.1925714855
672625.0326753627
673827.423890434
675148.7697553536
676595.4737762205
678173.117882279
679887.137290341
681742.6092803293
683745.6598369617
685901.8159395773
688216.4027639051
690694.74090399
693342.1186130395
696163.6953478786
699164.0980686607
702349.7273096559
705724.08577368
709292.4566086857
713059.5002163213
717029.8060645681
721207.8635712785
725598.0048571321
730204.4601422108
735031.441420825
740082.7754404426
745362.6752551625
750874.6190559214
756622.3484681804
762609.4038164628
768839.1784311736
775314.9709781886
782039.9358531985
789017.1369012163
796249.4890970174
803740.7449450368
811490.7368601568
819504.8894040721
827784.7089130405
836332.5191799946
845150.5465519825
854240.9012071122
863605.5994738564
873246.4566585986
883165.3312831233
893363.8555291044
903843.5975619024
914606.0203865044
925652.4844450342
936984.2447389798
948602.4685644987
960508.2213493445
972702.4731482958
985186.1037592279
997959.904138463
1.0110245833178412e6
1.0243807396433445e6
1.0380289329352251e6
1.0519696036752653e6
1.0662031280802125e6
1.0807298026701373e6
1.0955498511158684e6
1.1106634237554157e6
1.1260705995330275e6
1.1417713920572423e6
1.1577657489019716e6
1.1740535471717617e6
1.1906346128574319e6
1.2075087077377e6
1.2246755343224038e6
1.2421347427070844e6
1.259885929172558e6
1.2779286394001923e6
1.2962623697400563e6
1.3148865700012674e6
1.3338006456300935e6
1.3530039583536363e6
1.3724958289280797e6
1.392275541884583e6
1.4123423397874292e6
1.432695436071053e6
1.453334005268286e6
1.4742571930858875e6
1.4954641167952693e6
1.5169538632774455e6
1.538725493073207e6
1.5607780438006704e6
1.5831105299770278e6
1.6057219422483477e6
1.6286112549969382e6
1.651777421244888e6
1.675219385929965e6
1.6989360485120995e6
1.7229263411876366e6
1.747189148163448e6
1.771723355371176e6
1.796527836722362e6
1.8216014557261255e6
1.8469430877548505e6
1.8725515458839263e6
1.898425699872983e6
1.924564387649795e6
1.950966436475694e6
1.9776306977217658e6
2.0045560108376308e6
2.0317411870075588e6
2.059185074281115e6
2.0868864966648316e6
2.1148443067833064e6
2.1430573421819177e6
2.171524445315186e6
2.2002444662591307e6
2.2292162569939694e6
2.2584386950797504e6
2.2879106288840696e6
2.317630937344907e6
2.347598503930143e6
2.377812218474699e6
2.408270980543294e6
2.4389737002214617e6
2.4699192862758734e6
2.501106683793806e6
2.5325348143986166e6
2.5642026374907424e6
2.596109101583548e6
2.6282531888490072e6
2.660633887719593e6
2.6932501651882194e6
2.7261010611277474e6
2.7591855810025414e6
2.792502762907808e6
2.8260516483021956e6
2.8598312981988024e6
2.893840783736593e6
2.928079192851188e6
2.9625456207995308e6
2.9972391948439786e6
3.032159019842941e6
3.067304240607961e6
3.10267401709633e6
3.1382675163065926e6
3.174083930787391e6
3.2101224138597245e6
3.246382223503357e6
3.282862561887132e6
3.3195626689634114e6
3.356481802860621e6
3.3936192046551057e6
3.430974181583561e6
3.4685460039745653e6
3.506333995443695e6
3.5443374706425006e6
3.582555735099392e6
3.621013194976966e6
3.65963412881116e6
3.698492977888833e6
3.7375641001266334e6
3.7768468981367573e6
3.8163407838426353e6
3.856045178081548e6
3.8959595192046557e6
3.9360832561935196e6
3.976415853979583e6
4.0169567794548245e6
4.057705524286842e6
4.0986615899157366e6
4.1398244694611765e6
4.1811936949662725e6
4.222768803162012e6
4.264549296841422e6