605771.0747906497
605775.2089024498
605786.347713529
605804.996851594
605832.011034717
605868.4721395671
605915.370216821
605975.5184116103
606049.877918223
606141.0013300667
606251.4742579837
606384.137625204
606541.989879061
606728.3090480072
606946.7244146636
607200.9123658636
607494.8462370643
607832.6982280827
608218.6319549744
608657.3670420445
609153.6232097141
609711.9213893657
610337.3038951585
611034.7899487215
611809.4411312841
612666.6239839097
613611.1964358161
614649.4989485107
615785.7727783226
617026.0099447949
618375.5792180684
619839.9377432425
621424.5274128515
623134.831780736
624975.9581301949
626954.0017258023
629074.1139462523
631341.496600525
633760.9479946565
636338.2213500211
639078.4495214713
641986.6377463195
645067.7454804814
648326.7557934549
651768.4230855554
655397.4793386254
659218.6012051128
663236.2921704836
667455.006842027
671879.0295108062
676512.5869961978
681359.7941948752
686424.6241828972
691710.9395882215
697222.5028047939
702962.8227271461
708935.8009600538
715144.4509866859
721592.178083555
728282.1502544328
735217.3974416271
742400.8498468797
749835.3029889709
757523.4585986463
765467.876456519
773671.0026883109
782135.1858380403
790862.6417184422
799855.4891099578
809115.7186821465
818645.2245563908
828445.7975268533
838519.1194043937
848866.7143518691
859490.1140680611
870390.6537471166
881569.60799309
893028.14872702
904767.3828942999
916788.2031039952
929091.5953087652
941678.334576739
954549.1352152734
967704.6323844229
981145.3735226569
994871.847070365
1.0088844183064734e6
1.0231834295806736e6
1.0377691179666215e6
1.0526416568276058e6
1.0678011545852958e6
1.0832476463332241e6
1.098981107463117e6
1.1150014494033447e6
1.131308524933631e6
1.147902127798926e6
1.1647819965004902e6
1.1819478176917122e6
1.1993992189987097e6
1.2171357901584432e6
1.235157065992323e6
1.253462537570444e6
1.2720516532719727e6
1.2909238213892556e6
1.3100784042225005e6
1.3295147372343675e6
1.3492321125238305e6
1.3692297902129253e6
1.389507001001698e6
1.410062941354068e6
1.4308967829286691e6
1.4520076682414103e6
1.4733947153273437e6
1.4950570205568038e6
1.5169936562809194e6
1.5392036743801613e6
1.561686109844122e6
1.5844399797386455e6
1.6074642821348729e6
1.6307580074088355e6
1.654320126117451e6
1.6781496062616096e6
1.7022453783211452e6
1.7266064048975345e6
1.7512316517452952e6
1.7761199218505584e6
1.8012702599995062e6
1.8266815383659403e6
1.8523526713741606e6
1.8782825612189404e6
1.9044701226568252e6
1.9309142596419407e6
1.9576138637613037e6
1.9845678618948022e6
2.0117751510886413e6
2.039234645203985e6
2.0669452557060432e6
2.0949059004670728e6
2.12311550107864e6
2.151572999939881e6
2.180277301555e6
2.2092273529063733e6
2.238422107293266e6
2.267860511842238e6
2.2975415366553823e6
2.327464141665126e6
2.3576273096583076e6
2.3880300430828277e6
2.418671308968957e6
2.4495501302245543e6
2.480665523414732e6
2.5120165152886272e6
2.54360214665699e6
2.5754214705127813e6
2.60747353983629e6
2.6397574367446275e6
2.6722722524006623e6
2.70501705408198e6
2.7379909863780127e6
2.7711931538746054e6
2.8046226962005137e6
2.8382787571285972e6
2.8721604976416673e6
2.9062670905769104e6
2.940597717745155e6
2.9751515887224856e6
3.0099279030653504e6
3.0449258915662207e6
3.0801447866571913e6
3.115583843523744e6
3.151242325622562e6
3.1871195067680473e6
3.2232146794993836e6
3.259527144682125e6
3.2960562198186023e6
3.3328012320813793e6
3.369761521795806e6
3.4069364471701784e6
3.4443253762100567e6
3.4819276753011877e6
3.519742753812135e6
3.5577700126594305e6
3.596008842585126e6
3.6344587095246958e6
3.6731190353705436e6
3.711989278967011e6
3.7510689040000606e6
3.790357384970933e6
3.829854210771299e6
3.8695588850355055e6
3.909470912802171e6
3.949589819433313e6
3.9899151413194016e6
4.030446416849507e6
4.0711832057565777e6
4.112125074264276e6
4.1532715959985415e6
4.194622357204747e6
4.236176994404075e6
4.277935042478684e6