384942.3491744783
384990.89349205315
385120.95458034985
385332.62452411314
385626.6083839326
386003.7639495693
386465.3047842152
387012.5330214121
387647.02014694724
388370.68313575035
389185.39844566747
390093.48063854524
391097.40006213705
392199.695413794
393403.24012020975
394710.9029136775
396125.8301513981
397651.2784324429
399290.5609996
401047.27712630003
402925.06261396443
404927.46671666636
407058.3500988309
409321.54667097586
411720.92205885355
414260.52459701174
416944.20391368633
419776.11176825897
422760.1539486754
425900.35148014454
429200.7509592377
432665.35189989256
436298.07439324714
440102.89110139525
444083.67185275257
448244.113431794
452588.46174383105
457119.9668647925
461842.4420184295
466759.4501568171
471874.51178464724
477191.0325617178
482712.3491504828
488441.69492044137
494382.2096695857
500536.93966077943
506908.86151233304
513500.7968569861
520315.5519764498
527355.7225486913
534623.8701103532
542122.4425656482
549853.7781623113
557820.1060253114
566023.5683055391
574466.1882863244
583149.8998800439
592076.5171974007
601247.7781062879
610665.305300348
620330.6326599133
630245.1913743996
640410.3239996429
650827.2793526975
661497.2198754365
672421.2062887339
683600.2266700172
695035.1792300404
706726.881333918
718676.0681051359
730883.3965215731
743349.4515116668
756074.7458133209
769059.7165664361
782304.7346806235
795810.1015200671
809576.0544209296
823602.7774870575
837890.3871818684
852438.939009367
867248.443715317
882318.8532881972
897650.0662068294
913241.9418007409
929094.2781887288
945206.8497651645
961579.3601634023
978211.5002769036
995102.9101524862
1.0122531931207438e6
1.0296619198759577e6
1.0473286256770927e6
1.0652528191097109e6
1.0834339765920534e6
1.1018715478002697e6
1.1205649566531223e6
1.13951360275632e6
1.1587168631960829e6
1.1781740937881316e6
1.19788463112186e6
1.2178477924468108e6
1.2380628799120618e6
1.2585291797194995e6
1.2792459618314726e6
1.3002124855029054e6
1.3214279986146167e6
1.3428917370233436e6
1.3646029281654984e6
1.386560794367149e6
1.4087645350384866e6
1.431213367882607e6
1.4539064903411884e6
1.4768430907263667e6
1.5000223690701427e6
1.5234435113867149e6
1.5471057151049757e6
1.5710081364201854e6
1.5951499917984065e6
1.619530455756115e6
1.6441487173531873e6
1.6690039675270142e6
1.694095393154291e6
1.7194221905913113e6
1.7449835568723055e6
1.7707786936413806e6
1.7968068067157147e6
1.823067106058062e6
1.8495588090554941e6
1.8762811369947838e6
1.9032333147713046e6
1.9304145804396686e6
1.9578241784538296e6
1.985461340644942e6
2.0133253395619928e6
2.0414154325680647e6
2.0697309039366953e6
2.098270998090638e6
2.1270350309762247e6
2.1560222947241776e6
2.185232092361423e6
2.214663738819038e6
2.244316554207177e6
2.274189873486668e6
2.304283036867491e6
2.3345953958081296e6
2.3651263140347064e6
2.3958751570459846e6
2.426841305157086e6
2.458024144109941e6
2.489423090845667e6
2.521037536193928e6
2.5528669043001016e6
2.5849106247484437e6
2.617168137593065e6
2.649638888151058e6
2.6823223377047046e6
2.715217957763021e6
2.748325214318239e6
2.781643605509929e6
2.8151726266967063e6
2.8489117854278665e6
2.8828606023310022e6
2.9170185881624627e6
2.9513852952018003e6
2.985960262689616e6
3.020743064040286e6
3.0557332072844002e6
3.0909303215274303e6
3.126333969253381e6
3.161943744081527e6
3.197759243969633e6
3.2337800784283443e6
3.2700058644070146e6
3.3064362300421954e6
3.34307080864858e6
3.3799092444970594e6
3.4169511879221653e6
3.454196300913814e6
3.491644251284401e6
3.5292947117782463e6
3.5671473694586963e6
3.6052019146364345e6
3.643458044022201e6
3.6819154745208058e6
3.720573910184311e6
3.7594331005114284e6
3.7984927076155855e6
3.837752521934626e6
3.877212281542162e6
3.9168717287304043e6
3.956730621079029e6
3.9967887207975e6
4.0370457995027057e6
4.0775016298479536e6
4.118156002558635e6
4.159008698714415e6
4.2000595157896895e6
4.241308253189195e6
4.282754718882769e6
4.324398726657236e6