430424.89541728277
430463.5141306335
430566.7715585345
430734.9902027024
430968.8998758146
431269.4276187672
431637.77716121747
432075.3969607214
432583.98938276427
433165.5333150066
433822.0600881875
434556.05016908183
435370.09566894436
436266.94762772246
437249.62589391036
438321.2535322874
439485.1774982941
440744.88835600804
442103.9216147754
443566.15410097997
445135.50310747203
446815.75281980046
448611.0747989114
450525.60592765413
452562.7856726981
454729.1623890388
457026.7251805665
459460.7260612024
462035.35200120386
464755.0288885561
467624.1422354442
470647.0286120283
473828.03347245796
477171.4512584181
480681.55910267826
484362.1132280494
488218.67282970826
492253.9636354392
496472.4920848532
500878.2140215787
505475.0458298022
510266.7979208598
515257.1691633539
520449.8357903262
525848.3062945448
531456.0226934585
537276.3655951181
543312.520790068
549567.7046527758
556044.8979258307
562747.035140156
569676.992678727
576837.3310855008
584230.7724824976
591859.8577136889
599726.8806372145
607834.1572666035
616183.850029571
624778.0345485548
633618.6681516166
642707.7485575706
652046.6166348453
661637.3399980133
671481.3342836092
681580.0574725305
691934.8637553285
702547.0242191753
713417.7034113824
724547.9895660161
735938.8727263021
747591.2643215957
759505.9835291698
771683.7754482774
784125.3056358946
796831.1515583711
809801.8270618748
823037.7664606906
836539.3381296624
850306.8395713419
864340.5017121474
878640.4946969426
893206.9259528155
908039.8403280645
923139.2357242816
938505.0384327844
954137.1466326017
970035.3762989524
986199.5237012941
1.0026293287133367e6
1.0193244842085311e6
1.0362846433707575e6
1.0535094194181946e6
1.0709983874193835e6
1.0887510860963585e6
1.1067670199432469e6
1.1250456609495645e6
1.1435864502839255e6
1.1623888004418723e6
1.1814520961886763e6
1.2007756971742846e6
1.2203589380826796e6
1.2402011324599478e6
1.2603016410374283e6
1.2806595304274797e6
1.3012742597553227e6
1.3221449996615518e6
1.3432709725093185e6
1.3646513869612487e6
1.3862854434615676e6
1.4081723128618621e6
1.430311181519602e6
1.4527012162918947e6
1.4753415614381596e6
1.4982313782128722e6
1.5213698061775942e6
1.5447559862729316e6
1.5683890475742817e6
1.5922681271375443e6
1.6163923505765065e6
1.6407608496965491e6
1.6653727476187656e6
1.6902271721754214e6
1.7153232502820333e6
1.740660112501089e6
1.7662368879376594e6
1.7920527119190206e6
1.8181067211946824e6
1.8443980561005091e6
1.8709258630652882e6
1.897689289677138e6
1.9246874941761866e6
1.9519196398676415e6
1.9793848830722615e6
2.007082411916298e6
2.035011400006772e6
2.0631710522467901e6
2.091560527299778e6
2.1201790561744533e6
2.1490258524174355e6
2.178100132487742e6
2.207401125314004e6
2.236928069218057e6
2.2666802143579656e6
2.29665681525185e6
2.3268571429883763e6
2.357280470878091e6
2.387926084754003e6
2.4187932847711756e6
2.4498813754451065e6
2.481189672505152e6
2.5127175052101137e6
2.544464209268455e6
2.576429133828509e6
2.6086116378120817e6
2.641011085962694e6
2.6736268618490654e6
2.7064583585846694e6
2.739504961457304e6
2.772766096751984e6
2.806241180692763e6
2.8399296450181208e6
2.8738309369246247e6
2.9079444917370947e6
2.942269791753105e6
2.9768063037412358e6
3.011553510289533e6
3.046510905353347e6
3.0816779943267126e6
3.1170542883953685e6
3.152639316397079e6
3.18843260831759e6
3.2244337086620023e6
3.2606421707227225e6
3.297057559337832e6
3.3336794445146443e6
3.370507410291558e6
3.4075410470753512e6
3.4447799560102466e6
3.4822237485346515e6
3.519872046495891e6
3.55772445769311e6
3.595780640714948e6
3.63404023371276e6
3.672502890454557e6
3.7111682717363453e6
3.7500360758262295e6
3.789105945627343e6
3.828377548763413e6
3.8678506173802717e6
3.9075248436625944e6
3.9473999371596454e6
3.987475617804721e6
4.0277516064750133e6
4.068227636850914e6
4.108903457077631e6
4.149778804132646e6
4.1908534343657903e6
4.232127109185827e6
4.273599596672683e6
4.31527066808074e6