655133.1675702014
655128.6139737102
655116.5735009748
655097.5546177458
655072.4879324124
655042.3571076954
655005.6344489031
654973.3483899729
654938.2415988429
654905.6903570951
654878.3951959016
654859.2432828222
654851.3716904146
654858.1390002612
654883.646392276
654930.6188586585
655004.236300745
655108.4875497874
655247.5984081249
655426.5118339458
655650.1314179755
655923.0855413768
656250.623813912
656637.9545695372
657090.3684568226
657613.3303422453
658212.1269246407
658892.8047666287
659660.4816572515
660521.0309687257
661480.0816113565
662543.3543525185
663716.5393919665
665005.3739187741
666415.2018365089
667952.3829925109
669622.4254463748
671430.7277890639
673382.3216497146
675483.2648219119
677739.0325868437
680154.8827010843
682736.090513614
685487.8815335748
688415.3545690498
691523.0920082396
694817.3887052371
698301.7354211572
701981.3313917108
705860.7759648357
709944.6002832346
714237.2312010382
718742.9370560765
723465.884804622
728410.2254982651
733579.7152870053
738978.5173305976
744610.0463969822
750477.970353469
756585.7725825768
762936.784765769
769534.2428488648
776381.240521624
783480.7798739155
790835.7156953204
798449.7159247934
806322.6261259557
814459.7393136628
822862.5274223152
831533.2571757741
840474.097877016
849687.1035526393
859174.2347963264
868937.2546485523
878977.9663580335
889297.9525907754
899898.7230314468
910781.6977784836
921948.1849046412
933399.3922665496
945136.4388383203
957160.3452450677
969472.0365583512
982072.3489714102
994962.0313558605
1.0081417520284627e6
1.0216120709108869e6
1.0353735047588346e6
1.049426461631727e6
1.0637712803323818e6
1.0784082230881385e6
1.093337480472835e6
1.1085591690944096e6
1.1240733431941008e6
1.1398799814993385e6
1.1559790042394442e6
1.172370267421191e6
1.189053566718711e6
1.2060286418626676e6
1.2232951731798758e6
1.240852789734925e6
1.258701068218042e6
1.27683953612759e6
1.2952676718044435e6
1.3139849104297708e6
1.3329906424239073e6
1.3522842160810125e6
1.37186494089579e6
1.3917320899708222e6
1.4118848965105468e6
1.4323225650730426e6
1.4530442634315095e6
1.4740491308212727e6
1.495336279988064e6
1.5169047933224668e6
1.5387537287596317e6
1.5608821219417718e6
1.5832889837600808e6
1.6059733134823302e6
1.6289340780499335e6
1.6521702353674127e6
1.6756807331033228e6
1.6994644744185896e6
1.723520396845358e6
1.747847389835838e6
1.7724443447689675e6
1.7973101428805257e6
1.822443655522769e6
1.8478437514011057e6
1.8735092828476985e6
1.899439129576093e6
1.9256321097336551e6
1.9520870740286123e6
1.9788028882131837e6
2.0057783894200015e6
2.0330124274935299e6
2.0605038665985134e6
2.0882515127349705e6
2.1162542477142913e6
2.144510922902843e6
2.1730203966917503e6
2.2017815415867665e6
2.230793198686205e6
2.260054286854027e6
2.2895636629872853e6
2.3193202209808845e6
2.349322860518832e6
2.379570487880415e6
2.410062021787982e6
2.4407963855133005e6
2.471772507674995e6
2.502989347397831e6
2.5344458464946556e6
2.5661409804195063e6
2.5980737157076895e6
2.630243051047577e6
2.66264799306504e6
2.6952875264573134e6
2.7281607078921166e6
2.7612665611106767e6
2.794604141373203e6
2.8281725077498094e6
2.861970738483553e6
2.8959979228537567e6
2.9302531650486826e6
2.964735578602611e6
2.999444294569055e6
3.0343784535636646e6
3.069537223697054e6
3.104919763561995e6
3.1405252630286785e6
3.176352932317559e6
3.2124019547323002e6
3.2486715754196467e6
3.2851610274034906e6
3.321869566539335e6
3.35879646655634e6
3.3959409848556807e6
3.433302443421411e6
3.470880128438181e6
3.5086733783008843e6
3.5466815227509164e6
3.5849038823328824e6
3.6233398567783455e6
3.6619888010710566e6
3.7008501084621795e6
3.739923171490274e6
3.7792074072735035e6
3.8187022404156704e6
3.8584071080984133e6
3.8983214539925284e6
3.938444747743469e6
3.9787764642823576e6
4.0193160836902824e6
4.060063108598091e6
4.1010170485074627e6
4.1421774234564737e6
4.183543760063821e6
4.22511561712811e6
4.266892503027836e6