625034.1262001295
625034.8230196338
625036.785297564
625040.5236559612
625049.0802397343
625057.0359159502
625071.899757645
625094.3970716652
625125.4279640891
625167.609132247
625223.5692519919
625296.1540260323
625388.4337644788
625503.7107881207
625645.6744239607
625818.0333622277
626024.8165569067
626270.2849067294
626558.5975010685
626894.5870924226
627283.0314085586
627728.5160861677
628236.1647547063
628811.0570224166
629458.345512727
630183.4705564675
630991.3552694008
631888.4815014927
632879.1110722775
633969.4070958011
635164.7621338335
636470.7657663781
637892.9513762812
639436.9063945649
641107.834881478
642911.9385005246
644854.5090719454
646940.8299951813
649175.7930713774
651565.2736944401
654114.5410613823
656828.7044350449
659712.8563607271
662772.0482782584
666011.2048130446
669435.1607995166
673048.7127997654
676856.488807749
680863.0635160351
685072.8479367569
689490.1981416778
694119.324491191
698964.353102422
704029.2614540338
709317.9350162379
714834.0133928626
720581.4968255988
726563.5471889097
732783.6826460101
739245.1937454857
745951.3013774478
752904.8396673608
760108.939566128
767566.3809359532
775279.74303813
783251.6834581767
791484.6321280074
799980.9174195175
808742.7686279027
817772.2855110448
827071.4713388418
836642.2155137825
846486.3138835113
856605.3825501271
867001.0576086212
877674.7710110742
888627.8920719817
899861.6857387893
911377.3202914592
923175.8647873644
935258.3031064534
947625.5215031571
960278.3186125684
973217.4053944098
986443.405645075
999956.8824467505
1.0137582701252394e6
1.0278479803128967e6
1.0422263156058713e6
1.0568935114384904e6
1.0718497376260909e6
1.0870950859665475e6
1.1026295873083104e6
1.118453205145674e6
1.1345658419544145e6
1.150967338573485e6
1.1676574778029656e6
1.1846359863599048e6
1.2019025366423917e6
1.2194567494174666e6
1.2372981953982092e6
1.2554263976000645e6
1.2738408332487969e6
1.2925409357166034e6
1.311526096692952e6
1.3307956684175902e6
1.350348964312005e6
1.3701852617086014e6
1.390303806770138e6
1.4107038079341073e6
1.431384448591368e6
1.4523448810632154e6
1.473584224436034e6
1.4951015848967638e6
1.5168960349863705e6
1.5389666311322846e6
1.561312402474002e6
1.5839323648504147e6
1.6068255129980918e6
1.6299908269618887e6
1.65342727295693e6
1.677133808379006e6
1.7011093522775683e6
1.7253528544423287e6
1.7498632279293714e6
1.774639380533434e6
1.7996802187782892e6
1.8249846379337565e6
1.8505515333788476e6
1.876379786946267e6
1.9024682922437822e6
1.9288159250421724e6
1.9554215715685925e6
1.982284118493087e6
2.0094024410447662e6
2.036775446093032e6
2.0644019832616504e6
2.0922809609259032e6
2.1204112725682175e6
2.148791813448786e6
2.177421497561463e6
2.206299220630371e6
2.2354239199384646e6
2.2647944935053876e6
2.294409878060178e6
2.324269013366165e6
2.3543708468905753e6
2.3847143339030193e6
2.4152984421648895e6
2.446122145260568e6
2.4771844271447854e6
2.508484281497198e6
2.5400207170098173e6
2.5717927532405453e6
2.603799411290887e6
2.6360397370278565e6
2.6685127893902645e6
2.7012176061104625e6
2.7341532822266133e6
2.7673189305824065e6
2.8007136178973704e6
2.834336468203746e6
2.8681866101015382e6
2.902263184031707e6
2.936565339132603e6
2.9710922544937143e6
3.00584309587988e6
3.0408170589489616e6
3.0760133584953854e6
3.1114312050970388e6
3.147069836263319e6
3.1829284930852116e6
3.2190064384162594e6
3.2553029482673174e6
3.291817304537096e6
3.328548807312005e6
3.3654967678551506e6
3.402660515841523e6
3.4400393902567965e6
3.477632731551393e6
3.515439920019312e6
3.5534603306912603e6
3.591693324180551e6
3.6301383437080495e6
3.6687947836187324e6
3.707662102123402e6
3.74673968922941e6
3.78602701943357e6
3.825523556013209e6
3.865228771166863e6
3.905142167775522e6
3.9452632267297786e6
3.985591468994897e6
4.0261264100395897e6
4.0668675880542677e6
4.1078145465372074e6
4.1489668387068864e6
4.1903240294921165e6
4.231885702177473e6
4.273651436427936e6