578081.0285710938
578090.2062429445
578114.8460540039
578155.4136981072
578212.7481785981
578287.9095013983
578381.9409664997
578497.4327584895
578635.4794043833
578798.5419510513
578989.1466523451
579210.0782586884
579464.2905720803
579754.9981916911
580085.7233283827
580460.1096256461
580882.0275944025
581355.5917881436
581884.8291501168
582474.3876816109
583128.8763598904
583852.7269098378
584650.862637624
585528.1743740618
586489.6440918435
587540.4688109453
588685.4201368187
589930.5389539605
591280.2693433306
592740.2137839899
594315.6293745181
596011.8458381346
597834.1672348708
599787.9026295384
601878.2460081575
604110.6624850441
606490.1587247705
609021.9528080852
611711.2214018943
614562.8107352646
617581.8937481941
620773.3172428877
624141.8832508938
627692.346746176
631429.3343474728
635357.3789399525
639480.9952908306
643804.4508614761
648332.0791996616
653067.9629774075
658016.1347336618
663180.5275377652
668564.936344868
674173.0373903507
680008.4163115509
686074.5208205777
692374.6893101273
698912.1410148493
705689.9706388477
712711.1671806505
719978.5884425992
727494.9845965588
735262.9798705917
743285.1020107976
751563.7420136917
760101.1807284945
768899.596180203
777961.0489474151
787287.4900712043
796880.7551734012
806742.5832690937
816874.6120551557
827278.3596775649
837955.2604022042
848906.6316232597
860133.7079497695
871637.6188220849
883419.4047397766
895480.0141227504
907820.3022613439
920441.0440409919
933342.9263136333
946526.5466913787
959992.439130557
973741.0330560138
987772.717737841
1.0020877604376071e6
1.016686407366358e6
1.0315688046774252e6
1.0467350392783724e6
1.062185132716714e6
1.0779190442995182e6
1.0939366726911464e6
1.1102378576116953e6
1.1268223839512952e6
1.143689981676309e6
1.1608403290421073e6
1.1782730545699159e6
1.1959877390792472e6
1.2139839180239884e6
1.2322610820326905e6
1.2508186817943421e6
1.269656127300275e6
1.2887727918256312e6
1.30816800826907e6
1.3278410830972344e6
1.3477912883530827e6
1.3680178520242171e6
1.3885199986070185e6
1.4092969051345177e6
1.4303477332998575e6
1.4516716156722107e6
1.4732676651917156e6
1.4951349753783245e6
1.5172726180330103e6
1.5396796485217102e6
1.5623551062543036e6
1.58529801595326e6
1.608507386703697e6
1.631982219674056e6
1.6557215008824877e6
1.679724215128756e6
1.7039893128471945e6
1.7285157763239078e6
1.7533025948148533e6
1.7783485957719383e6
1.803652849991016e6
1.8292142593957083e6
1.855031766363222e6
1.8811043057059932e6
1.9074308241241532e6
1.9340102602481605e6
1.9608415415566803e6
1.9879236296762824e6
2.015255462846289e6
2.0428359919751366e6
2.0706641656716296e6
2.0987389463425437e6
2.127059295805332e6
2.1556241851806073e6
2.1844325880557066e6
2.213483489533714e6
2.2427758761788905e6
2.272308750976609e6
2.3020811388322674e6
2.3320920158666084e6
2.3623404254639074e6
2.3928254022614886e6
2.4235459933720967e6
2.454501250595532e6
2.485690240337166e6
2.5171120481207245e6
2.54876572695206e6
2.580650431353955e6
2.6127652136154957e6
2.6451092215331453e6
2.6776815969648683e6
2.7104814506574995e6
2.7435079763265885e6
2.7767603273405107e6
2.8102376910446836e6
2.8439392539133304e6
2.877864228308985e6
2.912011832179563e6
2.9463812969820565e6
2.980971866259409e6
3.0157827975693326e6
3.0508133622409417e6
3.0860628389294893e6
3.1215305261245817e6
3.157215730685619e6
3.1931177708151536e6
3.2292359809579025e6
3.265569708059044e6
3.3021183062392706e6
3.3388811503559165e6
3.375857617532019e6
3.413047107924298e6
3.4504490290794424e6
3.4880627854556907e6
3.5258878327985373e6
3.5639236019023587e6
3.602169526013429e6
3.640625106457913e6
3.679289802956589e6
3.718163111731974e6
3.7572445274222638e6
3.7965335649389983e6
3.836029747472864e6
3.875732607047643e6
3.915641688334835e6
3.955756546990314e6
3.9960767518468215e6
4.0366018717704345e6
4.0773315023574685e6
4.1182652339368253e6
4.159402674256561e6
4.200743438219991e6
4.242287156851428e6
4.284033459707959e6