840068.884014682
840035.0487485722
839944.845973093
839798.9055345271
839598.2368425779
839343.894386975
839036.8185801267
838684.0356077041
838276.6894282784
837826.8333794969
837334.4681651342
836802.6971166987
836234.7535012743
835634.8015680547
835006.4276060176
834353.911270449
833681.7085134458
832994.587172586
832297.1265263233
831594.8767437
830892.9666869893
830196.5756819791
829511.581777367
828843.268698876
828198.5660735321
827582.4742868063
827001.0866810385
826461.288406796
825968.9154739326
825530.0597822972
825151.3662645419
824839.1969164299
824598.9014264486
824440.0491427332
824365.9300343943
824384.1761630105
824500.9135336775
824723.5255590181
825056.802257852
825507.888485898
826083.3057462312
826788.8706647818
827631.8277765737
828616.3100688582
829749.8977547011
831038.0855093707
832486.779857242
834101.7315241628
835888.6988586099
837853.1773597884
840000.7308378184
842336.7351437849
844866.4568366277
847595.4014567166
850527.6875168821
853669.2330500691
857024.5252348459
860598.3006664457
864395.1523556333
868419.5734207813
872675.9053127929
877168.1150325257
881901.1754997688
886878.211669184
892103.4029619674
897581.8033447895
903313.0810491119
909304.6926392344
915558.7082822585
922078.3822711784
928866.8278831682
935927.0892216963
943262.0809695713
950874.4710980534
958767.0325361537
966942.2461681695
975402.5597367843
984150.247087719
993187.5140503063
1.0025164314495325e6
1.0121389672202439e6
1.0220569760107438e6
1.0322721952682219e6
1.0427862691449188e6
1.0536007275416413e6
1.064716989138105e6
1.0761363787435472e6
1.0878601316309571e6
1.099889363935361e6
1.1122251025340233e6
1.124868275763506e6
1.1378197252321625e6
1.151080192241764e6
1.1646503321637947e6
1.1785307140329583e6
1.1927218181779436e6
1.2072240421138462e6
1.2220377019138974e6
1.2371630333852186e6
1.2526001934921595e6
1.2683492647153067e6
1.2844102550888485e6
1.3007831022876361e6
1.3174676730899434e6
1.334463767490028e6
1.351771128666514e6
1.3693894103948113e6
1.387318231804042e6
1.405557151357411e6
1.4241056477851039e6
1.4429631679785193e6
1.4621290990716144e6
1.4816027752122378e6
1.501383485462555e6
1.5214704676780025e6
1.541862915692233e6
1.5625599860555236e6
1.583560786989526e6
1.6048643929671214e6
1.6264698349244804e6
1.6483761198800164e6
1.670582220960613e6
1.6930870442113087e6
1.715889528945353e6
1.7389885374540868e6
1.7623829225263183e6
1.786071517530165e6
1.810053119393453e6
1.8343265178462262e6
1.8588904663565445e6
1.8837437244166895e6
1.9088850167610757e6
1.9343130379585838e6
1.9600265154720745e6
1.98602412646572e6
2.0123045536716545e6
2.038866459739861e6
2.0657085064136595e6
2.0928293470020513e6
2.120227630705159e6
2.147901998022189e6
2.1758510886063343e6
2.2040735436779717e6
2.23256799954131e6
2.2613330904506575e6
2.2903674546161173e6
2.3196697308547287e6
2.3492385609622486e6
2.3790725952262585e6
2.4091704787036916e6
2.439530860212771e6
2.470152427195574e6
2.5010338228589534e6
2.5321737373598646e6
2.56357084049974e6
2.59522384330996e6
2.627131447032798e6
2.659292333001856e6
2.691705265318345e6
2.724368960986577e6
2.7572821737379576e6
2.7904436543407748e6
2.8238521983951484e6
2.857506523624064e6
2.8914054959378983e6
2.9255478982772892e6
2.959932558083718e6
2.994558317055715e6
3.029424026984911e6
3.064528555402905e6
3.099870786263934e6
3.1354496340559945e6
3.171263970205932e6
3.2073127497281614e6
3.2435949271546532e6
3.280109453406739e6
3.316855306206738e6
3.3538314801449864e6
3.3910369874045514e6
3.428470834160906e6
3.466132087898554e6
3.5040198003412304e6
3.5421330031765033e6
3.5804708427671245e6
3.6190323986468515e6
3.657816802073846e6
3.6968231846627346e6
3.736050706283296e6
3.7754985246338607e6
3.8151658388105608e6
3.855051843556995e6
3.895155758478333e6
3.935476821124491e6
3.976014282172072e6
4.016767385553811e6
4.0577354333837056e6
4.098917681201126e6
4.140313502323481e6
4.1819221889563235e6
4.223743081068557e6