391383.69559535466
391398.12762711407
391437.0584190544
391500.8293919985
391590.4328234792
391707.1487916303
391852.479781606
392028.41219293384
392237.10134018806
392481.20252825646
392763.47536143975
393087.1581460665
393455.725215946
393872.7760864411
394342.38403454644
394868.73850442446
395456.3021962261
396109.7707100689
396833.94747629855
397634.0129309248
398515.2391534272
399482.8779400594
400542.5555293476
401699.9267610399
402960.76783644326
404330.9547384763
405816.3963112255
407423.229606305
409157.38936520857
411025.0198914737
413032.2371061824
415185.1832217766
417489.9364062954
419952.6300511239
422579.322038598
425375.8805282143
428348.7683496262
431503.3938516044
434845.76145418757
438381.60341077996
442116.5877719222
446056.2620153625
450206.07088975824
454571.33091572113
459157.24132558226
463968.8590748275
469011.1390111988
474288.84895410005
479806.6327835191
485569.0580260608
491580.355927444
497844.73941550584
504366.2346367735
511148.6805233739
518195.7755019349
525511.030125024
533097.79949046
540959.2490582538
549098.3967501501
557518.0748279025
566220.9518884221
575209.520461206
584486.1058467723
594052.8691954375
603911.8015577277
614064.7253640234
624513.301408832
635259.0315723156
646303.2599866138
657647.1701004177
669291.7950923668
681238.0226936409
693486.5877471794
706038.0883091962
718892.9652969533
732051.5508035535
745514.0266974233
759280.4519355623
773350.7614400265
787724.7707964526
802402.1802772488
817382.579222417
832665.4489342
848250.1777412391
864136.0365407224
880322.2298690731
896807.842971091
913591.9044801212
930673.3515654483
948051.0463427916
965723.7813303376
983690.2826811733
1.0019492118984791e6
1.0204991732853091e6
1.0393387253349152e6
1.0584663707174596e6
1.077880567212997e6
1.0975797289623944e6
1.1175622350498945e6
1.1378264334958193e6
1.1583706381099813e6
1.179193138775046e6
1.2002922017497409e6
1.221666071028658e6
1.2433129794392604e6
1.2652311399557304e6
1.2874187633542311e6
1.309874041860266e6
1.3325951806962513e6
1.3555803589292725e6
1.378827772908571e6
1.402335624614292e6
1.4261021054158143e6
1.4501254307028162e6
1.4744038130442908e6
1.4989354950995275e6
1.523718683872568e6
1.548751669157357e6
1.574032710869673e6
1.5995601023034016e6
1.6253321550961623e6
1.6513471995956667e6
1.6776035791732697e6
1.7040996799135702e6
1.7308338982856614e6
1.7578046566938001e6
1.7850104052024782e6
1.81244961990908e6
1.840120807550318e6
1.8680224860607225e6
1.8961532266905047e6
1.9245116141054318e6
1.953096255386236e6
1.981905804724636e6
2.010938932967694e6
2.0401943574017102e6
2.0696707760112674e6
2.0993669805087787e6
2.129281760145928e6
2.15941393475853e6
2.1897623596717813e6
2.220325912157256e6
2.251103509443569e6
2.2820940866814116e6
2.3132966173132556e6
2.344710102506819e6
2.3763335646757875e6
2.408166058097845e6
2.4402066764171897e6
2.472454521049613e6
2.504908734076416e6
2.5375684795170715e6
2.570432950391964e6
2.6035013651758507e6
2.636772964267586e6
2.67024701908078e6
2.703922827486434e6
2.737799692475232e6
2.7718769700097484e6
2.80615401970113e6
2.840630230727435e6
2.8753050160258217e6
2.910177793312482e6
2.945248035673102e6
2.9805152062679147e6
3.0159788221823405e6
3.051638341038375e6
3.0874933552655233e6
3.123543395484024e6
3.159788042176973e6
3.1962268785629314e6
3.2328595147969564e6
3.2696855746310153e6
3.3067047028021016e6
3.343916555518348e6
3.3813208067737897e6
3.4189171452541105e6
3.4567052770338566e6
3.4946849211958344e6
3.5328558057085257e6
3.5712176823458215e6
3.6097703080632724e6
3.6485134562533153e6
3.687446912236849e6
3.7265704718335625e6
3.765883967999654e6
3.8053871577518685e6
3.845079921008626e6
3.884962097414174e6
3.925033530416009e6
3.965294082929804e6
4.005743625932672e6
4.046382040050922e6
4.087209213074537e6
4.128225049846705e6
4.1694294488804834e6
4.210822327662704e6
4.252403607515448e6
4.294173218735689e6
4.33613109814352e6