242838.0105063697
242894.64777442167
243045.86454030615
243292.06097341434
243634.0229432269
244072.74711388606
244609.513217456
245245.88774242118
245983.6673139389
246824.91999983694
247771.9706743884
248827.33723579586
249993.8056323178
251274.3347096814
252672.13066182088
254190.5495586677
255833.1159693707
257603.53624606476
259505.6458473499
261543.43970483844
263720.9874661345
266042.4909450772
268512.22626210924
271134.556964648
273913.8919672223
276854.6747143139
279961.4027340847
283238.5913149606
286690.79003061826
290322.43583051884
294138.0136835345
298142.0147091593
302338.81650561054
306732.78085683973
311328.1989360413
316129.29656997754
321140.2100101561
326364.9685841273
331807.53921530547
337471.50433490355
343361.3487064087
349479.9477979069
355831.04288388515
362418.0149778277
369244.0794825707
376312.3511483168
383625.81318883464
391187.30859053874
398999.4701936241
407064.9011598093
415385.98775710486
423964.9941157965
432804.032911639
441905.0789383634
451269.9647298836
460900.379302899
470797.86813992454
480963.8423234433
491399.5752669817
502106.20516246726
513084.7339191131
524336.0386600955
535860.8687011052
547659.8475515384
559733.4846028951
572082.1628245699
584706.1572938624
597605.6309627893
610780.6436651866
624231.1505693607
637957.0090964001
651957.9817717803
666233.7410906046
680783.8728655213
695607.8806810365
710705.1896225861
726075.150398481
741717.0436361969
757630.0832915602
773813.4207485586
790266.1492571526
806987.3074341347
823975.8827232837
841230.8151004582
858751.0044084571
876535.2979230273
894582.5244747056
912891.4690765965
931460.8869229215
950289.5079987459
969376.0402299279
988719.1682636716
1.00831755718913e6
1.0281698624535745e6
1.0482747199162934e6
1.0686307689833138e6
1.0892366222186405e6
1.1100909008823142e6
1.1311922174981546e6
1.1525391864160905e6
1.1741304235275132e6
1.1959645433379859e6
1.2180401705754907e6
1.240355933053383e6
1.2629104681915515e6
1.285702418744145e6
1.308730450883611e6
1.331993225261778e6
1.3554894324573046e6
1.3792177637291588e6
1.4031769353662194e6
1.4273656782236388e6
1.4517827422021956e6
1.4764268901200416e6
1.5012969076606487e6
1.5263916074583465e6
1.5517098078673603e6
1.5772503536525709e6
1.6030121027782005e6
1.6289939608768437e6
1.6551948341381836e6
1.6816136481821607e6
1.708249372365297e6
1.7351009789703288e6
1.7621674646750349e6
1.7894478657336805e6
1.8169412244416554e6
1.8446466113550405e6
1.8725631219070184e6
1.9006898717290023e6
1.9290260008949363e6
1.957570675960143e6
1.9863230769350217e6
2.0152824157528728e6
2.0444479308151465e6
2.0738188504203237e6
2.103394472769755e6
2.133174088818947e6
2.16315701409629e6
2.19334258656637e6
2.223730170736973e6
2.2543191408083197e6
2.285108903122467e6
2.3160988745784136e6
2.3472884955884395e6
2.37867722839252e6
2.4102645478001935e6
2.4420499511591326e6
2.4740329539060155e6
2.5062130885441666e6
2.5385899047460956e6
2.5711629683060497e6
2.6039318649648735e6
2.6368961946773017e6
2.67005557084454e6
2.703409626811033e6
2.7369580086364048e6
2.770700378520756e6
2.8046364116660454e6
2.838765798476728e6
2.8730882409377918e6
2.9076034557662955e6
2.94231117791038e6
2.977211143890858e6
3.0123031099973144e6
3.0475868490318707e6
3.083062144244372e6
3.1187287509195167e6
3.1545865077432077e6
3.190635213359479e6
3.2268746894414774e6
3.263304768287314e6
3.299925290694157e6
3.336736107429189e6
3.373737079289827e6
3.410928074731908e6
3.4483089710168475e6
3.4858796542117163e6
3.5236400196086923e6
3.561589962868043e6
3.5997293986077956e6
3.6380582409977745e6
3.6765764130166173e6
3.7152838450266216e6
3.7541804868656136e6
3.7932662377985474e6
3.832541090262047e6
3.8720049840005524e6
3.911657879505528e6
3.951499741829331e6
3.991530541732258e6
4.0317502561907843e6
4.07215886135091e6
4.1127563465961795e6
4.153542698079489e6
4.194517915965727e6
4.2356819925438175e6
4.27703492940783e6
4.318576734309309e6
4.360307415348623e6