201636.56864654287
201706.84871781242
201894.4120253375
202199.68748576145
202623.27705916364
203166.14224704923
203829.42608496457
204614.5325040058
205523.0925080823
206556.91818221516
207718.12551596444
209008.99599609847
210431.98273112337
211989.75068497923
213685.16448250817
215521.19294094187
217501.00167203366
219627.8801857358
221905.28979409943
224336.58224963103
226925.54532628352
229675.81901516198
232591.182944826
235675.43768537758
238932.52094024347
242366.18264157118
245980.46205076235
249779.2314775818
253766.40250409182
257945.84580053765
262321.4281814451
266896.97170986456
271676.22070689057
276662.88520774944
281860.5952218232
287272.91046845366
292903.3080090401
298755.14328344667
304831.71551199246
311136.1929513579
317671.6398572709
324441.0134548544
331447.13189464016
338692.74059326993
346180.37960646395
353912.53266286163
361891.54552994494
370119.60696935735
378598.79207779514
387331.03688802454
396318.1518860491
405561.81768092036
415063.57736131933
424824.8486647422
434846.92367378727
445130.96511308
455678.0082060846
466488.975303642
477564.6549618684
488905.73420586786
500512.77592193184
512386.2344953071
524526.45648942
536933.6833196852
549608.0544895746
562549.613099845
575758.3073011377
589233.9940550709
602976.4453326169
616985.3491017757
631260.3141457046
645800.8741357378
660606.4910237272
675676.5590340081
691010.4083695963
706607.3089710406
722466.47420417
738587.0643165162
754968.1905081447
771608.9176001807
788508.2687117663
805665.2271877935
823078.7414174103
840747.7266122238
858671.0710832083
876847.6263525775
895276.236280621
913955.7147481039
932884.8567239452
952062.4468948194
971487.2529521188
991158.0342186263
1.0110735395327057e6
1.0312325153593416e6
1.0516337017035985e6
1.0722758389634911e6
1.093157665231732e6
1.1142779220845846e6
1.1356353535560372e6
1.1572287099353978e6
1.179056748932942e6
1.2011182325567e6
1.2234119378218274e6
1.2459366487199534e6
1.2686911622356528e6
1.2916742879425539e6
1.3148848510490118e6
1.3383216873791856e6
1.361983653608128e6
1.3858696203261209e6
1.409978473292898e6
1.4343091201909776e6
1.458860486555552e6
1.4836315117397858e6
1.5086211619812907e6
1.5338284170820173e6
1.5592522843201063e6
1.5848917741189543e6
1.6107459366698184e6
1.6368138323331766e6
1.663094552968556e6
1.6895871998179145e6
1.716290899865783e6
1.743204800879248e6
1.7703280714178986e6
1.7976599022101557e6
1.825199503582365e6
1.8529461082022095e6
1.8808989689646799e6
1.909057359007922e6
1.9374205715691547e6
1.9659879225498356e6
1.9947587435983073e6
2.0237323921639763e6
2.0529082476060244e6
2.0822856825560867e6
2.1118641361931665e6
2.1416430239627496e6
2.1716217968934216e6
2.2017999324503914e6
2.232176903454242e6
2.2627522213435117e6
2.2935254051495064e6
2.3244959946777527e6
2.355663544467631e6
2.38702762656244e6
2.4185878272867817e6
2.4503437497423906e6
2.482295004813458e6
2.51444124245636e6
2.5467821017070934e6
2.57931724520256e6
2.612046352133048e6
2.6449690998881394e6
2.678085211838714e6
2.7113943942711744e6
2.7448963772011125e6
2.7785909023771244e6
2.812477721952248e6
2.8465566026845183e6
2.8808273197506675e6
2.915289658930036e6
2.9499434364332687e6
2.984788420214604e6
3.0198244649461308e6
3.055051389928514e6
3.090469031807192e6
3.126077237448042e6
3.1618758649755376e6
3.1978647785284896e6
3.2340438521981654e6
3.270412968224046e6
3.306972015905881e6
3.3437208922760007e6
3.380659502740619e6
3.4177877590871183e6
3.455105580322573e6
3.492612891959009e6
3.5303096264052135e6
3.5681957209682106e6
3.606271120939038e6
3.644535776832913e6
3.6829896421199776e6
3.7216326803259104e6
3.7604648569385577e6
3.7994861431685872e6
3.838696513482807e6
3.8780959547291184e6
3.917684446051618e6
3.9574619789032666e6
3.99742854730343e6
4.037584148529793e6
4.077928789043742e6
4.1184623709307807e6
4.1591851845408008e6
4.200096966634045e6
4.241197828757665e6
4.282487782513489e6
4.323966851197307e6
4.365635060496886e6