166390.6861560628
166473.4386812422
166694.24483243827
167053.46592558423
167551.67739036938
168189.70954830755
168968.56370122448
169889.4700837578
170953.87502735536
172163.4173570143
173519.91912421494
175025.41807117176
176682.00686258796
178492.10385595812
180458.18043391997
182582.85094376732
184868.88296262771
187319.06881345992
189936.5660875685
192724.30559942595
195685.39862762237
198823.10764997135
202140.66275136216
205641.35864457578
209328.51364325845
213205.4512144877
217275.53200614578
221542.06810853045
226008.38325160075
230677.74645393775
235553.41001760852
240638.5635097203
245936.36186366083
251449.8559177697
257182.05666506957
263135.8936367328
269314.20498742815
275719.73235128215
282355.1343588453
289222.9438796068
296325.61941373243
303665.4965293801
311244.79322032316
319065.62947792234
327129.99177811795
335439.7657786693
343996.710170042
352802.46563201735
361858.5577927423
371166.3906283673
380727.25179960707
390542.31370976055
400612.63139283005
410939.14819337986
421522.69155723066
432363.98441580066
443463.6391929765
454822.1653134106
466439.9691960376
478317.3541703279
490454.5358147074
502851.6307556981
515508.6676598545
528425.5884229705
541602.2524393398
555038.438768634
568733.8513278742
582688.1207689865
596900.8097708018
611371.4143549444
626099.3723450132
641084.0576721529
656324.793177815
671820.8493546405
687571.4486864891
703575.7688736785
719832.9462779488
736342.0796342983
753102.229795938
770112.4297157336
787371.6804392345
804878.9586344851
822633.2124469049
840633.3771091099
858878.3642339559
877367.0706477994
896098.379903835
915071.1670418831
934284.2945788562
953736.6197617674
973426.9969191437
993354.2746126748
1.0135173020455389e6
1.0339149292088434e6
1.0545460056600245e6
1.0754093952528036e6
1.0965039519295972e6
1.1178285465810134e6
1.1393820550232201e6
1.1611633629140563e6
1.1831713649046575e6
1.205404971360628e6
1.227863098309517e6
1.2505446800177072e6
1.2734486625742745e6
1.296574007254812e6
1.3199196892367336e6
1.3434847072449655e6
1.3672680640886368e6
1.3912687888876414e6
1.4154859241624577e6
1.43991853257949e6
1.4645656959685574e6
1.489426511142864e6
1.514500095736492e6
1.5397855860900003e6
1.5652821408102151e6
1.590988926833048e6
1.616905141591153e6
1.6430299969215598e6
1.6693627323424844e6
1.6959025940466656e6
1.722648854586043e6
1.7496008045149497e6
1.7767577529773924e6
1.8041190298550115e6
1.8316839811409682e6
1.8594519742169518e6
1.8874223926540092e6
1.9155946439294347e6
1.9439681443620222e6
1.9725423353930563e6
2.001316676042568e6
2.0302906360374074e6
2.059463703731093e6
2.0888353979095698e6
2.118405237140194e6
2.148172764870486e6
2.178137562273507e6
2.2082991326941745e6
2.238657132389729e6
2.2692111435528495e6
2.299960784848029e6
2.330905689311006e6
2.362045500460002e6
2.393379892966939e6
2.4249085281729884e6
2.456631098881915e6
2.4885473073432418e6
2.520656866950378e6
2.5529595039803265e6
2.585454957179458e6
2.6181429759107577e6
2.651023325140833e6
2.684095774615031e6
2.717360108794004e6
2.7508161226152587e6
2.784463620707806e6
2.818302417274887e6
2.8523323374535115e6
2.8865532126809615e6
2.9209648921957514e6
2.955567228503181e6
2.990360070304307e6
3.02534329549233e6
3.060516778805356e6
3.095880404958062e6
3.1314340741400337e6
3.1671776763946856e6
3.203111112892769e6
3.2392343181533995e6
3.275547195632712e6
3.3120496784707187e6
3.3487416998345237e6
3.3856231992668146e6
3.422694122456686e6
3.4599544201329947e6
3.497404048459258e6
3.535042969788586e6
3.572871149775239e6
3.6108885602405216e6
3.649095178484711e6
3.687490970281992e6
3.7260759485539263e6
3.7648500891735507e6
3.803813385111711e6
3.8429658339831103e6
3.8823074358095974e6
3.921838193985518e6
3.961558121770541e6
4.001467211244746e6
4.0415655051594786e6
4.081853007899762e6
4.1223297403537724e6
4.1629957165611535e6
4.203850985071487e6
4.2448955520035485e6
4.286129454142402e6
4.327552725449858e6
4.369165400608072e6