121167.86105637494
121267.76126412125
121534.26758014996
121967.66579932478
122568.41797112624
123337.16713647006
124274.71864253128
125382.04921022503
126660.29600324473
128110.74168798918
129734.83806893867
131534.1574986083
133510.40134624232
135665.40933337677
138001.12693604847
140519.5980973184
143222.94624974873
146113.4107162827
149193.28277669594
152464.89905681324
155930.65775705254
159593.01568963236
163454.4371856847
167517.4007262886
171784.3803967974
176257.89503451917
180940.38309139854
185834.3785474005
190942.23122125576
196266.36438927622
201809.11168796607
207572.76735902697
213559.56454854502
219771.6642644596
226211.16838070456
232880.10661132427
239780.38758471797
246913.8918119352
254282.3818213022
261887.52999674386
269730.9227953842
277814.01282907114
286138.29833445256
294704.96901441575
303515.2535257897
312570.26496295375
321870.9847718229
331418.3371556095
341213.1153114834
351256.0374942741
361547.71364666265
372088.67872064677
382879.3662336094
393920.1206555016
405211.20697997126
416752.80112774135
428544.99905683997
440587.82073253195
452881.2094995914
465425.03590040386
478219.1018230497
491263.14219892106
504556.8280279349
518099.7717451055
531891.5270320547
545931.5941269227
560219.4220765482
574754.4120244168
589535.9202407465
604563.2611514368
619835.7101367225
635352.5065196393
651112.8565150836
667115.9352809056
683360.8910229511
699846.8461543126
716572.9006240226
733538.1341244117
750741.6087046335
768182.370668169
785859.4531072741
803771.8777351057
821918.6575936644
840298.7979463269
858911.2977421668
877755.1545664032
896829.3619541232
916132.9144470054
935664.8071833453
955424.0373908966
975409.6067420059
995620.5217058134
1.0160557952526616e6
1.0367144470044957e6
1.0575955058420503e6
1.078698011315762e6
1.1000210104847644e6
1.121563563928046e6
1.1433247391671513e6
1.1653036277055915e6
1.1874993201353622e6
1.2099109294877816e6
1.232537588922013e6
1.2553784141683502e6
1.2784325844155797e6
1.3016992626030887e6
1.3251776362048273e6
1.3488669056284952e6
1.3727662902735407e6
1.3968750263279914e6
1.421192365510722e6
1.4457175766878538e6
1.47044994712746e6
1.4953887815416662e6
1.5205333943099254e6
1.5458831279158825e6
1.5714373347161198e6
1.59719538687498e6
1.623156668916545e6
1.6493205876816956e6
1.6756865650278963e6
1.702254028634232e6
1.7290224630555848e6
1.7559913101934148e6
1.7831600642447474e6
1.8105282292629834e6
1.838095323052485e6
1.8658608797054905e6
1.8938244469831993e6
1.9219855925675682e6
1.9503438915886208e6
1.9788989394751417e6
2.0076503425659498e6
2.03659771874644e6
2.0657407133601622e6
2.0950789677909533e6
2.1246121464860737e6
2.1543399240752608e6
2.184261989049109e6
2.2143780425748406e6
2.2446877950342745e6
2.2751909725933005e6
2.3058873106915443e6
2.3367765574356513e6
2.367858470065573e6
2.3991328188039507e6
2.4305993833354823e6
2.462257954108824e6
2.494108330069854e6
2.5261503230504524e6
2.5583837507348983e6
2.5908084424126185e6
2.623424235918829e6
2.6562309767192802e6
2.6892285219589034e6
2.7224167316950313e6
2.7557954789870568e6
2.789364642045906e6
2.823124107267456e6
2.8570737686469625e6
2.8912135274252556e6
2.925543290463011e6
2.960062972133044e6
2.9947724941409617e6
3.029671782382267e6
3.0647607707830314e6
3.1000393983747326e6
3.1355076089488557e6
3.1711653559545437e6
3.2070125857906975e6
3.2430492674763715e6
3.27927536371459e6
3.3156908430016683e6
3.3522956840809914e6
3.389089862162642e6
3.4260733612048533e6
3.463246169022215e6
3.500608276868409e6
3.538154517879075e6
3.575900376527175e6
3.613830368731343e6
3.6519496630030726e6
3.690258267202907e6
3.728756194523945e6
3.767443457878296e6
3.806320075869585e6
3.8453860695657427e6
3.8846414616268775e6
3.924086277469793e6
3.9637205452561514e6
4.003544295059606e6
4.04355755950906e6
4.0837603728063335e6
4.124152772016062e6
4.1647347951267553e6
4.205506482279953e6
4.24646787535443e6
4.287619018152585e6
4.328959955514543e6
4.370490734083356e6