289921.7886874669
289963.96097728517
290076.59892963915
290260.20612430037
290515.5759189837
290843.8085604498
291246.3177475727
291724.8009909402
292281.2292426443
292917.901468247
293637.2340630245
294442.14965825307
295335.62248221127
296320.90473698877
297401.5446393425
298581.203693363
299863.7862572319
301253.3771398332
302754.23153292056
304370.749213609
306107.4314839784
307969.0393410338
309960.2400897554
312085.93092410784
314351.04852608655
316760.5818501734
319319.5726833454
322033.1234892055
324906.36524874246
327944.3174849027
331152.12763779756
334534.86941184214
338097.57960856723
341845.2654423077
345782.8689961502
349915.28894314356
354247.32262803585
358783.7126604811
363529.0298565987
368487.86916615313
373664.62974577805
379063.6429061114
384689.04735513136
390544.95110728487
396635.25751696207
402963.7536149689
409534.10596274585
416349.8170709103
423414.24614379706
430730.6034078311
438301.9442657762
446131.1869254344
454221.0703055891
462574.19365441886
471193.0049209476
480079.7898488942
489236.6803285857
498665.652854438
508368.5401234905
518347.0164128476
528602.6097907913
539136.700624787
549950.5258586328
561045.1803789285
572421.6204401962
584080.6616433817
596022.9979489499
608249.177724994
620759.6346773081
633554.6793701083
646634.5014355497
659999.1754579744
673648.6681119651
687582.8363816098
701801.4367195449
716304.1268435828
731090.4702679655
746159.9408118676
761511.926594496
777145.7343313436
793060.5935377635
809255.6568488858
825730.0238908783
842482.7060670976
859512.6697844267
876818.8203836172
894400.0122437233
912255.0479039995
930382.6888304574
948781.6517140671
967450.6395944229
986388.2372213922
1.0055931177854824e6
1.0250638545907344e6
1.0447990079826058e6
1.0647971254874917e6
1.0850567304171734e6
1.1055763319798405e6
1.1263544369874476e6
1.1473895192742846e6
1.1686800671636066e6
1.1902245536233867e6
1.212021455902215e6
1.2340692572894185e6
1.2563664243712132e6
1.2789114417110253e6
1.3017027971099766e6
1.3247389805234293e6
1.3480185028566497e6
1.3715398722505756e6
1.395301618433537e6
1.4193022849250324e6
1.4435404294633525e6
1.468014623282528e6
1.492723455644444e6
1.5176655405316977e6
1.542839505950659e6
1.568243995645957e6
1.5938776849946238e6
1.6197392645967822e6
1.645827449816689e6
1.672140978550958e6
1.6986786073151731e6
1.7254391272865064e6
1.7524213820745824e6
1.7796240869405388e6
1.807046222507774e6
1.8346866243215012e6
1.862544220096316e6
1.8906179237802143e6
1.9189067014794038e6
1.9474095398710992e6
1.97612544136678e6
2.0050534500095265e6
2.0341926212356323e6
2.0635420391643054e6
2.093100817357801e6
2.1228680852643074e6
2.1528430069592167e6
2.183024760490625e6
2.2134125606079064e6
2.2440056306546847e6
2.27480322784534e6
2.3058046281067235e6
2.3370091360222697e6
2.3684160707640876e6
2.4000247758981287e6
2.431834619141196e6
2.4638449906443693e6
2.4960552913472606e6
2.528464956384559e6
2.561073434136588e6
2.593880194645797e6
2.626884723470031e6
2.66008652645735e6
2.6934851377522796e6
2.72708009233487e6
2.760870958782277e6
2.794857310028869e6
2.829038748685828e6
2.863414882996215e6
2.89798534294226e6
2.9327497700259937e6
2.967707827559072e6
3.0028591877849214e6
3.0382035465799877e6
3.0737405974870943e6
3.109470062969037e6
3.145391672565375e6
3.1815051682678363e6
3.217810310249879e6
3.2543068633460705e6
3.2909946080325576e6
3.3278733368038437e6
3.364942852930326e6
3.4022029693563795e6
3.4396535117403786e6
3.4772943142435458e6
3.5151252195553468e6
3.553146087304622e6
3.591356775601282e6
3.629757156543182e6
3.668347116755762e6
3.707126540409429e6
3.7460953270649854e6
3.7852533813514e6
3.82460061960872e6
3.864136953114123e6
3.9038623185211625e6
3.943776643776492e6
3.983879878000086e6
4.0241719660354583e6
4.064652845305752e6
4.105322489914594e6
4.1461808647456244e6
4.187227937613575e6
4.228463680216605e6
4.269888075104405e6
4.311501106938302e6
4.353302767118851e6