137204.68020283844
137298.3530094822
137548.26292596554
137954.72533964575
138518.2476401233
139239.5386485664
140119.48384233803
141159.16329177335
142359.8037862974
143722.86268005747
145249.91431587253
146942.69078587805
148803.08445153869
150833.13245619927
153034.97754226514
155410.8754389406
157963.21981184866
160694.4557058302
163607.15006126696
166703.91706348502
169987.41612021887
173460.4036948231
177126.6681544545
180985.9141235284
185044.0080457577
189302.73676273017
193764.9122332905
198433.3053548223
203310.67773772613
208399.75686212198
213703.21622444503
219223.67970800947
224963.72843580856
230925.84356921626
237112.47582618758
243525.96617495717
250168.58786999353
257042.52363720431
264149.86323333974
271492.59928601625
279072.63158353965
286891.75738637033
294951.665761708
303253.94881292235
311800.09316071356
320591.4891605901
329629.37895336235
338914.95410119987
348449.27414323715
358233.29130006273
368267.86345335207
378553.7404225768
389091.57849583944
399881.93108249764
410925.2566058244
422221.92247178475
433772.2023374578
445576.28297817684
457634.26589769416
469946.1694499209
482511.9340033643
495331.42252663546
508404.4254845226
521730.6633234974
535309.7895786675
549141.3951196172
563225.0106068229
577560.1093482662
592146.1123918248
606982.3879248084
622068.2605382631
637403.0085112609
652985.8698246956
668816.0445762714
684892.6980430752
701214.9632945948
717781.9447541649
734592.7194261272
751646.3415963992
768941.8436112734
786478.239457896
804254.5265363522
822269.6881847745
840522.6963171114
859012.5126836915
877738.090311563
896698.3809939568
915892.3264884725
935318.870471068
954976.9546125096
974865.5223225241
994983.5190395246
1.0153298940988211e6
1.0359036031901066e6
1.0567036075715455e6
1.0777288771262816e6
1.0989783876964143e6
1.1204511298956627e6
1.1421461007898962e6
1.1640623114580084e6
1.1861987842657748e6
1.208554555015914e6
1.2311286729915321e6
1.2539202025687497e6
1.2769282228834876e6
1.300151827367894e6
1.3235901274976647e6
1.3472422491832026e6
1.3711073353739236e6
1.3951845466568582e6
1.4194730595178439e6
1.4439720694859303e6
1.4686807881784295e6
1.4935984463205077e6
1.5187243043743828e6
1.544057588615427e6
1.569597620227807e6
1.5953436908060904e6
1.6212951137046502e6
1.647451229093704e6
1.6738113908377457e6
1.7003749726618135e6
1.7271413627187796e6
1.7541099706513237e6
1.781280217615708e6
1.8086515467265358e6
1.8362234157131875e6
1.8639952995212881e6
1.891966688535899e6
1.9201370946911832e6
1.9485060370423885e6
1.9770730584189424e6
2.0058377105414986e6
2.0347995625187298e6
2.06395820450261e6
2.0933132349945141e6
2.1228642674123477e6
2.1526109293465083e6
2.1825528662297903e6
2.2126897339809025e6
2.243021199793382e6
2.2735469480982996e6
2.3042666736562084e6
2.3351800851506693e6
2.3662869019469386e6
2.397586856266751e6
2.429079691862312e6
2.460765163391281e6
2.4926430377631346e6
2.5247130917749777e6
2.5569751118405005e6
2.589428897308722e6
2.6220742508653523e6
2.6549109982172605e6
2.687938959001131e6
2.7211579727333523e6
2.7545678826756845e6
2.7881685518522807e6
2.8219598145812848e6
2.8559415679782135e6
2.8901136823065057e6
2.9244760419475883e6
2.9590285386598036e6
2.9937710752360304e6
3.028703558543818e6
3.063825901372916e6
3.0991380257029696e6
3.134639856771444e6
3.1703313322153813e6
3.2062123797835563e6
3.2422829551984454e6
3.2785430048184083e6
3.3149924848398976e6
3.351631355560596e6
3.388459582041144e6
3.425477135592545e6
3.462683991234527e6
3.500080127993793e6
3.537665527298821e6
3.575440185086876e6
3.6134040855248445e6
3.6515572264674865e6
3.689899612121431e6
3.728431231822931e6
3.7671521057639867e6
3.806062238564457e6
3.8451616460229643e6
3.884450335458734e6
3.9239283336015968e6
3.963595659147568e6
4.0034523359511057e6
4.043498390423081e6
4.083733851113865e6
4.124158750510889e6
4.1647731308960915e6
4.205577007974679e6
4.246570428721932e6
4.287753432780445e6
4.329126060987727e6
4.370688356384042e6