443950.9397651958
443952.6672966252
443957.5884820161
443966.1867011861
443979.45681433775
443998.66282382526
444025.46311197535
444061.8448198148
444110.15059655276
444173.08448111464
444253.49145203
444354.7665846094
444480.52127674874
444634.5677125243
444821.11873141886
445044.5613930032
445309.5518517706
445621.0109436981
445983.95998950046
446403.84245254577
446886.21378690354
447436.5459600545
448060.7852331599
448764.88669895835
449554.172050345
450437.1477719515
451417.73807876
452503.2816184886
453700.01043597213
455014.4752121958
456453.20742555463
458022.72907674685
459729.5875109723
461580.3131827874
463581.4253441137
465738.92021955363
468060.71480982273
470551.73070255376
473218.78462113463
476068.1116055085
479105.90013514296
482338.21570333326
485771.0300222187
489410.22437087435
493261.52224866697
497330.5414802049
501622.80265371
506143.6385691352
510898.30594785983
515891.8292740829
521129.1361680021
526614.993139223
532354.0010376207
538350.5921771557
544609.0374167939
551128.7797170719
557927.7558422756
564995.7115675968
572340.910418272
579966.7609000786
587876.4982998569
596073.1815985717
604559.6960506144
613338.7514946758
622412.8839459731
631784.4404549331
641455.6074356928
651428.4093150408
661704.6860731195
672286.1078139766
683174.1903077763
694370.2801532071
705875.563103477
717691.0705978636
729817.6756954605
742256.1019688756
755006.9246217062
768070.575440048
781447.3448613668
795137.3873540239
809140.7246539237
823457.2501320809
838086.7328433411
853028.8250096298
868283.05175851
883848.8502272652
899725.5185123708
915912.2820912618
932408.2573496467
949212.467353699
966323.8467265117
983741.24793406
1.0014634472425502e6
1.0194891330913347e6
1.037816941464585e6
1.0564454353884594e6
1.0753731150846935e6
1.0945984226129074e6
1.1141197534675389e6
1.1339353557160313e6
1.1540438106816527e6
1.1744430964997816e6
1.1951315308789809e6
1.2161073038000711e6
1.2373685772122438e6
1.2589134893598398e6
1.2807401582643022e6
1.3028466731504602e6
1.325231132559948e6
1.3478915912794773e6
1.3708261175479824e6
1.3940328400233204e6
1.4175096120128625e6
1.4412546878144736e6
1.4652660557326435e6
1.4895417926845194e6
1.5140799303227912e6
1.5388785872863936e6
1.5639358360504457e6
1.5892497842996228e6
1.6148185544003681e6
1.6406402823731636e6
1.6667131117720157e6
1.6930352346690882e6
1.7196048377109952e6
1.746420146418853e6
1.773479402225828e6
1.8007808782299857e6
1.8283228678748033e6
1.856103693384969e6
1.8841217087936297e6
1.9123752972426766e6
1.9408628487747018e6
1.9695828251387298e6
1.9985336846286838e6
2.0277139455565223e6
2.0571220937307766e6
2.0867567370962948e6
2.116616454378479e6
2.146699875791247e6
2.177005649161511e6
2.2075324739764924e6
2.2382790713327946e6
2.269244192341893e6
2.30042662979413e6
2.3318251948000975e6
2.3634387378227683e6
2.395266140319921e6
2.427306314026609e6
2.4595582003259035e6
2.492020773947276e6
2.5246930366770793e6
2.557574022125885e6
2.5906627926800395e6
2.6239584363575997e6
2.657460077967598e6
2.691166867986634e6
2.725077965029604e6
2.759192593126861e6
2.793509970942913e6
2.828029358911594e6
2.8627500426769652e6
2.897671309241227e6
2.932792511937121e6
2.9681130000312454e6
3.0036321529951496e6
3.0393493722868455e6
3.075264088844547e6
3.1113757433821806e6
3.147683814657738e6
3.184187787013355e6
3.220887172944248e6
3.2577815038894257e6
3.294870333631028e6
3.3321532304965556e6
3.3696297849039272e6
3.4072996040514596e6
3.4451623093997086e6
3.4832175496201892e6
3.521464974192581e6
3.5599042677191775e6
3.598535148634172e6
3.637357256597831e6
3.6763704179310016e6
3.715574152531186e6
3.7549684515828677e6
3.794552933642122e6
3.834327428976508e6
3.8742917261192547e6
3.914445613860516e6
3.954788923056378e6
3.9953214323072713e6
4.0360430202778224e6
4.076953516419991e6
4.118052785158039e6
4.1593406843457865e6
4.200817092271262e6
4.242481926945269e6
4.284335018111628e6
4.3263762996901525e6