298337.4965816138
298377.2001693642
298483.25665763987
298656.17777637637
298896.75932152604
299205.6758107974
299585.7086145154
300037.2386409993
300562.6861916891
301164.39799527515
301844.8159184987
302606.91049972223
303453.6919781185
304388.4578653797
305414.8115528138
306536.46096546995
307757.41157844564
309081.6920980138
310513.71564192476
312057.95233085885
313718.94341932336
315501.5449301144
317410.4740404443
319450.7285469391
321627.3219590162
323945.341628821
326409.90229422157
329026.2101397952
331799.4822093707
334734.83843230235
337837.526478724
341112.7363096451
344565.56881610176
348201.17328204616
352024.59273345344
356040.821137294
360254.7809787046
364671.3007343047
369295.12625447277
374130.906649316
379183.1748292055
384456.37751122087
389954.7705717229
395682.5783622557
401643.81940488133
407842.3945854128
414282.09339480917
420966.530830857
427899.1810496968
435083.3680536144
442522.2623828557
450218.8887522647
458176.1027512053
466396.6110077556
474882.96909422596
483637.5683076879
492662.6457786325
501960.2760620287
511532.3950623078
521380.7728581263
531507.0320268078
541912.6451348981
552598.9380266389
563567.0950073146
574818.1471760964
586353.0016876474
598172.418445247
610277.0285126114
622667.3334743613
635343.7115272365
648306.4163325622
661555.5833909279
675091.2367645744
688913.2874159652
703021.5423758905
717415.7064836884
732095.3869753081
747060.097864684
762309.264625193
777842.227149701
793658.2453824297
809756.5025888523
826136.1115027014
842796.1150618239
859735.4931201667
876953.1661973342
894448.000128566
912218.8060364653
930264.3515183709
948583.3564696342
967174.5042657945
986036.4387867784
1.0051677676974381e6
1.0245670773564066e6
1.044232921819561e6
1.0641638386517763e6
1.0843583355240508e6
1.1048149023858395e6
1.1255320218325735e6
1.1465081680816421e6
1.1677418050499698e6
1.1892313848715476e6
1.2109753581016175e6
1.2329721771818146e6
1.2552202891276975e6
1.2777181506274696e6
1.3004642215808681e6
1.3234569626369802e6
1.3466948551306275e6
1.370176376384586e6
1.393900024235296e6
1.417864310611204e6
1.4420677608788223e6
1.4665089120970084e6
1.491186321162378e6
1.5160985760024996e6
1.541244243308823e6
1.566621960136667e6
1.5922303582140794e6
1.618068093139893e6
1.644133845769853e6
1.6704263192821308e6
1.696944234536255e6
1.7236863470698043e6
1.750651430532072e6
1.7778382831022667e6
1.8052457302896348e6
1.8328726210471475e6
1.8607178311077433e6
1.8887802595518506e6
1.9170588344930767e6
1.9455525076066714e6
1.9742602526099614e6
2.0031810781178167e6
2.032314012166592e6
2.0616581081833732e6
2.0912124426848467e6
2.1209761231018263e6
2.1509482818836e6
2.181128068306104e6
2.2115146687178947e6
2.242107278178612e6
2.2729051337889647e6
2.3039074688856946e6
2.335113576463705e6
2.3665227460849565e6
2.3981342963125277e6
2.4299475703120907e6
2.461961933359079e6
2.494176768439987e6
2.5265914814708563e6
2.559205502692849e6
2.5920182785385465e6
2.625029276657918e6
2.658237982557558e6
2.691643904022493e6
2.7252465633403608e6
2.759045509358015e6
2.7930402966817054e6
2.827230508239379e6
2.8616157367194192e6
2.896195596373328e6
2.9309697100530756e6
2.965937728181535e6
3.001099305963954e6
3.036454125113984e6
3.0720018645489346e6
3.107742233475566e6
3.1436749477636707e6
3.1797997365693906e6
3.216116348248077e6
3.2526245339019476e6
3.2893240642196015e6
3.32621471949268e6
3.3632962920753728e6
3.4005685850292095e6
3.438031413457057e6
3.4756846019114815e6
3.5135279879758344e6
3.5515614092463097e6
3.5897847281798194e6
3.628197804107998e6
3.666800515934465e6
3.70559273976968e6
3.7445743670450593e6
3.7837452973497263e6
3.8231054378686757e6
3.8626546949905897e6
3.9023929979597363e6
3.9423202691165167e6
3.982436451763788e6
4.022741478969146e6
4.06323530128714e6
4.1039178722914266e6
4.144789149933254e6
4.185849105425823e6
4.227097703478254e6
4.268534921971271e6
4.310160742342427e6
4.351975149192495e6