114182.20372369222
114284.86346348631
114558.723264175
115004.05620161118
115621.30381747446
116411.07523602125
117374.14337397186
118511.43727054883
119824.03584779397
121313.17516478884
122980.21658841701
124826.672447105
126854.15902806236
129064.40833962552
131459.31141843286
134040.7693880672
136810.8148700759
139771.56675262225
142925.21089936892
146273.943263477
149820.0649523629
153565.8352967573
157513.62582622428
161665.80460615963
166024.7105330159
170592.58263382223
175371.8906337478
180364.8819707255
185573.83942341164
191001.00987202174
196648.5747696947
202518.67659399076
208613.3963688051
214934.74556524743
221484.6720289755
228265.05010022043
235277.7207316691
242524.22765665583
250006.362680913
257725.61574796133
265683.3908976941
273881.0862802949
282319.9472194486
291001.12407107255
299925.7070802263
309094.66633035755
318508.87265593174
328169.1508353648
338076.15494758106
348230.51259649376
358632.73571938614
369283.25229887746
380182.4053575655
391330.45192918344
402727.56950705114
414373.85676667787
426269.33373259264
438413.9525453795
450807.5864384348
463450.04617766885
476341.07606574026
489480.3579808349
502867.51593301166
516502.1167711649
530383.6746218011
544511.653896095
558885.4716684893
573504.5009822861
588368.0739803928
603475.4843456119
618825.9905153245
634418.818110374
650253.163119748
666328.1935337295
682643.0533706802
699196.864172712
715988.7267952722
733017.7259275697
750282.9300809347
767783.3948844569
785518.1650151184
803486.2751254905
821686.754986575
840118.6261853612
858780.908496785
877672.6191904229
896792.7749526883
916140.3937506245
935714.4963033078
955514.1061752805
975538.2528388549
995785.9708109024
1.0162563028769775e6
1.0369482993940368e6
1.0578610193330504e6
1.0789935345719478e6
1.1003449239488507e6
1.1219142808117077e6
1.1437007082765647e6
1.1657033244760116e6
1.1879212599326558e6
1.2103536594239362e6
1.2329996821879586e6
1.2558585264767553e6
1.2789293086510748e6
1.3022113083690843e6
1.3257037148291934e6
1.3494057713450668e6
1.3733167282362282e6
1.397435854170188e6
1.4217624348536367e6
1.4462957722395193e6
1.4710351860099812e6
1.495980011368107e6
1.5211295968277422e6
1.5464833143441603e6
1.5720405482649687e6
1.597800701234149e6
1.6237631880884129e6
1.6499274446677575e6
1.6762929226498448e6
1.7028590791442513e6
1.72962542459568e6
1.7565914311268954e6
1.7837566186777367e6
1.811120518058947e6
1.8386826730581056e6
1.866442643222743e6
1.8944000016527125e6
1.9225543393056074e6
1.9509052581297238e6
1.9794523702749314e6
2.0081953112889493e6
2.0371337210765507e6
2.066267260411911e6
2.09559559774734e6
2.125118415821609e6
2.154835410120939e6
2.1847462878251188e6
2.214850769070696e6
2.2451485821530526e6
2.2756394726726087e6
2.3063231930905567e6
2.337199509268505e6
2.368268189547059e6
2.3995290260258014e6
2.430981811688961e6
2.4626263520940277e6
2.4944624602541444e6
2.526489963733751e6
2.558708692109861e6
2.591118488213743e6
2.623719202944745e6
2.6565106937311096e6
2.6894928294307115e6
2.722665483096419e6
2.756028537362988e6
2.789581882201028e6
2.823325413157376e6
2.8572590352311474e6
2.8913826595882056e6
2.925696202108084e6
2.960199585674704e6
2.994892740755293e6
3.0297756022745385e6
3.064848111296162e6
3.1001102153599043e6
3.135561865212284e6
3.1712030210545785e6
3.207033637705657e6
3.243053688898008e6
3.279263144936097e6
3.3156619795691897e6
3.352250178349816e6
3.3890277207533536e6
3.4259945968116424e6
3.463150799439155e6
3.500496324543232e6
3.5380311718854522e6
3.5757553448699587e6
3.6136688496299367e6
3.651771697562935e6
3.6900638967390554e6
3.728545467246635e6
3.7672164258431913e6
3.806076793640597e6
3.845126594566744e6
3.884365854870959e6
3.923794601540203e6
3.96341286686101e6
4.0032206829853114e6
4.0432180849187514e6
4.0834051093028504e6
4.1237817952183215e6
4.1643481826817393e6
4.205104313890201e6
4.246050232459644e6
4.287185984835819e6
4.328511615266067e6
4.370027172141551e6