281668.18788028165
281712.81460520107
281831.995877829
282026.22708570387
282296.29429025436
282643.2789507864
283068.5764067519
283573.862863331
284161.07462803245
284832.50295268587
285590.5073513314
286437.9863877221
287377.84144119825
288413.311759455
289547.8815943333
290785.1595145727
292128.99169460963
293583.4026475378
295152.57936032244
296840.85700472386
298652.66221266676
300592.6805227451
302665.5032382868
304875.9428537645
307228.8557726515
309729.1338383697
312381.7343692452
315191.6940213207
318163.97610602074
321303.56724999886
324615.49466160417
328104.7331776619
331776.20537557884
335634.81219394953
339685.39512194175
343932.739238321
348381.5312808751
353036.39877795114
357901.80514851987
362982.22531943856
368281.94503872446
373805.1794075661
379555.9515494138
385538.25350999774
391755.8722727535
398212.475925085
404911.6215142652
411856.6937148294
419050.9371058831
426497.44916412124
434199.1726877896
442158.9144996627
450379.3043704084
458862.8343152229
467611.86639863777
476628.5183109882
485914.8864827738
495472.81909687514
505304.0601372016
515410.1831616271
525792.6249573618
536452.6765016953
547391.4874732791
558610.0684635281
570109.295009482
581889.9072088865
593952.516004163
606297.6068031243
618925.5415686811
631836.5663317734
645030.808667054
658508.2857448051
672268.9077560226
686312.4815737695
700638.715148597
715247.2215316815
730137.5229602746
745309.0553589265
760761.172239366
776493.149084624
792504.1873616066
808793.4184941065
825359.9096133481
842202.6643603256
859320.6291517788
876712.6992957625
894377.7161157264
912314.4782668862
930521.7406246476
948998.2191998117
967742.597577913
986753.5245235227
1.0060296184122612e6
1.0255694806150568e6
1.0453716815654053e6
1.0654347806118499e6
1.0857573149065727e6
1.1063378115008085e6
1.1271747852309472e6
1.1482667447194469e6
1.1696121962579214e6
1.1912096353632887e6
1.2130575559549555e6
1.2351544621762715e6
1.257498850788521e6
1.2800892362226248e6
1.3029241386365301e6
1.3260020736117684e6
1.3493215818862524e6
1.3728812017715827e6
1.3966794950441078e6
1.4207150368238715e6
1.444986417914939e6
1.4694922418190255e6
1.4942311321527665e6
1.5192017427571872e6
1.5444027184639783e6
1.5698327394321554e6
1.5954905323269027e6
1.6213748129331367e6
1.6474843352843062e6
1.6738178594263173e6
1.7003741872129252e6
1.7271521380155084e6
1.7541505506817596e6
1.7813682957240855e6
1.8088042653890809e6
1.836457374476275e6
1.8643265660616574e6
1.892410804276632e6
1.920709081371903e6
1.9492204156156091e6
1.9779438410093852e6
2.0068784320312447e6
2.0360232834195863e6
2.0653774833089043e6
2.0949401976919167e6
2.1247105842665723e6
2.154687827830119e6
2.1848711369733186e6
2.21525975365343e6
2.245852928068783e6
2.276649943872396e6
2.30765010265456e6
2.338852734099081e6
2.3702571818111697e6
2.401862813952732e6
2.4336690214159763e6
2.4656752153186225e6
2.4978808249537507e6
2.530285301613948e6
2.5628881165986382e6
2.5956887599207624e6
2.6286867401933656e6
2.66188158269355e6
2.6952728337617903e6
2.7288600553601943e6
2.762642829895773e6
2.79662075184957e6
2.830793435033132e6
2.8651605068092593e6
2.8997216151867188e6
2.934476416173971e6
2.9694245872480464e6
3.0045658159595774e6
3.0398998116484e6
3.075426283317204e6
3.1111449650525274e6
3.1470556005474e6
3.183157942015537e6
3.219451764069758e6
3.2559368415819e6
3.2926129672525055e6
3.329479943880117e6
3.366537585358228e6
3.4037857146639465e6
3.4412241662088498e6
3.478852786323692e6
3.516671425419178e6
3.5546799481320605e6
3.5928782255879627e6
3.631266136537774e6
3.6698435748300017e6
3.708610432360425e6
3.747566616269127e6
3.786712037405235e6
3.8260466176532474e6
3.865570278444735e6
3.9052829586356147e6
3.94518459316338e6
3.9852751368769067e6
4.0255545331053087e6
4.0660227437549443e6
4.1066797316864836e6
4.147525466503537e6
4.1885599225122514e6
4.229783078629775e6
4.271194919684969e6
4.312795434353672e6
4.3545846154355705e6