124918.91968761271
125017.35008252432
125279.93738103381
125706.97589526416
126298.95553935212
127056.48352260163
127980.43646741708
129071.79778851892
130331.73029919909
131761.54991384703
133362.7469450682
135136.92587873645
137085.84238958932
139211.382175907
141515.5283417648
144000.38582922824
146668.0333429659
149521.08005774984
152561.55802212362
155791.99381492197
159214.83150191096
162832.60725644717
166647.8572118435
170663.1290584254
174880.9710616281
179303.98127718162
183934.70023150285
188775.66193977048
193829.37382743912
199098.31264101193
204584.89153113504
210291.48198315754
216220.40513305392
222373.89186100572
228754.13950710456
235363.23641956298
242203.1802129612
249275.93366269345
256583.328399807
264127.1137325427
271908.95029946824
279930.4007195438
288192.9246994116
296697.8903627348
305446.5565932469
314440.11064434727
323679.5758131328
333165.9601183577
342900.1078449256
352882.79465494317
363114.68649634765
373596.37070114224
384328.3313619391
395310.9616385888
406544.5701913445
418029.37851523014
429765.5225625478
441753.0606198375
453991.97502453695
466482.1665336522
479223.46992413455
492215.64887161844
505458.40265425993
518951.3666727218
532694.1175487294
546686.1758317612
560927.0085018448
575416.0326779472
590152.6191521321
605136.0929130398
620365.7408288054
635840.8100248382
651560.5130510707
667524.0301851677
683730.5123995084
700179.0836400934
716868.8441769879
733798.8719470529
750968.2263299436
768375.9493696265
786021.0691858872
803902.6006795712
822019.5489705557
840370.9107987224
858955.676342617
877772.8315443438
896821.3587103878
916100.2409983077
935608.459303276
955344.9972414488
975308.8434548143
995498.9889688333
1.015914431048034e6
1.0365541746645158e6
1.0574172313831584e6
1.0785026246196197e6
1.0998093845361692e6
1.1213365544154528e6
1.14308318673864e6
1.165048349053464e6
1.187231120393935e6
1.209630593728936e6
1.2322458784615272e6
1.2550760909968442e6
1.2781203735688655e6
1.3013778766143664e6
1.324847769416866e6
1.3485292346782577e6
1.372421475516519e6
1.396523708504257e6
1.4208351692609605e6
1.44535510838452e6
1.470082795820625e6
1.4950175192196048e6
1.5201585747910044e6
1.5455052890755225e6
1.571056997600833e6
1.5968130564471993e6
1.6227728340446204e6
1.6489357205583542e6
1.6753011230487323e6
1.7018684640288793e6
1.7286371815943534e6
1.7556067341584852e6
1.7827765907880836e6
1.8101462413640441e6
1.8377151894952503e6
1.8654829560580994e6
1.8934490748390977e6
1.9216131008019752e6
1.9499745959700302e6
1.978533143468275e6
2.0072883371162524e6
2.0362397832155682e6
2.0653871144357824e6
2.094729962223933e6
2.124267978540362e6
2.154000829298889e6
2.1839281901414385e6
2.2140497532636863e6
2.2443652187743103e6
2.2748743030183017e6
2.305576732326907e6
2.3364722399289543e6
2.3675605907419203e6
2.3988415298927906e6
2.4303148341885414e6
2.4619802860659193e6
2.4938376762723345e6
2.5258868092948487e6
2.558127495354566e6
2.590559556343899e6
2.623182822612931e6
2.6559971359381718e6
2.689002343060548e6
2.7221983003465137e6
2.7555848734289706e6
2.78916193520862e6
2.822929366505878e6
2.8568870550243743e6
2.8910348980464847e6
2.925372796004678e6
2.9599006603861777e6
2.9946184059334523e6
3.0295259546218114e6
3.0646232370599187e6
3.099910186964553e6
3.13538674437081e6
3.1710528591386117e6
3.206908473203418e6
3.2429535526344217e6
3.279188056506973e6
3.315611949852257e6
3.35222520862694e6
3.3890278041864056e6
3.4260197183343107e6
3.4632009354155343e6
3.5005714451142456e6
3.538131236374008e6
3.5758803130230284e6
3.6138186676540147e6
3.651946307019428e6
3.690263238838592e6
3.728769465152738e6
3.767465007063514e6
3.8063498784160693e6
3.8454240977865797e6
3.8846876863777437e6
3.9241406680710544e6
3.9637830694822823e6
4.0036149192987927e6
4.0436362487113685e6
4.083847090700027e6
4.1242474812354515e6
4.164837456940426e6
4.2056170571089145e6
4.2465863225231e6
4.287745296003161e6
4.329094021434154e6
4.370632544788992e6