104988.9745868606
105095.30410341549
105378.94321652336
105840.1466990528
106479.32681362212
107297.0508548095
108294.03943530112
109471.15987552804
110829.41699458801
112369.95963512184
114094.0613032039
116003.11859165804
118098.64880377208
120382.25932220762
122855.68324763197
125520.97278174685
128379.21907562242
131433.1670775905
134684.5647116671
138135.46456731143
141787.9639218106
145644.1790881556
149706.29523071556
153976.42529577485
158456.7370325737
163149.38523503867
168056.49457836067
173180.17135033358
178522.48674958412
184085.4853501811
189871.14312879476
195881.39926369095
202118.12627783793
208583.1300193528
215278.16428226742
222204.89383816914
229364.9102436047
236759.7255133364
244390.77298552523
252259.39837649718
260366.8600505082
268714.3317198375
277302.8974339776
286133.5361843889
295207.1720506679
304524.6050267726
314086.5689164031
323893.70001945563
333946.5497277456
344245.5841164577
354791.185150141
365583.65422321076
376623.2131317833
387910.0037149658
399444.09516040096
411225.4832322091
423254.09307251556
435529.78274328494
448052.3450526097
460821.51177088753
473836.95520865323
487098.29145761
500605.08955281216
514356.8443193014
528353.0374444913
542593.0873250794
557076.3692421373
571802.224192153
586769.9561615341
601978.8355790024
617428.1020718869
633116.9671440705
649044.6167609692
665210.213402868
681612.899135256
698251.7973532217
715126.0151945159
732234.6457500748
749576.7701527862
767151.4591721199
784957.7760299229
802994.7767749082
821261.513402327
839757.0349939978
858480.3888933223
877430.6232660918
896606.7857938008
916007.9297694259
935633.1109207827
955481.3879325911
975551.8350989975
995843.5206046896
1.016355529898007e6
1.0370869551762999e6
1.0580368982571154e6
1.0792044738539318e6
1.1005888052080765e6
1.1221890300732101e6
1.1440042966883911e6
1.1660337684024775e6
1.1882766214507688e6
1.210732046265369e6
1.233399247055191e6
1.2562774459655867e6
1.2793658757016687e6
1.302663787086371e6
1.3261704461800726e6
1.3498851348115026e6
1.3738071501725018e6
1.3979358058682648e6
1.4222704317593714e6
1.4468103735333784e6
1.4715549935533237e6
1.4965036689964128e6
1.5216557917172685e6
1.547010782048035e6
1.5725680554034847e6
1.5983270572757795e6
1.6242872466889315e6
1.6504480955406283e6
1.6768090935007888e6
1.70336974729248e6
1.7301295728461347e6
1.7570881072085267e6
1.7842449020506484e6
1.8115995167488877e6
1.8391515317139279e6
1.8669005383449171e6
1.8948461471148464e6
1.9229879761946576e6
1.9513256578883904e6
1.9798588411130868e6
2.0085871858458014e6
2.037510363360149e6
2.0666280609527556e6
2.095939974737575e6
2.125445816788118e6
2.1551453051915113e6
2.1850381747235497e6
2.215124164199439e6
2.245403043284012e6
2.2758745624344004e6
2.306538502778126e6
2.3373946512133456e6
2.368442803081615e6
2.3996827644266915e6
2.4311143510637255e6
2.4627373864003792e6
2.4945517063095e6
2.526557151635995e6
2.558753571748482e6
2.591140827097224e6
2.623718784110371e6
2.656487316493288e6
2.689446308790901e6
2.722595648956053e6
2.7559352338449075e6
2.7894649666816765e6
2.823184757552857e6
2.857094523570471e6
2.8911941881494764e6
2.925483679555691e6
2.9599629330070084e6
2.9946318885478238e6
3.029490492837906e6
3.064538699364137e6
3.09977645819373e6
3.1352037367880987e6
3.170820500454982e6
3.2066267190486775e6
3.242622367464849e6
3.2788074264491643e6
3.3151818804176846e6
3.351745715047777e6
3.3884989241724494e6
3.4254415017383e6
3.462573447360714e6
3.4998947631784333e6
3.5374054548178418e6
3.575105531334259e6
3.6129950042652115e6
3.6510738895175005e6
3.689342201656181e6
3.72779996367354e6
3.7664471976658027e6
3.8052839286870887e6
3.8443101845168252e6
3.8835259951298484e6
3.9229313916774807e6
3.962526409114109e6
4.0023110830081324e6
4.042285451398566e6
4.0824495537511786e6
4.122803432148499e6
4.1633471278408035e6
4.204080686696023e6
4.245004154056959e6
4.286117576590763e6
4.327421005781837e6
4.368914486543857e6