171847.30500462255
171928.07586616784
172143.6007995688
172494.24923385
172980.61630451068
173603.44028483733
174364.02701562905
175263.36901705974
176303.0330398812
177484.6833033212
178810.1920157498
180281.6165393885
181901.17363830807
183671.25857205363
185594.42924062
187673.3577636768
189910.88050161564
192309.92862205772
194873.5646981618
197604.87520515214
200507.112216032
203583.57692987937
206837.5834343079
210272.50827548496
213891.77987972886
217698.79013065452
221697.0031524797
225889.82880431
230280.68449818232
234872.93867762235
239669.94256635255
244674.9885760806
249891.32733050827
255322.12114655797
260970.47333255294
266839.41836870747
272931.89680807065
279250.7511305359
285798.7410146313
292578.4979841544
299592.58223972
306843.4249736346
314333.34108858235
322064.55471332214
330039.12890587555
338259.0456663835
346726.15624276025
355442.19563846634
364408.7788032959
373627.36472834274
383099.3513709252
392825.9800554832
402808.38118507323
413047.5713299062
423544.4487350562
434299.8041123682
445314.31543715973
456588.55166334537
468122.9794020698
479917.96181877464
491973.7629216374
504290.55124019325
516867.81271191983
529707.2926149552
542807.1540982269
556167.772349681
569788.89741399
583670.192688463
597811.2506958044
612211.5954381421
626870.686197052
641787.9214651305
656962.6421630722
672394.1353046527
688081.6380215916
704024.337794154
720221.3821907828
736671.8756158339
753374.8859994868
770329.446869814
787534.5608206231
804989.202314772
822692.3196950806
840642.8402388399
858839.670184791
877281.698346206
895967.7991853189
914896.8352466302
934067.6584324561
953479.1120003625
973130.0352585235
993019.261070082
1.0131456215677653e6
1.0335079491136307e6
1.0541050762909655e6
1.0749358421004133e6
1.095999085560613e6
1.1172936548711297e6
1.138818404349308e6
1.1605721974399458e6
1.182553906521696e6
1.2047624191611488e6
1.2271966267600725e6
1.2498554417068698e6
1.2727377847367253e6
1.2958425939976885e6
1.319168822543492e6
1.342715437078388e6
1.366481423664806e6
1.3904657842309491e6
1.414667536925809e6
1.4390857195704668e6
1.4637193900662414e6
1.4885676207431364e6
1.5136295050911014e6
1.538904155482101e6
1.5643907065201553e6
1.59008830155927e6
1.6159961147283935e6
1.6421133357249969e6
1.668439177849969e6
1.69497286830231e6
1.7217136561240614e6
1.7486608095891902e6
1.7758136172933723e6
1.8031713860867273e6
1.8307334426825847e6
1.8584991333248722e6
1.8864678221330903e6
1.9146388931040154e6
1.9430117471270934e6
1.97158580598877e6
2.000360509193893e6
2.0293353036007239e6
2.0585096741178914e6
2.087883106215521e6
2.1174551089618425e6
2.147225207219159e6
2.1771929473992446e6
2.2073578739737007e6
2.2377195702474136e6
2.268277622656078e6
2.299031635216215e6
2.3299812262259834e6
2.361126029696339e6
2.3924656940989885e6
2.4239998800668e6
2.45572826333014e6
2.487650533730439e6
2.5197663923878064e6
2.5520755540904477e6
2.584577745743649e6
2.6172727063335953e6
2.6501601886479836e6
2.6832399534599297e6
2.716511774257285e6
2.7499754453046736e6
2.7836307434898103e6
2.8174774844200755e6
2.851515483185791e6
2.8857445647700345e6
2.9201645635456154e6
2.954775322268646e6
2.9895767062315275e6
3.0245685581561765e6
3.0597507548357905e6
3.095123174200199e6
3.130685710376952e6
3.1664382350476445e6
3.2023806703252867e6
3.238512917868026e6
3.274834892100766e6
3.311346514456171e6
3.3480477133877426e6
3.384938422941046e6
3.422018571286834e6
3.4592881294746785e6
3.4967470369614945e6
3.534395251173941e6
3.5722327337687295e6
3.6102594532401958e6
3.648475381328203e6
3.686880495808675e6
3.7254747861641347e6
3.7642581998797525e6
3.8032307785691787e6
3.8423924952911623e6
3.8817433468257925e6
3.921283335861205e6
3.9610124672197737e6
4.0009307496733777e6
4.041038194705108e6
4.0813348173235077e6
4.1218206363840234e6
4.162495671883963e6
4.203359947394873e6
4.244413489484815e6
4.285656327824732e6
4.327088490526233e6
4.3687100139972465e6