433115.67564841715
433119.9462627464
433131.6625216057
433151.2932311575
433179.8258597508
433218.52364641515
433269.0245065421
433333.3038393715
433413.69075636653
433512.8579912417
433633.65207241167
433779.42908197554
433953.7616908539
434160.44706081337
434403.659813945
434687.7573943354
435017.3459664443
435397.3145048414
435832.6416945748
436328.72252632777
436891.0567334628
437525.0784440776
438236.6678028764
439031.72928481613
439915.5266704016
440896.49292924703
441978.5017500172
443168.8075536101
444473.58823099016
445899.31162505475
447452.43773269054
449139.40503563004
450966.68438334664
452940.71991292323
455067.94881675945
457354.29684779275
459807.52547572757
462432.52970507107
465236.00734009646
468224.0971386872
471402.88749048876
474778.3422756143
478356.32928544615
482142.6256484914
486142.85204972484
490362.4975035628
494806.9945687489
499481.55631328054
504391.3274146745
509541.21797553427
514936.0425975247
520580.49909205164
526478.9190272219
532635.7733737177
539055.1698942736
545741.0934137665
552697.3637859679
559927.6121263043
567435.3178097263
575223.7730510449
583296.102611501
591655.2360975873
600303.9579391885
609244.8619833919
618480.3710290148
628012.150468335
637844.0154236886
647976.133204557
658410.8302039632
669149.6752159998
680194.0790823966
691545.2975120437
703204.4172187883
715172.3776954379
727449.9648372014
740037.8156339674
752936.422394823
766146.1367058535
779667.1728446396
793499.6118619794
807643.4056574325
822098.3811854387
836864.2446193944
851940.5887249154
867326.8830744975
883022.5123191518
899026.7264882234
915338.7057009132
931957.5254632684
948882.1709561205
966111.5436864807
983644.4627732531
1.0014796801358132e6
1.0196158592581777e6
1.0380516193327083e6
1.0567855031449797e6
1.0758159986977638e6
1.0951415384451775e6
1.1147605104310669e6
1.1346712528059585e6
1.154872065237148e6
1.1753611957776186e6
1.1961369135163184e6
1.217197375597051e6
1.2385407683663052e6
1.2601652416448419e6
1.2820689299474778e6
1.3042499401241313e6
1.3267063893497786e6
1.3494363559495017e6
1.3724380331595112e6
1.39570927248779e6
1.4192482505206033e6
1.4430531599510743e6
1.4671220154980915e6
1.491452934023633e6
1.5160439608502456e6
1.5408932659897832e6
1.5659989551497842e6
1.591359171812124e6
1.6169720758738145e6
1.6428358418799234e6
1.66894865317611e6
1.6953087429211927e6
1.72191433745131e6
1.7487637024064064e6
1.7758551231359998e6
1.8031869131352159e6
1.8307574099033962e6
1.8585649736523065e6
1.8866080050693557e6
1.9148849255390824e6
1.9433941767804036e6
1.9721342536494036e6
2.0011036598451491e6
2.030300955283096e6
2.0597246742380706e6
2.08937344890292e6
2.119245915861193e6
2.149340740925275e6
2.1796566089271703e6
2.2101922690571947e6
2.2409464725082777e6
2.2719180141844098e6
2.3031057203891696e6
2.334508445288187e6
2.3661250728289206e6
2.39795452801365e6
2.429995751944531e6
2.4622477238239218e6
2.4947094630760225e6
2.5273799763965444e6
2.5602583656286434e6
2.593343699888567e6
2.6266351157745244e6
2.660131764102274e6
2.693832826186706e6
2.727737495312909e6
2.7618450121115814e6
2.7961546363060544e6
2.83066565212701e6
2.8653773723297007e6
2.900289112078835e6
2.9354002481450853e6
2.9707101568425405e6
3.00621824053209e6
3.041923929327892e6
3.077826669773437e6
3.1139259304504585e6
3.1502212110540518e6
3.186712016098902e6
3.2233978796973545e6
3.260278353512929e6
3.297353010540063e6
3.3346214359443337e6
3.3720832409976157e6
3.40973804765098e6
3.447585499630035e6
3.4856252568519753e6
3.523856987011707e6
3.5622803885602634e6
3.600895162773857e6
3.639701030458091e6
3.6786977270601327e6
3.717884999081238e6
3.7572626727938605e6
3.7968303709989544e6
3.836587997247668e6
3.876535322256308e6
3.916672163459217e6
3.956998337754907e6
3.9975136824296294e6
4.038218041945679e6
4.079111269605214e6
4.1201932387260105e6
4.1614638154172413e6
4.202922886992112e6
4.244570346366822e6
4.28640609691387e6
4.328430047093308e6