401575.24307038775
401587.15530098055
401619.22506050393
401671.9855837112
401746.36504043476
401843.5645095842
401965.20467600855
402113.2126108097
402289.8461574634
402497.76867967367
402739.71092186146
403018.96117674804
403339.0078803421
403703.52655248926
404116.61799122987
404582.49724947463
405105.68145408353
405690.9025555183
406343.01822230686
407067.26104016125
407868.9630769694
408753.4267918394
409726.34421380446
410793.4318836791
411960.501645654
413233.59063060326
414618.5873678288
416121.74236123404
417749.0600916279
419506.7695131232
421401.065546268
423438.18319297966
425624.2798797429
427965.588165967
430468.25597520894
433138.23618195043
435982.12165654637
439005.3896876953
442214.156885184
445614.25402699306
449211.4695371619
453011.44383522833
457019.7374106524
461241.77647432353
465682.87035445846
470348.1917047963
475242.80832056253
480371.6031948029
485739.3775533671
491350.6102900203
497210.0203959116
503321.64733516023
509689.7193052607
516318.191664965
523210.88016402454
530371.4122948562
537801.7121978255
545509.7019367099
553493.8715120347
561758.7152471647
570307.0172021476
579141.3698576755
588264.2171331393
597677.8272397276
607384.2925603264
617385.5440086081
627683.3391388246
638279.2805709644
649174.8087866611
660371.200975318
671869.5814962967
683670.9304418868
695776.057607812
708185.6450228506
720900.2279902239
733920.1991812205
747245.8174023328
760877.2107373184
774814.3798764952
789057.2025962877
803605.4379299376
818458.7304314433
833616.6146366483
849078.522049449
864843.7727667184
880911.6109035588
897281.1588410919
913951.4789815531
930921.5389600685
948190.227687759
965756.3611170957
983618.685404907
1.0017758787747764e6
1.0202265590252213e6
1.0389692952879926e6
1.058002598168754e6
1.0773249271420764e6
1.0969346996288253e6
1.1168302934897838e6
1.1370100522524547e6
1.1574722811016394e6
1.1782152627772584e6
1.1992372498221681e6
1.2205364733407926e6
1.2421111488422474e6
1.263959470404071e6
1.2860796299657167e6
1.3084698693426512e6
1.3311281474739215e6
1.3540528399448064e6
1.3772420409030225e6
1.4006939237586916e6
1.4244066484540382e6
1.4483783995165275e6
1.4726073555714923e6
1.4970916256038062e6
1.5218296809503813e6
1.5468194760441838e6
1.5720593336562202e6
1.5975475094058164e6
1.623282276620872e6
1.6492619271828858e6
1.6754847647870455e6
1.7019491364465975e6
1.7286533982902353e6
1.7555959329322046e6
1.7827751491272694e6
1.810189484468397e6
1.8378374002063917e6
1.8657173840514242e6
1.893827957233108e6
1.9221676669740302e6
1.9507350807295246e6
1.9795288134915915e6
2.0085474949885246e6
2.0377898042883796e6
2.0672543997739987e6
2.0969400346991953e6
2.1268454607378463e6
2.1569694594140183e6
2.1873108491394245e6
2.2178684712833315e6
2.2486412038904456e6
2.279627954800171e6
2.3108276471943045e6
2.342239261350014e6
2.373861780968981e6
2.405694228951323e6
2.437735641262929e6
2.469985153271883e6
2.5024418127118517e6
2.535104773472883e6
2.567973198862016e6
2.6010462773283883e6
2.6343232208881895e6
2.6678032729777973e6
2.7014857030863664e6
2.7353697917540898e6
2.769454861127837e6
2.8037402522872346e6
2.8382253268904747e6
2.8729094744475204e6
2.9077920896305945e6
2.9428726186111793e6
2.9781505087419674e6
3.0136252335868888e6
3.0492962854290335e6
3.0851631812688853e6
3.121225451032792e6
3.157482655427769e6
3.193934359370432e6
3.230580154920252e6
3.267419648510299e6
3.304452467912122e6
3.341678253140946e6
3.3790966627849536e6
3.4167073692989224e6
3.454510064919695e6
3.4925044542648494e6
3.53069025134472e6
3.569067194908713e6
3.607635028989937e6
3.646393514653717e6
3.6853424253195133e6
3.7244815452131378e6
3.7638106981432643e6
3.803329624203706e6
3.8430382016571453e6
3.8829362551664133e6
3.923023619804588e6
3.9633001493807295e6
4.0037657063654885e6
4.0444201627313895e6
4.0852633984619128e6
4.1262953105666544e6
4.167515790342788e6
4.2089247481106445e6
4.2505220983677795e6
4.292307806851069e6
4.334281721015672e6