524299.4712952484
524284.6212074425
524241.13270110707
524172.9410610292
524079.9701872411
523963.5056453928
523825.25934600853
523667.5003159753
523492.27151123574
523302.6530991453
523102.43758865236
522892.8408633536
522679.8496155625
522466.73568351986
522257.9181294759
522058.0078204771
521871.86655650695
521704.69065416243
521561.68915651937
521448.68083834334
521371.50731795875
521335.921111932
521348.2085056923
521414.6893366653
521541.7943272218
521736.15212319547
522004.2291447356
522353.45879002765
522790.06318164524
523321.2154338693
523953.9024522082
524695.1529733792
525552.0211637751
526531.5732136181
527640.8632607624
528886.9492992655
530276.8629127312
531817.58667914
533516.0905898203
535378.7970272471
537413.7098164073
539626.4293403167
542024.0187466706
544612.9904045393
547399.8272144215
550390.781082739
553592.1968129461
557010.1107476605
560650.5414881179
564519.2802850063
568622.0287937267
572964.339757305
577551.6050950733
582389.056728605
587481.7824529974
592834.6810029628
598452.5140657931
604339.8480035271
610501.0940735457
616940.4816234086
623662.0650952088
630669.7190401327
637967.1633457192
645557.8479254062
653445.1856792225
661632.2954339146
670122.1577939567
678917.5699044537
688021.1428448523
697435.3087827752
707162.3266258606
717204.2759571997
727563.0587613215
738240.4113477997
749237.8889840458
760556.882468964
772198.6162460084
784164.1499429984
796454.3831129379
809070.0553069331
822011.7551855731
835279.9177977475
848874.8315671436
862796.6411831578
877045.3517126311
891620.8324017131
906522.8213473939
921750.9289104188
937304.6429072248
953183.3328103691
969386.2534386466
985912.5515321239
1.0027612708401885e6
1.0199313399622614e6
1.037421620105407e6
1.0552308584570764e6
1.073357725169001e6
1.0918008056266746e6
1.1105586133809763e6
1.1296295831774399e6
1.149012090290796e6
1.1687044389701765e6
1.1887048807609235e6
1.209011610421317e6
1.229622772012434e6
1.2505364691033685e6
1.2717507622468593e6
1.2932636638627448e6
1.3150731768496565e6
1.3371772555673923e6
1.3595738270214878e6
1.3822608172830641e6
1.4052361135849904e6
1.4284975986870348e6
1.4520431438452492e6
1.4758706104343808e6
1.4999778480556237e6
1.524362729427278e6
1.549023088416606e6
1.573956804198371e6
1.5991617297228414e6
1.624635748577142e6
1.6503767314006847e6
1.67638259422311e6
1.702651244033536e6
1.7291806151760502e6
1.7559686587276405e6
1.7830133448691324e6
1.8103126722711835e6
1.837864654974482e6
1.865667342876041e6
1.8937188071413958e6
1.9220171370026844e6
1.9505604746335326e6
1.9793469705060825e6
2.008374832890113e6
2.0376422338360185e6
2.0671474739004392e6
2.096888823959287e6
2.1268646043939823e6
2.1570731681415327e6
2.1875129023829466e6
2.2181822327802917e6
2.2490796089235554e6
2.280203540524978e6
2.3115525381172327e6
2.34312516901853e6
2.374920035761111e6
2.4069357678688853e6
2.439171035016257e6
2.471624539517674e6
2.5042950185226593e6
2.5371812468054267e6
2.5702820290362923e6
2.6035962074759896e6
2.6371226452049385e6
2.6708602695581377e6
2.704808014679011e6
2.7389648312583747e6
2.773329737360313e6
2.807901766107298e6
2.8426799846142726e6
2.8776634906991827e6
2.9128514100291934e6
2.94824289837531e6
2.9838371456358167e6
3.0196333465903713e6
3.055630762414523e6
3.0918286746828896e6
3.1282263338390226e6
3.1648230834491244e6
3.201618267750293e6
3.2386112595432526e6
3.275801455262835e6
3.3131882721950123e6
3.350771153523069e6
3.388549563861299e6
3.4265229930222295e6
3.464690946118647e6
3.5030529498439855e6
3.5416085665043453e6
3.580357360292307e6
3.619298895867031e6
3.6584328196733063e6
3.6977587383843157e6
3.7372763013748787e6
3.7769851667948756e6
3.816885010891488e6
3.856975535444407e6
3.897256444097896e6
3.937727460523241e6
3.9783883292015353e6
4.0192388037679354e6
4.060278649305978e6
4.1015076505017215e6
4.142925601897751e6
4.1845323089335896e6
4.226327588842276e6
4.26831127942203e6
4.310483217652002e6