512338.9666419361
512325.5134503748
512289.85305521614
512232.5646305429
512154.6767894194
512057.47601266403
511942.665268717
511812.3849151215
511669.008409336
511515.2602513345
511354.28494164045
511189.5106407715
511024.6732218852
510863.76745809836
510711.18997229496
510571.5045282468
510449.6647037864
510350.51238665334
510279.6914804905
510242.4913941774
510245.0626139742
510293.0179409104
510392.5951062745
510550.0674234191
510771.8219274065
511064.4351692576
511434.33145674085
511888.8611365495
512434.2197305624
513077.50279156724
513825.653082532
514685.6165521686
515664.3894207921
516768.9662201264
518006.3304101293
519383.6160113531
520907.31912553974
522584.81006714783
524422.8055381158
526427.677964192
528607.2995609716
530967.2294262006
533514.3795051218
536255.2205444239
539196.0967243452
542343.2403855802
545702.8275345124
549280.790085353
553083.0720588447
557115.3490036166
561383.2167359855
565892.1178265916
570647.3344473498
575653.9861131727
580917.0499241351
586441.3107046323
592231.4147703612
598291.8116453951
604626.7941829353
611240.4803648696
618136.8052013114
625319.5255112816
632792.2196647403
640558.2951248013
648620.973391883
656983.2820452179
665648.0849485237
674618.0658668261
683895.7231351231
693483.3725942507
703383.1655457629
713597.0711612693
724126.8835151325
734974.2327517394
746140.570116548
757627.1854609624
769435.2030587695
781565.5857925181
794019.1388605025
806796.510894747
819898.2013248843
833324.5598789861
847075.7924307836
861151.9644214837
875553.0049849242
890278.7111362715
905328.7508796265
920702.6713747414
936399.8942886584
952419.7343828564
968761.3908606613
985423.9560139426
1.0024064365246627e6
1.0197077004681648e6
1.0373265939623431e6
1.0552618059869064e6
1.0735119825680412e6
1.092075680073573e6
1.1109513868568037e6
1.1301375173764846e6
1.1496324284762423e6
1.1694344061694366e6
1.1895416961148202e6
1.209952484147842e6
1.2306649127770048e6
1.2516770740496158e6
1.2729870417385695e6
1.2945928292472856e6
1.3164924510454e6
1.338683860468151e6
1.3611650097434663e6
1.3839338412782676e6
1.4069882481160397e6
1.4303261465229033e6
1.4539454260268419e6
1.477843985788113e6
1.5020196693984934e6
1.5264704103382323e6
1.55119406701409e6
1.576188541973011e6
1.6014517315157966e6
1.626981552051791e6
1.6527759118142482e6
1.6788327646854748e6
1.7051500577396967e6
1.7317257658140054e6
1.7585578531044405e6
1.785644417606602e6
1.8129834160472304e6
1.8405729344900572e6
1.8684110673366631e6
1.8964959307955715e6
1.9248256628264256e6
1.9533984395360942e6
1.9822124691638064e6
2.0112660014577613e6
2.0405572557111366e6
2.0700845769985758e6
2.0998462829709975e6
2.1298407395931967e6
2.160066345499596e6
2.1905215245963996e6
2.221204773627964e6
2.252114563553163e6
2.283249448110273e6
2.314607993104576e6
2.346188804361024e6
2.3779905268955906e6
2.4100118339631762e6
2.4422514356941143e6
2.474708076043763e6
2.507380536645951e6
2.540267625645853e6
2.573368191889163e6
2.606681110032714e6
2.6402052961959513e6
2.673939699683039e6
2.70788327204586e6
2.7420350495627597e6
2.7763940491995285e6
2.810959395227048e6
2.8457301068092487e6
2.8807053503706637e6
2.915884283163584e6
2.951266092603663e6
2.9868499987694705e6
3.022635215678584e6
3.058621066686396e6
3.094806804969532e6
3.1311917659373903e6
3.1677752971155155e6
3.2045567683617272e6
3.241535601865036e6
3.278711170025352e6
3.316082938517581e6
3.3536503742780667e6
3.3914129632351133e6
3.429370217770517e6
3.467521663833644e6
3.505866849074668e6
3.544405354529288e6
3.5831367625615536e6
3.6220606622622623e6
3.6611767116029174e6
3.700484536707736e6
3.7399838050718545e6
3.7796741876787604e6
3.819555380065421e6
3.8596270938352463e6
3.8998890523932283e6
3.940340992404874e6
3.980982670459463e6
4.0218138537781197e6
4.062834319746259e6
4.1040438641206813e6
4.145442294093029e6
4.187029429100974e6
4.2288050936670285e6
4.270769130800443e6
4.312921397077454e6