117589.01532095112
117690.32599528896
117960.59063598723
118400.08877563837
119009.27228171605
119788.76676536759
120739.36005090986
121862.00567227125
123157.81052923563
124628.036267168
126274.08886358072
128097.50466292858
130099.94680621696
132283.20210491022
134649.17819667712
137199.85744610074
139937.31662765553
142863.7256026211
145981.326551817
149292.38546016638
152799.26277795585
156504.28132908943
160409.88132934965
164518.49956917914
168832.50000638748
173354.3209702043
178086.35305215453
183031.03644134384
188190.64837063686
193567.53465484834
199163.95369658852
204982.1216033828
211024.19391251908
217292.2559231404
223788.32894497406
230514.36385773605
237472.2137720175
244663.66191387625
252090.4052584779
259754.04412871
267656.092877068
275797.9723680747
284181.003371959
292806.4172316316
301675.3427456119
310788.82885069377
320147.7913252662
329753.1126855968
339605.51210896124
349705.6554546889
360054.11085578235
370651.35255064466
381497.7692545121
392593.6609430326
403939.2470489506
415534.66415355256
427379.9692771465
439475.1918846752
451820.1043324603
464414.6823440249
477258.6497037492
490351.7174850537
503693.53166188486
517283.6802977439
531121.6968320333
545207.0627576233
559539.2105580623
574117.5265982952
588941.3545375778
604009.9979266099
619322.7231008299
634878.7621312578
650677.315638616
666717.5548802421
682998.6256068856
699519.6494034318
716279.7267604523
733277.9393027334
750513.3523607501
767985.016435098
785691.970708817
803633.2431755424
821807.8546190291
840214.8191430077
858853.1302055563
877721.8429915097
896819.9145197229
916146.3674273985
935700.2096433758
955480.4516968061
975486.1322260797
995716.2033862184
1.0161697616195948e6
1.0368458196192838e6
1.0577434213887476e6
1.0788616227578758e6
1.100199487088115e6
1.1217560915650604e6
1.1435305216162656e6
1.1655218833229446e6
1.1877292863425417e6
1.2101518604241847e6
1.2327887478912456e6
1.2556391066403408e6
1.2787021078238927e6
1.3019769408579455e6
1.3254628090880844e6
1.3491589320008508e6
1.3730645459005735e6
1.397178903894205e6
1.4215012740626126e6
1.446030943685726e6
1.4707672139268334e6
1.4957094080972713e6
1.5208568554591779e6
1.5462089144855523e6
1.5717649550116975e6
1.5975243629300375e6
1.6234865407904536e6
1.6496509087694653e6
1.676016903700727e6
1.70258396905194e6
1.7293516026049757e6
1.7563192609113576e6
1.7834864519197622e6
1.8108526933819184e6
1.838417516396753e6
1.866180468128136e6
1.8941411091302375e6
1.922299019540804e6
1.950653786614568e6
1.9792050179771371e6
2.0079523314803734e6
2.0368953583186602e6
2.0660337490459976e6
2.0953671617141946e6
2.124895269401985e6
2.1546177569597177e6
2.1845343228823305e6
2.2146446780097154e6
2.2449485425393693e6
2.275445650946286e6
2.306135748187029e6
2.3370185915444456e6
2.3680939459887985e6
2.3993615900659226e6
2.43082131144704e6
2.4624729080795436e6
2.4943161868869527e6
2.526350966577271e6
2.5585770716294954e6
2.5909943384478935e6
2.6236026114534023e6
2.656401742128583e6
2.6893915939683765e6
2.7225720330625647e6
2.755942937963535e6
2.7895041926206034e6
2.8232556889608335e6
2.8571973250611858e6
2.8913290084650684e6
2.925650651058839e6
2.960162170366805e6
2.994863493077753e6
3.0297545500923498e6
3.0648352784682466e6
3.1001056221802435e6
3.1355655282140253e6
3.171214953649409e6
3.207053849191343e6
3.2430821863461225e6
3.2792999314848096e6
3.315707056105602e6
3.352303542377256e6
3.3890893675027248e6
3.4260645189701095e6
3.4632289870181256e6
3.5005827651692987e6
3.5381258509664983e6
3.575858246028582e6
3.613779953543692e6
3.6518909824080504e6
3.690191342531793e6
3.728681048913582e6
3.7673601161862547e6
3.8062285651974846e6
3.845286418216808e6
3.8845337000887915e6
3.9239704359944854e6
3.963596658500676e6
4.003412394788022e6
4.0434176824536687e6
4.083612555290198e6
4.123997051889335e6
4.1645712112749564e6
4.205335074391899e6
4.24628868423635e6
4.2874320865414785e6
4.328765324379244e6
4.370288445827357e6