361775.5750533022
361797.7028308633
361856.90156382264
361953.7128612128
362089.0446214719
362264.06807498937
362480.3426537176
362739.71572418313
363044.36137250124
363396.8018534533
363799.76870458305
364256.3347961963
364769.93684239837
365344.0512763127
365982.6219164764
366689.7147193613
367469.6523923739
368326.9799346413
369266.36312844465
370292.81363140687
371411.3477968436
372627.20076229656
373945.6567336379
375372.22891341243
376912.47413264134
378572.0458767058
380356.6409646276
382272.13155705854
384324.234815873
386518.8283647805
388861.77708308643
391358.947392066
394016.1459336642
396839.2223987813
399833.9418888341
403005.9149907624
406361.20351125335
409904.99891446286
413642.9581913229
417580.5017793328
421722.9627203578
426075.56801680283
430643.4225098587
435431.50554122846
440444.6652316904
445687.6305471114
451165.0101785288
456881.21503453597
462840.58289385616
469047.2078119264
475505.10240960575
482218.06467575714
489189.7745911922
496423.72615593136
503923.2667336954
511691.5604467507
519731.61796922755
528046.2632534307
536638.1764024564
545509.855656819
554663.6403658609
564101.6986773353
573826.0377553392
583838.5052082897
594140.7851691957
604734.4018419968
615620.7233560741
626800.9675141488
638276.2009513085
650047.3370361867
662115.1576389968
674480.2915522606
687143.2355762764
700104.3517991105
713363.8725848037
726921.9050752101
740778.4339878033
754933.3269917064
769386.3382210835
784137.1129511308
799185.1917338609
814530.0148647113
830170.9265938995
846107.1828542361
862337.942621671
878862.3011006957
895679.2512832244
912787.726782515
930186.597758339
947874.6574084207
965850.6439143799
984113.2362737625
1.0026610596518591e6
1.0214926915403281e6
1.0406066722680501e6
1.0600014955271382e6
1.079675615855809e6
1.0996274564551548e6
1.1198554139380394e6
1.140357856072038e6
1.1611331290957807e6
1.1821795631960728e6
1.2034954566507349e6
1.225079118395317e6
1.2469288305077758e6
1.2690428735262717e6
1.291419523090786e6
1.3140570453196252e6
1.3369537236275761e6
1.3601078206954887e6
1.383517619738331e6
1.407181413151389e6
1.4310974650863851e6
1.4552641577143325e6
1.4796797345011414e6
1.5043425659817269e6
1.5292509674511482e6
1.554403334505152e6
1.5797980391723972e6
1.6054334875451047e6
1.6313081036887323e6
1.6574203345230743e6
1.6837686400859216e6
1.710351522252241e6
1.7371674955293708e6
1.7642151002535392e6
1.791492905904867e6
1.8189995060009004e6
1.8467335222518584e6
1.8746936011593074e6
1.9028784203047385e6
1.9312866854165706e6
1.959917119797458e6
1.9887684942264725e6
2.017839592158738e6
2.0471292439051e6
2.076636261597064e6
2.1063595474671246e6
2.136297999312156e6
2.166450545679598e6
2.1968161497313045e6
2.2273937908115904e6
2.2581824905737154e6
2.289181288363827e6
2.320389255609206e6
2.351805491761017e6
2.383429115836632e6
2.415259280000922e6
2.4472951588905375e6
2.479535961526963e6
2.5119809076850894e6
2.544629251218168e6
2.577480271053283e6
2.6105332670884775e6
2.6437875622949568e6
2.6772425065575833e6
2.7108974748894963e6
2.7447518474225462e6
2.7788050511934035e6
2.8130565200037644e6
2.8475057079362427e6
2.8821521016762024e6
2.9169951809805e6
2.9520344811416143e6
2.9872695337648354e6
3.022699911466713e6
3.058325133285932e6
3.094144846236009e6
3.130158638855135e6
3.1663661396287773e6
3.2027669934861204e6
3.239360852277659e6
3.276147391464374e6
3.313126302193475e6
3.350297285547562e6
3.3876600631900965e6
3.425214361303894e6
3.4629599301601727e6
3.500896527367508e6
3.5390239203594956e6
3.5773418964936286e6
3.6158502493613996e6
3.6545487860584995e6
3.6934373244741512e6
3.7325156944656195e6
3.7717837348300256e6
3.8112412988920687e6
3.8508882326117354e6
3.8907244191385806e6
3.9307497318813605e6
3.9709640576553335e6
4.011367291156763e6
4.0519593376067597e6
4.092740104586769e6
4.133709520011667e6
4.1748675024704654e6
4.216213989035218e6
4.257748919415425e6
4.29947224169175e6
4.341383909470572e6