208092.2824819154
208160.36012256992
208342.0530520749
208637.8034681203
209048.21097052618
209574.26617817566
210217.13267781926
210978.2404593619
211859.24604358713
212862.01606094252
213988.7001149306
215241.5907788636
216623.11295366057
218136.32958947608
219783.80412748564
221568.68717627288
223494.21055496906
225563.73064338978
227780.80062276058
230148.8012067322
232671.6476840451
235353.0435736607
238196.86015223936
241207.00008300427
244387.4496756762
247742.0911043601
251275.0507616891
254990.306955134
258891.86248896216
262983.6925470354
267269.7717030555
271754.01913835877
276440.2989464684
281332.4198698917
286434.12173688924
291749.0743415387
297280.86586256744
303032.9572879521
309008.76044788084
315211.1081408439
321644.5047207156
328310.68686888216
335213.0184771699
342354.3503294175
349737.3419961538
357364.5652591961
365238.4734869094
373361.35579899687
381735.3861520891
390362.5971327282
399244.8935640481
408384.0494979683
417781.69617128174
427439.33876562014
437358.35587421246
447539.99016008293
457985.3582613985
468695.4544212286
479671.15061398444
490913.1943702119
502422.2191882818
514198.743573054
526243.1753862733
538555.8134908929
551136.8536172535
563986.3898297234
577104.4183320766
590490.8414715272
604145.4734833007
618068.0413488674
632258.1897263484
646715.4851127005
661439.4192843104
676429.4133212931
691684.821302713
707204.9343825169
722988.9840447975
739036.1461956413
755345.5450282315
771916.2556095023
788747.3089035585
805837.6937325415
823186.3613671577
840792.2281565523
858654.1811859098
876771.0682151467
895141.7281074427
913764.967447722
932639.5729722219
951764.316149494
971137.954911702
990759.23366857
1.0106268861619409e6
1.0307396420576117e6
1.0510962234149296e6
1.071695352036272e6
1.0925357449688967e6
1.11361612313094e6
1.134935208212162e6
1.1564917277222918e6
1.1782844148251768e6
1.2003120088463414e6
1.2225732601499734e6
1.2450669269781914e6
1.2677917806358128e6
1.2907466043927483e6
1.3139301958012995e6
1.3373413635272835e6
1.360978937051849e6
1.3848417589440076e6
1.408928686806073e6
1.4332385988455291e6
1.4577703977427906e6
1.4825229908134267e6
1.5074953136974312e6
1.5326863225072138e6
1.5580949944229946e6
1.5837203144637356e6
1.6095612989201015e6
1.6356169926668364e6
1.6618864497496837e6
1.6883687405396444e6
1.71506298703531e6
1.741968289046942e6
1.7690837963587942e6
1.7964086743437217e6
1.8239421077107678e6
1.851683303676376e6
1.8796314913324942e6
1.9077859190752353e6
1.9361458570897633e6
1.9647105974583419e6
1.9934794550390143e6
2.0224517594048404e6
2.0516268539309585e6
2.0810041164632097e6
2.110582940646537e6
2.1403627328523e6
2.170342925745107e6
2.200522966971555e6
2.2309023244427983e6
2.261480483654967e6
2.29225694505517e6
2.323231222065769e6
2.3544028690526267e6
2.385771431421173e6
2.417336479924836e6
2.449097601074863e6
2.4810543902905397e6
2.5132064814981176e6
2.54555350039146e6
2.5780950924872346e6
2.610830924961036e6
2.6437606704806937e6
2.676884019923078e6
2.71020067667197e6
2.743710357816543e6
2.777412793271153e6
2.811307723252508e6
2.845394903530927e6
2.8796740974449236e6
2.9141450815665424e6
2.9488076487791045e6
2.983661591598562e6
3.018706721789403e6
3.05394286023247e6
3.0893698444484184e6
3.1249874829410636e6
3.160795655172413e6
3.1967942073182394e6
3.232983005724485e6
3.2693619249846516e6
3.305930847003081e6
3.342689662202895e6
3.3796382690244988e6
3.416776573251521e6
3.4541044871090506e6
3.491621930316559e6
3.52932882957048e6
3.5672251165858647e6
3.605310731676248e6
3.6435856191107896e6
3.6820497298020045e6
3.720703020494131e6
3.7595454534942987e6
3.798576994222551e6
3.837797614222389e6
3.877207296421924e6
3.9168060157857896e6
3.956593759944689e6
3.996570520801055e6
4.036736290819514e6
4.07709106984436e6
4.1176348591302405e6
4.158367664980423e6
4.199289494144155e6
4.240400366247205e6
4.281700290279552e6
4.323189287387235e6
4.364867380751412e6