381353.19594361784
381370.13345283445
381415.85330708465
381488.23263862624
381595.5739395231
381731.7098476443
381900.74532768584
382104.53843804356
382345.2621476961
382625.55188932025
382948.0881208589
383316.24327995547
383733.13865995314
384202.64593217266
384728.69184419885
385315.42022528744
385967.2739405354
386688.85622080776
387484.9513867197
388360.6749881186
389321.2411892965
390371.85181308805
391518.0621126065
392765.4686927508
394119.7700362614
395586.7780040181
397172.32711833064
398882.46992962796
400723.07016353833
402700.1823667749
404819.84534279525
407088.10879236006
409510.96128255466
412094.44367686065
414844.5189612092
417766.9678795128
420868.1239190805
424153.32422977546
427628.45904881496
431299.15566469566
435170.97549212526
439249.3570176972
443539.63384929963
448047.0118354579
452776.5644898942
457733.27034057735
462921.9331459708
468347.2207370942
474013.69460831664
479925.69114886574
486087.4360896563
492502.99885558756
499176.2756621778
506110.99260496313
513310.73109501286
520778.8855997046
528518.6955927734
536533.2115269604
544825.3381884157
553397.7951132648
562253.1397287657
571393.7553986487
580821.8595637195
590539.50719501
600548.5856177331
610850.8156259188
621447.7585385625
632340.8196150056
643531.2481399588
655020.1335065397
666808.4282648099
678896.9258469843
691286.2812081706
703977.0082985472
716969.4845108043
730263.9603622126
743860.5381799513
757759.2245260447
771959.8866659915
786462.2806192853
801266.0507496125
816370.7339326018
831775.7646709569
847480.4797261953
863484.1170854676
879785.8336048154
896384.6872613807
913279.6730374447
930469.7002160486
947953.6061593314
965730.1642089445
983798.0811893349
1.0021560044550431e6
1.0208024493362971e6
1.0397362008914442e6
1.0589555212757224e6
1.0784589448522562e6
1.0982448876738616e6
1.1183117282331553e6
1.1386578240358075e6
1.1592814973486299e6
1.1801810484777088e6
1.2013547554648644e6
1.2228008814040557e6
1.244517672749423e6
1.266503367578126e6
1.2887561939647445e6
1.3112743691596813e6
1.334056123385538e6
1.3570996635445466e6
1.3804032135791522e6
1.403965004063127e6
1.4277832640330475e6
1.4518562305834973e6
1.476182157398849e6
1.50075931920068e6
1.5255859592675073e6
1.5506604024367398e6
1.575980946539728e6
1.6015459219798245e6
1.6273536779565085e6
1.6534025846866583e6
1.6796910240851128e6
1.706217420850946e6
1.7329802118627247e6
1.759977859004758e6
1.7872088508586776e6
1.8146717079491946e6
1.8423649692405586e6
1.8702872039742973e6
1.8984370139037466e6
1.926813024613302e6
1.9554138844804547e6
1.984238287268272e6
2.0132849448488203e6
2.0425526027802804e6
2.072040008263655e6
2.1017459872405874e6
2.131669366053584e6
2.1618090013825945e6
2.1921637850433327e6
2.2227326347949477e6
2.253514489235108e6
2.284508332242622e6
2.315713166680354e6
2.3471280277541857e6
2.378751970084328e6
2.4105840839342605e6
2.442623485760551e6
2.474869317228852e6
2.5073207469418794e6
2.539976969457073e6
2.572837207488098e6
2.6059007070367583e6
2.639166737174028e6
2.672634604607857e6
2.7063036074943063e6
2.7401731020093053e6
2.7742424596239086e6
2.808511065021207e6
2.8429783310139347e6
2.877643692084417e6
2.912506596295505e6
2.9475665274137035e6
2.9828229780923775e6
3.018275483417656e6
3.0539235221770606e6
3.089766705671622e6
3.1258045840383414e6
3.1620367558435174e6
3.1984628225053228e6
3.2350824114780053e6
3.271895163482352e6
3.308900739051207e6
3.3460988102757335e6
3.383489067647034e6
3.4210712118463344e6
3.458844965335112e6
3.4968100601156782e6
3.5349662378386175e6
3.573313262565442e6
3.6118509039545436e6
3.650578947016223e6
3.689497188662804e6
3.7286054345614924e6
3.7679035325525333e6
3.8073912437292146e6
3.8470684624013915e6
3.886935035368375e6
3.926990818153259e6
3.9672356770185786e6
4.007669495572088e6
4.048292162457272e6
4.089103570449093e6
4.130103633920441e6
4.171292258002084e6
4.212669367255233e6
4.254234888632214e6
4.295988758273402e6
4.33793092160487e6