81275.07856048859
81390.99107594456
81700.1656013566
82202.80480069289
82899.23657396098
83789.91197765572
84875.40140888485
86156.38735030411
87633.63855805149
89308.1670448982
91180.87095724017
93252.88270894007
95525.39404031815
97999.67864488577
100677.0705874362
103558.9785797153
106646.8648813726
109942.24157190084
113446.65668238449
117161.69813749258
121088.96513871336
125230.09148621687
129586.69682245475
134160.39833146211
138952.8234571988
143965.5751950795
149200.22825930815
154658.33224065503
160341.4040094632
166250.9145776563
172388.287488662
178754.90447634604
185352.0765204642
192181.0663351696
199243.07025297201
206539.2166658562
214070.5695778216
221838.11752317921
229842.78042084444
238085.40311183064
246566.75642007333
255287.53417696123
264248.3591186365
273449.7743096572
282892.2526037286
292576.1853794208
302501.9158493901
312669.6769257592
323079.6600963034
333731.9782361943
344626.6816099243
355763.7548499559
367143.1163203633
378764.6302664093
390628.0995686043
402733.2726897242
415079.84446895844
427667.45985195
440495.7178497193
453564.1631129936
466872.31103553163
480419.6275839396
494205.54356760933
508229.45422982395
522490.7222443423
536988.6801727032
551722.6324190204
566691.85806931
581895.6128990529
597333.1317053377
613003.6304604872
628906.3084052126
645040.3500947736
661404.9273166417
677999.201019506
694822.3229999964
711873.4378010067
729151.6844980898
746656.1974209594
764386.1090740184
782340.5504339284
800518.6521642914
818919.5478720444
837542.3718920434
856386.2638427326
875450.3673819801
894733.8320058724
914235.8150712816
933955.4800844186
953892.0000687132
974044.5567633964
994412.3419487693
1.0149945579833734e6
1.0357904181607412e6
1.0567991466820291e6
1.0780199829067788e6
1.099452174419771e6
1.121094984804502e6
1.1429476893514465e6
1.1650095759769138e6
1.1872799530276156e6
1.2097581326221046e6
1.2324434484042465e6
1.2553352457059855e6
1.278432885292269e6
1.3017357421433437e6
1.3252432066635522e6
1.3489546825676784e6
1.3728695893993108e6
1.3969873611443555e6
1.4213074463690952e6
1.4458293085723487e6
1.4705524252866125e6
1.4954762898395215e6
1.520600408403436e6
1.5459243024207146e6
1.5714475070587369e6
1.5971695714484132e6
1.6230900591099241e6
1.6492085463041358e6
1.6755246239061034e6
1.7020378953540665e6
1.728747978002764e6
1.7556545028965361e6
1.782757105424112e6
1.8100554559029383e6
1.8375492079189708e6
1.865238046063808e6
1.8931216594254775e6
1.921199754518981e6
1.9494720440358242e6
1.9779382525213053e6
2.0065981195279232e6
2.0354513896014695e6
2.0644978199617548e6
2.093737184206715e6
2.1231692543105157e6
2.1527938225437356e6
2.1826106806729436e6
2.212619641765656e6
2.2428205178165725e6
2.2732131357148057e6
2.303797328085475e6
2.334572937174908e6
2.3655398121284586e6
2.396697811942598e6
2.4280468022730714e6
2.459586655363214e6
2.491317252708481e6
2.523238483601046e6
2.555350240346023e6
2.587652425400806e6
2.6201449474963145e6
2.65282771857697e6
2.6857006613047644e6
2.718763701984805e6
2.7520167726746984e6
2.7854598099682527e6
2.819092757666927e6
2.8529155642678486e6
2.886928183245841e6
2.9211305729340757e6
2.9555226976819756e6
2.9901045224069203e6
3.024876020419712e6
3.0598371680496787e6
3.0949879464685293e6
3.130328339318499e6
3.1658583340947577e6
3.201577923787597e6
3.2374871027849894e6
3.273585872671409e6
3.309874232626531e6
3.3463521889371783e6
3.383019748307585e6
3.41987692494492e6
3.4569237303012023e6
3.494160186776609e6
3.5315863059303523e6
3.569202113740245e6
3.6070076327235377e6
3.6450028923926395e6
3.6831879181266804e6
3.7215627417002763e6
3.760127395848311e6
3.7988819137408887e6
3.8378263345883866e6
3.8769606960415435e6
3.916285034607503e6
3.9557993948722635e6
3.995503818511317e6
4.0353983496818566e6
4.0754830337833115e6
4.115757918236406e6
4.1562230501044835e6
4.19687847882906e6
4.2377242548351735e6
4.278760429082559e6
4.319987053578159e6
4.361404181464599e6