85031.18504467467
85145.57855605608
85450.70564508071
85946.77780184435
86634.1369363403
87513.25364246045
88584.72359823127
89849.25536341785
91307.70749179088
92960.89827620826
94810.19745448855
96856.4514761144
99100.98305408622
101545.15358862968
104190.34556328482
107038.03698254988
110089.76002623432
113347.10017192311
116811.68259044772
120485.17432114237
124369.25560094137
128465.6482057895
132776.04754444613
137302.17342452565
142045.73367573787
147008.42140990013
152191.90465807426
157597.82440421224
163227.7889842466
169083.36180859013
175166.0610990093
181477.35653892852
188018.6516621876
194791.29891526292
201796.5876513882
209035.72158585
216509.86563681817
224220.08053385705
232167.3768573235
240352.67737763876
248776.8299915514
257440.60664573638
266344.70119503466
275489.7314420078
284876.23436266725
294504.6763880051
304375.44335370546
314488.8487813742
324845.1328406212
335444.4658063292
346286.94735861436
357372.6105785997
368701.4225249715
380273.2870516209
392088.0481625329
404145.4915276046
416445.3459442769
428987.28770928836
441770.9423887798
454795.88729704724
468061.6546005973
481567.73279876664
495313.57123907487
509298.58095269493
523522.1379281666
537983.5858388476
552682.2380381234
567617.3803872955
582788.2733597044
598194.1545070533
613834.2406935799
629707.7302371182
645813.8050573554
662151.6327109567
678720.3684386631
695519.1566890097
712547.1334764748
729803.4280137019
747287.1631666326
764997.4601090045
782933.4357810207
801094.2067618063
819478.8916378778
838086.6087184544
856916.4808822006
875967.6344215148
895239.2007790138
914730.3171863598
934440.1311085005
954367.795921303
974512.4705834449
994873.3279700786
1.0154495499217138e6
1.0362403289308436e6
1.0572448690604356e6
1.0784623860923478e6
1.099892108753078e6
1.1215332785382248e6
1.1433851494902577e6
1.1654469897308494e6
1.1877180814308268e6
1.2101977203981916e6
1.2328852176301752e6
1.2557798969679992e6
1.278881099101239e6
1.3021881778833577e6
1.3257005031499334e6
1.349417458435161e6
1.3733384433471411e6
1.3974628717933516e6
1.4217901731583732e6
1.4463197914445247e6
1.4710511828272468e6
1.4959838269991577e6
1.521117211169561e6
1.5464508345808962e6
1.5719842167865736e6
1.5977168893817943e6
1.6236483990692934e6
1.6497783053126466e6
1.6761061825096966e6
1.702631618092705e6
1.7293542147473514e6
1.7562735855869143e6
1.7833893580668713e6
1.8107011734463184e6
1.838208684710464e6
1.865911558260358e6
1.8938094700940414e6
1.9219021101859398e6
1.9501891824321966e6
1.978670398486524e6
2.007345481844514e6
2.0362141694631118e6
2.0652762069884455e6
2.094531352014848e6
2.123979370627898e6
2.1536200393798165e6
2.1834531503869966e6
2.2134784956251066e6
2.2436958827926675e6
2.274105127606963e6
2.3047060544005237e6
2.335498496500482e6
2.3664822951297797e6
2.3976573001255784e6
2.4290233698208923e6
2.4605803696933333e6
2.4923281730656344e6
2.5242666617879234e6
2.5563957214250853e6
2.588715247988279e6
2.6212251440354735e6
2.6539253146813484e6
2.6868156776093375e6
2.7198961538415584e6
2.7531666675201994e6
2.7866271520421775e6
2.8202775459408234e6
2.8541177921320675e6
2.888147840425831e6
2.9223676439029635e6
2.9567771563215693e6
2.9913763565700077e6
3.0261651974113993e6
3.0611436563503044e6
3.0963117110887463e6
3.131669339906402e6
3.167216531188561e6
3.202953272180232e6
3.238879554414817e6
3.274995376819609e6
3.3113007359002973e6
3.347795633530747e6
3.384480078902945e6
3.4213540806554225e6
3.4584176456943476e6
3.4956707982249158e6
3.533113545530057e6
3.570745912680755e6
3.6085679202408483e6
3.646579596131742e6
3.684780963989434e6
3.7231720542661976e6
3.76175289811871e6
3.8005235291138142e6
3.8394839819188146e6
3.8786342870768756e6
3.9179745036471775e6
3.957504651452115e6
3.997224779222931e6
4.037134930263931e6
4.077235149240547e6
4.1175254829051886e6
4.158005977501941e6
4.198676682325524e6
4.239537646806292e6
4.2805889217984965e6
4.321830558670497e6
4.363262610384989e6