488900.01197882753
488891.61027207994
488869.41792088456
488834.0119430934
488786.40370620834
488727.86557968345
488660.0897360683
488585.2108346886
488505.4970858031
488423.7285048227
488342.9799320494
488266.62948118127
488198.3958005847
488142.2058458112
488102.39518642914
488083.48855584837
488090.27086623455
488127.8188882065
488201.29469325615
488316.333371131
488478.6776164527
488693.97333346365
488968.3617116659
489308.0214960098
489719.2470274328
490208.5026287361
490782.1057847061
491447.2642747442
492210.09791763755
493077.55643283995
494056.4567179142
495153.60721901734
496375.86605453247
497730.0803800947
499223.08472492907
500861.70761611953
502652.73629994015
504602.92175188754
506718.9587077664
509007.08704891906
511474.9222103995
514127.8931584868
516972.65578003216
520015.6578258296
523262.8744875897
526720.3962730068
530394.1930293839
534289.9881540023
538413.5164772987
542770.231787451
547365.5173890801
552204.5928227766
557292.5168879041
562634.1813061122
568234.3313093518
574097.5343504585
580228.193602752
586630.5375022091
593308.6085638227
600266.2988928371
607507.308395757
615035.1610425934
622853.2028150493
630964.6031781196
639372.3546625741
648079.2551418676
657087.9372718676
666400.8542988421
676020.2945646809
685948.3387009198
696186.9227080465
706737.807186091
717602.569885
728782.6345880128
740279.2523970716
752093.514898996
764226.3545177937
776678.5468772071
789450.716126173
802543.3348645144
815956.7333581878
829691.0980163533
843746.4778814845
858122.7884188828
872819.8152983963
887837.2191202522
903174.5386694418
918831.1977530937
934806.5065474655
951099.6691834439
967709.7855359053
984635.8583938766
1.0018767988114121e6
1.0194314150298717e6
1.0372984567616712e6
1.0554765715588937e6
1.0739643427613508e6
1.0927602773630046e6
1.1118628229437082e6
1.1312703580789156e6
1.1509812105915407e6
1.1709936523723383e6
1.1913059082023357e6
1.2119161564471654e6
1.2328225368608702e6
1.2540231550744476e6
1.2755160852274485e6
1.2972993613781277e6
1.319371012980448e6
1.341729034747152e6
1.364371398869772e6
1.3872960859162062e6
1.4105010384633727e6
1.433984209512015e6
1.457743542890356e6
1.4817769929506108e6
1.5060824598398209e6
1.5306579408963262e6
1.5555013574903833e6
1.5806106804348526e6
1.605983877483841e6
1.6316189391914844e6
1.6575138478385296e6
1.6836666371758124e6
1.7100753347775687e6
1.7367379984392365e6
1.7636527005850954e6
1.7908175451137542e6
1.8182306555455814e6
1.845890177694789e6
1.8737942961565275e6
1.9019412153576156e6
1.930329158677058e6
1.9589564056723062e6
1.987821241466933e6
2.0169220106582271e6
2.0462570298273207e6
2.075824715341527e6
2.10562349365185e6
2.1356518166178213e6
2.1659081842941884e6
2.196391057640952e6
2.2270990768471155e6
2.258030783186472e6
2.2891848144460185e6
2.3205598227935242e6
2.3521544984915247e6
2.3839675700614555e6
2.415997791460747e6
2.4482439567517866e6
2.480704889254603e6
2.513379445876058e6
2.546266519251468e6
2.5793650202556015e6
2.612673911429535e6
2.6461921781580495e6
2.679918839722678e6
2.71385292253108e6
2.7479935259510805e6
2.782339746445563e6
2.816890720092699e6
2.8516456085856687e6
2.886603608291666e6
2.9217639362925785e6
2.957125841031732e6
2.9926885944335815e6
3.0284514961210927e6
3.0644139017499248e6
3.1005750988842263e6
3.1369345007799477e6
3.173491497377465e6
3.2102455111969993e6
3.247195988148961e6
3.2843423963609696e6
3.3216842223529834e6
3.359220976815875e6
3.3969521887923223e6
3.434877409697721e6
3.4729962115131505e6
3.511308175345818e6
3.5498129442530763e6
3.588510092600006e6
3.627399248868507e6
3.66648015359804e6
3.705752417806269e6
3.7452157564653982e6
3.7848698715893454e6
3.8247144896679944e6
3.864749345484978e6
3.904974199247788e6
3.945388805920688e6
3.9859929497907325e6
4.0267864207103983e6
4.067769024355087e6
4.108940577333356e6
4.1503009054526477e6
4.1918498488047007e6
4.2335872577733975e6
4.2755129914674405e6
4.317626919471091e6