195346.2082663288
195418.65834073472
195611.87197869847
195926.6656200338
196363.24470645527
196922.6679895823
197606.06670289114
198414.81217003352
199350.50501022954
200414.79819456604
201610.1491854228
202938.4064784866
204402.1038197847
206003.8506391088
207746.45391571464
209632.82777890773
211666.00659113424
213849.3814506122
216186.11235476378
218679.70920873323
221333.70110453945
224151.70373838622
227137.4104026904
230294.5485453941
233626.90297383297
237138.22072218725
240832.37711029418
244713.16929881216
248784.4050759619
253049.8547226811
257513.27833694633
262178.3933106165
267048.8389424652
272128.2195536257
277420.0533619933
282927.7961055145
288654.81139938865
294604.3513023166
300779.60347520316
307183.630142662
313819.3861605948
320689.7511140068
327797.35374550946
335144.9143562538
342734.84864800033
350569.5340990127
358651.21629173745
366981.9862455744
375563.821876214
384398.56434917793
393487.93347937206
402833.5173746445
412436.7721275348
422299.0322559465
432421.5044925202
442805.2693175065
453451.2975087524
464360.421018292
475533.37192488293
486970.7591529473
498673.083886911
510640.73851309036
522874.0107809268
535373.0865575753
548138.0543260477
561168.9055002371
574465.542763646
588027.7802904531
601855.3502822542
615947.9035568321
630305.0152030957
644926.1880285372
659810.8561156687
674958.3887290405
690368.093994628
706039.2224549679
721970.9709318322
738162.485714833
754612.866569595
771321.169531503
788286.410989562
805507.570362766
822983.5941880164
840713.3977923853
858695.8717543887
876929.8723868959
895414.2492318549
914147.8243760227
933129.4026893771
952357.7800113475
971831.7373854107
991550.047267788
1.0115114757584189e6
1.0317147856008043e6
1.0521587350827535e6
1.072842083949874e6
1.0937635903891805e6
1.1149220175082765e6
1.1363161315972458e6
1.1579447060790088e6
1.1798065203619879e6
1.2019003659823642e6
1.2242250380243915e6
1.2467793505144138e6
1.2695621250207764e6
1.292572197493845e6
1.3158084196133357e6
1.3392696543423454e6
1.3629547853755453e6
1.3868627102026395e6
1.4109923430020907e6
1.43534261785046e6
1.459912486578042e6
1.4847009208948698e6
1.5097069097727532e6
1.5349294619423472e6
1.560367610879554e6
1.5860203972926885e6
1.6118868956982908e6
1.6379661929701436e6
1.6642574082526052e6
1.6907596688958136e6
1.717472127937032e6
1.74439395823483e6
1.7715243542744706e6
1.798862531201892e6
1.8264077242661845e6
1.8541591903410784e6
1.8821162058249176e6
1.9102780678654322e6
1.9386440921948808e6
1.9672136160606975e6
1.9959860026676413e6
2.024960612051068e6
2.0541368604519085e6
2.0835141385436442e6
2.1130918976048073e6
2.1428695848866682e6
2.172846667691827e6
2.203022633207787e6
2.233396994672755e6
2.2639692614144385e6
2.29473897684287e6
2.3257056976116365e6
2.356869003834687e6
2.388228466888313e6
2.41978369959852e6
2.4515343143983865e6
2.483479959165995e6
2.515620268009781e6
2.547954873977379e6
2.580483555484671e6
2.613205903596353e6
2.646121641729204e6
2.679230507178859e6
2.712532218184289e6
2.7460265168522983e6
2.779713156467118e6
2.813591900549612e6
2.847662516838494e6
2.8819248109427444e6
2.9163785697255824e6
2.9510236049485374e6
2.9858597325886423e6
3.0208867794145024e6
3.0561045866846624e6
3.0915129978856277e6
3.1271118787630904e6
3.162901067858453e6
3.198880464286738e6
3.2350499405434798e6
3.2714093858045796e6
3.3079586965627843e6
3.3446977766208067e6
3.381626537339002e6
3.4187448975578267e6
3.456052781368761e6
3.493550120751341e6
3.5312368529555826e6
3.5691129209598177e6
3.6071782749582664e6
3.64543286968617e6
3.683876665338662e6
3.7225096384945023e6
3.761331727618717e6
3.800342940090791e6
3.839543245577181e6
3.8789326288290475e6
3.9185110781860477e6
3.95827858692948e6
3.9982351521409047e6
4.0383807744945674e6
4.0787154581287545e6
4.1192392117879926e6
4.159952046287134e6
4.200853975927571e6
4.24194501890444e6
4.283225195678586e6
4.324694529431008e6
4.366353046482701e6