132937.537762778
133032.8523180246
133287.13795559184
133700.70204705914
134274.04016894317
135007.84439232614
135902.97938534198
136960.4988875087
138181.60478049156
139567.71748268948
141120.36628701846
142841.25277777453
144732.21417741443
146795.24135443743
149032.61269933975
151445.96742676484
154038.17888621852
156811.4677112446
159768.3234099981
162911.29283398972
166242.96551532357
169766.01175499888
173483.13327741146
177397.01123993314
181510.37406157376
185825.94817611302
190346.45614954678
195074.58816597017
200013.01781809243
205164.43168722407
210531.28110353608
216116.23603441456
221921.7423664364
227950.19950242422
234203.972455164
240685.30450967659
247396.38477720314
254339.31957500643
261516.1051036698
268928.65252964606
276578.7778433675
284468.197511126
292598.524237797
300971.26844937366
309587.8456085169
318449.56181466597
327557.5976429373
336913.07177046494
346516.9728641867
356370.1898403443
366473.5173181961
376827.64649626735
387433.17236665735
398290.5938433976
409400.3164834277
420762.65613862046
432377.83943733736
444246.0073042262
456367.2208559139
468741.45166080765
481368.6092685343
494248.518330599
507380.93798842205
520765.5582993606
534402.0053226503
548289.8448754821
562428.5846236104
576817.6778788697
591456.5274073096
606344.4856923369
621480.8635142762
636864.9276047411
652495.9063941457
668372.9924051714
684495.3452220599
700862.094101584
717472.3412686912
734325.1634562137
751419.6159663368
768754.7341135305
786329.535869193
804143.0242337133
822194.1896483967
840482.0117952424
859005.4620748688
877763.504952397
896755.1005620817
915979.2051001921
935434.7760145572
955120.768419012
975036.1406848289
995179.8538264885
1.0155508734732473e6
1.0361481721172852e6
1.0569707273360847e6
1.078017528435573e6
1.0992875702563198e6
1.1207798613684254e6
1.1424934156418848e6
1.1644272648465603e6
1.186580450320622e6
1.2089520296787135e6
1.231541068790127e6
1.2543466527470737e6
1.2773678827801573e6
1.3006038712117204e6
1.3240537493699314e6
1.3477166629173104e6
1.3715917759165624e6
1.3956782677566162e6
1.4199753351739608e6
1.4444821933439695e6
1.4691980733707314e6
1.494122227945412e6
1.519253916719474e6
1.5445924300580213e6
1.5701370682149737e6
1.5958871525954502e6
1.6218420163583513e6
1.648001016773608e6
1.6743635265211558e6
1.7009289358920332e6
1.7276966505456488e6
1.7546660969570137e6
1.7818367130446383e6
1.8092079582506404e6
1.8367793063963135e6
1.8645502477140962e6
1.89252028836866e6
1.9206889554132796e6
1.9490557826416453e6
1.9776203264787672e6
2.0063819324482523e6
2.035340847919237e6
2.0644960109031666e6
2.0938472545040513e6
2.123394206679538e6
2.1531365058210865e6
2.1830738099793224e6
2.213205786887062e6
2.2435321153587876e6
2.2740524910594486e6
2.304766619643219e6
2.3356742209203457e6
2.3667750229485547e6
2.3980687700166497e6
2.4295552138773063e6
2.4612341197903426e6
2.4931052634352595e6
2.52516843054438e6
2.557423416117926e6
2.589870026994166e6
2.622508076917818e6
2.655337395278806e6
2.6883578128762273e6
2.7215691737976572e6
2.7549713300715615e6
2.788564150985239e6
2.8223474779025973e6
2.856321214029381e6
2.8904852356731417e6
2.9248394334297515e6
2.95938370489289e6
2.994117958097291e6
3.029042105570762e6
3.064156065373436e6
3.0994597635228173e6
3.1349531311115725e6
3.17063610957846e6
3.206508632006535e6
3.2425706581813693e6
3.2788221382944295e6
3.3152630321412897e6
3.351893303797655e6
3.3887129228111375e6
3.425721863173692e6
3.462920103322037e6
3.500307625832246e6
3.537884414830709e6
3.575650469820948e6
3.613605776777971e6
3.651750338105462e6
3.6900841572723608e6
3.7286072293246225e6
3.767319575395428e6
3.8062212020639437e6
3.8453121250933637e6
3.8845923617672897e6
3.9240619326055893e6
3.9637208608373604e6
4.003569172062783e6
4.0436068943695803e6
4.0838340577386715e6
4.1242506962325745e6
4.164856842994085e6
4.205652535654105e6
4.246637812311823e6
4.287812713801859e6
4.3291772820897885e6
4.370731561234904e6