151032.887159552
151121.31838375868
151357.2591228957
151740.90488234782
152273.22120582566
152954.55783054724
153785.9910862363
154768.69776208253
155903.9446757308
157193.35977053372
158638.604257467
160241.56100616333
162004.23458355074
163928.8351859149
166017.671446207
168273.16177005853
170697.90825037172
173294.54146166643
176065.84196104188
179014.63804378503
182143.8145855321
185456.3248648185
188955.253432003
192643.55012380934
196524.29233832812
200600.5422538692
204875.3798968958
209351.83275515758
214032.94511913284
218921.6986605084
224021.05621627902
229333.91263513293
234863.12789486567
240611.4592612807
246581.63133572592
252776.2621328533
259197.90828707648
265849.01485104056
272731.9463012975
279848.95557955373
287202.21387590445
294793.77312896133
302625.5810039082
310699.473516108
319017.1837880007
327580.32981868694
336390.41736571805
345448.8351923416
354756.86922862893
364315.6858552039
374126.3469796318
384189.80303164036
394506.8964424704
405078.3650383536
415904.84122122626
426986.85808945855
438324.8488860254
449919.1491712524
461770.00296126504
473877.5636101457
486241.89567474567
498862.98065882025
511740.71825032716
524874.9305350981
538265.3651857934
551911.6987567707
565813.5396179674
579970.4325432543
594381.8612458905
609047.2520387647
623965.9769006959
639137.3572556006
654560.6669119904
670235.135412161
686159.9512909497
702334.2649026955
718757.1919889316
735427.8159380135
752345.1912830516
769508.3462171238
786916.285316509
804567.9924036389
822462.4322061171
840598.5545279868
858975.2947834146
877591.5774160883
896446.3162465368
915538.4202090323
934866.7925801158
954430.3321672077
974227.9376918543
994258.505466264
1.0145209350929075e6
1.0350141317123097e6
1.0557370006894907e6
1.076688458396681e6
1.097867424210457e6
1.1192728284195818e6
1.1409036095272198e6
1.1627587174339618e6
1.1848371135231832e6
1.2071377707692427e6
1.2296596768615989e6
1.2524018320909666e6
1.2753632519407296e6
1.2985429663834616e6
1.3219400225133896e6
1.3455534816434733e6
1.3693824238171084e6
1.3934259451274276e6
1.4176831582150045e6
1.4421531953429487e6
1.46683520548847e6
1.491728357845372e6
1.516831835782004e6
1.5421448442066298e6
1.5676666052219588e6
1.5933963637554392e6
1.61933336747266e6
1.6454769110060034e6
1.6718262792386264e6
1.698380793499554e6
1.725139786041521e6
1.7521026088968653e6
1.7792686336943994e6
1.806637243798122e6
1.8342078505560728e6
1.8619798754777445e6
1.8899527590698914e6
1.9181259640737139e6
1.9464989611314884e6
1.9750712465400526e6
2.0038423259647272e6
2.0328117257183297e6
2.061978982235775e6
2.0913436617120088e6
2.1209053316156175e6
2.150663579851469e6
2.1806180107003124e6
2.2107682419479797e6
2.2411139022789923e6
2.2716546394167957e6
2.3023901125428583e6
2.3333199947399595e6
2.3644439720887784e6
2.3957617442203676e6
2.4272730211029416e6
2.4589775292240987e6
2.4908750023104907e6
2.5229651890270878e6
2.555247847179889e6
2.587722749384887e6
2.620389672449363e6
2.653248411566067e6
2.6862987660089284e6
2.7195405485735494e6
2.752973580267789e6
2.786597692373636e6
2.8204127241983456e6
2.854418524417693e6
2.8886149512628075e6
2.923001869774578e6
2.957579153185797e6
2.9923466847766526e6
3.0273043549177093e6
3.062452058375467e6
3.097789700382441e6
3.133317190703783e6
3.1690344525504378e6
3.2049413961345456e6
3.241037965715815e6
3.2773240936774225e6
3.3137997216173494e6
3.350464798004946e6
3.387319276592861e6
3.424363116000594e6
3.4615962787517146e6
3.499018747582918e6
3.5366304731414528e6
3.5744314442167557e6
3.6124216199908303e6
3.6506010563077214e6
3.6889696811587126e6
3.727527494481497e6
3.766274524601254e6
3.8052107435567263e6
3.8443361689299843e6
3.8836508072077003e6
3.9231546749745947e6
3.9628477870554994e6
4.002730157633756e6
4.042801809579781e6
4.0830627664834545e6
4.1235130546851954e6
4.164152702568432e6
4.204981740929155e6
4.246000200990908e6
4.287208124347348e6
4.328605541916385e6
4.3701924952415675e6