333618.63843431824
333648.3504314547
333727.7669497171
333857.4325617502
334038.1772871086
334271.1876001995
334557.9405447473
334900.27080345794
335300.2315625745
335760.2791648512
336283.061847728
336871.6140834972
337529.13234765606
338259.09022617165
339065.2505734366
339951.5506941093
340922.2124042242
341981.4751295482
343133.98724423733
344384.502196688
345737.8818983651
347199.19023949583
348773.4348296962
350465.95552024175
352282.0787327591
354227.22119687486
356306.8383221207
358526.53885253775
360891.80360091105
363408.224911808
366081.39713459555
368916.91657514253
371920.2754694135
375097.04934971494
378452.6887343524
381992.63513674855
385722.22624917736
389646.74575200677
393771.3795051402
398101.2268569044
402640.9195959595
407396.42977174895
412371.12166018476
417570.9432391388
422999.44502259325
428661.33900912525
434560.85030442674
440702.05457018653
447088.9392564138
453725.2483622069
460614.621729413
467760.54816098965
475166.33645698073
482835.1367122403
490769.95339594455
498973.61124578206
507448.78313091164
516197.9620487904
525223.5013151574
534527.5764796002
544112.2096070171
553979.2598280344
564130.430731994
574567.271600546
585291.178910513
596303.3944573104
607605.0141690607
619196.9896552793
631080.1295566438
643255.108294068
655722.4610139552
668482.5920059902
681535.7790784184
694882.1782623271
708521.8209423175
722454.6271040034
736680.4042587781
751198.852746384
766009.5702430175
781112.0558045281
796505.7145401614
812189.8667900288
828163.7268313742
844426.4592263582
860977.1307968176
877814.7459651527
894938.2299143557
912346.4428572668
930038.2095357918
948012.2755070452
966267.3433711086
984802.0659882296
1.0036150508358132e6
1.022704866419727e6
1.0420700497389319e6
1.0617091082416005e6
1.0816205053096362e6
1.1018026865191567e6
1.122254083983406e6
1.1429730961848567e6
1.16395811380561e6
1.185207512474318e6
1.2067196582002947e6
1.2284929075975004e6
1.2505256134002714e6
1.2728161267841058e6
1.2953627990720826e6
1.3181639772869074e6
1.3412180272783588e6
1.3645232991323136e6
1.3880781741431912e6
1.4118810311371898e6
1.4359302615898e6
1.460224270504006e6
1.4847614794918112e6
1.509540337689187e6
1.5345592712832207e6
1.5598167793546203e6
1.5853113471747953e6
1.6110414954060065e6
1.6370057420050525e6
1.6632026655383122e6
1.6896308304353894e6
1.7162888605483274e6
1.7431753747215974e6
1.7702890305263049e6
1.7976285106271165e6
1.8251925222020622e6
1.8529797999386396e6
1.8809891023294544e6
1.9092192187083426e6
1.937668965030753e6
1.9663371758081012e6
1.9952227291331957e6
2.0243245141093715e6
2.0536414741904442e6
2.0831725208884336e6
2.112916661460108e6
2.142872896580903e6
2.1730402537613465e6
2.203417797482607e6
2.2340046037717066e6
2.264799788907516e6
2.295802488634388e6
2.327011866177542e6
2.3584271097993655e6
2.3900474291298967e6
2.421872058305322e6
2.453900273480444e6
2.486131344762721e6
2.5185645868575675e6
2.5511993310897714e6
2.5840349326301664e6
2.6170707675791266e6
2.6503062335642967e6
2.6837407526984857e6
2.717373762923684e6
2.7512047329887324e6
2.7852331372150825e6
2.819458480061791e6
2.8538802810338624e6
2.888498082958944e6
2.923311434561168e6
2.9583199208004475e6
2.993523129065486e6
3.028920692335228e6
3.0645121820416073e6
3.1002972919127876e6
3.1362756628543558e6
3.172446970918939e6
3.2088109074428985e6
3.245367170245053e6
3.2821154720877013e6
3.3190555645281198e6
3.356187171941402e6
3.3935100589309256e6
3.4310239933782574e6
3.468728759495525e6
3.5066241511529638e6
3.544709970659824e6
3.5829860374436686e6
3.621452173378556e6
3.660108227996624e6
3.6989540369772315e6
3.7379894611139167e6
3.7772143686754145e6
3.8166286358247064e6
3.856232138369941e6
3.8960247804341586e6
3.93600645896372e6
3.976177083047201e6
4.016536569740952e6
4.057084835267593e6
4.097821834988999e6
4.1387474799662726e6
4.1798617310075406e6
4.221164531237172e6
4.26265583169556e6
4.304335621142002e6
4.3462038423786145e6