183263.29567532337
183339.98155817695
183544.61852439833
183877.5930821747
184339.52400933395
184931.26910267657
185653.9213075202
186508.83208017857
187497.43103943145
188621.46792708416
189883.1195677766
191284.29697024412
192827.38568992887
194514.79501571102
196349.48657953207
198334.02951783568
200471.30412064286
202764.6006432861
205216.9514657799
207831.79951555203
210612.37702616208
213562.20975898133
216684.78422950706
219983.6529064311
223462.42823828428
227123.30170756255
230974.06994224046
235014.20445238808
239248.6924200588
243681.10276783814
248314.9891835463
253153.85526327384
258201.14419264297
263460.2342548488
268934.44023906323
274626.99877891806
280541.05794066994
286679.6034883539
293045.72897101927
299642.2890074189
306471.896901948
313537.2578732829
320840.90233391593
328385.2009500242
336172.4601464699
344204.83617096033
352484.36666470056
361012.96922260954
369792.42673435644
378824.4021577785
388110.4327081614
397651.9336225126
407450.1941605179
417506.38486302656
427821.55327709403
438396.62860669405
449232.4353991668
460329.66458143026
471688.9120639692
483310.65913527436
495195.28384396236
507343.06177455175
519754.1702015329
532428.690759871
545366.6131843271
558567.8380420156
572032.1818713153
585759.3793573162
599749.087641366
614000.8937624458
628514.3068542058
643288.7756350525
658323.6844125382
673618.3576575159
689172.0644545928
704984.0218883911
721053.397683294
737379.3153275725
753960.8558660696
770797.0617654512
787886.9399748303
805229.4656229793
822823.5840129412
840668.2146798996
858762.2532860652
877104.5742702775
895694.0350173077
914529.4773618802
933609.7298342874
952933.613582687
972499.9271076117
992307.4845474641
1.0123550798041075e6
1.0326415083941153e6
1.053165572026858e6
1.0739260631609925e6
1.0949217807589585e6
1.1161515368847384e6
1.137614136731039e6
1.159308399666874e6
1.1812331535645523e6
1.2033872354842133e6
1.2257694936071048e6
1.248378790123629e6
1.2712139946728e6
1.2942739980087397e6
1.3175577024655007e6
1.3410640240413868e6
1.3647918985506848e6
1.3887402755392636e6
1.4129081261005742e6
1.4372944343540226e6
1.461898206135353e6
1.4867184658437073e6
1.5117542558187123e6
1.537004638032468e6
1.5624686977128235e6
1.5881455282839858e6
1.614034252601205e6
1.6401340196429186e6
1.666443987473829e6
1.6929633381163059e6
1.7196912740469608e6
1.7466270177325734e6
1.773769811328536e6
1.801118917798302e6
1.828673619822587e6
1.8564332198484736e6
1.8843970401635584e6
1.9125644220914952e6
1.9409347258988225e6
1.9695073332987502e6
1.9982816448111096e6
2.0272570670957742e6
2.056433048205532e6
2.0858090378233078e6
2.115384507206794e6
2.1451589461700036e6
2.175131862768851e6
2.205302784247094e6
2.2356712374093784e6
2.266236791330594e6
2.296999015034725e6
2.3279574919040785e6
2.359111840930883e6
2.390461600093949e6
2.4220066074835667e6
2.453746310695436e6
2.485680447884792e6
2.517808678806907e6
2.550130701339712e6
2.5826462174982578e6
2.61535494322936e6
2.6482566161034526e6
2.68135095838157e6
2.7146377299777432e6
2.7481166922426457e6
2.781787630899625e6
2.8156503202827303e6
2.8497045618842132e6
2.8839501614950905e6
2.9183869366113786e6
2.9530147143079983e6
2.987833329472565e6
3.022842618827835e6
3.058042456674507e6
3.0934326961780116e6
3.1290132170588383e6
3.1647838677325887e6
3.2007445803172397e6
3.2368952215011963e6
3.273235689964553e6
3.3097659169476465e6
3.346485808632265e6
3.3833952873610016e6
3.420494284161596e6
3.457782734069844e6
3.495260579947048e6
3.532927769006872e6
3.5707842544057183e6
3.608829995997212e6
3.647064957280525e6
3.685489107942924e6
3.724102429861308e6
3.7629048747463897e6
3.8018964536764137e6
3.8410771451230617e6
3.880446939311796e6
3.9200058330640597e6
3.9597538254548647e6
3.999690919152056e6
4.0398171214129264e6
4.0801324415595178e6
4.120636893442197e6
4.1613304930645125e6
4.202213259514445e6
4.243285215345598e6
4.2845463851673035e6
4.325996796723852e6
4.367636479636299e6