315654.6566094656
315689.38565314317
315782.1784097715
315933.54889169533
316144.3559910103
316415.7123131504
316749.07479750866
317146.2302330545
317609.2175604915
318140.41853061295
318742.4028895035
319418.13609175535
320170.7368841014
321003.6110760595
321920.41185847763
322924.9935092961
324021.4561282183
325213.945509159
326506.9814410979
327905.2127869502
329413.2941059425
331036.2144664696
332778.8412545838
334646.3458160986
336643.89508765447
338776.7455952526
341050.1881374825
343469.64068186155
346040.42165331985
348767.91945378855
351657.5542905682
354714.7177905148
357944.7108941701
361352.89567443647
364944.5194734024
368724.80956183025
372698.8917654167
376871.82289882784
381248.57161736186
385833.99555553147
390632.91791702586
395649.93417079153
400889.6014199223
406356.3351611452
412054.39100591803
417987.9306648305
424160.9471011689
430577.2984667962
437240.69172286126
444154.680921591
451322.6657981813
458747.89773512364
466433.46101251396
474382.2774095228
482597.12774274405
491080.6173524243
499835.19570894144
508863.14593649225
518166.60888569884
527747.5535680978
537607.798416057
547749.0055552567
558172.6857992199
568880.2001225131
579872.7621434296
591151.4412524934
602717.1507483119
614570.6886937907
626712.7011188718
639143.7099333766
651864.1041299731
664874.1486815291
678173.9897963741
691763.6542173156
705643.0576776264
719812.0068411845
734270.20404814
749017.2513167679
764052.6538499388
779375.8298797854
794986.1036558629
810882.7197408109
827064.846186874
843531.5732317762
860281.9227550131
877314.8506369938
894629.2515652429
912223.959708863
930097.7599221009
948249.3829580022
966677.5275093664
985380.8263498612
1.0043578834221063e6
1.0236072802827713e6
1.0431275592984017e6
1.0629172336524257e6
1.0829747917768718e6
1.1032987006138437e6
1.1238874151553803e6
1.1447393628030547e6
1.1658529748132704e6
1.187226664416409e6
1.2088588287641304e6
1.2307478790947369e6
1.2528922178512127e6
1.2752902466871426e6
1.2979403553269072e6
1.3208409642344716e6
1.343990490967031e6
1.367387349398784e6
1.3910299757802105e6
1.4149168177842726e6
1.439046336387516e6
1.4634169964256901e6
1.4880272932588547e6
1.5128757435034465e6
1.5379608441052837e6
1.5632811632211762e6
1.5888352613927033e6
1.614621723361814e6
1.640639158693011e6
1.6668862004052172e6
1.6933614976091706e6
1.720063734572466e6
1.7469916142759672e6
1.7741438646263985e6
1.8015192406452785e6
1.8291165223975687e6
1.8569345120000537e6
1.8849720450376794e6
1.9132279951005236e6
1.941701211910866e6
1.970390629569843e6
1.9992951856546255e6
2.0284138412494152e6
2.0577455957562455e6
2.0872894381670146e6
2.117044437064504e6
2.147009657359556e6
2.177184187866835e6
2.207567156622528e6
2.238157700860395e6
2.2689549964792468e6
2.2999582360527255e6
2.331166642225884e6
2.3625794587417273e6
2.3941959508272754e6
2.4260154110223614e6
2.458037154687375e6
2.4902605143118566e6
2.522684858028506e6
2.555309556843171e6
2.5881340196213983e6
2.6211576637210064e6
2.6543799457168644e6
2.6878003179176464e6
2.7214182654244057e6
2.755233303453985e6
2.7892449431560445e6
2.8234527290977463e6
2.8578562204678454e6
2.8924549966727872e6
2.927248644750734e6
2.962236783342225e6
2.997419035510671e6
3.032795066520314e6
3.068364481219829e6
3.1041270026796986e6
3.1400823041632287e6
3.176230090315212e6
3.2125700803363025e6
3.2491020003842297e6
3.2858255957896938e6
3.3227406246088133e6
3.3598468550629723e6
3.3971440686914325e6
3.4346320585897905e6
3.47231062910195e6
3.5101795900786542e6
3.548238783160876e6
3.5864880277000763e6
3.624927176940858e6
3.6635560894100205e6
3.7023746253180183e6
3.7413826606181827e6
3.7805800797749287e6
3.819966775595682e6
3.859542639371024e6
3.899307588085257e6
3.9392615340263457e6
3.979404398991035e6
4.019736113114419e6
4.060256613202577e6
4.100965841520241e6
4.141863745412297e6
4.182950287227644e6
4.224225421528092e6
4.265689117174948e6
4.307341346920937e6
4.349182088038923e6