177471.68432226748
177550.4324885594
177760.56600190204
178102.4630478695
178576.73021902365
179184.10025397717
179925.9651385072
180803.29558032355
181817.6931493106
182970.86220422148
184264.71443165746
185701.36844093876
187283.0764950706
189012.2811234761
190891.6143796292
192923.80192511762
195111.7314586226
197458.45481331233
199967.0376475855
202640.71406570682
205482.76268095156
208496.58515403682
211685.5810225914
215053.21467584796
218603.00576020114
222338.43717856554
226263.06558236782
230380.406057926
234693.96668221825
239207.21754628682
243923.60926319123
248846.54015905934
253979.35831416422
259325.32823403325
264887.66563776147
270669.4993713551
276673.87484001444
282903.7387794331
289361.94854747056
296051.2527082469
302974.29673965287
310133.6173057695
317531.62750344037
325170.64879331796
333052.83953673695
341180.2768142875
349554.90370035195
358178.54504529666
367052.83333882416
376179.5247004897
385559.8888192689
395195.33092703245
405087.02498440124
415236.0970141789
425643.50695727713
436310.11587185797
447236.66802003665
458423.79987569887
469872.0363577547
481581.80015568563
493553.4111980069
505787.0895563832
518282.9613922284
531041.0580259725
544061.3275313382
557343.62390501
570887.7252595858
584693.3297738561
598760.0616787681
613087.4737704552
627675.0515328288
642522.2170763675
657628.331775273
672992.6997550755
688614.5745534971
704493.1581265337
720627.6062416339
737017.0327407765
753660.5115051285
770557.0798332785
787705.7420898485
805105.4726250061
822755.2173493726
840653.8997546716
858800.4203760696
877193.6603066254
895832.4853350624
914715.7473011616
933842.2839735616
953210.9321498595
972820.5098504019
992669.8366976746
1.0127577273946423e6
1.0330829971828191e6
1.0536444601156865e6
1.0744409345600132e6
1.095471240148792e6
1.1167342037248667e6
1.138228657770942e6
1.1599534434970254e6
1.1819074113273006e6
1.20408942207313e6
1.226498347801709e6
1.2491330750361807e6
1.2719924989745412e6
1.2950755335235065e6
1.3183811100162328e6
1.3419081665719445e6
1.3656556655170685e6
1.3896225835508723e6
1.4138079136410286e6
1.4382106695646076e6
1.4628299687503697e6
1.4876645991872698e6
1.512713890728583e6
1.5379768436249185e6
1.5634525681000259e6
1.5891401828806975e6
1.6150388384234812e6
1.6411476994703435e6
1.667465957088627e6
1.693992814629232e6
1.7207274980759304e6
1.7476692526338268e6
1.774817346045315e6
1.8021710615250492e6
1.829729704711932e6
1.857492600339537e6
1.8854590922494149e6
1.9136285431887545e6
1.942000334179822e6
1.970573867271684e6
1.9993485627156582e6
2.0283238478468822e6
2.0574991895958749e6
2.0868740552508936e6
2.116447935879397e6
2.1462203520908416e6
2.1761907897689426e6
2.2063588331790925e6
2.236724012663258e6
2.26728591317409e6
2.2980441202280796e6
2.328998237339209e6
2.360147883852818e6
2.3914926941841e6
2.4230323152048313e6
2.454766409021232e6
2.486694652650801e6
2.5188167345719477e6
2.55113235682765e6
2.583641235868713e6
2.6163430975305415e6
2.6492376919511235e6
2.682324753421005e6
2.715604052486269e6
2.7490753642922337e6
2.7827384744888153e6
2.8165931875525233e6
2.8506392920915163e6
2.8848766128566368e6
2.9193049760034923e6
2.953924217817257e6
2.988734181239979e6
3.023734721047354e6
3.058925700773146e6
3.094306989328871e6
3.1298784740896383e6
3.165640018304208e6
3.2015915394796534e6
3.237732917607433e6
3.274064092477392e6
3.310584960548772e6
3.3472954472060995e6
3.384195480540095e6
3.4212849968818766e6
3.4585639367329353e6
3.4960322355791396e6
3.53368986975974e6
3.5715367854828797e6
3.609572945632712e6
3.6477983192437477e6
3.6862128796547074e6
3.7248166121598054e6
3.7636094736325676e6
3.802591477343833e6
3.8417626052751495e6
3.8811228516840823e6
3.920672215676996e6
3.960410699677012e6
4.0003383095847853e6
4.04045505412919e6
4.0807609468140835e6
4.12125600276135e6
4.161940240699753e6
4.202813681879753e6
4.24387635125324e6
4.285128274572063e6
4.3265694819806265e6
4.368200005169951e6