141643.25518258297
141735.2323591018
141980.6233505771
142379.75114872996
142933.13373182205
143641.50021781333
144505.7543469499
145527.00713364474
146706.50194433986
148045.74583732567
149546.34674279156
151210.0777525004
153038.87840358596
155034.83960174452
157200.15911894906
159537.14527775682
162048.25861535218
164736.00659057315
167603.02647126213
170651.99621768834
173885.6764299615
177306.84339257653
180918.41412735163
184723.16565778057
188724.03331575097
192923.89367283657
197325.64560039018
201932.14484053894
206746.24485770575
211770.7588372714
217008.45053061072
222462.0330964961
228134.18014448395
234027.46019848264
240144.41556445384
246487.47736673805
253059.0072500653
259861.2765142659
266896.4621822736
274166.6435650935
281673.8058743471
289419.82929323567
297406.4867125624
305635.4519679714
314108.2857299198
322826.45522797096
331791.28239688324
341004.03047832334
350465.82582450483
360177.6902485547
370140.5510724565
380355.21743087657
390822.4072591058
401542.7325931558
412516.7073845458
423744.7515473891
435227.1897255095
446964.25634122104
458956.0977650221
471202.7748427362
483704.26775795897
496460.47608617216
509471.2253695108
522736.2678521533
536255.2861532078
550027.8983712988
564053.6589171368
578332.0635633618
592862.5527940592
607644.5119726348
622677.2807640458
637960.1502963388
653492.3692214156
669273.1462657602
685301.6535013518
701577.0286600675
718098.3790148597
734864.782814341
751875.2938398219
769128.9422545814
786624.7383409954
804361.674495021
822338.7271826596
840554.8610987796
859009.0284048069
877700.1732042996
896627.2322240421
915789.1387116229
935184.8217427505
954813.2088228874
974673.2283158363
994763.810758336
1.0150838871405984e6
1.0356323967078002e6
1.056408282256288e6
1.0774104980831142e6
1.0986380004597874e6
1.1200897607547077e6
1.1417647550362349e6
1.1636619762033785e6
1.1857804263411611e6
1.208119121251022e6
1.2306770889836987e6
1.2534533741377946e6
1.2764470350315154e6
1.299657144996542e6
1.323082793872659e6
1.346723087250196e6
1.370577147370712e6
1.3946441142613222e6
1.4189231437017317e6
1.443413411076555e6
1.468114107543622e6
1.493024444624481e6
1.5181436480122365e6
1.543470964032068e6
1.5690056563164194e6
1.5947470090315647e6
1.620694316876017e6
1.6468469013599828e6
1.6732040975353573e6
1.6997652612890287e6
1.7265297628219011e6
1.753496993474219e6
1.7806663577859725e6
1.8080372816333731e6
1.8356092057710423e6
1.8633815894550695e6
1.8913539065473657e6
1.9195256528874235e6
1.9478963325920342e6
1.9764654734107347e6
2.0052326130772568e6
2.034197308168672e6
2.0633591257212e6
2.0927176602091829e6
2.1222725084721753e6
2.1520232847619695e6
2.1819696111793867e6
2.212111164384765e6
2.2424475660578674e6
2.2729784999462953e6
2.3037036495331437e6
2.334622712313922e6
2.365735396871117e6
2.3970414249242702e6
2.4285405291849086e6
2.4602324569507716e6
2.4921169627540642e6
2.5241938150874665e6
2.5564627917195344e6
2.588923681978494e6
2.621576282704505e6
2.654420408042232e6
2.687455872366859e6
2.7206825052837534e6
2.754100144169301e6
2.78770863511226e6
2.82150783317622e6
2.8554976010628045e6
2.889677811758872e6
2.924048343256569e6
2.958609081420431e6
2.9933599229971585e6
3.028300769568562e6
3.0634315286969924e6
3.09875211627894e6
3.1342624521716293e6
3.1699624708622713e6
3.2058520938997627e6
3.2419312733728355e6
3.278199951569254e6
3.3146580793243586e6
3.3513056135290507e6
3.3881425157234212e6
3.425168753424294e6
3.4623842979290974e6
3.4997891252610213e6
3.537383213245692e6
3.5751665549468687e6
3.613139131347062e6
3.651300937531603e6
3.6896519754308653e6
3.728192230689431e6
3.766921722145286e6
3.805840451686013e6
3.8449484299903116e6
3.884245670551037e6
3.923732199954337e6
3.963408018003346e6
4.00327315629508e6
4.043327639473638e6
4.083571494473522e6
4.1240047521892875e6
4.164627442988427e6
4.205439601430222e6
4.246441277023118e6
4.287632481309008e6
4.329013267092854e6
4.370583676316924e6