97315.4961934337
97424.91597856017
97716.78978954273
98191.35658856411
98849.00247297785
99690.25864757918
100715.80034794105
101926.43246366095
103323.11426275712
104906.90324054693
106678.99325546232
108640.6957334227
110793.42014499492
113138.67349378899
115678.0628792317
118413.26422645082
121346.02922464296
124478.17291727941
127811.56401955645
131348.10603080725
135089.754793417
139038.4564098047
143196.2518117859
147565.06506866735
152146.91565541574
156943.77704667242
161957.18175345403
167190.33659616124
172643.86481944972
178320.0526119753
184220.70367239765
190347.58901151048
196702.3802472183
203286.73596797074
210102.2270820713
217150.34571977612
224432.5204450335
231950.0838376099
239704.32040679728
247696.4081261665
255927.45212178375
264398.46920830954
273110.3994213823
282064.0759080959
291260.2738347893
300699.6777336382
310382.8772592956
320310.37869364384
330482.6218891082
340899.95551724965
351562.6510660647
362470.90546690987
373624.84138578665
385024.50553332426
396669.8798948046
408560.8688153265
420697.3433727425
433079.0652405595
445705.76844059356
458577.1223086125
471692.7423464523
485052.1921266007
498654.9905786108
512500.6051054981
526588.464742929
540917.9570587019
555488.433033423
570299.2082411844
585349.5667807383
600638.7632601741
616166.0253737619
631930.5564278245
647931.5376602833
664168.1304633224
680639.4787632109
697344.7112138789
714282.9429923978
731453.2785384634
748854.8117453239
766486.629228714
784347.8135670557
802437.4408540836
820754.5860668875
839298.3225593368
858067.7239677638
877061.8661295485
896279.8255358944
915720.6908073917
935383.5443784419
955267.4827485285
975371.6076923644
995695.0291170903
1.0162368664716978e6
1.0369962488696425e6
1.0579723153943447e6
1.0791642188674046e6
1.1005711206731407e6
1.1221921971923336e6
1.144026636315906e6
1.166073640079365e6
1.1883324242420583e6
1.2108022185465554e6
1.2334822685624487e6
1.2563718304663324e6
1.279470181652979e6
1.3027766093574096e6
1.3262904201110345e6
1.3500109312216104e6
1.3739374839763255e6
1.3980694249004428e6
1.4224061227390682e6
1.4469469573123003e6
1.471691337597013e6
1.496638664043501e6
1.5217883786480792e6
1.5471399162706959e6
1.5726927496869867e6
1.5984463451041682e6
1.6244001982109654e6
1.6505538140269925e6
1.676906714917717e6
1.7034584380701454e6
1.7302085320942868e6
1.757156564083726e6
1.784302113841253e6
1.811644772666733e6
1.8391841467822213e6
1.8669198617349325e6
1.89485154602182e6
1.9229788504698747e6
1.9513014320861045e6
1.97981896684417e6
2.0085311359807905e6
2.0374376366883651e6
2.0665381803847959e6
2.095832485108789e6
2.1253202798279487e6
2.155001320007109e6
2.18487534425865e6
2.2149421250891504e6
2.2452014347876636e6
2.2756530592721906e6
2.3062967930482924e6
2.3371324396912623e6
2.368159814796895e6
2.399378739931309e6
2.430789047780119e6
2.4623905774854724e6
2.494183179505387e6
2.5261667109495355e6
2.5583410360523514e6
2.5907060298375217e6
2.6232615681942003e6
2.6560075428233617e6
2.6889438472371562e6
2.7220703834192855e6
2.75538705975075e6
2.7888937906263764e6
2.8225904971675784e6
2.8564771066854624e6
2.890553553066351e6
2.924819772132125e6
2.959275714501109e6
2.9939213235244174e6
3.0287565559940813e6
3.063781368685415e6
3.098995735901826e6
3.1343996165933236e6
3.1699929880867866e6
3.205775828675377e6
3.2417481200487204e6
3.277909846969224e6
3.314261002194137e6
3.3508015775738624e6
3.38753157128157e6
3.4244509837415866e6
3.4615598192182807e6
3.4988580825244207e6
3.5363457911657137e6
3.5740229515760643e6
3.611889583776495e6
3.6499457013180316e6
3.6881913305269605e6
3.7266264935701634e6
3.7652512171219843e6
3.8040655295908717e6
3.8430694617540766e6
3.882263046297641e6
3.921646317637659e6
3.9612193128980077e6
4.000982070305498e6
4.040934630041029e6
4.081077033776797e6
4.121409325860183e6
4.1619315491463165e6
4.202643750939904e6
4.243545979030039e6
4.284638280300977e6
4.325920709969776e6
4.367393312183447e6