235561.0295275277
235620.0065812908
235777.44899009046
236033.78394986776
236389.74939985928
236846.3381859754
237404.81038617267
238066.70714886254
238833.79351625714
239708.1028018017
240691.9227755149
241787.72977845185
242998.27638510504
244326.42645286524
245775.3744426348
247348.39629943704
249048.96510811563
250880.70880722057
252847.40016011178
254952.95877604646
257201.37480720732
259596.76837305888
262143.33418473514
264845.3487167279
267707.13866768754
270733.01842627797
273927.4361649096
277294.80483843345
280839.51048731984
284565.94731477776
288478.50961522054
292581.5430670955
296879.33267630753
301376.13564488024
306076.1123290339
310983.3994159261
316102.020235054
321435.8669423353
326988.81423832243
332764.35052286694
338766.78866159945
344998.94269318384
351464.4206921292
358166.4968505933
365108.2704612421
372292.7462933958
379722.79776124796
387401.15728361154
395330.358693574
403512.8871923582
411951.0330979267
420646.9565721369
429602.67087766086
438820.0521070888
448300.8382486595
458046.62356459437
468058.8643228699
478338.8853331677
488887.87266158336
499706.8813252091
510796.8371648348
522158.53984139423
533792.6656070517
545699.7690556741
557880.2895218551
570334.5497167994
583062.7636516218
596065.0372189314
609341.3767372773
622891.6868625189
636715.7779627994
650813.3689191568
665184.091650737
679827.4948060839
694743.0478414635
709930.1450150458
725388.1093313268
741116.1965217406
757113.5990375126
773379.4495155415
789912.8254270325
806712.7518725346
823778.2064077379
841108.1211735732
858701.3908855579
876556.8602274216
894673.3576037353
913049.6701929121
931684.5574169641
950576.7555545595
969724.981011839
989127.9285818277
1.0087842757284701e6
1.0286926914666095e6
1.0488518299638988e6
1.0692603397951946e6
1.0899168599806065e6
1.1108200286793923e6
1.1319684803590735e6
1.153360851375725e6
1.1749957797199434e6
1.1968719064963972e6
1.2189878803799702e6
1.2413423557389015e6
1.2639339974048594e6
1.2867614771365174e6
1.30982348417104e6
1.3331187132472578e6
1.3566458824823217e6
1.380403713335649e6
1.4043909520199322e6
1.4286063591647295e6
1.4530487155066726e6
1.477716815199537e6
1.5026094742102947e6
1.5277255310285678e6
1.553063845093099e6
1.5786232823220817e6
1.6044027464319183e6
1.6304011591356113e6
1.6566174673430135e6
1.6830506224788195e6
1.7096996166593158e6
1.7365634599221218e6
1.76364118293749e6
1.7909318330286702e6
1.8184345009110617e6
1.8461482791300516e6
1.8740722848452213e6
1.9022055020750174e6
1.9305476092139555e6
1.9590972845047838e6
1.987853903991503e6
2.0168167153739969e6
2.0459849598793804e6
2.075357913393648e6
2.104934891029977e6
2.1347152092453083e6
2.1646982049334105e6
2.1948832420697277e6
2.2252697065888285e6
2.2558569969206676e6
2.2866445369502576e6
2.3176317689542994e6
2.3488181528519094e6
2.3802031710966663e6
2.4117863184094075e6
2.4435671116143307e6
2.4755450848242184e6
2.5077197891739253e6
2.5400907900451133e6
2.572657674552302e6
2.605420043365038e6
2.638377511405428e6
2.6715297104850705e6
2.7048762880743034e6
2.7384169055067194e6
2.772151256117412e6
2.806078979792037e6
2.8401998304883414e6
2.8745135067296037e6
2.9090197382428544e6
2.9437182723217253e6
2.9786088577560754e6
3.0136912626911276e6
3.048965270797902e6
3.084430676262216e6
3.1200872462469605e6
3.1559348283366445e6
3.191973231091265e6
3.228202286214451e6
3.2646218350633457e6
3.301231727292801e6
3.338031822349914e6
3.3750219870518115e6
3.412202103806398e6
3.44957205179295e6
3.487131726287028e6
3.524881027610407e6
3.5628198644003193e6
3.6009481524303313e6
3.6392658119422193e6
3.677772774184327e6
3.7164689745480637e6
3.75535436837892e6
3.7944288611831036e6
3.8336924458343596e6
3.873145077956471e6
3.9127867110194094e6
3.9526173204190456e6
3.992636879681871e6
4.0328453682115343e6
4.0732427715823404e6
4.113829077573581e6
4.1546042799786464e6
4.19556837540162e6
4.236721365799801e6
4.278063255001608e6
4.319594052295024e6
4.361313769675821e6