110947.04299827921
111050.98951816885
111328.27829936345
111779.17624080606
112404.11475492199
113203.68866198167
114178.65240699443
115329.91341785475
116658.5260890309
118165.69384516845
119852.75401704817
121721.17033402505
123772.53104333614
126008.51917006454
128430.97696342232
131041.76394364925
133842.8642543701
136836.33090060443
140024.29618503584
143408.9057235669
146992.37774105906
150776.96238283912
154764.9239607188
158958.54150506167
163360.087591509
167971.84995219577
172796.09385360515
177835.04413995845
183090.91230739595
188565.87218198128
194262.0346404654
200181.470516184
206326.18968737993
212698.131917039
219299.17452482897
226131.12210403546
233195.69205339532
240494.52386333363
248029.17357294442
255801.11198193848
263811.71661858424
272062.29374259105
280554.001864071
289287.9702671928
298265.21660022484
307486.65457202133
316953.1095906964
326665.32381349104
336623.93039008067
346829.4965100486
357282.4879237586
367983.28763306467
378932.19565464975
390129.4278120282
401575.1245402495
413269.3455374013
425212.0790329496
437403.2436266333
449842.6833196353
462530.18060513074
475465.45423312695
488648.1622910374
502077.9070141706
515754.23572968855
529676.6447039887
543844.5825220104
558257.4522977965
572914.6149146429
587815.3920332799
602959.0687253072
618344.8962328862
633972.0947526798
649839.8561827346
665947.3461352512
682293.7074598828
698878.0616617769
715699.511315979
732757.1446908698
750050.0329486877
767577.2368951612
785337.807577596
803330.7848310235
821555.2112320932
840010.1123394807
858694.5188492426
877607.4586014326
896747.9590688533
916115.0501286174
935707.7643751273
955525.1383535995
975566.2146881756
995830.0416720815
1.0163156760660303e6
1.0370221828213588e6
1.0579486358660501e6
1.0790941211729017e6
1.1004577338304762e6
1.1220385822859602e6
1.143835785195285e6
1.1658484765559006e6
1.1880758030725427e6
1.2105169248590206e6
1.233171016423555e6
1.2560372704866806e6
1.279114889326332e6
1.302403094559812e6
1.3259011189875307e6
1.349608225774556e6
1.3735236716623073e6
1.397646745198206e6
1.42197674740921e6
1.4465129957386996e6
1.4712548237618832e6
1.4962015835233019e6
1.5213526371457754e6
1.5467073729609004e6
1.5722651879535306e6
1.5980255000272864e6
1.6239877369209356e6
1.6501513497455914e6
1.6765158019248336e6
1.7030805647915378e6
1.729845162404818e6
1.7568090773834854e6
1.7839718447027178e6
1.811333006680885e6
1.83889211819645e6
1.86664875074165e6
1.894602492891416e6
1.922752941939688e6
1.9510997101712974e6
1.979642422027653e6
2.0083807331372641e6
2.0373142793864794e6
2.0664427367998343e6
2.095765783741562e6
2.12528311231687e6
2.1549944272609875e6
2.1848994447117564e6
2.2149978934728736e6
2.245289511186343e6
2.275774049901454e6
2.306451270557633e6
2.3373209458277663e6
2.3683828571389867e6
2.399636797690763e6
2.431082569802779e6
2.462719985083971e6
2.494548865619254e6
2.526569041908494e6
2.558780351649709e6
2.591182643934495e6
2.6237757752398606e6
2.6565596085082064e6
2.6895340180696943e6
2.7226988824593807e6
2.7560540810488234e6
2.7895995328947087e6
2.823335115074281e6
2.8572607438146374e6
2.8913763351604706e6
2.925681809237725e6
2.9601770938525195e6
2.9948621224090382e6
3.0297368340435512e6
3.064801173358409e6
3.100055091476226e6
3.1354985425608573e6
3.171131488094956e6
3.2069538923801444e6
3.242965724725817e6
3.2791669615032966e6
3.3155575792189916e6
3.352137565510306e6
3.3889069029100672e6
3.4258655836372036e6
3.463013602948172e6
3.5003509589426555e6
3.537877653531394e6
3.575593691924946e6
3.613499082621469e6
3.651593838279167e6
3.689877969359113e6
3.728351497069436e6
3.767014439938249e6
3.805866820657295e6
3.8449086644059187e6
3.8841399988862714e6
3.9235608525443645e6
3.9631712585776336e6
4.0029712504277313e6
4.0429608641720833e6
4.083140137434693e6
4.123509110345222e6
4.1640678236589935e6
4.204816320599197e6
4.245754645482919e6
4.286882845403197e6
4.328200965577285e6
4.36970905483331e6