466103.9297676816
466100.58288202534
466091.92913822486
466078.49442129995
466061.28288755537
466041.5627684574
466021.0135746358
466001.7048361237
465985.92425062746
465976.4360504931
465976.1350223298
465988.85891814536
466017.16999674303
466066.00285885605
466139.27807004954
466241.4619060014
466377.2701207941
466551.86997206
466769.86480835517
467037.2899940076
467359.62746718276
467742.448926852
468191.7961480723
468713.73967838025
469313.70056983415
470000.3387038458
470777.6640218244
471653.17868978047
472633.22722001903
473724.5084904187
474933.70144712104
476267.4735709844
477732.53285331425
479335.57297999976
481083.2715567856
482982.0478059104
485039.2617789824
487260.740717577
489653.24740453897
492223.2147643001
494977.0145942972
497920.91431764053
501061.09047845955
504403.6230739874
507954.45260742056
511719.4071571574
515704.2406118424
519914.46683749644
524355.6024414287
529032.8799814912
533951.4577309573
539116.3321473848
544532.3331108198
550204.1228197718
556136.2160978176
562332.9453697649
568798.4841408236
575536.8158831641
582551.7688603853
589846.9874254009
597425.939735817
605291.9154586606
613448.0288027079
621897.2146550624
630642.2385841369
639685.6740460347
649029.927113936
658677.2325458401
668629.6467811891
678889.0488025015
689457.1595065345
700335.5255810786
711525.5281342159
723028.389388567
734845.1669471245
746976.7640287665
759423.9292676807
772187.2613914458
785267.2124226238
798664.091459038
812378.0679541167
826409.1766581892
840757.3209569261
855422.2775856904
870403.7002112274
885701.1308000262
901313.9758056396
917241.5602274453
933483.0882200086
950037.6704848736
966904.3166286156
984081.9491872173
1.0015694059090472e6
1.0193654287511295e6
1.0374687065108812e6
1.055877838549014e6
1.0745913585670902e6
1.0936077421720293e6
1.1129254006474707e6
1.1325426904022407e6
1.152457923683702e6
1.1726693543541157e6
1.1931752092608125e6
1.2139736659560623e6
1.235062871530578e6
1.256440944243942e6
1.2781059765947019e6
1.3000560265067187e6
1.3222891532266862e6
1.344803383898274e6
1.3675967301990278e6
1.3906672817575291e6
1.4140128309370338e6
1.437631576179714e6
1.4615214550443974e6
1.4856804810819188e6
1.5101066165729084e6
1.534797912117829e6
1.5597523721077861e6
1.584968031743275e6
1.6104429342370247e6
1.6361751443187585e6
1.6621627234773983e6
1.6884037854774364e6
1.7148964328333635e6
1.7416388124296572e6
1.7686290788479806e6
1.7958654210019957e6
1.8233460496793317e6
1.851069195863476e6
1.8790331321776034e6
1.9072361509744336e6
1.9356765646913855e6
1.9643527397924727e6
1.9932630512677608e6
2.0224059328162381e6
2.0517797850093923e6
2.0813831218383275e6
2.1112144419868197e6
2.1412722972301706e6
2.1715552528689047e6
2.202061914288043e6
2.232790930864395e6
2.263740971393449e6
2.294910745221473e6
2.3262989845861085e6
2.357904473479106e6
2.3897260059266402e6
2.421762431666697e6
2.4540125882803616e6
2.486475407535753e6
2.519149810777442e6
2.552034761347969e6
2.5851292538970117e6
2.6184323082830138e6
2.651942985012282e6
2.6856603689265405e6
2.719583556174944e6
2.7537117090050564e6
2.788043987397815e6
2.822579590759184e6
2.8573177512789713e6
2.8922577006484326e6
2.9273987255985066e6
2.962740137444532e6
2.998281259218316e6
3.0340214425515956e6
3.0699600666178125e6
3.106096525954637e6
3.1424302581076464e6
3.1789606879148404e6
3.215687312807484e6
3.252609596297875e6
3.2897270601080484e6
3.3270392632519496e6
3.3645456956677516e6
3.402245957582058e6
3.440139638760148e6
3.4782263486178825e6
3.5165057048468636e6
3.554977357830552e6
3.5936409698644713e6
3.6324961947053005e6
3.671542747195342e6
3.710780326083653e6
3.750208680864544e6
3.789827474866227e6
3.8296365194117273e6
3.869635586875347e6
3.9098244074695646e6
3.9502027921277494e6
3.990770546713065e6
4.031527484913533e6
4.072473430338478e6
4.1136082213036246e6
4.154931705442552e6
4.19644374103488e6
4.238144195695233e6
4.280032907942107e6
4.322109887510249e6