228447.6562228916
228508.94878965314
228672.5564049685
228938.91901796148
229308.74236124527
229783.0104836052
230362.95268212067
231050.1048135606
231846.1885205917
232753.2012870484
233773.39335636416
234909.20048086141
236163.32051103335
237538.5792034911
239038.1039608883
240665.1123594083
242423.01361583784
244315.37149716413
246345.88349816424
248518.39715678664
250836.82147666247
253305.1972138841
255927.63407930592
258708.31926612498
261651.4882052458
264761.3662635262
268042.3013066038
271498.6076927571
275134.5742709367
278954.48677700805
282962.6401534619
287163.2708379816
291560.5596170238
296158.64900674054
300961.59509142116
305973.41763431614
311198.03125985584
316639.21718471235
322300.73528594617
328186.19447523006
334299.0923396757
340642.8334285174
347220.68013224844
354035.79475955333
361091.165032203
368389.6866406955
375934.1240967247
383727.0872411043
391771.0499034615
400068.33629355865
408621.1861814028
417431.6213796544
426501.5707566343
435832.81160987314
445426.9939838082
455285.6178158002
465410.0502721273
475801.5310867104
486461.1655004487
497389.92530724505
508588.66444673477
520058.10443647543
531798.852359033
543811.3950210218
556096.1076757244
568653.2519023851
581482.98394742
594585.3551702139
607960.3203950883
621607.736478855
635527.3690711726
649718.8955446621
664181.9095982461
678915.9248113963
693920.378754009
709194.6369005608
724737.9965225644
740549.6906317587
756628.891909352
772974.7160360955
789586.2264255432
806462.4368075628
823602.3158422603
841004.7898895387
858668.7494649086
876593.0384645276
894776.4859838185
913217.8825459807
931915.9929843384
950869.5608665578
970077.3117576931
989537.9519353313
1.009250171793888e6
1.0292126547321944e6
1.0494240710792402e6
1.069883086965481e6
1.090588360550011e6
1.111538550503617e6
1.132732311971796e6
1.1541683031394558e6
1.1758451899364698e6
1.197761633647683e6
1.2199163091937427e6
1.2423078978525356e6
1.2649350910972543e6
1.2877965886675806e6
1.3108911073310554e6
1.3342173708533603e6
1.35777412448841e6
1.3815601241037375e6
1.405574140941613e6
1.4298149667295183e6
1.4542814130742466e6
1.4789723037603179e6
1.503886485405539e6
1.5290228267149024e6
1.5543802174990731e6
1.579957554655592e6
1.6057537658309971e6
1.6317678139100422e6
1.6579986646362673e6
1.6844453162070895e6
1.7111067743036088e6
1.7379820818535793e6
1.7650703063156495e6
1.7923705175514617e6
1.8198818272494185e6
1.8476033626493088e6
1.8755342750342302e6
1.9036737282188027e6
1.9320209294551045e6
1.9605750941703077e6
1.9893354524750903e6
2.0183012695457928e6
2.0474718265991192e6
2.07684641681971e6
2.106424378919556e6
2.1362050530713215e6
2.1661877995671397e6
2.196372004373752e6
2.2267570750731574e6
2.257342434939883e6
2.2881275252072597e6
2.319111810261e6
2.3502947708472176e6
2.381675906667508e6
2.413254734043001e6
2.4450307873481726e6
2.477003619563166e6
2.5091727987331524e6
2.541537909508303e6
2.5740985527418125e6
2.6068543462718353e6
2.6398049262701827e6
2.6729499272892703e6
2.706289023426067e6
2.739821886695945e6
2.773548208047541e6
2.807467690620692e6
2.8415800496927635e6
2.875885019742042e6
2.9103823366191243e6
2.9450717616208456e6
2.979953055561306e6
3.0150259987471807e6
3.0502903811618784e6
3.0857460124059664e6
3.1213926694154125e6
3.157230207995123e6
3.1932584467252186e6
3.229477226556955e6
3.265886397605807e6
3.302485818146014e6
3.33927535553826e6
3.3762548872806635e6
3.4134242968383464e6
3.450783476636352e6
3.488332327340002e6
3.526070755899279e6
3.5639986774880495e6
3.602116013605797e6
3.6404226923281015e6
3.6789186489248197e6
3.7176038246856187e6
3.7564781807744144e6
3.7955416276103514e6
3.834794163642132e6
3.874235746980974e6
3.9138663386313724e6
3.9536859155362765e6
3.9936944567264128e6
4.0338919453946142e6
4.074278370731183e6
4.114853724163108e6
4.15561800277748e6
4.196571206478946e6
4.237713340301728e6
4.279044410984365e6
4.320564430613209e6
4.362273413803143e6