411927.78636460775
411937.15029339725
411962.38626087364
412004.1035610854
412063.21849220793
412140.9175317526
412236.20213090384
412359.0044158717
412503.5585145196
412675.2184961906
412876.7859529654
413111.5662128718
413383.0718665108
413695.00628210034
414051.51303889684
414456.84276703466
414915.55234451836
415432.4261971195
416012.35911587405
416660.6449897486
417382.6745148103
418183.7904606542
419069.7495692008
420046.3368059286
421118.70175883186
422295.12326889485
423579.36634581815
424978.51462147606
426498.63068019936
428146.0194993492
429926.9645552528
431847.7643387151
433914.71543379105
436134.08772872714
438512.14195740025
441054.90287728526
443769.1026493282
446660.28051312733
449734.6638767475
452998.1896109567
456456.6859887596
460116.082500412
463981.8586996031
468059.63393071364
472354.8043652101
476872.66338168783
481618.3925702134
486596.9884763161
491813.3671081291
497272.21387993125
502978.0945780497
508935.4396685448
515148.4977143727
521621.3458755213
528357.9156185334
535361.9514483347
542637.0391183607
550186.5827418364
558013.821616638
566121.8194280526
574513.5659818148
583191.4887639217
592158.4210798257
601416.6431687892
610968.3580067795
620815.6006682897
630960.2315954859
641403.9548022738
652148.3087755718
663194.6688842356
674544.2507179427
686198.1145937028
698157.1786512975
710422.1994090618
722993.7915129905
735872.4282270917
749058.44351311
762552.0372998186
776353.278782739
790462.1107116048
804878.3536283225
819601.7100856754
834631.7690081754
849968.0128147986
865609.8086842941
881556.4446472648
897807.082909221
914360.824585889
931216.6638147356
948373.5255552363
965830.249551893
983585.6045292445
1.001638287812006e6
1.0199869326470586e6
1.0386301216686377e6
1.0575663746123952e6
1.07679415868488e6
1.096311890365849e6
1.116117949423088e6
1.1362106840025373e6
1.15658838588664e6
1.1772493322211518e6
1.198191766568194e6
1.21941390616149e6
1.2409139484315934e6
1.2626900775677252e6
1.2847404603554662e6
1.3070632436061297e6
1.3296565872920204e6
1.3525186176568049e6
1.3756474751848835e6
1.3990413767847754e6
1.4226982448455617e6
1.4466164375141198e6
1.47079402935013e6
1.4952292063463144e6
1.5199200938185006e6
1.5448649141941401e6
1.5700618534410042e6
1.5955091301659255e6
1.6212049790687175e6
1.6471476532135997e6
1.6733354164428646e6
1.6997665766631216e6
1.7264394495412204e6
1.7533523779523598e6
1.7805037274222565e6
1.8078918973778158e6
1.835515306970034e6
1.863372403026439e6
1.891461666012559e6
1.9197816027086247e6
1.9483307374842037e6
1.9771076478161442e6
2.0061109214865454e6
2.0353391982731612e6
2.0647910960668582e6
2.0944653288968585e6
2.1243606103056497e6
2.154475676494209e6
2.184809326526043e6
2.215360345576416e6
2.246127581039005e6
2.2771099002456293e6
2.3083062044960717e6
2.339715420268326e6
2.3713365068028825e6
2.4031684532368565e6
2.43521027508002e6
2.4674610223521492e6
2.49991976737633e6
2.5325856127388044e6
2.5654576938279746e6
2.598535160136935e6
2.6318172029340467e6
2.665303033477613e6
2.6989918949267496e6
2.7328830344227487e6
2.766975756518695e6
2.8012693682451155e6
2.8357632086617127e6
2.87045664469947e6
2.9053490595542216e6
2.940439825751386e6
2.9757284145730063e6
3.0112142777943234e6
3.046896867730753e6
3.0827756864194777e6
3.1188502428921633e6
3.155120078789455e6
3.1915847396238833e6
3.228243796878379e6
3.2650968446806446e6
3.3021434873316097e6
3.339383306226637e6
3.376816075760407e6
3.414441320170248e6
3.4522587597902403e6
3.490268087025222e6
3.528468998816344e6
3.5668612212505834e6
3.6054444849442765e6
3.644218538143168e6
3.683183142156085e6
3.722338068815603e6
3.7616831314036837e6
3.80121805881212e6
3.8409427293351246e6
3.880856919898007e6
3.920960496199172e6
3.9612532856956935e6
4.0017351497907294e6
4.0424059357865946e6
4.0832655453723967e6
4.1243138735879557e6
4.1655507423030743e6
4.206976089662433e6
4.248589826466911e6
4.290391866853092e6
4.332382135931007e6