82004.99604133403
82120.61372096112
82429.0026538657
82930.36723729191
83625.03818944891
84513.47048740051
85596.2395134547
86874.03329108449
88347.64277080164
90018.04304955984
91886.18527628997
93953.19865384957
96220.28413204642
98688.72765463198
101359.87427967993
104235.14687575572
107316.02115163105
110604.02383165949
114100.71736579665
117807.70583397752
121726.60418737677
125859.0629239862
130206.71877566239
134771.20483139504
139554.16780745224
144557.2272116609
149781.976034865
155229.98161199698
160902.7784669364
166801.8570744611
172928.65761954008
179284.57971487453
185870.9530186611
192689.0567934092
199740.1054439619
207025.2440944561
214545.55361685503
222301.91774639257
230295.63898675438
238527.2058160233
246997.53338991597
255707.3282010459
264657.22713851137
273847.7881683024
283279.4935765378
292952.7514667922
302867.9159832905
313025.23208712693
323424.9017254106
334067.0492243611
344951.73282993527
356078.94865168433
367448.6231150568
379060.62873187044
390914.7758511321
403010.82065866
415348.4640692284
427927.35709506425
440747.10430780065
453807.25528010784
467107.32987844374
480646.7985668961
494425.0938051352
508441.61560933676
522695.7285535028
537186.7672566512
551914.0377355451
566876.8203374448
582074.3716026861
597505.9267774905
613170.7019030298
629067.8959436752
645196.6928465215
661556.2634630122
678145.7675002301
694964.3553370093
712011.1696221057
729285.3475429162
746786.021110531
764512.3203671551
782463.3736318579
800638.3087163318
819036.2561959556
837656.3472370936
856497.7181085324
875559.5090156461
894840.8658851848
914340.9423370542
934058.8981469482
953993.9024304149
974145.133049846
994511.7777167694
1.0150930347546771e6
1.035888113440786e6
1.0568962343609377e6
1.0781166225082339e6
1.0995485478760812e6
1.1211912448098562e6
1.143043992430867e6
1.165106074476115e6
1.1873767951503696e6
1.2098554623717845e6
1.2325414056666808e6
1.2554339659969937e6
1.278532500645431e6
1.3018363801562446e6
1.325344990557829e6
1.3490577320916245e6
1.3729740203303476e6
1.3970932851423286e6
1.4214149715513592e6
1.4459385390658476e6
1.4706634616171964e6
1.4955892288389802e6
1.5207153433252857e6
1.5460413229862407e6
1.5715666995269568e6
1.5972910186416334e6
1.623213839667901e6
1.6493347382990494e6
1.67565329951193e6
1.70216912444294e6
1.7288818274648718e6
1.755791036646287e6
1.7828963889432237e6
1.8101975382495574e6
1.8376941489590586e6
1.8653858984483217e6
1.8932724730085647e6
1.9213535768667918e6
1.949628919983198e6
1.9780982257955836e6
2.0067612276621973e6
2.0356176716790423e6
2.0646673113888586e6
2.0939099185003971e6
2.1233452626440753e6
2.1529731341503486e6
2.1827933226933787e6
2.212805638873406e6
2.2430098947203653e6
2.2734059133574367e6
2.3039935263162088e6
2.334772574150924e6
2.3657429045724203e6
2.396904374347522e6
2.4282568479259163e6
2.459800196995274e6
2.491534300159075e6
2.523459046159906e6
2.5555743257755903e6
2.5878800402140277e6
2.620376096982454e6
2.6530624066931964e6
2.685938891112421e6
2.719005476378647e6
2.7522620902479263e6
2.785708671534153e6
2.819345162040089e6
2.8531715092089013e6
2.8871876656559594e6
2.9213935903399643e6
2.955789242529433e6
2.9903745905018626e6
3.0251496054478106e6
3.060114262964941e6
3.0952685435374556e6
3.1306124297499545e6
3.166145909613684e6
3.2018689744285825e6
3.2377816182930954e6
3.273883842193031e6
3.3101756449478725e6
3.346657032268143e6
3.383328008689033e6
3.4201885913920607e6
3.457238791396359e6
3.494478627393688e6
3.531908112004701e6
3.5695272710587606e6
3.6073361266920506e6
3.6453347080968455e6
3.683523040356262e6
3.721901153715681e6
3.7604690831509926e6
3.799226861631313e6
3.838174525599589e6
3.8773121136885355e6
3.916639662197338e6
3.9561572156143417e6
3.9958648154198076e6
4.0357625056138276e6
4.0758503314572475e6
4.1161283402510253e6
4.156596578924229e6
4.197255096936425e6
4.238103944277033e6
4.2791431722111385e6
4.32037283247547e6
4.361792978159707e6