99706.80936123643
99815.26395487142
100104.56579270234
100574.95894118186
101226.83770191562
102060.74470725437
103077.36983791992
104277.54918632397
105662.22091466017
107232.50679073166
108989.6152958404
110934.88307705362
113069.75410450695
115395.76863206518
117914.5713916909
120627.87491963073
123537.47288278988
126645.2766387942
129953.04126705913
133462.8765112525
137176.72702557108
141096.59914241554
145224.57167423415
149562.63113882436
154112.84618796562
158877.24487552655
163857.84081419543
169056.6163265762
174475.52365780188
180116.48561376196
185981.3586362752
192071.96077417824
198390.0432775294
204937.29424786303
211715.34803524046
218725.74924338938
225969.9796201045
233449.43139737044
241165.42834975073
249119.20407760932
257311.89857017298
265744.6180791345
274418.30816028407
283333.857100287
292492.09058257553
301893.7267203395
311539.4040664693
321429.6612329101
331564.9811929858
341945.74538443494
352572.25961885124
363444.753663869
374563.38034002413
385928.21681246324
397539.2450688833
409396.4813125386
421499.71882633225
433848.7915123643
446443.44600464485
459283.3705818526
472368.1981107391
485697.50793875917
499270.83331757074
513087.65449157835
527147.411626079
541449.5023102247
555993.2855904606
570778.0844401052
585803.1886998811
601067.8575180785
616571.3219272636
632312.7873993382
648291.4362764374
664506.429890883
680956.9112847622
697642.0070528439
714560.8295020037
731712.479380121
749096.045410824
766710.6103972935
784555.2480373924
802629.0324003511
820931.0268680817
839460.2982147872
858215.9115640086
877196.9337380885
896402.4317048083
915831.4845517017
935483.164146467
955356.5563833896
975450.7519369246
995764.8498175173
1.0162979557831914e6
1.037049193537804e6
1.0580176842529897e6
1.079202570263966e6
1.1006030015699877e6
1.1222181418194012e6
1.1440471666107178e6
1.1660892657060388e6
1.1883436423973737e6
1.2108095141251688e6
1.2334861140085908e6
1.2563726855723788e6
1.2794684940277864e6
1.3027728147211233e6
1.326284941417329e6
1.3500041812864821e6
1.373929858433533e6
1.3980613124012807e6
1.4223978986015161e6
1.4469389851207929e6
1.4716839693352343e6
1.4966322415577583e6
1.5217832310908278e6
1.5471363653504313e6
1.5726910967462752e6
1.598446890438985e6
1.6244032284046393e6
1.6505596055486307e6
1.676915533642475e6
1.7034705404266743e6
1.7302241645724145e6
1.7571759637393851e6
1.784325508516664e6
1.8116723807550769e6
1.8392161797331187e6
1.8669565172972046e6
1.8948930186677324e6
1.9230253245322977e6
1.9513530830439737e6
1.979875962897064e6
2.0085936376399372e6
2.0375057966601586e6
2.0666121434404296e6
2.0959123908268537e6
2.125406259257161e6
2.1550934990761243e6
2.1849738405819326e6
2.2150470499386983e6
2.2453128947895337e6
2.275771154646972e6
2.3064216176447733e6
2.337264083217527e6
2.368298357814351e6
2.39952426137337e6
2.4309416201756764e6
2.4625502684605643e6
2.494350052886758e6
2.526340823794224e6
2.5585224422983006e6
2.590894776868866e6
2.623457704168648e6
2.656211107626827e6
2.689154878129456e6
2.7222889136578967e6
2.7556131190328803e6
2.7891274053352275e6
2.8228316902165096e6
2.8567258976763464e6
2.890809958514373e6
2.9250838075758405e6
2.959547386530286e6
2.9942006418136247e6
3.029043525928809e6
3.0640759957353226e6
3.099298014165648e6
3.1347095467262e6
3.1703105660153497e6
3.2061010469232867e6
3.242080968900477e6
3.278250318230344e6
3.3146090818367735e6
3.3511572510222066e6
3.3878948223155076e6
3.4248217944532754e6
3.4619381701768106e6
3.4992439549204116e6
3.53673915787851e6
3.5744237910326375e6
3.612297868900028e6
3.6503614099798407e6
3.6886144326182287e6
3.727056960708429e6
3.7656890195455113e6
3.804510636605162e6
3.8435218416060414e6
3.882722666462073e6
3.9221131447813287e6
3.961693312790633e6
4.001463207955013e6
4.0414228698566556e6
4.081572339460873e6
4.1219116605421603e6
4.1624408753783535e6
4.203160030742298e6
4.244069173799587e6
4.285168351172288e6
4.3264576176748425e6
4.367937016894826e6