352228.4601408099
352253.24830522435
352319.2040538612
352426.9994440087
352577.50320365245
352771.9041131531
353011.73113453237
353298.8505618413
353635.3548442904
354023.7645559376
354466.79470045003
354967.49610323086
355529.20325193834
356155.42881068576
356850.0456357761
357617.0771409853
358460.8021231971
359385.6996597309
360396.397325577
361497.82103157137
362694.9592074525
363992.9636606163
365397.0743774667
366912.70690764545
368545.35503482434
370300.5939591385
372184.04515291867
374201.49089454813
376358.56975849625
378661.07266455214
381114.7691408155
383725.4370629663
386498.7873825426
389440.5741021677
392556.4554639133
395851.9570506729
399333.0051423947
403004.7194710878
406872.6315207479
410942.05762187706
415218.2202724711
419706.2345577347
424411.08207325055
429337.65122601716
434490.6545603846
439874.7287050623
445494.52469708247
451353.77355443337
457457.274849599
463808.8150063179
470412.26903606544
477271.3539532172
484389.61521501513
491770.43157960626
499417.03431470296
507332.4740711743
515519.64804943115
523981.2677214986
532719.903894182
541737.945480914
551037.6245661691
560621.0045023728
570489.9770723335
580646.3265263927
591091.6006828786
601827.2405321812
612854.5215693898
624174.5696953223
635788.3648562694
647696.7356869881
659900.3816896584
672399.8537061808
685195.5731140035
698287.8298010287
711676.7874064709
725362.4882722761
739344.8545451416
753623.6960015951
768198.7117704194
783069.4959349103
798235.5408864461
813696.242903674
829450.9055687699
845498.7468766712
861838.8927361807
878470.4074884895
895392.2574167168
912603.3523755809
930102.5421053862
947888.6027341797
965960.2583578028
984316.1773190196
1.0029549769172715e6
1.0218752294953496e6
1.0410754737408845e6
1.0605542032436747e6
1.0803098766624015e6
1.1003409228508724e6
1.1206457474157577e6
1.1412227281098994e6
1.1620702233215643e6
1.1831865760572685e6
1.2045701370152668e6
1.226219152256478e6
1.2481319989087603e6
1.270306956752068e6
1.292742326159507e6
1.315436399681815e6
1.338387487153849e6
1.361593878251234e6
1.38505389504576e6
1.408765835869689e6
1.4327280540739847e6
1.4569388839958939e6
1.481396667829925e6
1.5060997900943102e6
1.5310466017836449e6
1.556235533927699e6
1.5816649959318014e6
1.6073334306046367e6
1.63323929953172e6
1.6593810878657727e6
1.6857572941431704e6
1.7123664578508819e6
1.7392071321521834e6
1.766277896136283e6
1.7935773565177752e6
1.821104146691118e6
1.8488569266182694e6
1.876834378710484e6
1.9050352208012913e6
1.9334581956854274e6
1.9621020630299656e6
1.9909656317522926e6
2.0200477328483048e6
2.0493472142646345e6
2.0788629271626521e6
2.108593812916451e6
2.138538805366883e6
2.168696865566061e6
2.1990669927090425e6
2.2296481978647234e6
2.2604395360252024e6
2.2914400781335826e6
2.3226489290997186e6
2.354065217369674e6
2.3856880934407394e6
2.4175167388375243e6
2.4495503593754824e6
2.4817881872149473e6
2.5142294763331925e6
2.5468735057371156e6
2.579719579206203e6
2.612767025023043e6
2.6460151908546076e6
2.679463451729467e6
2.7131112051258865e6
2.746957857731518e6
2.781002857425895e6
2.815245657942059e6
2.849685743712111e6
2.884322612016257e6
2.919155772437037e6
2.954184773725389e6
2.9894091694918997e6
3.0248285487964624e6
3.060442453056745e6
3.096250543849173e6
3.132252427871287e6
3.1684477499666833e6
3.204836171556949e6
3.2414173598397546e6
3.2781910054758107e6
3.3151568139970372e6
3.3523145013947356e6
3.3896638016447276e6
3.4272044545174963e6
3.4649362232827055e6
3.502858877763388e6
3.5409721974663157e6
3.5792759806935545e6
3.6177700323997037e6
3.656454168750873e6
3.695328222411261e6
3.7343920273667295e6
3.773645434893869e6
3.81308830649578e6
3.8527204978306033e6
3.892541899887314e6
3.93255239383539e6
3.9727518737328323e6
4.0131402431741236e6
4.0537174134035064e6
4.0944833001737427e6
4.135437834779227e6
4.176580945279966e6
4.217912573124825e6
4.259432664396157e6
4.301141172250803e6
4.343038055688363e6