80680.88101636412
80797.03338406255
81106.84699503295
81610.52309567746
82308.38728141258
83200.88740514164
84288.58979444377
85572.17225067221
87052.3993393491
88730.27218356941
90606.68573595994
92682.76322475189
94959.68767735155
97438.72285395101
100121.19338384134
103008.49711421793
106102.07488112364
109403.45753818008
112914.1503158485
116635.73855392562
120569.81235062875
124717.98054319751
129081.85936745696
133663.0499628807
138463.1645340872
143483.79273894257
148726.4916236735
154192.79930835523
159884.2169002586
165802.20060336395
171948.1628959224
178323.46032455048
184929.39993940855
191767.22677183928
198838.1274715865
206143.2025507473
213683.51636970174
221460.05572827035
229473.6785223655
237725.26592125455
246215.55939219086
254945.24144994383
263914.9228684581
273125.1355881536
282576.34162437846
292268.92196104897
302203.212709447
312379.43098259927
322797.7606391513
333458.3106351807
344361.1202977343
355506.1672709922
366893.3621734639
378522.56286195654
390393.5658767874
402506.113921953
414859.89640511025
427454.55360891856
440289.67775707087
453364.81633587554
466679.4743311717
480233.11683440406
494025.1718393987
508055.032268315
522322.058783249
536825.5822928608
551564.9059265817
566539.3078142059
581748.0431150686
597190.3463052504
612865.4333415526
628772.5037306917
644910.7425587685
661279.3224006558
677877.405252179
694704.1441474631
711758.6851291914
729040.1689190747
746547.7317430137
764280.5081168895
782237.6312363643
800418.2343640188
818821.452888645
837446.4244369003
856292.2911871234
875358.1996276872
894643.3022094395
914146.7593569693
933867.7375118468
953805.4130290262
973958.970865729
994327.606031774
1.0149105243088183e6
1.0357069422627334e6
1.0567160882773562e6
1.0779372027851027e6
1.0993695392225217e6
1.121012363631281e6
1.142864954906808e6
1.1649266043308116e6
1.1871966236826382e6
1.2096743284767633e6
1.2323590559385759e6
1.2552501540667259e6
1.2783469880288136e6
1.301648935412325e6
1.3251553900662034e6
1.3488657589764984e6
1.37277946487909e6
1.396895944906339e6
1.4212146508289399e6
1.4457350491609336e6
1.4704566204393299e6
1.495378861028674e6
1.5205012800310992e6
1.5458234017306722e6
1.5713447641606026e6
1.597064919209161e6
1.622983433122606e6
1.6490998848238362e6
1.6754138675996312e6
1.7019249880582998e6
1.7286328654073384e6
1.755537133341436e6
1.7826374296778075e6
1.809933426978783e6
1.8374247811175433e6
1.865111178940729e6
1.8929923116944733e6
1.921067887897995e6
1.9493376224345753e6
1.9778012429864903e6
2.0064584872946234e6
2.0353091055542247e6
2.0643528555666883e6
2.0935895126811864e6
2.1230188506179256e6
2.152640663280702e6
2.182454744127279e6
2.2124609070663583e6
2.2426589676076006e6
2.273048752149605e6
2.3036300953906495e6
2.3344028409584714e6
2.3653668393443036e6
2.396521950771801e6
2.427868042232814e6
2.4594049873804515e6
2.491132668990883e6
2.5230509757952066e6
2.5551598032455216e6
2.587459054097079e6
2.619948638053783e6
2.652628468109438e6
2.6854984677880607e6
2.7185585643702806e6
2.751808689471466e6
2.785248783980998e6
2.818878789222279e6
2.8526986555007873e6
2.8867083370200866e6
2.9209077928194604e6
2.9552969865021785e6
2.9898758878516024e6
3.0246444666129244e6
3.059602701141389e6
3.0947505730001866e6
3.130088066076058e6
3.165615169754745e6
3.201331876020795e6
3.2372381802704628e6
3.27333408451908e6
3.309619588371056e6
3.346094698508009e6
3.3827594220600883e6
3.4196137735235193e6
3.4566577663906836e6
3.4938914199533937e6
3.5313147462286395e6
3.568927774793345e6
3.6067305267253434e6
3.644723031802371e6
3.6829053156556366e6
3.7212774102592357e6
3.759839348604679e6
3.798591165320714e6
3.837532897145368e6
3.876664581910829e6
3.9159862590601295e6
3.9554979718767703e6
3.995199762194543e6
4.0350916742922766e6
4.075173753676991e6
4.11544604786967e6
4.1559086040020157e6
4.196561471783301e6
4.237404701349082e6
4.2784383439986985e6
4.319662451732346e6
4.361077077727104e6