189221.63148488742
189296.2174127714
189495.25735923866
189819.14301277124
190268.51506016657
190844.23717654395
191547.38980225442
192379.4386005877
193341.83043141864
194436.25594647732
195665.04357622037
197030.0790783758
198533.82107873852
200178.6300186336
201967.8364699737
203903.71007863453
205989.44482840583
208228.26913311597
210623.36291773876
213178.12670858842
215896.00986158432
218780.54503457827
221835.3386981945
225064.02230170582
228470.30867979364
232057.83424199777
235830.37898266953
239791.6459020571
243945.3397787256
248295.1306021498
252844.6747543566
257597.58168858962
262557.39546816074
267727.6026507815
273111.62183280487
278712.79774345015
284534.38376411644
290579.5367724579
296851.3254603214
303352.7079074589
310086.53556649527
317055.5513497321
324262.3692708148
331709.5144280641
339399.33904818434
347334.1124105612
355515.9840575054
363946.9485823704
372628.8878857689
381563.5546085178
390752.57453936536
400197.44850376516
409899.54800224677
419860.1245108101
430080.30437318224
440561.090862192
451303.38024947967
462307.9329140298
473575.41209554486
485106.3611764916
496901.2216845236
508960.31772867835
521283.8893030175
533872.0661557276
546724.8859892404
559842.2943349985
573224.149506376
586870.2247959638
600780.2135500722
614953.7325399072
629390.3254018647
644089.4657711524
659050.561777648
674272.9595592105
689755.9468663409
705498.7568438895
721500.5706079771
737760.5227061149
754277.7027499445
771051.1593126997
788079.903404892
805362.9118485306
822899.1300358616
840687.474833496
858726.8400667859
877016.0930424456
895554.0730498252
914339.6287040884
933371.5679747246
952648.7033779103
972169.8186559685
991933.7123324631
1.0119391619141588e6
1.0321849454456602e6
1.0526698467005864e6
1.073392637875611e6
1.094352099959004e6
1.115547017371901e6
1.1369761784174447e6
1.1586383792710328e6
1.180532424094897e6
1.2026571253935706e6
1.225011307484867e6
1.2475938060958828e6
1.2704034696238148e6
1.2934391482077225e6
1.3166997541330366e6
1.3401841425396504e6
1.3638912352074075e6
1.3878199562334295e6
1.411969256568397e6
1.4363380681663598e6
1.4609253987603271e6
1.4857302372111464e6
1.510751598887737e6
1.5359885206625091e6
1.5614400608874795e6
1.5871052849555179e6
1.612983298073103e6
1.6390732161396663e6
1.665374175041337e6
1.6918853316535254e6
1.7186058641666425e6
1.7455349705570238e6
1.7726718695224484e6
1.8000158006794744e6
1.8275660229688461e6
1.855321816785767e6
1.883282481572941e6
1.9114473374156128e6
1.9398157045406466e6
1.9683869962982116e6
1.997160540398534e6
2.0261357398169017e6
2.055312023540769e6
2.084688821289387e6
2.1142655854195366e6
2.144041788701582e6
2.1740169155410603e6
2.2041904798862273e6
2.234561992897355e6
2.2651310028939894e6
2.2958970635854797e6
2.3268597471914683e6
2.3580186499048946e6
2.38937336003864e6
2.4209235053450377e6
2.452668717409904e6
2.4846086545422915e6
2.5167429612185983e6
2.5490713227189137e6
2.581593428582873e6
2.614308982664194e6
2.6472176995299277e6
2.6803193090244057e6
2.7136135255383854e6
2.747100177437056e6
2.7807789545705086e6
2.8146496459645536e6
2.848712063357177e6
2.8829659827446043e6
2.9174112206317433e6
2.95204759602849e6
2.9868749305780726e6
3.0218930534045477e6
3.0571018330628998e6
3.092501111793684e6
3.128090762926578e6
3.1638706337155546e6
3.199840629370394e6
3.2360006299001514e6
3.272350529438298e6
3.3088902376024555e6
3.3456196580281896e6
3.3825387105694804e6
3.4196473197581945e6
3.4569454153630966e6
3.4944329347600555e6
3.5321098208326004e6
3.569976021512777e6
3.6080314917219374e6
3.646276190878077e6
3.6847100843221494e6
3.723333149847168e6
3.7621453351881034e6
3.8011466473988243e6
3.8403370626048227e6
3.8797165661906027e6
3.91928515236323e6
3.9590428168811793e6
3.998989559896313e6
4.0391253850781904e6
4.0794502995748757e6
4.119964314699109e6
4.1606674436474773e6
4.2015597034123e6
4.242641114527609e6
4.283911700790966e6
4.325371483229162e6
4.367020494728066e6