257881.72172910647
257933.61270456764
258072.1591092597
258297.83305137648
258611.38277532495
259013.8603367399
259506.583853415
260091.2279632667
260769.48351150317
261543.6750908581
262416.05980637646
263389.5214319952
264466.32654282544
265650.12428791216
266944.03213676193
268351.5146180062
269876.2257254517
271522.00668522005
273292.82861522096
275192.83325201727
277226.2426363379
279397.41777529055
281710.80189997214
284170.9341545525
286782.39519393607
289549.8187948228
292477.8851357157
295571.30664732214
298834.83549085294
302273.09600563673
305890.8170461636
309692.67792504036
313683.2509003207
317867.14571156004
322248.8628067527
326832.8530402634
331623.47688528
336624.98861757654
341841.5811214469
347277.3143861026
352936.16275553126
358821.7112138263
364938.4670904493
371289.24559495156
377877.7588632448
384707.3439837134
391781.20757383073
399102.41914774035
406673.8159373199
414498.2311679836
422578.25822746544
430916.37183243595
439514.8898923532
448375.9855280577
457501.6922514349
466893.8892497552
476554.3081304976
486484.5453638113
496686.0468732121
507160.1220452256
517907.94097228616
528930.5392335771
540228.8188071129
551803.5517387803
563655.3845953585
575784.8377369537
588192.3131175152
600878.0946400362
613842.3567719285
627085.1626339902
640606.4706760644
654406.1380713118
668483.9251723614
682839.4991479304
697472.438337855
712382.236057461
727568.3050211812
743029.9812411898
758766.5282193152
774777.1406134662
791060.9491235861
807617.0233190558
824444.3771026937
841541.9705899344
858908.7186767072
876543.4777117341
894445.0819701265
912612.315929007
931043.9305436182
949738.6458884196
968695.1566148009
987912.1298025683
1.0073882085539555e6
1.027122023133842e6
1.0471121833127782e6
1.0673572888534835e6
1.0878559242580368e6
1.108606670150249e6
1.1296080978033561e6
1.1508587785918997e6
1.1723572808992295e6
1.1941021733144512e6
1.216092026852852e6
1.238325419546296e6
1.2608009342324913e6
1.2835171606175164e6
1.3064727019249178e6
1.3296661653309215e6
1.3530961817616597e6
1.3767613856207775e6
1.4006604283719813e6
1.4247919737445624e6
1.4491547140791812e6
1.4737473497909303e6
1.4985685966493357e6
1.5236172152526563e6
1.5488919466134594e6
1.5743915781267036e6
1.600114924199259e6
1.6260608039206215e6
1.652228066464169e6
1.6786155795466206e6
1.705222239371323e6
1.7320469617617757e6
1.7590886876747124e6
1.7863463729830652e6
1.8138190326552275e6
1.8415056420028305e6
1.869405258492344e6
1.8975169340883822e6
1.925839753334746e6
1.954372824721436e6
1.9831152728254746e6
2.0120662574694317e6
2.0412249598731569e6
2.0705905563345926e6
2.100162294150469e6
2.12993941280495e6
2.159921178478389e6
2.1901068794564432e6
2.2204958333349545e6
2.2510873666000282e6
2.281880840071935e6
2.312875625817275e6
2.344071121646401e6
2.3754667446335033e6
2.407061929396468e6
2.438856133359273e6
2.4708488315814408e6
2.5030395175202256e6
2.535427701109303e6
2.568012918995424e6
2.600794713788598e6
2.6337726534178625e6
2.666946317406584e6
2.7003153063699338e6
2.7338792344040154e6
2.767637733494047e6
2.8015904484079485e6
2.835737040230305e6
2.8700771830574116e6
2.9046105690352772e6
2.939336898232645e6
2.9742558904265566e6
3.0093672737400257e6
3.0446707971007195e6
3.080166207878229e6
3.1158532766064666e6
3.151731781020503e6
3.1878015152724637e6
3.224062279345705e6
3.260513883964757e6
3.2971561522712503e6
3.333988917054052e6
3.3710120212399573e6
3.4082253165907306e6
3.445628664622028e6
3.4832219345819796e6
3.5210050057458957e6
3.558977764566762e6
3.5971401061728015e6
3.6354919319596835e6
3.6740331557031465e6
3.7127636912278454e6
3.751683464302195e6
3.790792406520682e6
3.8300904559056456e6
3.8695775526641966e6
3.909253651649523e6
3.949118703528727e6
3.989172679762976e6
4.0294155202753586e6
4.069847251144948e6
4.110467799719797e6
4.151277163859245e6
4.19227533014134e6
4.233462289892949e6
4.2748380381608065e6
4.31640257454223e6
4.358155901928473e6