371483.80141620594
371503.35305194324
371555.7808644775
371641.63320806273
371761.75082025013
371917.36182729446
372109.9992639957
372342.6239730312
372614.3221762867
372930.75558770786
373293.556118301
373705.92756700853
374148.63374584157
374693.12393226137
375275.49611631106
375922.48027367704
376638.44698394265
377427.991830162
378295.82959014236
379246.99975562084
380286.65341350704
381420.04157911835
382652.52069865435
383989.6719045647
385437.1217328785
387000.6245039479
388685.9045508056
390498.9458548641
392445.5413524087
394531.65701290406
396763.2453889309
399146.2666857351
401686.6146814994
404390.2417362882
407263.0111154128
410310.6129149648
413539.25311480253
416954.1941198354
420561.21044732386
424365.825103368
428373.4892925855
432589.53113415465
437019.1857362129
441667.51180746406
446539.51368456776
451640.0113974074
456973.72705650807
462545.1945039595
468358.8693638736
474418.9625443225
480729.6089366465
487294.6908002808
494118.05670299556
501203.2914813275
508553.8614281401
516173.04478618735
524063.9662238911
532229.5621389082
540672.6249263306
549395.7625575246
558401.4230476768
567691.8811521741
577269.2486084756
587135.4756896239
597292.3469916907
607741.4844131774
618484.3513739348
629522.2587944968
640856.3632036378
652487.6661129033
664417.0296365819
676645.1676929523
689172.6535426687
701999.9238485021
715127.2823303454
728554.9040282364
742282.8382636005
756311.0185727084
770639.2419789939
785267.2224833544
800194.5462754732
815420.7005746503
830945.0733017435
846766.9598518352
862885.5558334006
879299.9896360699
896009.2803281031
913012.3968915361
930308.2229783694
947895.5745426342
965773.2057513915
983939.8087448499
1.0023940186439711e6
1.0211344196798109e6
1.0401595564607998e6
1.0594679227154648e6
1.0790579740525477e6
1.0989281269927386e6
1.1190767723642164e6
1.139502267444522e6
1.1602029486749927e6
1.1811771264497857e6
1.2024230966029577e6
1.2239391370041538e6
1.2457235136517105e6
1.2677744853317123e6
1.290090304021288e6
1.3126692103688098e6
1.3355094610799216e6
1.3586092901567542e6
1.3819669513830026e6
1.4055807066896954e6
1.4294488108559465e6
1.4535695435014218e6
1.4779411851035054e6
1.5025620463781366e6
1.527430407200987e6
1.552544627768831e6
1.5779030427648951e6
1.603504020603606e6
1.6293459482828588e6
1.6554272342178966e6
1.6817462997418167e6
1.708301608007653e6
1.7350916351868012e6
1.762114882365214e6
1.7893698800966234e6
1.8168551834796232e6
1.8445693737580876e6
1.872511060123851e6
1.9006788818866042e6
1.9290715056766742e6
1.9576876169269811e6
1.9865259483160279e6
2.015585246386001e6
2.0448643047264132e6
2.0743618980307973e6
2.1040768926049396e6
2.134008150843852e6
2.1641545658955052e6
2.1945150662579546e6
2.225088596191113e6
2.2558741465642117e6
2.2868707199288644e6
2.318077357430282e6
2.3494931264546993e6
2.381117114161133e6
2.4129484423534404e6
2.4449862578907274e6
2.4772297326409984e6
2.5096780671185665e6
2.5423304811905827e6
2.5751862295721825e6
2.6082445830100924e6
2.641504838918651e6
2.67496632132585e6
2.7086283808441665e6
2.7424903721311647e6
2.776551700442964e6
2.810811773456781e6
2.8452700276816604e6
2.879925921657436e6
2.9147789206757965e6
2.9498285343594705e6
2.9850742759694285e6
3.0205156979460544e6
3.056152301353786e6
3.091983714962933e6
3.1280095080496985e6
3.164229295779402e6
3.2006426985467547e6
3.2372493595530116e6
3.2740489360042294e6
3.31104110401271e6
3.34822555067645e6
3.385601980904922e6
3.4231701111655156e6
3.4609296758701163e6
3.49888042064949e6
3.5370221003725305e6
3.5753544908170574e6
3.6138773740310133e6
3.65259054616248e6
3.691493815140379e6
3.7305869974339227e6
3.769869927624646e6
3.809342445609095e6
3.8490043884224803e6
3.888855631557292e6
3.92889603973439e6
3.9691254916114076e6
4.0095438716679015e6
4.0501510855898582e6
4.0909470259807142e6
4.131931616395213e6
4.1731047691744086e6
4.2144664151406735e6
4.256016487789564e6
4.297754929963315e6
4.339681687369283e6