89367.0181854408
89479.65517450479
89780.10117607506
90268.57857487566
90945.44526083075
91811.19369701273
92866.44503701956
94111.95766582002
95548.59938190115
97177.36189381802
98999.34799194516
101015.76768185868
103227.92083059729
105637.25688481855
108245.08728952828
111053.13013150863
114062.92388460436
117276.05886070873
120694.52938766754
124319.79793162143
128153.74066943664
132198.17137739772
136454.887790597
140925.71159989212
145612.44741347362
150516.7093368842
155640.76407197549
160985.89106339146
166553.9537930807
172346.6176681514
178365.50953730108
184612.20148856327
191088.199876527
197794.95998233132
204733.87009515142
211906.24442565977
219313.33529012563
226956.30296841514
234836.25398121076
242954.20261197427
251311.08712495904
259907.76694168733
268745.02123954415
277823.54895279655
287143.9659406072
296706.81609031995
306512.5568143072
316561.5742000754
326854.1726311376
337390.58663816383
348170.9773457093
359195.43315485737
370463.97601824004
381976.55972239986
393733.07530042535
405733.3530676388
417977.1619147798
430464.21579816594
443194.1745884672
456166.6471287947
469381.1936538936
482837.32848246995
496534.5230299162
510472.2081088614
524649.7768190559
539066.5869467009
553721.9638578221
568615.2026160978
583745.5707411321
599112.3104655272
614714.6412021325
630551.7617231407
646622.8524213703
662927.077490845
679463.5868223367
696231.5180934365
713229.9987713228
730458.1480880666
747915.086187186
765599.904211004
783511.7041290503
801649.60619136
820012.703143049
838600.096614602
857410.8908416372
876444.1935962145
895699.1165803563
915174.7777248208
934870.3009622607
954784.8180016491
974917.4687585159
995267.4020482337
1.0158337769692964e6
1.0366157629366226e6
1.0576125406170476e6
1.07882330210844e6
1.1002472522535264e6
1.1218836125392253e6
1.1437316029454356e6
1.1657904774451067e6
1.1880594909879945e6
1.2105379156771896e6
1.233225039441037e6
1.2561201598686166e6
1.2792225968485796e6
1.3025316797534921e6
1.3260467554535996e6
1.3497671846353305e6
1.3736923440562268e6
1.3978216250445838e6
1.4221544349980843e6
1.4466901959062242e6
1.4714283455578918e6
1.4963683351766001e6
1.5215096351034776e6
1.5468517256396543e6
1.5723941046984731e6
1.5981362840361982e6
1.624077791686335e6
1.650218165753324e6
1.6765569641579888e6
1.7030937550392002e6
1.7298281239945944e6
1.7567596657041798e6
1.7838879909390558e6
1.8112127248349153e6
1.8387335017783106e6
1.866449974589823e6
1.894361802963124e6
1.9224686613684807e6
1.9507702392826667e6
1.9792662339302523e6
2.0079563552075638e6
2.0368403247535622e6
2.0659178768828996e6
2.0951887547490366e6
2.124652713967462e6
2.1543095211021537e6
2.1841589452440073e6
2.214200778807242e6
2.2444348142968696e6
2.2748608567117397e6
2.3054787208387186e6
2.3362882281959495e6
2.3672892110229344e6
2.398481509967556e6
2.429864973287207e6
2.4614394599931603e6
2.4932048321201764e6
2.5251609634199496e6
2.557307733103974e6
2.589645028850591e6
2.6221727459937255e6
2.654890781829884e6
2.6877990474376385e6
2.7208974561304743e6
2.754185928204669e6
2.787664389524321e6
2.8213327711640005e6
2.8551910133783747e6
2.8892390590633526e6
2.923476856036996e6
2.9579043579916977e6
2.9925215238031666e6
3.0273283168753516e6
3.0623247040753076e6
3.0975106611308907e6
3.1328861625390337e6
3.168451189930937e6
3.204205728213483e6
3.240149766350635e6
3.2762832969111875e6
3.312606316036408e6
3.349118821651529e6
3.3858208222467396e6
3.4227123181366157e6
3.459793319487702e6
3.4970638413744196e6
3.534523896745791e6
3.5721735027990895e6
3.6100126803902956e6
3.6480414529293617e6
3.6862598441756936e6
3.7246678826197274e6
3.763265597453745e6
3.802053020459963e6
3.8410301854156144e6
3.8801971275874227e6
3.9195538846239056e6
3.9591004955356345e6
3.998837001045713e6
4.03876344347163e6
4.0788798664645376e6
4.11918631593646e6
4.159682837333394e6
4.20036947901554e6
4.241246289898804e6
4.282313320075655e6
4.323570621565911e6
4.3650182439960735e6