82872.71591640529
82987.98284660178
83295.43720006061
83795.28542305811
84487.86156587055
85373.62524550685
86453.15497486139
87727.14629108281
89196.41136940315
90861.91851727534
92724.63381701687
94785.70359805031
97046.32677128431
99507.8189693419
102171.53308957184
105038.90794163258
108111.43576992417
111390.66036753348
114878.16200335117
118575.56215754533
122484.49606667858
126606.63576346225
130943.62795361478
135497.14188480432
140268.83360920902
145260.34656421174
150473.29490474952
155909.26743961903
161569.81966384003
167456.4639070939
173570.6613688262
179913.8328914972
186487.32917365126
193292.4504006042
200330.431390714
207602.43767253376
215109.57059941036
222852.8527834587
230833.24114742564
239051.61447447023
247508.77597990012
256205.40555293803
265142.29894245905
274319.88840273453
283738.7194594154
293399.2153839661
303301.74509435415
313446.5673232777
323833.89710067026
334463.8713399628
345336.5603088377
356451.97113642364
367810.04098666296
379410.65208951756
391253.624118923
403338.72153825685
415665.6533033255
428234.07760401187
441043.60331280134
454093.79271851433
467384.16424968885
480914.19481954386
494683.32270189794
508690.94991016353
522936.44438645476
537419.1435031313
552138.3551920857
567093.3613006618
582283.4194178842
597707.7653623554
613365.6153244514
629256.1680071866
645378.6066882145
661732.1011687054
678315.8098148472
695128.8812399637
712170.4560778573
729439.6691588095
746935.6498793
764657.5254048102
782604.4210457581
800775.4611093535
819169.7727508084
837786.4699051047
856624.7252428584
875683.6346282593
894962.3532057172
914460.0302520923
934175.8210875795
954108.8902860926
974258.4110639446
994623.5664151111
1.0152035498712879e6
1.0359975658851052e6
1.0570048301530578e6
1.078224570902159e6
1.09965602875358e6
1.121298457503748e6
1.143151123804552e6
1.1652133047792634e6
1.1874843013027562e6
1.2099634157927774e6
1.23264997293301e6
1.2555433086820461e6
1.2786427757101657e6
1.3019477394096912e6
1.3254575816376884e6
1.3491716975602056e6
1.3730894977897136e6
1.397210408133238e6
1.4215338688231348e6
1.4460593349988288e6
1.4707862782131718e6
1.4957141776149506e6
1.5208425376868597e6
1.5461708701524017e6
1.5716987026066338e6
1.5974255765812946e6
1.623351047616085e6
1.6494746875133943e6
1.6757960773692576e6
1.7023148146797866e6
1.729030510203264e6
1.7559427884252544e6
1.7830512831063708e6
1.8103556440578972e6
1.8378555330346667e6
1.8655506240141976e6
1.8934406000277682e6
1.9215251624147864e6
1.9498040180682507e6
1.9782768875425134e6
2.0069435012695633e6
2.0358036028817405e6
2.0648569447218962e6
2.0941032908564287e6
2.1235424135456947e6
2.153174098994015e6
2.1829981344358977e6
2.2130143282507863e6
2.2432224902369753e6
2.273622441351391e6
2.3042140110496255e6
2.3349970377730355e6
2.36597136757043e6
2.397136854994581e6
2.42849336287764e6
2.460040761067441e6
2.491778926499964e6
2.52370774619869e6
2.555827109430444e6
2.588136915871446e6
2.620637071599666e6
2.653327486820777e6
2.686208079747206e6
2.7192787748588654e6
2.7525395020938595e6
2.7859901965945424e6
2.81963079950848e6
2.8534612585353367e6
2.8874815224295193e6
2.9216915491199973e6
2.956091299656342e6
2.990680739961978e6
3.025459840338524e6
3.0604285755262715e6
3.0955869251839295e6
3.13093487110054e6
3.1664724004957587e6
3.202199504008737e6
3.2381161749647134e6
3.2742224147981536e6
3.310518216977479e6
3.347003592964231e6
3.383678545649665e6
3.4205430884605814e6
3.457597233566238e6
3.494840999247879e6
3.532274397413018e6
3.5698974536407804e6
3.6077101880770815e6
3.6457126329977107e6
3.6839048109771437e6
3.722286753492327e6
3.760858492500301e6
3.799620062304883e6
3.838571498320445e6
3.877712839735164e6
3.917044122214423e6
3.956565391252319e6
3.996276684780871e6
4.036178049931643e6
4.076269530697146e6
4.116551174186751e6
4.157023027173936e6
4.197685139085513e6
4.238537559758762e6
4.279580340288755e6
4.320813532369774e6
4.362237189043572e6