422441.2782029398
422448.0945867961
422466.6086468897
422497.2373248987
422541.0453267802
422599.27734710707
422673.4920738628
422765.7035306161
422878.15677912487
423013.5753564371
423174.7628317344
423365.0416729471
423587.96184063016
423847.28649499756
424147.162123775
424491.88729363936
424886.0604812602
425334.5058589211
425842.1706544709
426414.3948432974
427056.6236545987
427774.24598435475
428573.0891398743
429458.989138689
430437.15787711146
431515.95161361306
432699.18932855956
433994.04532617994
435406.63163658115
436943.34010035056
438610.553424562
440414.6278730817
442361.9526895549
444458.8857145265
446711.77674644324
449126.73169177934
451710.6111887932
454469.0167859086
457408.28756019403
460534.4605971873
463853.52383779746
467371.33643516805
471093.6619075666
475026.1687997624
479174.36261587276
483543.6476986506
488139.31897544453
492966.48570330127
498030.1786073507
503335.1894631138
508886.2282951821
514687.8141539894
520744.32121084596
527059.9450032575
533638.7341079527
540484.5500686382
547601.0976369908
554991.8910331222
562660.2932292484
570609.4805322669
578842.5776501278
587362.0555026655
596170.9318185002
605271.5723014066
614666.2907167915
624357.2215570719
634346.3376962711
644635.4435425611
655226.1807714334
666120.010101362
677318.2557972616
688822.0751472611
700632.4615028971
712750.266851326
725176.1887101065
737910.7811426251
750954.4560131587
764307.4877719595
777970.0167635109
791942.0535343692
806223.4829086484
820814.0682435669
835713.455632719
850921.1813327291
866436.6621915713
882259.2331929223
898388.0990674356
914822.3978600993
931561.1662836575
948603.3524163817
965947.8364934702
983593.3976812018
1.001538762291534e6
1.0197825886119555e6
1.0383234628083389e6
1.0571599207662218e6
1.0762904398537823e6
1.0957134406032898e6
1.1154273090316483e6
1.1354303820914943e6
1.1557209607192744e6
1.1762973093821574e6
1.1971576644866057e6
1.2183002329202024e6
1.2397231989593757e6
1.2614247283342257e6
1.283402971757308e6
1.3056560532169207e6
1.3281821132212442e6
1.3509792525243773e6
1.374045586974918e6
1.3973793018672913e6
1.420978295375857e6
1.444840892193364e6
1.4689651348143138e6
1.4933491776407005e6
1.51799110908042e6
1.5428891136364047e6
1.5680413521303886e6
1.5934459932947238e6
1.6191012389423563e6
1.6450052734145634e6
1.671156407875085e6
1.6975528238750685e6
1.7241928251667453e6
1.751074712515869e6
1.7781968149499884e6
1.8055574860518174e6
1.8331551162151382e6
1.860988077951527e6
1.889054841929516e6
1.9173538634219351e6
1.9458836265668052e6
1.9746426660628973e6
2.0036295291268048e6
2.0328428152043456e6
2.0622811011887146e6
2.0919430604084725e6
2.1218273685455886e6
2.151932732423313e6
2.182257876309943e6
2.2128015885262443e6
2.24356265371476e6
2.274539921296222e6
2.3057322392357085e6
2.3371385031676423e6
2.3687576367473505e6
2.4005885942213344e6
2.4326303575436566e6
2.46488193997421e6
2.49734238389869e6
2.5300107586537465e6
2.562886170033361e6
2.5959677327446165e6
2.6292546029097317e6
2.662745973086517e6
2.696441052041269e6
2.7303390573564842e6
2.764439269544958e6
2.79874096533683e6
2.8332434594615013e6
2.867946090896077e6
2.9028482018960644e6
2.937949193085425e6
2.9732484642000375e6
3.008745447150892e6
3.044439586303953e6
3.080330357770923e6
3.116417247711322e6
3.152699779595631e6
3.189177477311914e6
3.2258498956051194e6
3.2627166042369804e6
3.29977719545332e6
3.3370312741710795e6
3.37447846717521e6
3.412118416525611e6
3.4499507749181637e6
3.487975225645107e6
3.526191449422641e6
3.56459915989829e6
3.603198071328266e6
3.64198791966431e6
3.6809684531594417e6
3.720139431339964e6
3.7595006560704256e6
3.79905184374506e6
3.8387928463037475e6
3.878723477639426e6
3.918843582502764e6
3.959152923107047e6
3.999651380608061e6
4.040338808763565e6
4.08121507090422e6
4.1222800481309607e6
4.163533615281055e6
4.204975667471552e6
4.246606105394559e6
4.288424839351026e6
4.3304317863080595e6