107882.92080561278
107988.09083171698
108268.64014551477
108724.82948697198
109357.08023450375
110165.97362775038
111152.24609412605
112316.78576969626
113660.64460536951
115184.28243579503
116891.00905141255
118780.29452365011
120854.339018626
123114.78827169814
125563.42504724974
128202.0716669388
131032.69655290732
134057.19968272184
137277.7563874822
140696.4265619665
144315.36844682545
148136.76805332684
152162.83422486388
156395.93324277384
160837.8147586684
165491.16051883172
170358.0071952355
175440.52394937785
180740.8467771757
186261.08577067425
192003.28190110056
197969.43936426265
204161.49409232652
210581.32368273786
217230.73642551395
224111.47025525765
231225.1712689818
238573.42016833965
246157.70711922375
253979.43920751513
262039.93250466304
270340.41959064326
278882.0385733326
287665.8235111027
296692.7487490396
305963.6737800145
315479.37254244427
325240.531995625
335247.74911238486
345501.5334304047
356002.30934856297
366750.41801686876
377746.11852760124
388989.5890437849
400480.9328861161
412220.1772215627
424207.2768546415
436442.1216719613
448924.52359704487
461654.2439901057
474630.97547246935
487854.3547030394
501323.96965207416
515039.33115126844
528999.9375973511
543205.2168714802
557654.5593616015
572347.3149002043
587282.7958040121
602460.2793660096
617879.0106287207
633538.2050731118
649437.0513142932
665574.7131044455
681950.3326799467
698563.0322749799
715411.9168438485
732496.0761651922
749814.5870633813
767366.5162226688
785150.9170387593
803166.8423533898
821413.3348942846
839889.4352712884
858594.1815765251
877526.6116936718
896685.7639071705
916070.6793172285
935680.4027262161
955513.9803211426
975570.4748233357
995848.9407153714
1.0163484508504126e6
1.0370680838727269e6
1.0580069280946595e6
1.0791640840053365e6
1.100538661111882e6
1.1221297827929142e6
1.1439365829517806e6
1.165958210630095e6
1.1881938272052426e6
1.2106426103520384e6
1.2333037452095617e6
1.256176443595203e6
1.2792599221380134e6
1.3025534178479663e6
1.3260561815452822e6
1.349767480959523e6
1.3736865992413461e6
1.3978128356908015e6
1.4221455061085084e6
1.4466839423760136e6
1.471427493413881e6
1.4963755241619248e6
1.52152740742961e6
1.546882557327382e6
1.572440373002198e6
1.5982002888254384e6
1.6241617483776193e6
1.6503242097281509e6
1.6766871606336317e6
1.7032500751235324e6
1.730012491367739e6
1.7569739044602532e6
1.7841338643407426e6
1.8114919206855535e6
1.8390476428119577e6
1.8668006103289241e6
1.8947504252331962e6
1.922896694905286e6
1.95123904092877e6
1.979777105384163e6
2.0085105361728577e6
2.0374389956815355e6
2.0665621635464171e6
2.095879727387388e6
2.125391388606365e6
2.155096859402436e6
2.1849958659378705e6
2.2150881443161126e6
2.2453734404463954e6
2.2758515140992957e6
2.306522133708643e6
2.3373850793770715e6
2.3684401395016797e6
2.399687114242876e6
2.431125812599669e6
2.4627560528907934e6
2.494577662847696e6
2.5265904794248194e6
2.5587943463313347e6
2.591189118379644e6
2.6237746569907144e6
2.656550830962177e6
2.6895175196923316e6
2.7226746061030887e6
2.756021983623675e6
2.7895595508665657e6
2.8232872132916567e6
2.8572048839449766e6
2.8913124828797914e6
2.9256099342180453e6
2.9600971700086696e6
2.9947741260389527e6
3.029640746194314e6
3.064696978527149e6
3.099942777006523e6
3.1353780990293846e6
3.17100290896064e6
3.206817174634488e6
3.242820867727691e6
3.279013967031952e6
3.3153964543419345e6
3.3519683131288043e6
3.3887295345012145e6
3.4256801108796215e6
3.4628200397694013e6
3.500149321336286e6
3.5376679593538726e6
3.5753759611415965e6
3.6132733365227696e6
3.651360100199188e6
3.6896362644790728e6
3.7281018517066985e6
3.76675688200383e6
3.8056013794323504e6
3.8446353705855515e6
3.8838588842963018e6
3.923271950392387e6
3.9628746030014204e6
4.0026668766770186e6
4.0426488085654397e6
4.082820437122804e6
4.123181803873225e6
4.16373294904253e6
4.204473922124728e6
4.245404755232891e6
4.286525507021144e6
4.327836224014296e6
4.369336950800472e6