95088.1770693301
95198.49725200489
95492.77042953935
95971.23058805117
96634.25593166021
97482.36739501558
98516.22620576152
99736.62260404174
101144.49089837019
102740.87199488338
104526.93339718852
106503.96076960236
108673.3264742796
111036.51756060836
113595.23642704831
116350.70825497402
119305.06100816323
122459.93457492892
125817.15188606133
129378.5737006579
133146.11122061996
137121.66982138125
141307.2174583023
145704.6624691329
150315.95639201006
155143.02464669608
160187.78011681736
165452.0870615626
170937.8076263093
176646.74262496005
182580.65151976675
188741.2372950421
195130.1474319308
201748.9649485046
208599.21705416086
215682.3460040151
222999.73081138273
230552.65573342107
238342.35634621905
246369.9651511062
254636.5406876712
263143.0549695152
271890.40486298036
280879.3820804843
290110.72051989334
299585.06496336055
309302.9688640578
319264.90110148967
329471.2658434962
339922.3801713302
350618.4830874085
361559.74169824156
372746.25014671544
384178.02829483955
395855.0326955704
407777.15266611637
419944.203378004
432355.977870906
445012.1556070079
457912.3977666055
471056.3039907898
484443.4246033537
498073.26218488347
511945.2752768971
526058.8826610604
540413.462740111
555008.3586165525
569842.8799683322
584916.3057067181
600227.8864917737
615776.8472962016
631562.3893296204
647583.6941932365
663839.9226672073
680330.2202161871
697053.7175948918
714009.5330061787
731196.7746374295
748614.5405945429
766261.9240293943
784138.0121016701
802241.8883104764
820572.6335093274
839129.3300362361
857911.0596852435
876916.9056170133
896145.9564527331
915597.3043398731
935270.0471472057
955163.2892959041
975276.1432929249
995607.7295917685
1.0161571784706264e6
1.0369236301077898e6
1.0579062348250805e6
1.0791041565220454e6
1.1005165686867167e6
1.1221426586512262e6
1.1439816262323821e6
1.1660326849976634e6
1.18829506245976e6
1.21076800003051e6
1.2334507546643391e6
1.2563425949757032e6
1.2794428091870965e6
1.3027506963565475e6
1.326265574489545e6
1.3499867740457081e6
1.37391364232957e6
1.3980455420821584e6
1.4223818515476556e6
1.446921964514259e6
1.4716652915654655e6
1.4966112527261823e6
1.5217592976374612e6
1.5471088746327844e6
1.5726594570244402e6
1.5984105306621531e6
1.624361597647732e6
1.650512172935001e6
1.676861788012038e6
1.7034099883057424e6
1.7301563351253914e6
1.7571004007342914e6
1.7842417734624892e6
1.8115800573307353e6
1.8391148628154704e6
1.8668458245809483e6
1.8947725803421007e6
1.9228947861453407e6
1.9512121086964395e6
1.979724229687472e6
2.0084308394964628e6
2.0373316414178247e6
2.0664263534518643e6
2.0957147004639674e6
2.1251964224040452e6
2.1548712675106507e6
2.1847389942802433e6
2.2147993753436655e6
2.245052189883408e6
2.2754972289183848e6
2.3061342923397357e6
2.3369631904084636e6
2.3679837412863956e6
2.3991957727687266e6
2.4305991218973435e6
2.4621936315587e6
2.493979160024869e6
2.525955565214262e6
2.5581227171887024e6
2.59048049313456e6
2.62302877725809e6
2.6557674587611267e6
2.6886964396465914e6
2.721815623585902e6
2.755124922769273e6
2.7886242545175795e6
2.8223135431835596e6
2.8561927190607954e6
2.8902617188975397e6
2.924520481377569e6
2.958968959624727e6
2.9936070997949443e6
3.028434861003479e6
3.063452205431636e6
3.0986591006929204e6
3.134055516887913e6
3.1696414304896053e6
3.205416821587099e6
3.2413816732005132e6
3.277535974520547e6
3.3138797172622085e6
3.350412893630751e6
3.387135510262109e6
3.4240475622391966e6
3.4611490563759687e6
3.4984400026212293e6
3.5359204157778285e6
3.5735903051054915e6
3.6114496896440797e6
3.649498590505071e6
3.687737028371756e6
3.726165028936333e6
3.7647826197490897e6
3.803589830038054e6
3.8425866914662076e6
3.881773237388732e6
3.9211495034805406e6
3.9607155270907693e6
4.0004713472334044e6
4.040417004767797e6
4.080552541927849e6
4.1208780035720877e6
4.161393433186312e6
4.202098878587615e6
4.24299438764793e6
4.284080007995783e6
4.325355795094072e6
4.366821793464061e6