536420.6363685118
536402.1576254155
536353.0821775086
536274.0330104011
536166.0205350314
536030.3374793432
535868.5244412924
535683.328717299
535476.5594445192
535251.1613479728
535010.3157923438
534757.4915835476
534496.6240292889
534231.252851664
533966.3250904519
533706.803437496
533456.089461031
533220.9070516106
533005.974058748
532817.1708612953
532660.3739269263
532541.3559962243
532466.4699615655
532442.0587536773
532474.6048177001
532570.7858671057
532737.1079129253
532981.0864647967
533308.9684311367
533727.9967446345
534245.216392189
534867.7189777378
535602.623220269
536457.0633615626
537438.1626878143
538553.0523298512
539808.8383496683
541212.5789732493
542771.3322507796
544491.5775300236
546381.4408728098
548446.6004324858
550694.1624005694
553130.7869983194
555763.0030008096
558597.2380457195
561639.8566908388
564897.0215738532
568374.8530723333
572079.2466208044
576016.0093165495
580190.8027210883
584609.1252098258
589276.3203354526
594197.5825423222
599377.935353835
604822.2447788742
610535.1964745645
616521.3149908375
622784.9462426358
629330.261205564
636161.2531582164
643281.7332199697
650695.3442479259
658405.5394897184
666415.5811012558
674728.5652472986
683347.4049912
692274.8256933282
701513.3729466845
711065.4183600568
720933.1522068812
731118.5856763278
741623.563026383
752449.7444919148
763598.6208586915
775071.5325659591
786869.6225987535
798993.8924918597
811445.1755462788
824224.1516565046
837331.3440089077
850767.1261476587
864531.7248384474
878625.2238643232
893047.5679587892
907798.5704582112
922877.9004048767
938285.1193638104
954019.6581945167
970080.826057275
986467.8248645865
1.0031797486157151e6
1.0202155708825849e6
1.0375742002246389e6
1.0552544185005524e6
1.0732549325034255e6
1.0915743599769517e6
1.1102112408095957e6
1.129164035824908e6
1.148431138545757e6
1.1680108727495936e6
1.187901502713141e6
1.2081012343043927e6
1.2286082165197716e6
1.2494205563682718e6
1.2705363164556255e6
1.2919535074228607e6
1.3136701246485992e6
1.3356841131067898e6
1.357993389273749e6
1.380595865209686e6
1.4034894133497744e6
1.426671891493318e6
1.450141154317072e6
1.4738950405850327e6
1.497931370201563e6
1.522247981824914e6
1.5468426940379571e6
1.571713339882392e6
1.5968577482452253e6
1.622273778450621e6
1.6479592228327014e6
1.6739120018122543e6
1.7001299680646146e6
1.7266110165977096e6
1.7533530568923755e6
1.7803539877133775e6
1.807611849441043e6
1.835124532799267e6
1.8628900647321525e6
1.8909064738492316e6
1.9191718036443307e6
1.9476841508456266e6
1.9764416196845237e6
2.0054423725198873e6
2.034684533965281e6
2.0641663591204165e6
2.0938860719967915e6
2.123841946551745e6
2.154032289238389e6
2.1844554414409194e6
2.2151097829182497e6
2.245993720039635e6
2.2771057088544713e6
2.308444226387456e6
2.3400077893768605e6
2.371794956767909e6
2.4038043176864013e6
2.4360344934102185e6
2.468484149017332e6
2.5011519797551567e6
2.5340367356271083e6
2.5671371238049e6
2.6004520370656624e6
2.633980214429947e6
2.6677205842589196e6
2.7016720135948127e6
2.735833465788904e6
2.7702038960272674e6
2.804782309408834e6
2.839567730685493e6
2.874559226726919e6
2.9097558902069177e6
2.945156866504892e6
2.980761263846522e6
3.01656828658344e6
3.052577148160046e6
3.088787084025546e6
3.1251973618904827e6
3.1618072750608246e6
3.198616140990319e6
3.235623305419308e6
3.2728281411734144e6
3.3102300366424015e6
3.3478284193875897e6
3.385622722778473e6
3.423612416649396e6
3.4617969850960984e6
3.5001759325336483e6
3.5387487993308064e6
3.5775151341092894e6
3.6164744811112406e6
3.6556264656918896e6
3.6949706776454505e6
3.7345067494114935e6
3.774234322005946e6
3.8141530599769466e6
3.854262637006309e6
3.894562753509758e6
3.9350531158013586e6
3.975733453264524e6
4.016603506502267e6
4.0576630275558447e6
4.0989117885221597e6
4.1403495729764784e6
4.1819761706529977e6
4.223791394231212e6
4.265795067737874e6
4.307987017474895e6