454947.0351817027
454946.22324998083
454944.35329606675
454941.9293835093
454939.9483893899
454939.68041206826
454942.7982040363
454951.3064256632
454967.5463704945
454994.270319378
455034.3059177814
455092.3101259718
455168.30366981553
455269.7272908854
455399.6278538542
455562.4260404223
455762.81554657756
456005.7567268113
456296.308083753
456639.96545033425
457042.3273414661
457508.918411616
458045.73332157475
458658.78407812444
459353.4493268969
460138.3037878921
461017.32157573826
461997.92164119077
463086.39570519596
464289.3666363399
465613.4433684263
467065.2182072103
468651.3226355782
470378.3694656567
472252.9558813141
474281.1627194979
476471.0195807655
478827.5109652708
481357.5499457638
484067.4948572209
486963.6024334129
490052.0501200013
493338.9119123084
496830.166075803
500531.6495295599
504449.09447417443
508588.1031690028
512954.14413733874
517552.5829328563
522388.5500243765
527467.090266889
532793.0857325537
538371.2515066722
544206.1329087137
550302.1291505094
556663.4569250974
563294.1708101777
570198.1371233924
577379.068395959
584840.4899910996
592585.7533265492
600618.0328165862
608940.3304146249
617555.4657755906
626466.085752908
635674.6530407553
645183.4672298558
654994.6515947048
665110.155180686
675531.751962447
686262.4917623643
697299.5227773942
708648.4247664232
720308.8911140244
732281.8858560158
744568.2213959742
757168.5581703011
770083.4104628421
783313.1479289187
796858.001019361
810718.0641030802
824893.299767249
839383.5428274595
854188.5048951562
869307.7781398017
884740.8463649877
900487.0618548209
916545.6977614864
932915.9152636158
949596.7771396005
966587.255023104
983886.2352611896
1.0014925229018417e6
1.0194048314744264e6
1.0376218239547149e6
1.0561420782244517e6
1.074964112119523e6
1.0940863786112056e6
1.1135072846132233e6
1.1332251762170899e6
1.1532383580622151e6
1.1735450899355821e6
1.194143588352276e6
1.2150320437562875e6
1.2362086020709588e6
1.2576713969440346e6
1.2794185307178376e6
1.3014480763365724e6
1.3237581095570633e6
1.3463466782750282e6
1.3692118111907379e6
1.3923516258836049e6
1.415763934420315e6
1.4394469769133562e6
1.4633987040435802e6
1.4876170644199473e6
1.512100354239015e6
1.5368463591082566e6
1.5618532169427695e6
1.5871189978429019e6
1.6126417868160969e6
1.638419681285448e6
1.6644507848883986e6
1.690733221634425e6
1.717265221857321e6
1.7440448872480704e6
1.771070442877334e6
1.7983401205623467e6
1.8258521727027174e6
1.8536048749844665e6
1.8815965420868313e6
1.9098255100711926e6
1.9382901351869986e6
1.9669888269985549e6
1.9959200042102209e6
2.0250821417143797e6
2.05447368903318e6
2.084093194250081e6
2.113939211521484e6
2.144010324004911e6
2.174305138720055e6
2.204822312500221e6
2.2355605264259498e6
2.2665184951410545e6
2.2976949639668353e6
2.3290887152692117e6
2.360698555333269e6
2.392523328486821e6
2.4245619101458215e6
2.456813205194824e6
2.489276152803753e6
2.5219497186603667e6
2.5548329021513993e6
2.5879247329661204e6
2.6212242646910786e6
2.6547305903809266e6
2.6884428298895955e6
2.7223601090475777e6
2.756481621718356e6
2.7908065592914354e6
2.825334148562536e6
2.8600636530432976e6
2.8949943268895634e6
2.9301255004363013e6
2.9654564949221537e6
3.0009866655856483e6
3.036715389943111e6
3.0726420701571545e6
3.1087661302678236e6
3.145087022657294e6
3.1816042102234615e6
3.218317183991899e6
3.2552254557808596e6
3.292328557846859e6
3.3296260392710813e6
3.3671174723801846e6
3.4048024444238297e6
3.442680563495901e6
3.480751489977239e6
3.5190147927445034e6
3.5574701713234433e6
3.5961172963344096e6
3.634955860748013e6
3.6739855706020496e6
3.713206146761604e6
3.752617352207624e6
3.792218864605346e6
3.8320105000700406e6
3.871992037383054e6
3.912163254102765e6
3.9525239511381625e6
3.99307394615678e6
4.0338130921739344e6
4.074741162790054e6
4.1158580364012285e6
4.1571635705551426e6
4.198657632671222e6
4.240340098523445e6
4.2822108569823e6
4.324269800556317e6