265647.9691144352
265697.45654600835
265829.5957005505
266042.5045332954
266344.0275078311
266728.1478895295
267198.5589513775
267756.98292113625
268405.09565717645
269145.29587993753
269979.86646462866
270911.5203532212
271943.1741978302
273077.93596586934
274319.1631925864
275670.384185885
277135.3149140876
278717.85404885845
280422.05442306714
282252.11558318813
284212.3409394441
286307.16921356705
288541.12578591716
290918.83286038786
293444.96201229654
296124.23456704983
298961.4252348007
301961.34625299554
305128.8422204391
308468.64309590386
311985.57727308874
315684.4204187213
319569.88396823336
323646.6516699349
327919.3459575717
332392.52928013675
337070.67371805897
341958.16391850467
347058.9491287055
352378.1806355884
357918.9982924235
363685.4045221496
369682.05400144384
375911.84679310815
382378.6214852744
389085.8198065794
396036.77133192844
403234.63150847016
410682.4173690319
418383.00387515046
426339.11578986765
434553.3346975391
443028.0829431957
451765.6387494053
460768.12934951455
470037.54405730095
479575.7109329867
489384.3112599108
499464.8867029337
509818.83593884856
520447.41474548215
531351.7430009873
542532.79982842
553991.4375590651
565728.3749914613
577744.2043339619
590039.3940421742
602614.292748525
615469.1358193383
628604.0439364252
642019.0297591151
655714.0013115283
669688.7664870863
683943.0366089018
698476.4308447342
713288.4800359707
728378.6311477964
743746.251231328
759390.6315908786
775310.9915965218
791506.483554148
807976.195557324
824719.1573476043
841734.3416217479
859020.673445644
876577.0161341991
894402.208833814
912495.0380688107
930854.2543021983
949478.5749546885
968366.6895065643
987517.257942663
1.0069289138769135e6
1.0266002767760258e6
1.0465299429335991e6
1.0667164971772535e6
1.0871585070352845e6
1.1078545355912615e6
1.1288031337625145e6
1.150002851797837e6
1.1714522368674863e6
1.1931498297976751e6
1.2150941824927256e6
1.2372838436972718e6
1.2597173688225786e6
1.2823933223900772e6
1.3053102814700038e6
1.3284668204240229e6
1.3518615358203575e6
1.3754930308852242e6
1.3993599256389227e6
1.4234608677318762e6
1.447794502525727e6
1.4723595092208227e6
1.4971545714419025e6
1.5221784075512965e6
1.5474297344506537e6
1.5729072973996433e6
1.598609883773976e6
1.6245362801564871e6
1.6506853031445565e6
1.6770557877463386e6
1.703646598088102e6
1.7304566199474582e6
1.7574847568930665e6
1.7847299459880567e6
1.812191142791531e6
1.839867326837218e6
1.8677575048127496e6
1.8958607011791277e6
1.9241759745337907e6
1.9527024006776914e6
1.9814390771107723e6
2.0103851316097095e6
2.039539721570502e6
2.0689019935779907e6
2.098471168619273e6
2.1282464426435335e6
2.158227132180961e6
2.1884123706886154e6
2.218801546549348e6
2.249393934879585e6
2.2801888740525036e6
2.311185711059074e6
2.3423838213409595e6
2.373782599557217e6
2.405381458430019e6
2.4371798339391826e6
2.4691771804059697e6
2.501372970817969e6
2.533766695062506e6
2.566357878446279e6
2.5991460208287505e6
2.6321307006287053e6
2.6653114643892436e6
2.6986878983819475e6
2.732259599820292e6
2.7660261847998165e6
2.799987281494537e6
2.834142536993444e6
2.8684916091898717e6
2.9030341765506617e6
2.9377699247085117e6
2.9726985598446964e6
3.0078197975993403e6
3.0431333731705784e6
3.0786390230188402e6
3.114336505526612e6
3.150225586656013e6
3.186306046752773e6
3.2225776793375327e6
3.2590402825707844e6
3.2956936702947193e6
3.3325376658398327e6
3.3695721022022194e6
3.4067968224372477e6
3.444211679408069e6
3.4818165339637045e6
3.519611257539175e6
3.55759572955196e6
3.595769835530062e6
3.634133471799723e6
3.672686544981567e6
3.7114289618463963e6
3.750360638401038e6
3.7894815111438865e6
3.828791501627936e6
3.8682905529079596e6
3.9079785985780777e6
3.9478556012064544e6
3.9879215201587584e6
4.0281763086604876e6
4.068619939033621e6
4.1092523822770044e6
4.1500736171114547e6
4.1910836253618626e6
4.232282396044648e6
4.2736699192902325e6
4.315246191834731e6
4.357011213062235e6