273576.85571557056
273623.9212559705
273749.6041324
273954.3934905434
274239.05409005686
274604.6756736389
275052.6154288586
275584.52968873456
276202.33490331
276908.2729625325
277704.7198110174
278594.42580537224
279580.3534184074
280665.5433100419
281853.768656542
283148.24558188336
284552.87105135
286071.60925583757
287708.58089319954
289468.05230495724
291354.40745339845
293372.15807200305
295525.9130118205
297820.3736260812
300260.3041902136
302850.5128882086
305595.8651749983
308501.27363178425
311571.67766210367
314811.9060888223
318226.8903447771
321821.512148867
325600.58634438843
329568.9067056551
333731.20429384924
338092.15450033
342656.3365117082
347428.2532665923
352411.95842309046
357612.7387943225
363033.8287210176
368679.64149395854
374554.0836587369
380661.03348824993
387004.1584403239
393587.014585027
400413.0432929517
407485.5145737227
414807.5594663092
422382.1631449774
430212.1562805613
438300.23996703175
446648.9321560812
455260.6191371457
464137.5373281052
473281.7662907123
482695.2367174075
492379.7228263767
502336.86857453466
512568.15812985745
523074.93682433193
533858.4079617149
544919.6365154451
556259.5511550622
567878.9494761201
579778.4936317921
591958.7246988484
604420.0571483809
617162.7898899819
630187.1035373615
643493.067523903
657080.6430730682
670949.6881598486
685099.9605470193
699531.1226514863
714242.7451606238
729234.311596575
744505.2222383069
760054.7984170237
775882.2863151059
791986.86193069
808367.6339316948
825023.6497039113
841953.8964750249
859157.3112007723
876632.7659513656
894379.1062127064
912395.1222004183
930679.56531142
949231.1516577045
968048.5672506264
987130.4653354882
1.006475472271585e6
1.0260821966135337e6
1.0459492226552654e6
1.0660751211998784e6
1.0864584436685252e6
1.1070977353852477e6
1.127991528525184e6
1.1491383536794502e6
1.1705367339668307e6
1.1921851882967795e6
1.2140822430830407e6
1.2362264262970863e6
1.258616262592636e6
1.281250284161508e6
1.3041270395807098e6
1.3272450733794733e6
1.3506029653934168e6
1.374199275483395e6
1.3980326065244502e6
1.4221015600837208e6
1.4464047596185154e6
1.470940841826059e6
1.4957084623704448e6
1.5207063085682674e6
1.5459330597084735e6
1.5713874319749451e6
1.597068178778445e6
1.622974053353056e6
1.6491038394191414e6
1.6754563382337713e6
1.7020303817780246e6
1.7288248227116687e6
1.75583853240517e6
1.7830704152134678e6
1.8105193953182364e6
1.8381844202278662e6
1.8660644651931014e6
1.8941585245602212e6
1.922465625653388e6
1.950984814633303e6
1.9797151560060543e6
2.008655754306252e6
2.0378057348600817e6
2.0671642148328992e6
2.0967303889103176e6
2.1265034420399163e6
2.156482586312746e6
2.1866670605678298e6
2.2170561298417053e6
2.2476490702884845e6
2.278445195540418e6
2.309443828345798e6
2.340644321883116e6
2.372046046106139e6
2.4036483915705318e6
2.435450772189708e6
2.467452620307555e6
2.4996533895877707e6
2.532052549178792e6
2.5646495934940674e6
2.597444031096938e6
2.630435390946217e6
2.663623216431677e6
2.6970070735426606e6
2.7305865415761787e6
2.7643612203353527e6
2.798330721495164e6
2.832494675286443e6
2.8668527251891824e6
2.901404535053813e6
2.9361497743589766e6
2.971088136773455e6
3.006219323720429e6
3.0415430576064284e6
3.0770590616655163e6
3.112767081298371e6
3.148666873006139e6
3.1847582030762993e6
3.2210408550000554e6
3.25751461594735e6
3.294179289327619e6
3.3310346885515223e6
3.3680806366012436e6
3.4053169677461763e6
3.44274352534268e6
3.480360160905826e6
3.518166741399497e6
3.5561631330231363e6
3.594349217405116e6
3.632724881064195e6
3.671290024664173e6
3.7100445476838704e6
3.74898836341865e6
3.788121391100405e6
3.82744355724991e6
3.866954789494724e6
3.9066550328759328e6
3.9465442280392265e6
3.986622334706788e6
4.0268893016130617e6
4.0673450954356985e6
4.1079896835788004e6
4.1488230402668985e6
4.189845143744466e6
4.231055977633464e6
4.2724554644680405e6
4.314043793220506e6
4.355820763969633e6