79696.7193006112
79813.26856887239
80124.13971461958
80629.53162325165
81329.76605240584
82225.28552475918
83316.0611250597
84604.52830565997
86089.7133617881
87773.08507271032
89655.63588752595
91738.43945564065
94022.66426963275
96509.55759392478
99200.42834121149
102096.65623098696
105199.6638381436
108510.95927214724
112032.03441069913
115764.44345369612
119709.76879922833
123869.58239828321
128245.48456632023
132839.05271280915
137651.8743895477
142685.5155534688
147941.50908000625
153421.39765487038
159126.5712242232
165058.54813044865
171218.68762270067
177608.322254253
184228.73449242915
191081.146249024
198166.7201834178
205486.53404357398
213041.62932508203
220832.95480003228
228861.39422253534
237127.75990440176
245632.78905035116
254377.1436104174
263361.4154212865
272586.117889803
282051.6949834861
291758.5164044966
301706.8839975244
311897.0171672631
322329.07960905833
333003.163843562
343919.29808471224
355077.44657111086
366477.50833815255
378119.3300077544
390002.6980091771
402127.34468693694
414492.95284227387
427099.15272952546
439945.53001159325
453031.62562322523
466356.9386597007
479920.9290542067
493723.0203410159
507762.6014947768
522039.03000770847
536551.6341348268
551299.7149536997
566282.5490950099
581499.3907655077
596949.4739979598
612632.0147958724
628546.2131831183
644691.2552047407
661066.3148442969
677670.5557974702
694503.1333827103
711563.1960474153
728849.8874068524
746362.3468479468
764099.7123498833
782061.1207843502
800245.7094103163
818652.6178010987
837280.9879961575
856129.9667777916
875198.7053955707
894486.3612735664
913992.1011473794
933715.0928080194
953654.5218060513
973809.577202735
994179.4595045429
1.0147633800273566e6
1.0355605610044005e6
1.0565702364245234e6
1.0777916524314662e6
1.0992240681613227e6
1.1208667553675687e6
1.1427189987636944e6
1.1647800952056902e6
1.1870493624415153e6
1.209526121116631e6
1.2322097144103763e6
1.255099496424516e6
1.2781948372512558e6
1.3014951201887685e6
1.3249997445689347e6
1.3487081227649427e6
1.3726196828572655e6
1.3967338672507792e6
1.421050132927827e6
1.445567951502967e6
1.4702868085567213e6
1.4952062054218254e6
1.5203256560638612e6
1.5456446895115927e6
1.5711628487057495e6
1.5968796898166847e6
1.6227947838273118e6
1.6489077139099548e6
1.6752180778861425e6
1.7017254868260163e6
1.728429563565936e6
1.755329945984532e6
1.7824262806102533e6
1.8097182299656284e6
1.8372054674928065e6
1.8648876790779906e6
1.8927645596335963e6
1.920835821109286e6
1.9491011818148133e6
1.9775603725881637e6
2.0062131345386324e6
2.03505922094578e6
2.0640983926045257e6
2.0933304278033888e6
2.1227551031424915e6
2.1523722152300375e6
2.1821815603267155e6
2.2121829549005153e6
2.2423762168358974e6
2.272761175145282e6
2.303337666832907e6
2.3341055378024825e6
2.3650646407778803e6
2.3962148377598086e6
2.427555998816621e6
2.459087998512177e6
2.490810722124991e6
2.522724059972931e6
2.5548279094084096e6
2.5871221748981895e6
2.6196067704476994e6
2.6522816027143453e6
2.685146604705911e6
2.7182017025386416e6
2.751446829270351e6
2.7848819259731737e6
2.818506937577181e6
2.8523218155703223e6
2.886326513201424e6
2.9205209918323765e6
2.954905216094513e6
2.989479156417131e6
3.024242783438772e6
3.05919607797356e6
3.0943390231852336e6
3.129671600845184e6
3.16519380229941e6
3.200905620968954e6
3.2368070521839326e6
3.27289809986347e6
3.309178763379748e6
3.345649050236715e6
3.3823089682270493e6
3.419158532799026e6
3.456197757479479e6
3.493426662198534e6
3.530845261315615e6
3.5684535816836013e6
3.6062516443822705e6
3.64423948327815e6
3.682417122639271e6
3.720784594882116e6
3.759341933140476e6
3.798089172551979e6
3.8370263500850922e6
3.876153505116302e6
3.9154706747561204e6
3.9549779038623595e6
3.9946752331362995e6
4.0345627097908626e6
4.0746403781014807e6
4.114908285749731e6
4.155366480027893e6
4.196015010198982e6
4.236853928289041e6
4.277883283884391e6
4.319103129660878e6
4.360513518966204e6