102264.07337791155
102371.49785284037
102658.05477555879
103123.99330328425
103769.71665022659
104595.77946614494
105602.8879482357
106791.88503969528
108163.75779063362
109719.62855942445
111460.74093631192
113388.45941854428
115504.25504933114
117809.73293665281
120306.54779682969
122996.45977617308
125881.30697054291
128962.99345806698
132243.07956187564
135724.77016987515
139408.91643912045
143297.94594922717
147394.03269936473
151699.19800326022
156215.5711573029
160945.23598698076
165890.25988133167
171052.68820794232
176434.52991605495
182037.77983831728
187864.31468564717
193916.04901016157
200194.78060396857
206702.25532736184
213440.16428273436
220410.1124945743
227613.63138077225
235052.17512051613
242727.11912155183
250639.75152385494
258791.27680215242
267182.8122826009
275815.39169715915
284689.94010098546
293807.33427116915
303168.329434191
312773.60614849755
322623.75848774344
332719.2965079405
343060.6442369869
353648.1438926265
364482.0603748638
375562.57956389163
386889.81042583054
398463.78436425864
410284.4821688961
422351.7873177342
434665.53617334145
447225.4977464698
460031.3809867826
473082.8376645157
486379.4654441555
499920.81004521693
513706.3689566917
527735.5935635386
542007.8924886796
556522.6341624034
571279.1495031404
586276.7350161959
601514.6550611199
616992.1446541327
632708.4119783224
648662.6409158773
664853.9931678271
681281.611095673
697944.6195709838
714842.1281629247
731973.2334968733
749337.0212567018
766932.5673554889
784758.941328275
802815.2061509065
821100.4215297753
839613.6450737203
858353.9330132006
877320.3428142917
896511.9340158871
915927.7679099769
935566.9131926908
955428.4421552569
975511.4340076804
995814.9759588987
1.0163381639191757e6
1.0370801029842261e6
1.0580399085918153e6
1.079216706718565e6
1.1006096362612196e6
1.1222178473286068e6
1.144040502851121e6
1.166076779164554e6
1.1883258663619556e6
1.2107869689578344e6
1.2334593065026058e6
1.256342110399774e6
1.279434632098407e6
1.302736133647112e6
1.326245895774726e6
1.34996321372563e6
1.3738873978071718e6
1.398017775694504e6
1.4223536898465161e6
1.4468944994254713e6
1.471639579521594e6
1.4965883206256041e6
1.5217401303597833e6
1.5470944306742814e6
1.5726506603326611e6
1.5984082731920304e6
1.624366740046761e6
1.6505255428200362e6
1.676884188156553e6
1.703442187713135e6
1.730199071213122e6
1.7571543872818328e6
1.7843076956037392e6
1.8116585692446518e6
1.8392065963035966e6
1.8669513804357229e6
1.8948925378776286e6
1.9230296993047409e6
1.9513625054410796e6
1.979890615211113e6
2.0086136956905623e6
2.0375314273361221e6
2.0666435059818684e6
2.0959496356263522e6
2.125449536533151e6
2.155142934361145e6
2.185029571403769e6
2.2151091980890874e6
2.245381576954593e6
2.2758464805499204e6
2.3065036913648807e6
2.337353002190912e6
2.3683942155782683e6
2.399627142918284e6
2.4310516062280275e6
2.4626674337936826e6
2.494474475579965e6
2.5264725557147665e6
2.558661550306378e6
2.5910413170100683e6
2.623611727076236e6
2.6563726605093917e6
2.689324004322902e6
2.722465651444161e6
2.7557975033671074e6
2.7893194671367304e6
2.8230314568397496e6
2.8569333930172273e6
2.8910252031087633e6
2.925306818748708e6
2.959778178304451e6
2.994439225232968e6
3.0292899093103264e6
3.064330184520238e6
3.0995600111818397e6
3.1349793521429948e6
3.170588177728822e6
3.2063864603680437e6
3.242374177528532e6
3.278551306252838e6
3.3149178508963315e6
3.3514737818765007e6
3.3882191000559865e6
3.4251538023425154e6
3.462277889810485e6
3.4995913659481076e6
3.537094239139729e6
3.5747865191207696e6
3.612668219293055e6
3.650739356871135e6
3.688999948801491e6
3.7274500174172265e6
3.7660895875218795e6
3.804918685131768e6
3.8439373391013383e6
3.8831455808329075e6
3.9225434411594165e6
3.9621309573527616e6
4.0019081654022573e6
4.041875104200576e6
4.0820318138475954e6
4.1223783378106165e6
4.1629147171379807e6
4.203640998787165e6
4.244557228753332e6
4.285663453303363e6
4.3269597269011885e6
4.368446092522493e6