306915.16418376914
306952.3860929059
307051.82638771273
307213.9925915431
307439.72940315725
307730.1410797861
308086.65983504266
308511.08059058
309005.37498822785
309571.8996628148
310213.21539134055
310932.24459516257
311732.0596113573
312616.0229273002
313587.7427181123
314651.0240889735
315809.9125968127
317068.49133571854
318431.243052181
319902.70019599295
321487.4756709426
323190.4991829246
325016.55676117574
326970.73581557814
329058.127475251
331283.90130729415
333653.26272157545
336171.51056038437
338843.957704672
341675.8125403995
344672.42549259984
347839.0874646737
351181.0000660741
354703.41953116946
358411.49444030074
362310.328317706
366404.95298832434
370700.3084443483
375201.25265248155
379912.54956407787
384838.84572995745
389984.7037021351
395354.4957000398
400952.56244383473
406783.0277247245
412849.941701627
419157.1779811585
425708.4786743808
432507.4329606114
439557.48192178085
446861.90795812174
454423.8482091209
462246.27640935057
470332.0008241853
478683.6917119465
487303.8463300726
496194.413304545
505358.75167015893
514797.7184836386
524513.5754390899
534508.042236797
544782.6853738453
555338.9219242388
566178.0201655461
577301.1084805836
588709.1704988241
600403.0424954045
612383.4347468765
624650.9215874748
637205.951974187
650048.8458393327
663179.8025240231
676598.9055145185
690306.1224836921
704301.3135567405
718584.2331906043
733154.5349019971
748011.7755694701
763155.4196315953
778584.8433881635
794299.3392473768
810298.1198480205
826580.3239907217
843145.0171479929
859991.1993313364
877117.807712951
894523.7212671157
912207.7617990354
930168.7045215901
948405.2752121814
966916.1586339676
985699.9983616676
1.0047553997434303e6
1.0240809505667556e6
1.0436751833625173e6
1.0635366218512086e6
1.083663779630754e6
1.104055129558363e6
1.1247091387634685e6
1.1456242590303933e6
1.1667989335625072e6
1.1882315917857513e6
1.209920667583007e6
1.2318645829942408e6
1.2540617682158276e6
1.2765106468169459e6
1.2992096520790854e6
1.3221572164707186e6
1.345351867054456e6
1.3687918242746429e6
1.3924757801595093e6
1.4164021395344948e6
1.4405693945678116e6
1.4649760511218472e6
1.4896206277731506e6
1.5145016822569498e6
1.5396177442409096e6
1.5649674179306827e6
1.590549299193829e6
1.6163620079821944e6
1.6424041902967924e6
1.6686745138221397e6
1.695171664191501e6
1.7218943617191007e6
1.748841344915529e6
1.7760113771867342e6
1.8034032485770693e6
1.8310157753823495e6
1.8588477933223979e6
1.8868981799578492e6
1.915165817423576e6
1.9436496299052679e6
1.9723485564267088e6
2.0012615737444062e6
2.0303876776396432e6
2.0597258886009976e6
2.0892752594286336e6
2.11903485828086e6
2.149003791028222e6
2.179181177195657e6
2.209566174489875e6
2.2401579491724456e6
2.270955705915329e6
2.3019586657058e6
2.333166078319027e6
2.364577214404611e6
2.396191365829983e6
2.4280078508331706e6
2.460026009652679e6
2.4922452003893824e6
2.524664815098668e6
2.557284245554533e6
2.590102926777596e6
2.6231203017260414e6
2.6563358668158795e6
2.6897490146618034e6
2.7233593423599666e6
2.7571663476363886e6
2.7911695678353407e6
2.825368564093192e6
2.859762912339354e6
2.894352214446893e6
2.929136070714112e6
2.9641141174265244e6
2.9992859940236723e6
3.0346513817848815e6
3.0702099006918883e6
3.1059612896210235e6
3.1419052360555385e6
3.1780414554972397e6
3.214369680974046e6
3.250889656631499e6
3.2876011372395507e6
3.324503893014784e6
3.361597704077057e6
3.398882365501245e6
3.4363576765334522e6
3.47402345420752e6
3.5118795249449327e6
3.549925719889178e6
3.588161892490417e6
3.6265878901612503e6
3.665203585420367e6
3.7040088610995016e6
3.743003555655625e6
3.782187606560823e6
3.8215608990882677e6
3.8611233315487853e6
3.9008748278546142e6
3.9408153038076726e6
3.980944696513495e6
4.0212629333281335e6
4.061769959124411e6
4.1024657223676634e6
4.143350175780159e6
4.184423286171662e6
4.2256850132112745e6
4.267135330512881e6
4.308774215143969e6
4.350601648208549e6