79892.92572214463
80009.39590159318
80320.05631711116
80825.1063261086
81524.86845341066
82419.78628678128
83510.420740751
84797.44339191055
86281.6478520922
87963.91663466461
89845.24463737346
91926.70811062612
94209.4784245418
96694.80620630793
99384.00343983332
102278.4535146612
105379.58262749939
108688.90304285733
112207.9105076899
115938.16349470112
119881.24851322427
124038.74306913334
128412.25054549272
133003.3538187594
137813.6451182159
142844.69517714324
148098.04166409417
153575.20322688893
159277.66145490672
165206.85279332983
171364.17011728793
177750.95144166137
184368.48335790876
191217.99267682768
198300.64692137696
205617.52829033075
213169.68287133277
220958.06386739682
228983.55934719244
237246.97394597184
245749.0846949929
254490.52178066838
263471.8928203831
272693.7148881452
282156.43555066665
291860.42793678585
301805.9971793003
311993.36570821726
322422.69969912374
333094.0963529367
344007.5845731447
355163.1317828117
366560.6393596311
378199.95611086686
390080.8704385449
402203.11680248275
414566.3795194217
427170.2904850233
440014.4368292063
453098.36076668336
466421.5068689224
479983.5031620411
493783.6070008691
507821.26381235686
522095.831726104
536606.6395148055
551352.9886571887
566334.156074607
581549.3961557173
596997.9430144797
612679.012637127
628591.8049364254
644735.5057589199
661109.288803492
677712.3174039326
694543.7464483995
711602.7238513853
728888.3926804848
746399.891673594
764136.3581136784
782096.9281310011
800280.7381828439
818686.927001189
837314.6357403711
856163.010257211
875231.2008451109
894518.363937227
914023.6639473762
933746.2715394706
953685.3672854791
973840.1404679934
994209.7904938974
1.0147935275856474e6
1.0355905727966204e6
1.056600159039272e6
1.0778215312990653e6
1.0992539475694033e6
1.120896678486026e6
1.142749007538142e6
1.1648102305168554e6
1.1870796640050649e6
1.2095566275089998e6
1.2322404630829454e6
1.2551305236948263e6
1.2782261783370175e6
1.3015268091994366e6
1.3250318145128468e6
1.3487406055907893e6
1.372652609444213e6
1.3967672674077414e6
1.4210840354343979e6
1.4456023841171819e6
1.4703217980271017e6
1.4952417775083655e6
1.5203618355532102e6
1.545681500283481e6
1.5712003135496986e6
1.5969178307539658e6
1.6228336219281196e6
1.6489472694977745e6
1.6752583699948993e6
1.7017665340704576e6
1.728471383593327e6
1.755372555636432e6
1.7824696958568313e6
1.8097624662456803e6
1.8372505392598822e6
1.8649336001342447e6
1.8928113430333862e6
1.9208834792750303e6
1.9491497263928226e6
1.9776098147394818e6
2.0062634846242925e6
2.0351104887562084e6
2.064150587333287e6
2.0933835580453181e6
2.122809176928442e6
2.1524272400599597e6
2.182237543127954e6
2.2122399021062874e6
2.242434134372033e6
2.2728200684499163e6
2.303397540873534e6
2.3341663970922558e6
2.3651264893853096e6
2.396277679333484e6
2.4276198365901457e6
2.459152835321491e6
2.4908765604275544e6
2.5227909018519e6
2.5548957565933215e6
2.5871910287741376e6
2.6196766320819966e6
2.652352472819001e6
2.6852184837272926e6
2.7182745905946144e6
2.751520726199351e6
2.7849568314002603e6
2.8185828507279465e6
2.852398735666903e6
2.886404438982463e6
2.920599921881654e6
2.9549851488127206e6
2.9895600889809267e6
3.0243247157553444e6
3.059279008307935e6
3.0944229461112665e6
3.1297565153884375e6
3.1652797056163205e6
3.2009925101421005e6
3.236894924598463e6
3.2729869514500084e6
3.3092685910869837e6
3.3457398506531217e6
3.3824007377300477e6
3.419251267668455e6
3.456291453875338e6
3.493521316195305e6
3.530940868830229e6
3.5685501385856075e6
3.6063491464600237e6
3.644337926206452e6
3.6825165020307554e6
3.7208849062124677e6
3.759443171991756e6
3.798191334274114e6
3.8371294300225293e6
3.8762574985738443e6
3.9155755769532397e6
3.9550837086893953e6
3.9947819384266594e6
4.0346703092951328e6
4.074748866898055e6
4.115017658890403e6
4.155476732522616e6
4.196126137661252e6
4.23696592445233e6
4.277996144317537e6
4.319216849297335e6
4.360628092724534e6