324555.85143165104
324588.0768168003
324674.19383500854
324814.7226214482
325010.5361490458
325262.7559204373
325572.8541655913
325943.2726635218
326374.1861943522
326869.8833226395
327432.3585594859
328064.5900266216
328769.74877245084
329551.2743597573
330412.878944049
331358.4680741987
332392.180881417
333518.22083919414
334741.16895487695
336065.7528061372
337496.67534870503
339039.0046725917
340697.68304214266
342477.9538889008
344385.0661646004
346424.35850693163
348601.20425733237
350921.11682496127
353389.49281553563
356011.83414482727
358793.6388986724
361740.4026239933
364857.52766779833
368150.4798501371
371624.6090979048
375285.25226904533
379137.6365674338
383186.9397477595
387438.2331517882
391896.50887702656
396566.3042525535
401453.41383399063
406561.46316606255
411895.3267411513
417459.39986562566
423257.89006396965
429294.98065007717
435574.62136058137
442100.6359954271
448876.69503226597
455906.3136531172
463192.85666458745
470739.52601092774
478549.3533768293
486625.2313324505
494969.8754641087
503585.8439532061
512475.52651392424
521641.1686352042
531084.841629704
540808.464429062
550813.7958675176
561102.4499801777
571675.8669934074
582535.3608938301
593682.0816502123
605117.0384490578
616841.0992375086
628854.9918902932
641159.3133166457
653754.5246987325
666640.95915689
679818.827887537
693288.2193630772
707049.1075678132
721101.3539447043
735444.7120941044
750078.8319291411
765003.2641715237
780217.4644614807
795720.7977946671
811512.5442604055
827591.8963913084
843957.9775491458
860609.8318622209
877546.4361553593
894766.7027947819
912269.4806819225
930053.572861437
948117.7046063973
966460.5800310897
985080.850693466
1.0039771187232689e6
1.0231479532854343e6
1.0425918966544598e6
1.0623074549385472e6
1.0822931064226516e6
1.102547305838397e6
1.1230684965001969e6
1.1438550918392031e6
1.1649054996676845e6
1.1862181139702941e6
1.2077913211253653e6
1.2296234971275718e6
1.251713025639504e6
1.274058276052264e6
1.2966576281314937e6
1.3195094571817722e6
1.34261215748209e6
1.3659641120484557e6
1.389563725969475e6
1.413409416906423e6
1.4374996073714118e6
1.4618327342130605e6
1.486407257138717e6
1.5112216563560069e6
1.536274394897536e6
1.561564006628784e6
1.587089014717885e6
1.6128479684080938e6
1.6388394410362619e6
1.6650620298695653e6
1.6915143428463144e6
1.718195038887518e6
1.7451027752339689e6
1.772236245777959e6
1.799594169860167e6
1.827175292276302e6
1.8549783783280675e6
1.8830022363199976e6
1.9112456757319723e6
1.939707556093224e6
1.9683867457564343e6
1.9972821583314862e6
2.0263927174412857e6
2.0557173931395556e6
2.085255140229371e6
2.115004995305161e6
2.144965991261157e6
2.1751371875427337e6
2.205517679874447e6
2.236106575670351e6
2.266903020991861e6
2.2979061815979853e6
2.3291152495828974e6
2.360529441832681e6
2.39214799621833e6
2.4239701789449896e6
2.4559952769791866e6
2.488222564527905e6
2.520651494957801e6
2.5532813037289083e6
2.5861114117985293e6
2.61914121793749e6
2.6523701438557897e6
2.6857976337477113e6
2.7194231476752283e6
2.753246175298524e6
2.7872662129451507e6
2.821482784315925e6
2.8558954289008975e6
2.890503708310879e6
2.9253071908210763e6
2.960305478049629e6
2.995498176313407e6
3.0308849340581857e6
3.066465340655912e6
3.1022391046296097e6
3.138205882823114e6
3.1743653660409814e6
3.210717259688286e6
3.2472612767255427e6
3.2839971487242165e6
3.320924621787023e6
3.358043451635318e6
3.395353408521491e6
3.4328542726306245e6
3.4705458400292825e6
3.5084279142202875e6
3.5465003087960617e6
3.5847628531295303e6
3.623215380634156e6
3.66185774549874e6
3.700689797047224e6
3.7397114032356245e6
3.7789224367110142e6
3.8183227941266242e6
3.8579123470228696e6
3.8976910101984944e6
3.93765868830829e6
3.97781529709688e6
4.018160760153113e6
4.058695008415265e6
4.0994179780867994e6
4.140329611330688e6
4.1814298653722974e6
4.222718689330175e6
4.264196047455822e6
4.3058619047858305e6
4.347716243553971e6