250278.325193787
250332.59993616678
250477.50075369823
250713.49070697709
251041.31100499025
251461.9945272584
251976.8394482126
252587.43873845873
253295.62165209698
254103.4846909672
255013.3919392213
256028.0168693422
257149.84182282037
258382.24945239624
259728.35779664747
261191.6808843864
262775.5175891058
264483.93638244306
266320.7430836528
268290.0044108035
270395.8691547098
272642.61808304215
275034.6105983926
277576.29895213747
280272.1779651284
283126.78693444375
286144.7195544241
289330.5795128019
292689.0262846373
296224.5829539582
299941.87325228617
303845.46973593405
307939.8381294969
312229.4887442477
316718.7985809885
321412.112694118
326313.6773425358
331427.6362443653
336758.06654726487
342308.6586488842
348084.0454885131
354086.93194204057
360321.9278270093
366791.78242299356
373500.07824316935
380450.0365534468
387644.75310995185
395087.18367777404
402780.062822205
410726.10740861914
418927.8071483272
427387.53022660123
436107.4912498335
445089.762913167
454336.2776019712
463848.81895634
473629.0235597487
483678.3954931587
493998.29161691904
504589.93449340074
515454.41070614127
526592.6744776701
538005.5503153129
549693.735728565
561657.8054192662
573898.2115274296
586415.2909299084
599209.2658577549
612280.251860108
625628.2576952185
639253.1893381706
653154.8557597948
667332.972142111
681787.1638582074
696516.9707443009
711521.8508521791
726801.1848732561
742354.2799913976
758180.3739681662
774278.6388138133
790648.1854816898
807288.0673688074
824197.2840235332
841374.784749988
858819.4760971547
876530.2090527455
894505.814506657
912745.0765349816
931246.7475334706
950009.5519636376
969032.190422408
988313.3384858549
1.007851649578177e6
1.0276457659056418e6
1.0476943121927714e6
1.067995902806547e6
1.0885491399928848e6
1.109352623260287e6
1.130404944261823e6
1.151704701269892e6
1.1732504697593492e6
1.1950408596172768e6
1.21707445688208e6
1.2393498707045014e6
1.2618657089595194e6
1.2846205892673065e6
1.3076131431678333e6
1.3308420075957796e6
1.3543058423839537e6
1.3780033081850226e6
1.4019330908070724e6
1.4260938913099328e6
1.4504844326991253e6
1.4751034421750163e6
1.499949668438721e6
1.5250218944662623e6
1.5503189131195156e6
1.5758395246997313e6
1.6015825772111167e6
1.6275469339593812e6
1.653731463941827e6
1.680135079355761e6
1.7067567006649207e6
1.73359527611148e6
1.7606497819067633e6
1.787919198755351e6
1.815402558914084e6
1.843098898696461e6
1.8710072847241235e6
1.899126803626418e6
1.9274565678158505e6
1.9559957150911053e6
1.984743397968824e6
2.0136988035048014e6
2.0428611416495293e6
2.072229614556162e6
2.101803495717702e6
2.13158205070027e6
2.1615645705145337e6
2.191750369055992e6
2.222138787393083e6
2.2527291764556337e6
2.283520919968564e6
2.3145134132733056e6
2.3457060750475205e6
2.377098346195561e6
2.4086896807323047e6
2.4404795578858955e6
2.472467471662824e6
2.504652936035406e6
2.5370355001363168e6
2.569614655548143e6
2.6023900328641795e6
2.6353611879638913e6
2.6685277209324953e6
2.701889248774188e6
2.7354454021000713e6
2.7691958280943097e6
2.803140187033599e6
2.8372781551359384e6
2.8716094204658656e6
2.906133686458793e6
2.940850674985122e6
2.975760110526864e6
3.010861736060446e6
3.0461553132714066e6
3.0816406020394326e6
3.11731738266529e6
3.1531854474382643e6
3.189244595366394e6
3.225494641094387e6
3.261935404535761e6
3.298566718234184e6
3.335388424169343e6
3.3724003773058746e6
3.4096024289061697e6
3.4469944575189166e6
3.48457633801385e6
3.5223479566702624e6
3.5603092080662646e6
3.5984599939251714e6
3.636800205028413e6
3.6753298144828705e6
3.7140486895289626e6
3.752956795397138e6
3.7920540224987054e6
3.831340361218592e6
3.8708157418619143e6
3.9104801239537364e6
3.9503334639573656e6
3.990375735748278e6
4.0306069028927106e6
4.0710269449798167e6
4.11163584216268e6
4.152433578873828e6
4.193420151545615e6
4.234595548618491e6
4.275959770440612e6
4.317512819586825e6
4.359254702486804e6