477421.6010088923
477415.7245351386
477400.29767494113
477375.867844839
477343.4444298869
477304.2985420163
477260.11070220487
477212.9970615378
477165.2236705581
477119.6059403949
477079.0161148441
477046.9963343954
477027.1808058694
477023.47078082466
477040.1720333046
477081.77987803845
477153.0461080042
477259.17884019576
477404.8041649938
477596.01501525217
477838.3433795911
478137.38654002524
478499.24968250224
478930.05308846396
479436.0057512
480023.61971524963
480699.16570078966
481469.4855627476
482340.97595206904
483320.51009971555
484414.5288571636
485630.08004522324
486973.84423915937
488452.59321414283
490073.08321479463
491842.15893944097
493766.42023992504
495852.26819245156
498106.75917806546
500536.2173770934
503147.1303249666
505945.8544020521
508938.60981252533
512131.74553278903
515531.13562704646
519142.7679053333
522972.50646664004
527025.9688135269
531308.7828131205
535826.2913191227
540583.7663206526
545586.3156704803
550838.8847099046
556346.2502544954
562113.0425607236
568143.7127260946
574442.5441795294
581013.6590307325
587860.9697114888
594988.2621282192
602399.1133048801
610096.9272894085
618084.9387172281
626366.1993260174
634943.5865479034
643819.7844015748
652997.3126285913
662478.517068294
672265.5623741141
682360.4346760472
692764.9585185414
703480.7883054819
714509.4010182759
725852.119207134
737510.0959817144
749484.3278222675
761775.65377541
774384.7600578258
787312.1835710725
800558.3132247773
814123.398269352
828007.5474760244
842210.7361737158
856732.808423727
871573.4826705039
886732.3618205064
902208.9069538754
918002.502143357
934112.3996072549
950537.7537998446
967277.6185114296
984330.9558036462
1.0016966372625369e6
1.0193734375427621e6
1.0373600745550366e6
1.0556551663851761e6
1.0742572844519366e6
1.093164897583692e6
1.1123764503836113e6
1.1318902983919648e6
1.1517047662239964e6
1.1718181171533903e6
1.1922285719831842e6
1.2129343089287812e6
1.2339334700436383e6
1.2552241667449982e6
1.2768044810104226e6
1.298672457683144e6
1.3208261406847858e6
1.3432635414784993e6
1.365982648833354e6
1.388981531907047e6
1.412257955019062e6
1.4358101084061977e6
1.459635865468984e6
1.4837332383223188e6
1.5081001537057878e6
1.5327346254651295e6
1.5576346243896834e6
1.5827981509683775e6
1.608223203889235e6
1.6339078283759654e6
1.659850027416591e6
1.6860478818992083e6
1.7124994583432022e6
1.7392028555077766e6
1.7661561891191027e6
1.793357605249874e6
1.8208052715160076e6
1.848497375612277e6
1.8764321467641243e6
1.9046078333512815e6
1.9330227036454617e6
1.961675080690435e6
1.9905632949149022e6
2.0196857349374401e6
2.0490407620874841e6
2.0786268374806594e6
2.1084424304760545e6
2.138486037085627e6
2.1687561859238017e6
2.1992514371806253e6
2.229970399984036e6
2.260911699554572e6
2.2920740073402748e6
2.3234560165170818e6
2.355056458127646e6
2.386874102120056e6
2.418907743966442e6
2.451156211777659e6
2.483618370527837e6
2.5162931145869563e6
2.549179370724393e6
2.582276098184829e6
2.6155822821162036e6
2.649096948146256e6
2.6828191483781943e6
2.716747945331088e6
2.7508824699646e6
2.7852218512939652e6
2.8197652560695033e6
2.8545118874498415e6
2.889460945025334e6
2.9246117001306e6
2.959963421882569e6
2.995515410347226e6
3.0312669919299567e6
3.067217519902675e6
3.1033663648792915e6
3.139712937237855e6
3.176256680144624e6
3.212996981311293e6
3.249933337038572e6
3.28706523959262e6
3.3243921966497065e6
3.3619137396657043e6
3.3996294179857043e6
3.4375388025334193e6
3.4756414846397145e6
3.513937063623653e6
3.5524251735644755e6
3.591105459672244e6
3.6299775591482916e6
3.669041172534754e6
3.7082960108820745e6
3.747741726234498e6
3.7873780665995865e6
3.8272047713970556e6
3.867221591392785e6
3.9074282912568874e6
3.947824647210687e6
3.988410451312563e6
4.029185508217339e6
4.070149632539162e6
4.1113026496679145e6
4.1526443983493657e6
4.194174727801844e6
4.235893495951744e6
4.277800574028773e6
4.319895840587679e6