83880.5895148653
83995.44875360152
84301.81679815479
84799.90245932562
85490.04363305715
86372.70393329475
87448.47239201306
88718.0485424698
90182.25341653463
91842.07344130205
93698.47964523407
95752.63586258818
98005.74803453567
100459.15711878508
103114.22799380636
105972.41808690707
109035.23834798759
112304.25172234303
115781.06049225113
119467.30680618837
123364.64687932207
127474.7764716497
131799.36489986867
136340.10482963355
141098.67662331316
146076.74698262115
151275.95565152558
156697.91551990173
162344.20684208279
168216.36591096432
174315.88129607541
180644.195556104
187202.68471777107
193992.67304852506
201015.41901800944
208272.1123097355
215763.87843698327
223491.75745361584
231456.73393230373
239659.70603240043
248101.49862875498
256782.859397767
265704.45990259346
274866.8978009976
284270.6847971997
293916.2649230187
303804.0219742982
313934.232365825
324307.1254344243
334922.8538801634
345781.50189155526
356883.0873891156
368227.56353301
379814.8209306195
391644.6910989008
403716.9484777076
416031.3110731435
428587.4451837494
441384.96860667004
454423.449434338
467702.41291477287
481221.34109121753
494979.67759724235
508976.8285545861
523212.16550903575
537685.0288530749
552394.7289246954
567340.5494037787
582521.749182085
597937.5648288229
613587.2128110989
629469.8915878758
645584.7837637122
661931.0579861045
678507.8711917654
695314.3699711635
712349.6927202563
729612.9716565427
747103.3328953343
764819.9011939097
782761.7974629006
800928.142534293
819318.0595094296
837930.6714713905
856765.1063385293
875820.4956101272
895095.9761738628
914590.6909589024
934303.7943012253
954234.4414218746
974381.8015733932
994745.0525032489
1.0153233816977473e6
1.0361159885790462e6
1.0571220831092987e6
1.0783408877474868e6
1.0997716375478576e6
1.12141358037415e6
1.143265977023788e6
1.1653281018168004e6
1.1875992434498023e6
1.2100787042104425e6
1.2327658014599285e6
1.2556598655282236e6
1.2787602433085472e6
1.3020662950418915e6
1.325577396745458e6
1.3492929381407925e6
1.3732123249379746e6
1.3973349771338324e6
1.4216603300548848e6
1.446187833187539e6
1.470916949144369e6
1.4958471649444483e6
1.5209779671244677e6
1.5463088668627308e6
1.571839387044841e6
1.5975690645210478e6
1.623497451226356e6
1.6496241116051555e6
1.6759486252036481e6
1.7024705842929306e6
1.7291895954336736e6
1.7561052790156563e6
1.7832172645320657e6
1.8105251985434731e6
1.838028738330767e6
1.865727554450382e6
1.8936213275216643e6
1.9217097511281238e6
1.9499925331216317e6
1.9784693890893091e6
2.0071400462758944e6
2.0360042451970968e6
2.0650617350298294e6
2.094312276852297e6
2.1237556400165632e6
2.153391607931768e6
2.1832199649842074e6
2.2132405170633923e6
2.2434530711706225e6
2.273857445932456e6
2.304453468335249e6
2.3352409744770997e6
2.366219808138501e6
2.3973898216718445e6
2.4287508758114725e6
2.460302838353734e6
2.492045584222945e6
2.523978998607549e6
2.556102968873272e6
2.588417393978173e6
2.620922176314822e6
2.6536172242060173e6
2.686502456481265e6
2.719577795144438e6
2.752843168426968e6
2.786298511620506e6
2.819943761790597e6
2.853778865269757e6
2.8878037722306955e6
2.9220184381135623e6
2.9564228227930977e6
2.991016891095389e6
3.0258006122600944e6
3.060773960017625e6
3.095936913028192e6
3.1312894522643127e6
3.166831563888621e6
3.202563237790474e6
3.2384844648860935e6
3.2745952479994013e6
3.310895583039555e6
3.3473854727804963e6
3.3840649269004194e6
3.4209339539364115e6
3.4579925655078753e6
3.495240781017339e6
3.53267860972528e6
3.570306079536825e6
3.608123210331369e6
3.646130030547468e6
3.6843265643486725e6
3.7227128425556384e6
3.761288896847143e6
3.8000547611449948e6
3.8390104705341514e6
3.8781560627009897e6
3.9174915765945474e6
3.9570170527910544e6
3.99673253348282e6
4.0366380622451073e6
4.0767336839537546e6
4.117019445641528e6
4.157495393713326e6
4.198161577657577e6
4.239018047044518e6
4.280064852887487e6
4.321302046750779e6
4.36272968159075e6