86327.23057633569
86441.09920098388
86744.82769151498
87238.63047033397
87922.85447801964
88797.97683443135
89864.59941782663
91123.45625444391
92575.38651692151
94221.23776181135
96062.4203424718
98099.76480587234
100334.64041247667
102768.37505307508
105402.42683446885
108238.2779172759
111277.48491380486
114521.65739594202
117972.44714207365
121631.56726331683
125500.66777993791
129581.55877135327
133876.04481513432
138385.57285683678
143112.1842854225
148057.5022765217
153223.22578921914
158611.0285280784
164222.54784180515
170059.37830410252
176123.07267976447
182415.13031877356
188936.9859681271
195690.02255208994
202675.5570319394
209894.83365689492
217349.03560426668
225039.25691302028
232966.53596891434
241131.8232579396
249535.99398573005
258179.84592989984
267064.099844525
276189.3938846316
285556.29292275826
295165.2845154435
305016.77659448603
315111.10343716526
325448.5250871244
336029.23080725985
346853.338776284
357920.897145825
369231.89106213936
380786.2383550117
392583.7972539187
404624.36634346936
416907.68648959004
429433.4449913192
442201.2777381111
455210.7716254071
468461.4656119673
481952.8571780126
495684.40179383726
509655.5161098869
523865.5811340454
538313.9445815473
552999.9232050795
567922.805453816
583081.8537934113
598476.306981559
614105.3824654621
629968.2785439489
646064.176565058
662392.2428466699
678951.6309419896
695741.4830748086
712760.9325649461
730009.1055097855
747485.121143546
765188.0967541109
783117.1449239557
801271.3777693859
819649.9074594686
838251.8502748103
857076.3204339828
876122.4396707898
895389.3332959289
914876.1322510378
934581.9778028999
954506.0167679641
974647.4016209249
995005.2973269321
1.0155788799911097e6
1.0363673347168473e6
1.0573698584776097e6
1.0785856599727105e6
1.100013960724882e6
1.1216539949388981e6
1.1435050095578511e6
1.1655662654091087e6
1.1878370374764225e6
1.2103166143427452e6
1.2330042998589377e6
1.255899410653482e6
1.2790012804915584e6
1.3023092559500143e6
1.325822700109847e6
1.3495409895163053e6
1.3734635168751867e6
1.397589689534218e6
1.4219189299360053e6
1.4464506756747388e6
1.4711843766195467e6
1.4961195052778868e6
1.5212555440552123e6
1.546591984740288e6
1.5721283415183509e6
1.5978641392465509e6
1.62379891959994e6
1.6499322359811063e6
1.6762636571714035e6
1.7027927652336052e6
1.729519157318519e6
1.7564424413748167e6
1.7835622397591688e6
1.8108781887414828e6
1.8383899361422218e6
1.8660971437686698e6
1.8939994832578166e6
1.9220966396956665e6
1.9503883123188666e6
1.9788742089356666e6
2.0075540487133693e6
2.0364275643894828e6
2.0654944978062229e6
2.0947546026538515e6
2.12420764114065e6
2.153853386295502e6
2.1836916231280854e6
2.2137221514351675e6
2.243944764028633e6
2.274359277362872e6
2.3049655134709626e6
2.3357632999526225e6
2.366752478036849e6
2.3979328938160385e6
2.4293044023503596e6
2.4608668678900483e6
2.492620159672094e6
2.524564156349925e6
2.556698743366503e6
2.589023813459747e6
2.6215392682964257e6
2.654245008170797e6
2.6871409501389405e6
2.720227011854193e6
2.753503118195556e6
2.786969199437833e6
2.82062519219017e6
2.85447103790171e6
2.888506684697845e6
2.922732084054947e6
2.957147193335938e6
2.991751969333172e6
3.0265463932936634e6
3.061530423404799e6
3.0967040397589654e6
3.1320672210439295e6
3.1676199513483183e6
3.2033622183659044e6
3.239294012808555e6
3.275415340867839e6
3.3117261712959777e6
3.348226533161922e6
3.384916425039807e6
3.4217958556607543e6
3.458864829755716e6
3.4961233709974643e6
3.5335714857241535e6
3.57120919932336e6
3.609036531052911e6
3.6470535084264963e6
3.6852601545840153e6
3.7236564992698473e6
3.7622425733160623e6
3.8010184097798583e6
3.839984042863582e6
3.8791395095383977e6
3.918484840909785e6
3.9580200982987746e6
3.997745301868363e6
4.0376605017626113e6
4.0777657423664234e6
4.118061070138588e6
4.158546531265169e6
4.199222174537813e6
4.240088049390808e6
4.281144206483088e6
4.32239069696383e6
4.363827573715476e6