161102.37302770154
161187.0639932958
161413.03643367972
161780.64356132844
162290.4444052163
162943.26478941363
163740.06955561452
164682.8059934576
165770.67333855174
167007.4888446571
168394.29896536467
169933.06134984296
171625.8936558433
173475.0844372187
175483.09161434762
177652.49779688226
179985.93055123088
182486.21710025243
185156.2702192977
187999.04283872552
191017.62137610742
194215.11778564987
197594.70590054212
201159.5833677133
204912.98417724416
208858.14084972485
212998.3196341452
217336.73376742113
221876.61559359301
226621.13608659556
231573.44913337714
236736.6450703543
242113.8004157788
247707.80223757922
253521.62641790553
259558.07561530123
265819.8975609476
272309.7266478252
279030.12413318874
285983.52656395535
293172.29638988443
300598.66981484205
308264.77779330895
316172.63190628146
324324.14204967045
332721.09996967437
341365.1773849408
350257.9262576896
359400.7933795047
368795.0981394183
378442.0517906854
388342.75028910174
398498.1750642252
408909.19809233607
419576.5797807956
430500.97718998557
441682.9406021992
453122.9193402695
464821.26194888295
476778.22267720127
488993.9613567161
501468.54839029093
514201.9671787325
527194.1177510888
540444.8200516775
553953.8169694955
567720.77886456
581745.3056357788
596026.9320919635
610565.1298136964
625359.3111671475
640408.8329460733
655712.9995396717
671271.0664015304
687082.2433806093
703145.6978710082
719460.5575644401
736025.9163883115
752840.8316627927
769904.333109023
787215.4225528026
804773.0763841171
822576.2534121562
840623.8873506491
858914.8993201923
877448.1942636443
896222.6661867585
915237.2012655204
934490.6755342928
953981.9574132026
973709.9187233393
993673.4233302148
1.0138713370580849e6
1.034302528001307e6
1.0549658660181244e6
1.0758602290232952e6
1.0969844967930568e6
1.118337558074356e6
1.1399183109561882e6
1.1617256625329817e6
1.1837585307787876e6
1.2060158456602825e6
1.2284965485982664e6
1.2511995964950144e6
1.2741239635887635e6
1.297268621017704e6
1.32063258064957e6
1.344214860997922e6
1.368014489062016e6
1.3920305176439579e6
1.4162620131493998e6
1.440708061882651e6
1.4653677695918032e6
1.4902402566594887e6
1.515324664137126e6
1.5406201517876165e6
1.5661258977340898e6
1.5918411014181473e6
1.61776497597299e6
1.6438967574794446e6
1.6702357015336663e6
1.6967810840636087e6
1.723532196464952e6
1.7504883504674486e6
1.7776488762263523e6
1.805013124006107e6
1.8325804607368112e6
1.860350272197974e6
1.8883219623046971e6
1.9164949578473752e6
1.9448686937343676e6
1.973442626572135e6
2.0022162410320519e6
2.0311890205107634e6
2.060360468516433e6
2.0897301219520546e6
2.1192975168454107e6
2.1490622107053814e6
2.179023778566966e6
2.209181809317316e6
2.23953590349677e6
2.2700856812658003e6
2.3008307754801805e6
2.3317708331270292e6
2.362905515080383e6
2.394234496575479e6
2.4257574637235207e6
2.4574741192533704e6
2.4893841757046967e6
2.521487358138663e6
2.553783404945573e6
2.5862720654999586e6
2.618953100107162e6
2.6518262827884583e6
2.6848913947406462e6
2.7181482296223287e6
2.7515965871648407e6
2.7852362946111485e6
2.8190671615060596e6
2.853089025902005e6
2.88730172984169e6
2.9217051236512163e6
2.95629906588702e6
2.991083426693113e6
3.0260580831754566e6
3.0612229169296855e6
3.096577819738554e6
3.1321227061070795e6
3.1678574460209655e6
3.203781977471335e6
3.239896221527201e6
3.2762000970150554e6
3.312693538604848e6
3.3493764961424014e6
3.386248892075845e6
3.4233106873192927e6
3.4605618377836705e6
3.49800230338894e6
3.535632050689019e6
3.573451049352913e6
3.611459276514501e6
3.6496567103468305e6
3.6880433364899014e6
3.7266191414093436e6
3.765384119872982e6
3.8043382671661074e6
3.8434815838604723e6
3.8828140702000973e6
3.9223357249236736e6
3.962046587139522e6
4.001946650693798e6
4.0420359346809625e6
4.082314458737071e6
4.122782245605786e6
4.1634393197627007e6
4.204285708436936e6
4.245321440158511e6
4.286546552386582e6
4.327961059623763e6
4.369565029202111e6