91116.46285157904
91228.39100692535
91526.9488906725
92012.36126885205
92684.99323472593
93545.34568925275
94594.05232522849
95831.8835811571
97259.72342147186
98878.58142938025
100689.58034637806
102693.95359746981
104893.02396735779
107288.21246931222
109881.0233250955
112673.04192405028
115665.8880873576
118861.28314355548
122260.97104105682
125866.73512499724
129680.39364907789
133703.79037785422
137938.77242504593
142387.19775171057
147050.88581854987
151931.70438243632
157031.4621590413
162351.93393598453
167894.8878863261
173662.0166777598
179655.00278077388
185875.4513057339
192324.9142247664
199004.88624874802
205916.79865804073
213062.00219018184
220441.79109818992
228057.3631778439
235909.86383075992
244000.34359937152
252329.7782145864
260899.06088647436
269709.0054656854
278760.34463357006
288053.7260657296
297589.72242028743
307368.8235676484
317391.4426648158
327657.91073343914
338168.489228906
348923.36289313016
359922.64431150793
371166.37559533794
382654.5327977326
394387.02615064965
406363.7028929255
418584.3498773457
431048.69585220085
443756.4154575503
456707.1300754127
469900.4119136407
483335.786023107
497012.73315285647
510930.69250882836
525089.0644269694
539487.2130627062
554124.4687723565
569000.1308842637
584113.4701420537
599463.7311446911
615050.134708982
630871.8798557641
646928.1478680335
663218.1008719287
679740.887411274
696495.6428636585
713481.4915468954
730697.5491332249
748142.9228121991
765816.7156275203
783718.0261114473
801845.9496507341
820199.5820495002
838778.0183217318
857580.3557211552
876605.6946674827
895853.1392265034
915321.7994316233
935010.7910205496
954919.2372689828
975046.2695025657
995391.0277029392
1.0159526620244272e6
1.0367303327875969e6
1.0577232114020253e6
1.0789304810836068e6
1.1003513366413421e6
1.1219849870990228e6
1.1438306529137287e6
1.165887568836739e6
1.1881549835571954e6
1.210632159639299e6
1.2333183757049162e6
1.2562129197841135e6
1.279315102529176e6
1.3026242440106457e6
1.3261396818087082e6
1.349860767430164e6
1.3737868686319664e6
1.3979173681367566e6
1.422251664048259e6
1.4467891697365576e6
1.4715293145909854e6
1.496471542623829e6
1.5216153115611244e6
1.5469600975461053e6
1.5725053893572136e6
1.598250690576751e6
1.624195520902126e6
1.6503394128630362e6
1.676681914675849e6
1.7032225882549533e6
1.7299610110227764e6
1.7568967715580773e6
1.7840294734778625e6
1.811358734473493e6
1.8388841845010456e6
1.866605467948403e6
1.894522238687172e6
1.9226341652339038e6
1.950940931322838e6
1.9794422280328046e6
2.0081377597517555e6
2.0370272425742138e6
2.0661104055832257e6
2.095386986934488e6
2.1248567368281297e6
2.1545194177472163e6
2.184374791962157e6
2.2144226493351967e6
2.2446627781718476e6
2.275094977184805e6
2.3057190569681525e6
2.336534836837342e6
2.3675421453722967e6
2.3987408166647274e6
2.4301306974892933e6
2.4617116396087036e6
2.4934835076396177e6
2.525446168128195e6
2.557599497869174e6
2.589943381195819e6
2.622477710782091e6
2.6552023803994763e6
2.6881172978000836e6
2.721222375718738e6
2.754517530738457e6
2.788002686119606e6
2.8216777718265047e6
2.8555427232863954e6
2.889597482380959e6
2.9238419936297275e6
2.9582762110262658e6
2.992900090276957e6
3.027713592934853e6
3.0627166851453288e6
3.097909338597763e6
3.1332915272555654e6
3.1688632312201005e6
3.204624433684692e6
3.2405751224579294e6
3.2767152885383475e6
3.3130449268962573e6
3.349564033618264e6
3.3862726166887144e6
3.423170675051464e6
3.4602582175089386e6
3.497535258584721e6
3.5350018097478147e6
3.5726578874475136e6
3.610503511706744e6
3.648538705115204e6
3.6867634904412064e6
3.725177895596312e6
3.763781948982893e6
3.8025756817887933e6
3.8415591270987173e6
3.880732319597497e6
3.9200952963937786e6
3.9596480959685785e6
3.9993907585593504e6
4.039323326044032e6
4.0794458416472827e6
4.1197583509615934e6
4.160260898934158e6
4.200953533639621e6
4.24183630385313e6
4.282909259434303e6
4.324172451589566e6
4.365625930334279e6