146252.82215751847
146343.0515494856
146583.78457616043
146975.35102969885
147518.2783284227
148213.32586980966
149061.40328509745
150063.65856351238
151221.35340863635
152536.03960732487
154009.36520153692
155643.1395852553
157439.3572317569
159400.15866048232
161527.79613349284
163824.63430573227
166293.20085420064
168936.0705411195
171755.94100385817
174755.57913186663
177937.79270257184
181305.45374886156
184861.55833237508
188608.9829228964
192550.71670548565
196689.73257460556
201029.0227685892
205571.52420467295
210320.1897055311
215277.9077801712
220447.54838701652
225831.91176494147
231433.76331293758
237255.7662487827
243300.55126832094
249570.64264928678
256068.49860615446
262796.4748433431
269756.84159539803
276951.76685657626
284383.32327458577
292053.47730396525
299964.08635840414
308116.90866985073
316513.584703955
325155.6551060459
334044.54211433453
343181.56024569075
352567.9170266294
362204.70689052937
372092.92059294594
382233.43826714525
392627.03891839914
403274.3964823771
414176.0817163072
425332.570827898
436744.2413996658
448411.3773589992
460334.1717646618
472512.7313640604
484947.0776902967
497637.149909745
510582.809598933
523783.84312932834
537239.9641089258
550950.8193829765
564915.9895399509
579134.9937689198
593607.2938211467
608332.2936190455
623309.3494027765
638537.766371238
654016.8051088294
669745.6841414114
685723.5832501085
701949.6459075287
718422.9832456809
735142.6748464082
752107.7763854768
769317.3148807642
786770.2985791473
804465.713728975
822402.5321937214
840579.7106639873
858996.1925404149
877650.9122686432
896542.7941950683
915670.7606055699
935033.7275679981
954630.6063395677
974460.3113515835
994521.7570655197
1.0148138587775391e6
1.0353355383090964e6
1.0560857198281577e6
1.0770633383106957e6
1.0982673327693832e6
1.1196966536923451e6
1.1413502579857896e6
1.1632271180637584e6
1.1853262154504715e6
1.2076465459454255e6
1.2301871161154583e6
1.252946949364945e6
1.2759250827572357e6
1.299120568559991e6
1.3225324750626534e6
1.3461598866564664e6
1.3700019040229274e6
1.3940576462185588e6
1.418326247460457e6
1.4428068622430465e6
1.4674986606557083e6
1.4924008335269408e6
1.5175125857463987e6
1.5428331430684677e6
1.568361749382541e6
1.594097669361467e6
1.620040175104774e6
1.6461885714664003e6
1.672542173221544e6
1.6991003177833434e6
1.7258623553279666e6
1.7528276618258094e6
1.779995620896949e6
1.807365641625063e6
1.8349371477773949e6
1.8627095805626092e6
1.8906823978239568e6
1.9188550792667866e6
1.9472271124776918e6
1.9757980100674431e6
2.0045672932337478e6
2.03353450456451e6
2.0626991958795728e6
2.092060947891273e6
2.1216193431241224e6
2.151373982275787e6
2.1813244851531973e6
2.2114704824042954e6
2.241811616173721e6
2.272347546724931e6
2.3030779457325367e6
2.3340024988844106e6
2.3651208981132316e6
2.3964328708500057e6
2.42793812232988e6
2.4596363950011497e6
2.4915274333515675e6
2.523610996261221e6
2.555886851770643e6
2.588354779946866e6
2.6210145708765388e6
2.6538660250741476e6
2.686908953073315e6
2.7201431747532994e6
2.7535685199251026e6
2.7871848270968674e6
2.8209919439182803e6
2.854989726119639e6
2.8891780397750977e6
2.923556756064734e6
2.958125754935561e6
2.9928849270118345e6
3.0278341676879786e6
3.062973378160847e6
3.0983024706664016e6
3.1338213579838146e6
3.169529967809393e6
3.2054282237906256e6
3.241516066175541e6
3.277793435156741e6
3.314260277102637e6
3.350916544723267e6
3.387762195975382e6
3.4247971936464505e6
3.462021505774903e6
3.4994351042338153e6
3.5370379672914403e6
3.574830076404224e6
3.612811416795484e6
3.6509819781945497e6
3.6893417601684285e6
3.7278907543629166e6
3.766628958586635e6
3.805556381557147e6
3.844673031361391e6
3.8839789175893394e6
3.9234740598556437e6
3.96315847024576e6
4.003032183673025e6
4.043095197219223e6
4.083347548691555e6
4.1237892672910923e6
4.164420382039845e6
4.205240925605857e6
4.246250932747185e6
4.287450440289531e6
4.328839486806378e6
4.3704181129158735e6