80220.63528601636
80336.97332489389
80647.28165442511
81151.76041892756
81850.73342229906
82744.64602853128
83834.06140578495
85119.65373217003
86602.20501322913
88282.64565756926
90161.93044956125
92241.15470615713
94521.4946395967
97004.20635428515
99690.60710476464
102582.08629585986
105680.07622859572
108986.09606563518
112501.64801801121
116228.30139878948
120167.63810611216
124321.25648650099
128690.76191533465
133277.74519170882
138083.8068460007
143110.525529001
148359.44702208097
153832.09802154204
159529.96823310523
165454.50240517853
171607.10153672934
177989.1113168338
184601.8267828703
191446.48247717918
198524.2538368612
205836.2306626522
213383.46670357985
221166.92241402532
229187.49321105596
237445.99080443123
245943.19891694604
254679.7545020134
263656.27159274195
272873.2733973651
282331.2134866852
292030.47070521826
301971.35571743536
312154.09606569225
322578.86292946746
333245.758251242
344154.81533041515
355306.00583630137
366699.2350175235
378334.35539070715
390211.1587547923
402329.3832212322
414688.71448246937
427288.7887480322
440129.1948845121
453209.47734710097
466529.13836337044
480087.6405452201
493884.4098539491
507918.8373577456
522190.282168349
536698.0739838262
551441.5149512666
566419.8824855457
581632.431290225
597078.3956204196
612756.9914436673
628667.4184957355
644808.862299921
661180.4960686255
677781.4826056045
694610.9759980307
711668.1233533126
728952.0667899462
746461.9439777522
764196.8910550737
782156.0429119478
800338.5346778652
818743.503684676
837370.089613365
856217.4367860138
875284.6939115284
894571.0157444333
914075.5650675127
933797.5107496949
953736.0316201102
973890.3151593019
994259.5589255062
1.0148429713031596e6
1.0356397714725448e6
1.0566491904554665e6
1.0778704713415285e6
1.0993028702239795e6
1.1209456558208023e6
1.142798109732733e6
1.1648595258206665e6
1.1871292185890237e6
1.2096065064187846e6
1.2322907283267141e6
1.2551812361622008e6
1.278277396892962e6
1.3015785908605296e6
1.325084213613515e6
1.3487936772502488e6
1.3727064044160382e6
1.396821835520247e6
1.4211394248807621e6
1.4456586412877366e6
1.4703789676638213e6
1.495299902700821e6
1.5204209577708105e6
1.5457416593949047e6
1.5712615478014844e6
1.5969801770318178e6
1.622897115443915e6
1.6490119441935318e6
1.6753242581396e6
1.7018336662642397e6
1.7285397896325965e6
1.7554422637853287e6
1.7825407284250334e6
1.8098348578688726e6
1.8373243097915128e6
1.8650087727123725e6
1.8928879396142121e6
1.9209615205833304e6
1.9492292321007755e6
1.977690803401494e6
2.0063459737240395e6
2.035194494733935e6
2.0642361256249445e6
2.0934706431131174e6
2.1228978222780116e6
2.1525174582872447e6
2.1823293459044932e6
2.212333300264595e6
2.2425291379008135e6
2.2729166865223376e6
2.303495781876005e6
2.334266268655005e6
2.365227998393325e6
2.396380832305311e6
2.4277246383459615e6
2.4592592910289876e6
2.490984674268537e6
2.5229006774041904e6
2.555007196828831e6
2.5873041360978503e6
2.619791408369341e6
2.652468919335927e6
2.6853366013056636e6
2.718394379546881e6
2.7516421863622447e6
2.785079962159051e6
2.8187076521530887e6
2.852525204017392e6
2.8865325735761942e6
2.9207297204098604e6
2.9551166086445246e6
2.989693207133969e6
3.024459490350581e6
3.0594154328354984e6
3.0945610181306023e6
3.129896230462748e6
3.1654210593075515e6
3.2011354976520394e6
3.2370395407925677e6
3.273133191191095e6
3.309416448766795e6
3.34588932052266e6
3.3825518139843913e6
3.4194039438315136e6
3.4564457237802446e6
3.4936771733648884e6
3.5310983065199982e6
3.5687091482430496e6
3.6065097245870167e6
3.6445000639225217e6
3.6826801920740483e6
3.721050141203696e6
3.759609944368695e6
3.7983596365677547e6
3.83729925447197e6
3.876428837389308e6
3.9157484209602475e6
3.955258052579227e6
3.9949577728432873e6
4.0348476261057435e6
4.0749276579639176e6
4.115197916011465e6
4.155658447435784e6
4.19630930206794e6
4.237150530030292e6
4.278182182692806e6
4.319404312107554e6
4.360816902815128e6