586511.5994635894
586483.1656694345
586407.5428524801
586285.3382191891
586117.6185328753
585905.7179563955
585651.0280539801
585356.6778064491
585024.2430958037
584656.7780863027
584257.5552849944
583830.1007335304
583378.2436400094
582906.090503624
582418.204747248
581919.2766688329
581414.3130987481
580908.6787194127
580407.6658760989
579917.2951739018
579443.5908198467
578992.4603434667
578570.3890228976
578183.862040744
577839.573859673
577544.3421246398
577304.8168789481
577128.8435119353
577022.7267114552
576994.0013128407
577049.8888127524
577197.7303629934
577444.8754595993
577798.7166524145
578266.3359046958
578856.0151916009
579574.2597157244
580428.7014270579
581426.7343932563
582575.4161814816
583882.177059469
585354.11060849
586998.2557541819
588821.6771226655
590831.2047220846
593033.6496756667
595435.7486350102
598044.0502263759
600865.0658005947
603905.076457549
607170.3059066816
610666.8342691263
614400.572837222
618376.7675844928
622602.6329190087
627082.0726595686
631820.8511079111
636824.178832616
642097.0094854047
647644.1527329914
653470.2350820075
659579.7183546704
665976.8783464032
672665.8285285394
679650.4923729236
686934.5949118803
694521.7249285171
702415.204760086
710618.281731658
719133.9444647498
727965.0230693549
737114.1640879912
746583.8304013795
756376.3072760387
766493.696393982
776937.9249104281
787710.7416681405
798813.7215426251
810248.2683284872
822015.6126576026
834116.8226543255
846552.798720415
859324.2805162634
872431.8492599372
885875.9312512929
899656.8010594384
913774.5859109323
928229.2667269207
943020.6878635641
958148.5546996504
973612.4421972861
989411.7972866057
1.0055459426204549e6
1.0220140831733735e6
1.0388153108580577e6
1.055948605846101e6
1.0734128450395826e6
1.0912068032537852e6
1.109329160789751e6
1.1277785079870578e6
1.1465533483775873e6
1.1656521042191123e6
1.1850731216630887e6
1.2048146743872198e6
1.2248749668425866e6
1.2452521463700985e6
1.2659443023112626e6
1.2869494550832603e6
1.308265604361152e6
1.3298906819139621e6
1.351822578560403e6
1.3740591683949223e6
1.3965982811738148e6
1.4194377140531235e6
1.442575244578919e6
1.4660086457417347e6
1.489735641818811e6
1.5137539657903945e6
1.5380613410604298e6
1.5626523659042928e6
1.5875340838265957e6
1.612694872194663e6
1.6381355392364475e6
1.6638538207086076e6
1.689847434902697e6
1.7161141153897503e6
1.7426516164220625e6
1.7694576990770004e6
1.7965301486850823e6
1.8238667615107337e6
1.8514653686035227e6
1.8793238146209891e6
1.9074399590948375e6
1.9358117174756846e6
1.964437005127142e6
1.993313798281482e6
2.0224400346297415e6
2.0518137653738193e6
2.0814330424579e6
2.1112959390777936e6
2.141400571248995e6
2.1717450910748513e6
2.202327692333944e6
2.2331466085249158e6
2.264200063654263e6
2.2954863704123246e6
2.3270038645318625e6
2.358750917455617e6
2.3907259347066106e6
2.422927362820528e6
2.4553536833708268e6
2.488003435873552e6
2.520875140922239e6
2.5539674160791175e6
2.587278884019298e6
2.6208082159522674e6
2.6545541439833506e6
2.688515360194251e6
2.7226906809470775e6
2.757078907860441e6
2.7916788937995574e6
2.8264895175894005e6
2.8615096985624665e6
2.8967383881839556e6
2.9321745725062e6
2.967817267398706e6
3.0036655240708045e6
3.039718426926206e6
3.075975100617453e6
3.1124441598677943e6
3.1490962715684995e6
3.185959177575231e6
3.223022590632259e6
3.2602857738717063e6
3.2977480097072306e6
3.3354086190200695e6
3.373266933352173e6
3.411322326045698e6
3.4495741906234594e6
3.4880219270433923e6
3.526665002855704e6
3.5655028667954793e6
3.6045349814157253e6
3.6437608934620675e6
3.6831801126922844e6
3.7227921943058493e6
3.7625967107510725e6
3.802593250797212e6
3.84278141989063e6
3.8831608539713807e6
3.923731193762848e6
3.96449210841287e6
4.0054432790488405e6
4.0465843995703245e6
4.087915189109886e6
4.1294353729517506e6
4.1711446987924296e6
4.213042922723557e6
4.255129824550881e6
4.297405185151224e6