214712.94722766653
214778.7917037688
214954.53225307408
215240.59323879462
215637.66570971304
216146.67330811537
216768.8337494906
217505.60510069682
218358.67279656333
219329.93261436126
220421.58016711104
221635.95813195265
222975.65767717056
224443.42004192367
226042.24227152127
227775.21730386236
229645.63365737777
231656.92077545924
233812.7242587535
236116.44430105566
238572.12844464768
241183.5551593914
243954.66387244212
246889.46062675372
249992.02659106013
253266.32369008122
256716.58776987405
260346.88707475687
264161.3330914745
268163.995399788
272358.9673875271
276750.26107099163
281341.85199663974
286137.65861640556
291141.5251525786
296357.2366954385
301788.4908973604
307438.85564676265
313311.8559986657
319410.87909896113
325738.9499567831
332300.0196219657
339096.34115825815
346131.1341343947
353407.1629897234
360927.10693445115
368693.519285611
376708.79621499986
384975.2096484008
393494.89045123954
402269.84234043106
411301.91628914967
420592.88244193955
430144.28874483844
439957.61735909316
450034.1943846808
460375.2197249717
470981.76167830895
481854.77322919655
492995.07215994864
504403.3619638687
516080.2283999582
528026.1428965103
540241.4644481605
552726.4452885102
565481.2343389099
578505.8779715218
591800.3259608109
605364.4376756538
619197.9806233541
633300.6376418631
647672.0101675943
662311.621816134
677218.9224568442
692393.2920496888
707834.0445115907
723540.4314948795
739511.6462020441
755746.8250894244
772245.0613538928
789005.3891266091
806026.806070931
823308.2657164857
840848.6927175992
858646.9681322275
876701.9387932346
895012.4396098749
913577.2707742032
932395.2106913322
951465.0210476674
970785.4476783604
990355.2223009197
1.0101730631380288e6
1.0302376839966985e6
1.0505477894027457e6
1.0711020796559637e6
1.0918992593540293e6
1.1129380209925957e6
1.1342170665321827e6
1.1557351005412466e6
1.1774908324542167e6
1.1994829745734697e6
1.2217102586520603e6
1.2441714074761462e6
1.2668651778996324e6
1.2897903161460357e6
1.3129455958228987e6
1.3363297943910933e6
1.3599417240380454e6
1.3837801884596506e6
1.407844020184103e6
1.4321320711360518e6
1.4566432091679792e6
1.4813763188691777e6
1.5063303054287443e6
1.5315040960196587e6
1.5568966385513518e6
1.5825068929401713e6
1.6083338430858369e6
1.6343765077188243e6
1.6606339127549017e6
1.6871051079352878e6
1.713789166621984e6
1.7406851829163162e6
1.767792272709586e6
1.7951095749475702e6
1.8226362482258528e6
1.85037147410794e6
1.8783144571266691e6
1.9064644247987568e6
1.9348206126807989e6
1.9633823009253368e6
1.992148755231856e6
2.021119318226224e6
2.0502932871613284e6
2.0796700156796628e6
2.109248888114699e6
2.1390292892443654e6
2.169010615868781e6
2.1991923126822645e6
2.229573821010046e6
2.2601546057953434e6
2.2909341522555156e6
2.3219119446170945e6
2.3530875291297915e6
2.384460431013313e6
2.41603020309815e6
2.447796415503761e6
2.47975865506289e6
2.511916523775559e6
2.544269639762519e6
2.5768176332990294e6
2.6095601555011286e6
2.642496867885133e6
2.6756274459825885e6
2.7089515801599487e6
2.742468974194556e6
2.7761793378882506e6
2.8100824225131674e6
2.844177948663456e6
2.8784656759354426e6
2.912945369924058e6
2.9476168129814756e6
2.9824797864382095e6
3.0175340933595253e6
3.0527795440070666e6
3.08821596707466e6
3.1238431609058487e6
3.1596610079354094e6
3.195669314137487e6
3.2318679690224202e6
3.268256832667736e6
3.3048357685295073e6
3.341604670253645e6
3.378563426303567e6
3.415711934781004e6
3.453050102536024e6
3.4905778423341685e6
3.528295075465733e6
3.56620172719155e6
3.6042977325344416e6
3.6425830307553816e6
3.6810575673024324e6
3.7197212941110595e6
3.7585741690301397e6
3.7976161527406177e6
3.836847212519406e6
3.8762673274798994e6
3.915876468346124e6
3.955674619626487e6
3.995661768037519e6
4.0358379037188445e6
4.0762030241414844e6
4.116757126166428e6
4.1575002134697703e6
4.198432292150257e6
4.239553372690365e6
4.280863468075238e6
4.322362594799494e6
4.364050774202907e6