573747.9398486644
573721.981619074
573652.962774883
573541.4889113551
573388.6149945382
573195.6754187567
572964.083627691
572696.8880773534
572395.709269969
572063.5963550911
571703.7805883707
571319.7708584231
570915.3936463301
570494.7509936914
570062.4993681232
569622.8997866458
569181.3656358316
568743.064191971
568313.2978005952
567898.041731135
567503.2841366702
567134.9111009617
566799.3623792962
566503.1018370434
566252.7605478906
566055.1384942227
565916.8518762547
565845.655005753
565847.8431413383
565930.8899562785
566101.9684445723
566368.3618439925
566737.366872903
567216.3084804977
567812.2202681596
568533.3043518625
569386.0130218859
570377.9041815714
571516.2943154199
572808.1893150569
574260.922128947
575881.5097714763
577676.9345074389
579654.1228476786
581819.8749259531
584180.8912481095
586743.8203418916
589515.1114797217
592501.1866753672
595708.2412359174
599142.3837620826
602809.5999587197
606715.6960819978
610866.4056611469
615267.0618666178
619923.2108089239
624839.9904822798
630022.4249719391
635475.38067107
641203.5534723785
647211.4558933682
653503.4339550182
660083.6477657887
666956.0934723832
674124.5759649363
681592.7074573056
689363.9379848435
697441.5282623989
705828.5521191503
714527.9001390235
723542.2886216233
732874.2463873106
742526.1235581457
752500.0918349216
762798.1406775042
773422.0880834262
784373.5732023439
795654.064436395
807264.8606087628
819207.0899621986
831481.7200257177
844089.5538309044
857031.2353124482
870307.2534406821
883917.944849652
897863.497554066
912143.9547464503
926759.218848285
941709.0542671543
956993.0978054015
972610.8496114613
988561.6924149869
1.0048448900410068e6
1.0214595758162558e6
1.0384047989633272e6
1.0556794839042462e6
1.073282459760985e6
1.0912124574775668e6
1.1094681170447078e6
1.1280479927032692e6
1.146950555192394e6
1.1661741981821768e6
1.1857172727671992e6
1.2055779412462423e6
1.2257544801314038e6
1.2462449923623384e6
1.2670475579675082e6
1.2881601891951496e6
1.309580881766768e6
1.331307565774869e6
1.3533381393788443e6
1.3756704781026968e6
1.3983024216192798e6
1.4212317789626059e6
1.4444563483745437e6
1.467973902629701e6
1.4917822026943616e6
1.5158790022098217e6
1.540262035484801e6
1.5649290596030715e6
1.5898777971085801e6
1.6151059975329866e6
1.6406113886005706e6
1.6663917414499295e6
1.6924448114072094e6
1.7187683677581924e6
1.7453602055611347e6
1.7722181266899225e6
1.7993399535906934e6
1.826723538759143e6
1.8543667435327861e6
1.8822674622842036e6
1.9104235999813532e6
1.9388331168064973e6
1.9674939780556578e6
1.996404206377812e6
2.0255617854787526e6
2.0549648151527909e6
2.084611394848835e6
2.1144996477893847e6
2.1446277385334126e6
2.17499386983003e6
2.2055962745598825e6
2.236433222217011e6
2.267503027356437e6
2.2988040476020565e6
2.330334623449265e6
2.3620931954610106e6
2.3940782159523284e6
2.4262881798100136e6
2.458721608335349e6
2.4913770872147894e6
2.5242531785106575e6
2.5573485626970413e6
2.590661912767457e6
2.6241919097344894e6
2.6579373302185335e6
2.691896926654254e6
2.726069548788242e6
2.7604540374414893e6
2.7950492841823376e6
2.8298542095347857e6
2.864867768040323e6
2.900088949179291e6
2.935516774219569e6
2.9711502950053085e6
3.0069886158333984e6
3.043030708370323e6
3.0792760394279445e6
3.11572349949099e6
3.1523723827813696e6
3.1892219212279073e6
3.2262713757319762e6
3.263520039086596e6
3.3009672229489903e6
3.3386122713244203e6
3.3764545468979147e6
3.4144934468456544e6
3.4527283902279255e6
3.4911588013428063e6
3.5297841692679757e6
3.568603968157379e6
3.607617682351783e6
3.646824878825972e6
3.686225089097226e6
3.7258178897542423e6
3.765602866998084e6
3.8055796342013087e6
3.8457478130344814e6
3.886107056745951e6
3.926657023742753e6
3.967397397651707e6
4.008327876865154e6
4.0494481700173924e6
4.0907580111637497e6
4.1322571381508857e6
4.173945314337684e6
4.215822307149101e6
4.257887909292551e6
4.300141913195047e6