548702.4456839261
548681.4654782803
548625.716868799
548535.735560585
548412.8150318288
548257.9856668359
548072.8276626705
547860.2225555943
547621.8868078133
547360.8079045366
547080.1836252376
546783.5018820539
546474.5564487122
546149.6682637648
545836.4900041888
545516.4986645086
545202.5548941887
544899.2928599899
544612.5857666642
544348.1312202723
544111.8298332475
543909.5387811188
543747.741594556
543632.4241600339
543570.5293624965
543568.6373232971
543633.2958506339
543772.1006521806
543991.3153595992
544298.269564586
544700.0436406329
545203.7991807386
545816.7160935672
546539.8031161316
547398.8236158362
548382.4069956543
549503.9226119097
550770.5037469263
552189.2953987084
553767.1968814186
555511.3382833973
557428.586559297
559525.7567151971
561809.6026001363
564286.746191716
566963.7038298522
569846.9417547842
572942.7187584282
576257.2568263998
579796.5510979535
583566.5171140535
587572.9173401932
591821.3617853918
596317.2991052517
601066.0364596827
606072.7103770003
611342.3001117986
616879.6031123663
622689.2587744563
628775.7340219656
635143.3075566946
641796.0960899759
648738.0254807691
655972.856241141
663504.16024452
671335.3146470534
679469.5341034054
687909.845076279
696659.091800186
705719.9311736254
715094.8503352354
724786.150319421
734795.9557276249
745126.217064003
755778.7031992761
766755.0157051838
778056.5820893991
789684.6623850034
801640.3524402246
813924.5807727893
826538.1212066663
839481.5875887552
852755.4411777777
866359.9935330497
880295.4099410265
894561.7141026082
909158.7922465398
924086.3868941786
939344.1271127689
954931.5079398872
970847.9009580817
987092.5604253567
1.0036646383209887e6
1.0205631587158304e6
1.0377870691114474e6
1.0553352004844272e6
1.0732062941886543e6
1.0913990068896401e6
1.1099119050513187e6
1.1287434781084794e6
1.1478921432097042e6
1.167356243964999e6
1.187134061107214e6
1.2072238125666445e6
1.2276236580552342e6
1.2483317107039415e6
1.2693460356356543e6
1.290664640757617e6
1.312285520830493e6
1.3342066138674328e6
1.3564258258468225e6
1.3789410551548442e6
1.4017501632499634e6
1.4248509901037696e6
1.4482413675540194e6
1.4719191094403076e6
1.4958820192141912e6
1.5201279024108117e6
1.544654549663109e6
1.5694597649144772e6
1.594541343198391e6
1.6198970942278134e6
1.6455248199481787e6
1.6714223594083278e6
1.6975875418347635e6
1.7240182207355935e6
1.7507122675493401e6
1.7776675659798027e6
1.8048820279779646e6
1.8323535828148683e6
1.8600801887793215e6
1.888059828240426e6
1.9162904984698682e6
1.9447702511020033e6
1.9734971436121538e6
2.0024692918052971e6
2.031684772918761e6
2.0611417962022058e6
2.0908385377227273e6
2.120773224704631e6
2.1509441170798847e6
2.181349509573159e6
2.2119877331911204e6
2.242857151175319e6
2.273956172251178e6
2.305283226777572e6
2.3368367894824026e6
2.368615371529841e6
2.4006175171715515e6
2.4328418075141506e6
2.465286864073607e6
2.4979513592121135e6
2.530833937000784e6
2.563933347512375e6
2.597248344505337e6
2.630777730308594e6
2.6645203382092346e6
2.6984750053671966e6
2.732640659545754e6
2.767016216576743e6
2.8016006469695824e6
2.836392960220801e6
2.8713921467243847e6
2.9065972858966854e6
2.9420074687402397e6
2.9776218147126376e6
3.0134394745216887e6
3.049459630783996e6
3.085681488386433e6
3.122104286922196e6
3.1587272901658034e6
3.1955497880436117e6
3.2325710994370137e6
3.2697905707893665e6
3.307207564952294e6
3.3448214868508307e6
3.3826317405832983e6
3.42063777536875e6
3.4588390576646687e6
3.497235059549613e6
3.535825312389474e6
3.5746093365128837e6
3.613586655034308e6
3.6527568778247642e6
3.692119575065061e6
3.731674361927723e6
3.771420859701404e6
3.8113587182296147e6
3.851487594647872e6
3.8918071733477595e6
3.9323171456367127e6
3.9730172263342324e6
4.013907162426175e6
4.054986632190825e6
4.096255454668963e6
4.137713380794168e6
4.179360190082828e6
4.2211956799946185e6
4.263219666266786e6
4.305431964971406e6