500539.1402542704
500528.2099623685
500499.27522201394
500452.9159721164
500390.1532236154
500312.2607257988
500220.94185875007
500118.3496374368
500006.7557507339
499884.80472637585
499768.05916019157
499647.4573822953
499530.8738426325
499422.28085320827
499326.04338480986
499246.6930720693
499189.0638237613
499158.27320622455
499159.50069958856
499198.5232437311
499280.85120986856
499412.4414815757
499599.3936426402
499848.04220472707
500164.40760975285
500555.33316105313
501027.07397128723
501586.92436301336
502241.0362893478
502996.43359378993
503859.99831514526
504838.6074937908
505939.189991876
507168.6674744567
508533.94913235574
510041.9432978857
511699.52119226253
513513.5097628952
515490.6981302005
517637.391955127
519961.3384806963
522468.0271014115
525164.2193795961
528056.458228367
531150.8202096638
534453.4951807542
537970.5568118165
541707.8341641113
545671.1678213461
549866.120592781
554298.1854135686
558972.6931301879
563894.8151347704
569069.5563294053
574501.7764255519
580196.1581246384
586157.2236417583
592389.3137661249
598896.5869431341
605683.0575608071
612752.5410235081
620108.679121044
627754.9311533233
635694.5875103164
643930.7535843397
652466.3409023962
661304.1002910411
670446.5992493005
679896.2249467205
689655.1814162988
699725.5107127064
710109.0733341577
720807.5575678657
731822.4889763723
743155.217060362
754806.9316318945
766778.6602707008
779071.2707214938
791685.4766404988
804621.8371162212
817880.7659582137
831462.5298630615
845367.254815921
859594.9298841645
874145.4110772095
889018.4256465913
904213.575803295
919730.3444586106
935568.0981448086
951726.0930820445
968203.477768131
984999.2966481273
1.0021125117330748e6
1.019541959087464e6
1.0372864243657808e6
1.0553445897997215e6
1.073715056445655e6
1.0923963621918955e6
1.1113869712481268e6
1.1306852781889266e6
1.1502896226058893e6
1.1701982883593668e6
1.1904095034401887e6
1.2109214499893808e6
1.231732266783792e6
1.252840056347135e6
1.274242887086536e6
1.295938782570119e6
1.3179257672897144e6
1.3402018072128017e6
1.3627648697410775e6
1.3856129126950311e6
1.4087438556956928e6
1.4321556309361863e6
1.4558461542904435e6
1.4798133525750623e6
1.504055096365535e6
1.5285693519483902e6
1.5533540071804181e6
1.5784069989693777e6
1.603726259209305e6
1.6293097384422757e6
1.6551553895591018e6
1.6812611980301805e6
1.7076251542893343e6
1.7342452732714303e6
1.7611195896288212e6
1.788246158436604e6
1.8156230650715064e6
1.843248411430072e6
1.8711203355541436e6
1.8992369986529818e6
1.9275965790699963e6
1.956197311871328e6
1.9850374370011403e6
2.0141152539418032e6
2.0434290347130655e6
2.0729771504278337e6
2.102757982221e6
2.1327699388985294e6
2.163011453713213e6
2.1934810064771036e6
2.224177133707797e6
2.25509835142865e6
2.2862432533175023e6
2.3176104563645907e6
2.34919860198735e6
2.381006379449108e6
2.4130325029458078e6
2.4452757229605736e6
2.477734829706686e6
2.510408635733032e6
2.5432959986152938e6
2.576395794748702e6
2.60970693624226e6
2.643228386530284e6
2.6769591249868013e6
2.7108981428033733e6
2.7450445061357464e6
2.7793972776999157e6
2.8139555611092616e6
2.8487184874380003e6
2.883685221034541e6
2.918854976469761e6
2.954226917302304e6
2.989800314601162e6
3.025574429533773e6
3.0615485939593255e6
3.0977220964154415e6
3.134094298116041e6
3.1706645729915337e6
3.207432314973011e6
3.244396947490468e6
3.2815579155181358e6
3.3189146827660343e6
3.356466747318249e6
3.394213617013476e6
3.4321547990185637e6
3.4702898571209726e6
3.508618359112647e6
3.5471399043914126e6
3.5858540936318794e6
3.624760535299767e6
3.6638589048946053e6
3.7031488430597205e6
3.742630034170663e6
3.7823021646227166e6
3.8221649467235478e6
3.8622181042771563e6
3.902461376276009e6
3.9428945118299928e6
3.983517266395022e6
4.0243294692511037e6
4.065330846082449e6
4.106521241340257e6
4.1479004642626494e6
4.1894683437231425e6
4.231224716650059e6
4.273169436927704e6
4.315302365567852e6