528.9108988344765
528.8498662493342
528.7483081332338
528.6064669059647
528.4247044407749
528.2034288663107
527.943171371474
527.6445542484842
527.3082191728714
526.9349640982621
526.5256050317813
526.0809747005778
525.6021913223198
525.0900733555588
524.5457090768017
523.9701774166188
523.3645746977534
522.7300261901577
522.0676693494548
521.3786554397142
520.6641332444444
519.9252663981863
519.1632048424588
518.379086562551
517.5740508647777
516.7492031352538
515.9056374966699
515.0444254911977
514.1666062538812
513.273223296047
512.3652434047827
511.4436423509747
510.50934728800564
509.5632582622465
508.6062471629316
507.63914987363387
506.6627659540948
505.6778678207918
504.6851953013222
503.6854552306147
502.6793216140715
501.6674426769092
500.65043022760676
499.628874084651
498.60354260313903
497.57432050163914
496.54235636489284
495.5079104044823
494.47143481032623
493.4333569927504
492.39407943882355
491.3539864570396
490.3134377836951
489.2727723683115
488.2323041705824
487.1923558771357
486.1531890796057
485.11508003258484
484.07826615657757
483.04301012718736
482.00950611576775
480.9779686691648
479.948586573651
478.92153831583573
477.8970085161792
476.8751485810426
475.85609850177855
474.8399861567441
473.82694039676005
472.8170880161206
471.8105350033228
470.8073661898162
469.8076907782132
468.8115849808747
467.81913039980475
466.8303912910487
465.8454411098981
464.8643392121103
463.8871255894812
462.9138548268195
461.94457907566215
460.97935736190806
460.01813598176034
459.06103680506
458.10804086482403
457.15920547185306
456.21451282208
455.2740036426282
454.33767526874
453.40554126027735
452.47761219024403
451.5538927198978
450.63436997685267
449.7190848958295
448.80799284852316
447.9011004373024
446.99840989014046
446.09990996922886
445.2055909918005
444.31544288456297
443.4294522210801
442.5476095107807
441.66989212153646
440.79629688764453
439.9267976635994
439.06137738253824
438.20000109202465
437.34270422253053
436.4894091600738
435.64011653143814
434.7948058172445
433.95345048055435
433.11602936880496
432.2825194957215
431.452886369099
430.6271382445479
429.8052188916502
428.9871135546455
428.1728059824101
427.3622437069429
426.5554314805001
425.75232450990524
424.9529067557497
424.1571478079055
423.3650237656551
422.5765053714689
421.79145876527593
421.010185430076
420.23233304227995
419.4579759368477
418.6870923167735
417.9196600549728
417.1556525901311
416.39503768277484
415.6377913737836
414.88388731658085
414.1333002953117
413.3859981179535
412.6419715832126
411.901178948102
411.1635974780102
410.42920997965075
409.697991888725
408.9698940175361
408.2449179364131
407.52303260600456
406.80460019550924
406.08884419591027
405.37609569186185
404.66633420351786
403.9595332195626
403.25567163839474
402.5547248705309
401.8563224959604
401.1611797877373
400.46891913185397
399.77948972419426
399.09288200959486
398.40907420610284
397.728049988884
397.04978920294536
396.3742737464435
395.701485722695
395.031410591327
394.36403007040025
393.6993330485529
393.0372962004583
392.3779153206014
391.72117401767997
391.06705479807795
390.4155669268855
389.7666822589632
389.120287362103
388.4767147855401
387.8356223357085
387.19711847964936
386.56120469509915
385.9278823126336
385.2971924324576
384.6690310150373
384.04353270455846
383.42065828763765
382.80043210047194
382.18287961755664
381.5680158463875
380.9559099878483
380.34656817912673
379.74004978236445
379.1364098816655
378.5357127965297
377.93803573984894
377.3434556827696
376.7520677215362
376.1639726847323
375.57929512019297
374.9981548217538
374.420686204765
373.84703135008436
373.2773379608631
372.71174861787074