1.4025921632878764
1.4024747536396556
1.4022794114190624
1.402006601890112
1.4016570701889495
1.4012316253061352
1.4007313427049017
1.4001574385095155
1.399511279558813
1.3987943922667974
1.3980084320345734
1.3971552175836077
1.396236529229441
1.3952544599405259
1.3942110185657617
1.3931083721197732
1.3919486912963208
1.3907342134079097
1.389467207016257
1.388149935929003
1.3867846869768272
1.3853737513168842
1.3839194007199178
1.382423881840432
1.3808894114789512
1.3793181741250287
1.3777123148579014
1.3760739142394511
1.374405017649757
1.372707613638404
1.370983617683998
1.3692349015001142
1.3674632568928753
1.3656704185382202
1.3638580535681348
1.3620277619687966
1.360181072645204
1.35831947450657
1.3564443473618457
1.3545570407308167
1.3526588276965121
1.3507509174693582
1.3488344982034797
1.3469105549314615
1.3449802431787912
1.3430444969689739
1.341104244224899
1.339160369691665
1.3372136900858063
1.335264988809601
1.3333149992224158
1.331364416250262
1.3294138789881562
1.3274640059340854
1.3255153325561482
1.323568471913288
1.3216238723332288
1.319681960426427
1.3177432291467484
1.3158080691762046
1.3138768464844433
1.3119499056733672
1.3100276082150875
1.308110201592122
1.3061980574988616
1.3042913413905413
1.302390322090518
1.30049521751002
1.298606227813937
1.2967235349335164
1.2948473060974552
1.2929776904252024
1.2911148308527656
1.289258848621295
1.2874098518145847
1.2855679383583594
1.2837332042837422
1.2819057169719879
1.2800856537041845
1.2782727665839175
1.276467409093843
1.2746695229940297
1.2728791356686089
1.271096276919788
1.2693209312655205
1.2675532141327928
1.265793031481435
1.2640404176087134
1.2622953711268934
1.2605578827837356
1.2588279376109544
1.2571055158521025
1.2553905408570314
1.253683188240453
1.2519831974932079
1.2502906400067375
1.248605469640129
1.2469276465798123
1.245257130353211
1.2435938950538654
1.2419378731155595
1.2402890245877127
1.2386472917775815
1.237012669642811
1.2353850391836483
1.2337644213206362
1.2321507032136483
1.2305438480742952
1.2289437967849872
1.2273505063438115
1.2257639005830503
1.2241839257965095
1.222610523747583
1.221043632381226
1.2194831612508112
1.2179291423928253
1.216381419926603
1.2148399602518365
1.213304733760449
1.211775583323431
1.210252539540427
1.2087355082758968
1.2072244198930768
1.2057192278705349
1.2042198530525148
1.20272623736242
1.2012383170736267
1.1997560301959984
1.1982792786523067
1.1968080716334784
1.1953423421965659
1.193881948148195
1.1924269031432426
1.1909771037164967
1.1895325025256795
1.188093037847662
1.1866586540945128
1.185229283482061
1.1838048723978047
1.1823853601719518
1.1809706674814864
1.179560779803408
1.1781556156935966
1.1767551211395
1.1753592382683429
1.1739679274194679
1.1725811077023531
1.1711987344787416
1.1698221479540485
1.168448523471568
1.1670791550300605
1.1657126496139103
1.1643517350445942
1.1629949552448315
1.1616422772066932
1.160293644894389
1.1589490152255448
1.1576083651610958
1.1562715899918787
1.1549387095129997
1.153609665536928
1.1522844202219065
1.1509629341404706
1.1496451784072244
1.148331117700914
1.1470207228367824
1.1457139648150636
1.144410821398932
1.1431112711948717
1.1418152737962932
1.1405228783503447
1.1392340148995437
1.1379486906954832
1.1366669095584703
1.1353886737800905
1.1341139923333163
1.1328428842498486
1.1315753719531807
1.130311488011707
1.1290512698598332
1.1277948335162153
1.126542079436628
1.1252932401455622
1.124048356707048
1.1228075000403424
1.1215709131198608
1.1203386275777814
1.1191108561184888
1.1178877959354019
1.116669611265803
1.1154567392318662
1.1142493031553244
1.1130476420580377
1.1118521599985771
1.1106632358303012
1.109481296242543
1.108306797805669
1.1071402234002026
1.1059820705294185
1.1048328450558238