1.3367809011226057
1.336664726800667
1.3364714348022435
1.3362015188547076
1.335855665789794
1.3354347579219426
1.3349398026775101
1.3343720577894689
1.3337328863781381
1.3330238125189573
1.332246491325806
1.3314027037279106
1.3304943398111302
1.3295233834174367
1.3284918876918697
1.3274020358899052
1.326255941815485
1.3250559332524754
1.3238041975413397
1.3225030324950067
1.3211547381501123
1.3197615764850907
1.3183258618450708
1.3168498037770453
1.3153356422784546
1.313785556610601
1.3122016778102368
1.3105861114243456
1.3089408973799939
1.3072680200790032
1.3055693528734775
1.3038469720548276
1.302102351515475
1.3003374459556145
1.2985538342551417
1.296753222631414
1.2949370448648982
1.2931068015057428
1.2912639013386078
1.2894096796971153
1.287545410877472
1.2856723143080087
1.2837915430217706
1.281904197578838
1.2800113065875156
1.2781138497560596
1.2762127729011465
1.2743090502314847
1.27240318937104
1.2704962883708493
1.268588997791209
1.2666819853696514
1.2647758824660302
1.2628713543614831
1.2609689659603667
1.2590692089347917
1.2571726074712604
1.2552796296618651
1.253390716862814
1.2515062717254937
1.249626677613089
1.2477522849047566
1.245883392822364
1.2440203958969793
1.2421634875541174
1.240312948022738
1.2384690274969652
1.23663194300832
1.234801901896965
1.2329790670991776
1.231163647786476
1.229355769664182
1.2275555550222832
1.225763200281119
1.2239787523221057
1.222202337466994
1.2204340448026525
1.2186739546226277
1.216922138912241
1.215178658862843
1.2134435652478837
1.211716907666637
1.2099987188079506
1.208289033511718
1.2065878616081465
1.2048952345120179
1.2032111579094469
1.2015356361905778
1.1998686715401412
1.1982102484884372
1.196560434410649
1.194919042804197
1.1932862035408498
1.1916618769262963
1.190045995398301
1.1884385602139471
1.1868395308419124
1.1852488861706911
1.1836665773758257
1.182092571777029
1.180526831748166
1.1789693106795598
1.177419970693199
1.1758787629207061
1.1743456419023588
1.1728205562850624
1.171303465259992
1.169794308078317
1.168293040023525
1.1667996059721686
1.165313953672273
1.1638360298282446
1.1623657777651535
1.1609031095980287
1.1594480745603006
1.158000510570379
1.156560397102294
1.1551276772950454
1.1537022760537747
1.15228419238497
1.150873310948113
1.1494696005571368
1.1480729965192258
1.146683445144737
1.1453008807858855
1.1439252708437877
1.1425565239059003
1.1411946382239357
1.1398395069197838
1.1384910584906156
1.1371492911642398
1.1358141271009592
1.1344855133746574
1.1331633977074314
1.1318477163920269
1.1305384251036144
1.1292354776690254
1.1279387969791757
1.1266483555976456
1.1253640935082312
1.1240859625854318
1.1228139114154636
1.121547887966956
1.1202878491210515
1.1190337452084214
1.117785531325349
1.1165431522509577
1.1153065784409144
1.1140757532643393
1.112850637204939
1.1116311886691128
1.110417367005713
1.1092091284005559
1.1080064366311801
1.1068092521368595
1.1056175409398952
1.1044312661097284
1.1032503927616026
1.1020748833480185
1.100904724095798
1.0997398694060736
1.0985802998442393
1.0974259836027507
1.0962769024948333
1.0951330335310197
1.0939943589281473
1.092860862959168
1.0917325305157
1.090609352039262
1.0894913212641122
1.0883784372424812
1.0872706928017628
1.086168098992681
1.0850706720100078
1.083978417017269
1.0828913593739673
1.081809525281511
1.0807329488558877
1.0796616855004455
1.0785957757802314
1.077535285635079
1.0764802896093804
1.0754308751335684
1.074387143783377
1.0733492186573128
1.072317216872296
1.0712913280170562
1.070271672798701
1.0692585032178863
1.0682520281458723
1.0672525028763677
1.0662602124932223
1.0652754726442366
1.064298627602942
1.0633300613977343
1.0623701714176694
1.0614193900384863
1.0604781608338787
1.059546942949432
1.0586261909656007