29.98033125557141
29.98005588062712
29.979595732882053
29.978949031517296
29.97811329028361
29.97708519644106
29.975861484751086
29.974436774435844
29.97280616939905
29.970963746620274
29.96890321286393
29.96661733476713
29.964098612159063
29.961338434669205
29.95832817325433
29.955058518306153
29.95151967061799
29.947701419912462
29.943593137820045
29.939183809499234
29.93446221697735
29.92941647201215
29.924034953664435
29.91830564405605
29.912216996957223
29.90575476077658
29.898908687376903
29.89166579093414
29.88401402994206
29.875941059972746
29.867435966187614
29.858485915785636
29.84908013696989
29.8392076313946
29.82885783433543
29.818020699690997
29.806686651136488
29.794846562511623
29.782492073841986
29.769615375846946
29.756209374894347
29.7422676074994
29.72778435319715
29.71275512109365
29.697174933068574
29.681040420363686
29.66434983871998
29.64710100000483
29.629292743930662
29.61092556467595
29.591999550531526
29.572516075484643
29.55247761460199
29.531887039614976
29.51074802878821
29.489064967243255
29.46684292191095
29.44408758147291
29.420805309540295
29.397002925099137
29.372687872589644
29.347868164352953
29.322552179843807
29.296748767087074
29.27046715292225
29.24371693056491
29.21650801092575
29.18885059551544
29.160755120935967
29.13223224625029
29.10329279473372
29.07394780963027
29.044208308674115
29.01408551458089
28.983590652301444
28.952735520439795
28.92152993019735
28.8899866438893
28.858116424561857
28.8259303904064
28.793439680453112
28.76065523200291
28.727588110978232
28.694249021646463
28.660649850737112
28.62679742456384
28.592705778799605
28.558383877605312
28.523841736105275
28.48908919657103
28.454135910747887
28.418991350661717
28.383664785134055
28.34816529442814
28.312501810011362
28.27668289395641
28.24071710088249
28.204612673901707
28.168377722384612
28.13202012007516
28.0955475491581
28.058967370942252
28.022287059553758
27.985513550801908
27.948653925112644
27.911714737910703
27.874702573813067
27.837623713062094
27.8004843626899
27.76329049570336
27.726047905683913
27.68876230499833
27.651439118232556
27.614083642086865
27.576701020756055
27.53929655150297
27.50187477222219
27.46444051466512
27.4269983604984
27.389553071681224
27.352108316678176
27.314668310203945
27.277237706134883
27.239820165540408
27.202419500058763
27.16503956802089
27.127683710172036
27.090355541633397
27.05305846598772
27.015795794439715
26.978570728879305
26.941386619060566
26.90424583916335
26.867151714360574
26.830107413080725
26.793115477130478
26.75617845066128
26.71929940194072
26.682480700016107
26.645724882787434
26.609034406419198
26.57241168525595
26.5358590688731
26.499378861340382
26.462973328972097
26.426644674139432
26.39039507685453
26.354226598096215
26.31814143236121
26.282141570098414
26.24622910607201
26.21040597160133
26.17467418444695
26.139035628929935
26.103492208061454
26.068045853873702
26.032698438588596
25.99745182185795
25.962307843067343
25.927268391674147
25.89233513195978
25.8575100354888
25.8227948532084
25.788191387683508
25.753701356010968
25.719326624277738
25.685068949477944
25.650930104971735
25.61691187888134
25.583016044390234
25.549244358118735
25.515598641686655
25.482080655605433
25.448692087337633
25.415436540547304
25.382310932776274
25.349321709959693
25.316469143995526
25.283755044567485
25.251181177077875
25.218749292636364
25.1864612320048
25.154318765264108
25.122323632109246
25.090477604015348
25.058782533704395
25.027240294971108
24.995851984160147
24.964620056068565
24.933546004758433
24.902631450532446
24.871878119779268
24.841287594100155
24.810861527526658
24.780601518100713
24.750509086829915
24.720585815952607
24.690833161831605
24.661252567592374
24.631845561737546