1.2159369538941893
1.215926778743188
1.2159098060542985
1.2158860135610703
1.2158553733904631
1.2158178474217305
1.2157733899188754
1.2157219470897214
1.215663457351655
1.2155978538190584
1.2155250566460396
1.2154449816202046
1.215357543077783
1.2152626455640545
1.215160320815806
1.2150500440227134
1.2149321245343316
1.2148063002316234
1.2146724507526545
1.2145304476975451
1.214380165154118
1.2142214707256984
1.2140542293872456
1.2138783076026405
1.2136935656091592
1.2134998671895207
1.2132970769536409
1.2130850586050272
1.212863677985738
1.2126328184133952
1.2123923215383101
1.2121420761391284
1.2118819581278597
1.2116118546990506
1.211331652776618
1.2110412453262056
1.2107405350885356
1.210429428677695
1.21010783852961
1.2097756729534939
1.2094328994077719
1.2090794381884964
1.2087152389883995
1.2083402626740933
1.2079544690704231
1.2075578372449551
1.2071503557129013
1.2067320207890495
1.2063028369964153
1.2058628220813725
1.2054120016362795
1.2049504129629132
1.2044780943975844
1.2039951076083244
1.2035015126339137
1.2029973830607181
1.2024828001013272
1.2019578520940524
1.201422636689596
1.200877259469122
1.2003218303854852
1.199756471643051
1.199181307114839
1.1985964678066128
1.198002094548362
1.1973983226141742
1.1967853015995045
1.1961631833380453
1.195532123035942
1.194892279314238
1.194243814255258
1.1935868932602098
1.192921681586543
1.1922483482496609
1.1915670649582244
1.190878003257398
1.1901813356487547
1.189477236367777
1.1887658789250486
1.1880474373141572
1.1873220855446152
1.186589996853001
1.185851368699508
1.1851063006817335
1.184355035733697
1.183597719115653
1.1828345196466759
1.1820656022020997
1.1812911360892846
1.1805112823813069
1.1797262038773926
1.1789360583482384
1.1781410020741396
1.1773411913348681
1.1765367778249998
1.1757279146954263
1.174914747184325
1.1740974238721493
1.173276087450538
1.1724508783628844
1.1716219307263458
1.170789391626019
1.169953384008471
1.169114046431901
1.1682714955578875
1.1674258689045012
1.1665772863897486
1.1657259601166186
1.164871736512187
1.1640150043541166
1.1631557870844782
1.1622941965397606
1.1614303312803247
1.1605643312645497
1.1596962650058438
1.15882625899409
1.1579544032396707
1.1570807999560146
1.1562055465863457
1.1553287380556538
1.1544504677794838
1.1535708300615564
1.1526899101600865
1.1518077979943515
1.1509245820180405
1.1500403548499074
1.1491551824258754
1.1482691453338623
1.1473823456485543
1.1464948523682055
1.1456067435181942
1.1447180965624235
1.1438289873279839
1.1429394907716666
1.1420496813859684
1.141159631992114
1.1402694140317908
1.1393790996102229
1.1384887590686836
1.1375984625829765
1.1367082795436494
1.1358182788961562
1.1349285284648203
1.134039097010857
1.1331500516611916
1.1322614600065077
1.1313733880892007
1.1304859030841174
1.1295990741643631
1.1287129627249208
1.1278276429271734
1.1269431751933914
1.1260596288055627
1.125177070308625
1.124295566446804
1.1234151867517075
1.1225359973295355
1.121658066882739
1.1207814643249332
1.1199062587502198
1.1190325197943978
1.1181603174252694
1.117289722995343
1.1164208072367974
1.1155536434482982
1.1146883035513435
1.1138248620731142
1.112963391942603
1.112103964427512
1.111246664312422
1.110391562535362
1.1095387389028042
1.1086882706266938
1.1078402363383462
1.1069947157190705
1.1061517898875195
1.105311544385984
1.1044740507928141
1.1036393971652967
1.102807665673233
1.1019789346440234
1.1011532988307564
1.1003308379758279
1.0995116362054775
1.0986957783437583
1.0978833493831863
1.097074434696623
1.0962691179479473
1.0954674850684012
1.0946696229804707
1.0938756097131577
1.093085531607523
1.0922994712954515
1.0915175050718746
1.0907397250092172
1.0899662098934784
1.089197028220909
1.0884322615941666
1.0876719857951047
1.0869162783407045