1.1940137787351082
1.1939948791395347
1.1939633612753036
1.193919196927474
1.1938623494844782
1.193792769989668
1.1937104004914112
1.1936151901049872
1.1935070095636817
1.1933858245494513
1.1932515241361061
1.1931040132663222
1.192943166685152
1.1927688868489428
1.1925810486617803
1.1923795293391815
1.192164205064619
1.1919349454038286
1.1916916220131926
1.1914341074980366
1.1911622730848255
1.1908759931045483
1.190575145623499
1.1902596130928031
1.1899292845049991
1.1895840603126848
1.1892238382617917
1.188848533699559
1.1884580713798636
1.188052389815135
1.1876314348554808
1.1871951679698898
1.1867435655650858
1.1862766176719421
1.1857943332141672
1.1852967281535578
1.184783863607916
1.1842557772469609
1.1837125481717699
1.1831542650056566
1.1825810576592442
1.181993029881428
1.1813903458396429
1.180773164526219
1.1801416642417561
1.1794960432895403
1.178836513511337
1.17816330274679
1.1774766541793418
1.1767768235477356
1.1760640798599002
1.1753387035502547
1.174601002651499
1.173851233763259
1.1730897478857758
1.1723168512907567
1.1715328687134028
1.1707381316982037
1.169932975463188
1.1691177396805295
1.168292766648989
1.1674584005456392
1.1666149856608805
1.165762868721909
1.1649023949603834
1.164033904630735
1.163157742181747
1.1622742432983981
1.1613837422871054
1.160486572315451
1.1595830581060922
1.1586735224864808
1.1577582791424192
1.1568376392988071
1.1559119066591872
1.1549813794099395
1.1540463485881938
1.153107096410925
1.1521639044669565
1.151217041315398
1.1502667698274298
1.1493133462184706
1.148357020449097
1.147398034443175
1.1464366185433015
1.145473006754093
1.1445074189771973
1.1435400632650439
1.1425711713118079
1.1416008779282893
1.140629441887205
1.1396570283212024
1.1386838159716226
1.1377099793966712
1.1367356833509787
1.13576110212545
1.134786379418019
1.13381167021518
1.1328371202263603
1.1318628688955295
1.1308890508109044
1.1299157969040117
1.1289432320017145
1.127971477207943
1.1270006483838928
1.1260308577882963
1.1250622129003682
1.1240948177760586
1.1231287719669039
1.1221641603221322
1.1212010988379055
1.1202396677171278
1.1192799664155213
1.118322047222024
1.11736596881185
1.1164119284551546
1.1154598791162413
1.1145099327002805
1.1135621600617627
1.1126166292816386
1.1116734060147837
1.1107325527029372
1.1097941312471964
1.1088582012687962
1.1079248205974541
1.10699404566109
1.1060659308955907
1.1051405296646089
1.1042178937768523
1.1032980738459772
1.1023811193624033
1.1014670784070795
1.1005559987857803
1.0996479271081576
1.0987429001649585
1.0978409791760286
1.0969421993519692
1.0960466059197778
1.095154247669006
1.094265153078616
1.0933793715557405
1.0924969443036472
1.091617913035513
1.0907423182845732
1.0898702004944463
1.089001605388012
1.0881365680081585
1.0872751309961752
1.0864173357495948
1.0855632228094025
1.0847128334561507
1.0838662089597761
1.0830233909594424
1.0821844210101417
1.0813493419531368
1.0805181948030764
1.079691023434042
1.0788678707568433
1.0780487813699393
1.0772337983000506
1.076422960708266
1.0756163254056426
1.074813932353961
1.0740158278107774
1.0732220638014298
1.072432677073114
1.0716477221450162
1.07086724456185
1.070091293040878
1.0693199202687107
1.0685531751280617
1.06779110682252
1.0670337674153434
1.0662812071331234
1.0655334718834917
1.0647906257694695
1.0640527149278267
1.0633197960164456
1.0625919126595453
1.0618691221899812
1.0611514767208523
1.0604390289273313
1.0597318309371997
1.0590299352711392
1.058333392797659
1.0576422536765933
1.0569565701898154
1.0562763912938418
1.055601770562782
1.0549327420752135
1.0542693665499236
1.0536116848372414
1.052959741765939
1.0523135796801935
1.051673240082615
1.0510387627632083
1.0504101847416691
1.049787542720544
1.0491708698306719
1.0485601978617685