92.57765020553514
92.57761676762554
92.57756000480774
92.57747833688747
92.57736948718616
92.57723042472188
92.57705727848344
92.5768452224544
92.57658835009525
92.57627950756016
92.57591008723928
92.57546979809023
92.57494636825787
92.57432520813308
92.57358900233179
92.57271721977607
92.5716855466571
92.5704651968422
92.56902210860638
92.56731598342266
92.5652991544117
92.56291523717391
92.56009753281334
92.55676713890128
92.55283069932885
92.54817773076591
92.54267745224627
92.53617500145535
92.52848692186936
92.51939579229953
92.50864377632806
92.49592490724098
92.4808758141433
92.46306452430728
92.44197694174252
92.41700039268508
92.3874035630086
92.35231185707005
92.31067697289132
92.2612390227942
92.20247900526562
92.13255855496168
92.04924272231305
91.94979969887122
91.83086870713734
91.68828293489284
91.51682763386232
91.30990211232461
91.05903516438049
90.75316884640621
90.37756185260152
89.91203610635337
89.32802248493246
88.58324240590049
87.61127139234513
86.29849523898224
84.42357827383651
81.44480043991258
75.03086784623575
36.411948000071725
28.16918188246532
23.56500542304232
20.39268140107744
18.013295730758536
16.14023390279444
14.61771483536418
13.351080402665113
12.278419051662143
11.357052573628305
10.556372902199797
9.853736651804583
9.231967000454832
8.677760631177552
8.180632020599322
7.732191503233773
7.325638059451626
6.955394933255663
6.616842407007921
6.306113570554466
6.019968794008166