92.57845450044942
92.57845450044942
92.57845450044942
92.57845450044942
92.57845450044942
92.57845450044942
92.57845450044942
92.57845450044942
92.57845450044942
92.57845450044942
92.57845450044942
92.57845450044942
92.57845450044942
92.57845450044942
92.57845450044942
92.57845450044942
92.57845450044942
92.57845450044942
92.57845450044942
92.57845450044942
92.57845450044942
92.57845450044942
92.57845450044942
92.57845450044942
92.57845450044942
92.57845450044942
92.57845450044942
92.57845449935505
92.5784544997817
92.57845450101381
92.57845450004584
92.57845450044942
92.57845449973618
92.57845450013781
92.57845449989864
92.57845450026889
92.57845450019548
92.57845450024551
92.57845450000241
92.57845450077338
92.57845450046142
92.57845450024767
92.5784545007602
92.57845450036395
92.57845449977438
92.57845450039002
92.57845450042042
92.5784545002091
92.57845450023818
92.57845450012745
92.57845450013548
92.57845449992693
92.57845449963631
92.57845450045536
92.57845450049201
92.5784544996137
92.57845449395745
92.57845350483753
92.57830674467988
92.55799300188066
39.536660671594504
28.551655476806623
23.605535875098916
20.326830933475744
17.90757097091188
16.018765093322212
14.491480078792362
13.225197931818688
12.155545848021655
11.238361727665353
10.442478120286628
9.744739915760714
9.127874329138647
8.578471001036467
8.085851735382741
7.6417959907162505
7.239380143779238
6.873037292436417
6.5381568464359425
6.220347133425266