1.3343179013190563
1.3343432243168034
1.334385441407472
1.334444570720704
1.334520637616683
1.3346136746517554
1.334723721545238
1.33485082514537
1.3349950393621852
1.335156425105156
1.335335050215675
1.3355309893611886
1.3357443239446085
1.3359751419751202
1.3362235379310827
1.3364896126133075
1.3367734729605902
1.337075231870608
1.3373950079844157
1.3377329254675676
1.3380891137674849
1.3384637073733068
1.3388568455707919
1.3392686721971063
1.339699335428351
1.3401489876095893
1.3406177851383627
1.3411058884625944
1.34161346223013
1.3421406756176428
1.3426877029859368
1.343254724899742
1.3438419296796096
1.344449515697407
1.3450776945522551
1.3457266956504363
1.3463967723888877
1.3470882106901727
1.347801340653598
1.348536552440042
1.3492943179507404
1.3500752205244824
1.350879995902615
1.3517095891631707
1.3525652346653907
1.3534485699683771
1.3543618005601066
1.3553079429607875
1.3562911913998328
1.3573174872126417
1.3583954309644692
1.3595378057196263
1.36076424877144
1.362106244154372
1.363617263149871
1.3653958457003657
1.3676478505717227
1.3709095714021131
1.3775982853335507
1.4015933104243217
1.395068382771914
1.387788683433421
1.380819729036548
1.3743363626952525
1.3683517050474134
1.3628353138806906
1.357745379290059
1.3530393020333074
1.3486773297090089
1.3446237147682405
1.3408467618382014
1.3373185716200071
1.334014650432872
1.3309134851905013
1.327996149619818
1.3252459572694422
1.3226481553371736
1.3201896703575384
1.3178588345635849
1.3156452999930413