314.3114754755848
314.3134957886519
314.3133920803566
314.31498113260005
314.3177277485972
314.3212084646923
314.325425068467
314.33037485623356
314.3360543610153
314.34245997499596
314.3495879512008
314.35743007542357
314.36598913612676
314.3752529455965
314.3852178495185
314.3958763643393
314.40722273931124
314.4192492596253
314.43194871693953
314.4453131820256
314.45933094803416
314.4740012456461
314.48930972756995
314.5052468723273
314.52180368907125
314.538970500332
314.55673695082413
314.57509262292285
314.594026435929
314.6135272599388
314.63358452324445
314.65418700767276
314.675322258422
314.6969783984541
314.71914412705496
314.7418069281962
314.76495487382266
314.7885754340723
314.81265548868885
314.8371837027171
314.86214638272685
314.88753103866605
314.91332520055636
314.9395158378024
314.9660899546175
314.9930334308286
315.02033742402153
315.0479861514765
315.0759667990092
315.1042671831969
315.1328745998494
315.16177583629513
315.19095889358294
315.22041070001654
315.2501188314199
315.28007094115014
315.3102553260349
315.34065923801353
315.3712705825354
315.40207791226624
315.43306875531385
315.4642318496974
315.49555547329527
315.5270285545607
315.5586390236045
315.5903771056865
315.62223093806205
315.65418985933195
315.68624331318046
315.7183808503855
315.7505926657393
315.7828679907712
315.81519777041837
315.84757146097957
315.8799802228731
315.91241479249453
315.9448660165031
315.9773243328809
316.0097823733784
316.04223027820296