217.292544520738
217.207295197805
217.613764707604
217.631441734648
217.552591046205
217.388874721672
217.487187803463
217.323936006491
217.337684338142
217.155873753236
217.194418015836
217.017816087101
216.993543046921
216.903201092381
216.782027701063
216.656534493532
216.512448323505
216.364542170183
216.207911913602
216.039074013597
215.86419259385
215.677507656884
215.482361303696
215.198640778962
215.057608820391
214.832641019004
214.598132044082
214.349125373339
214.088484294581
213.820245281071
213.540232766926
213.256320375771
212.955100331165
212.645337260927
212.320079928437
211.967970521091
211.640610125956
211.279980923569
210.900477319266
210.516330628578
210.1171568434
209.649441572452
209.27903955193
208.778090137393
208.387188525995
207.920406546705
207.438418730478
206.943295727596
206.404300550248
205.880382041544
205.342270820099
204.788029467115
204.238467144948
203.668776387216
203.043858163961
202.432822766218
201.807419353297
201.16323692519
200.508275971339
199.839233172113
199.157844441898
198.353867452775
197.759526509233
197.035094796616
196.292407672538
195.528084171441
194.757348272571
193.97307050583
193.174774229414
192.361574423953
191.5366635047
190.695572434635
189.84239583189
188.97464238591
188.087050631797
187.163175271406
186.258818899142
185.339252353365
184.406527112447
183.460681677938