1.8197171609531861
1.818668961682473
1.8129628524547032
1.8020925313657559
1.7878345510595222
1.7717665253450667
1.7548612343830077
1.7376556362311488
1.720429409184201
1.7033178579879606
1.6863758657062289
1.6696131443084776
1.653013602149366
1.6365459808390352
1.6201696298432509
1.6038375050123954
1.5874975214619944
1.5710928690282322
1.5545616051317912
1.5378356624031442
1.5208392848890344
1.5034868122983096
1.4856796147901616
1.467301822070305
1.4482142811405172
1.4282457431794997
1.4071795586085813
1.3847327155503848
1.3605210382879873
1.3339975705889238
1.3043340368058236
1.2701663782125376
1.2289595989388808
1.1750602419484355
1.0937950502262515
1.0076668607977273
0.971067871098446
0.9526998066478165
0.9414859068358603
0.9340194688193559
0.9288609358280118
0.925273776801999
0.9228318467965346
0.921266569112372
0.9203975859666134
0.920097655339001
0.9202733588301522
0.9208537958073504
0.9217836085715541
0.9230184943445598
0.9245222150281447
0.9262645452586753
0.9282198285545937
0.9303659397552124
0.9326835253614076
0.9351554385384562
0.9377663127165392
0.9405022365667306
0.9433505031363398
0.946299414333982
0.9493381280045212
0.9524565365957485
0.9556451710488303
0.9588951233294649
0.9621979848369353
0.9655457958879508
0.9689310049055919
0.9723464349990558
0.9757852564525273
0.9792409973922256
0.9827073867494551
0.9861785517243811
0.9896488563340222
0.993112928120429
0.9965656479706073
1.0000021408415818
1.0034177675158173
1.0068081171668282
1.0101690005292783
1.0134964432479308
1.0167866799238752
1.0200361481483324
1.023241482697924
1.0263995102707688
1.0295072438366653
1.032561877312836
1.0355607803335318
1.038501492920957
1.0413817203169793
1.0441993278188768
1.0469523354531094
1.0496389131155812
1.052257375260579
1.054806175945402
1.0572839036826802
1.0596892767673993
1.0620211379738276
1.0642784499943114
1.066460290526397
1.0685658475466404
1.0705944147477702
1.0725453869034212
1.0744182554103343
1.0762126039396298
1.077928104134699
1.0795645114280035
1.0811216610008696
1.082599463714125
1.0839979023870896
1.0853170279222244
1.0865569556930694
1.0877178620565129
1.0887999808810136
1.0898036002518534
1.090729059338595
1.091576745186413
1.0923470898921916
1.0930405676260682
1.0936576919290086
1.0941990131047863
1.094665115577114
1.0950566155715729
1.0953741587008823
1.0956184177483115
1.095790090551822
1.0958898979216425
1.0959185817430708
1.0958769030227566
1.0957656402276843
1.0955855875161857
1.0953375531328033
1.0950223579154645
1.0946408337966007
1.094193822475158
1.093682174051379
1.093106745840032
1.0924684011498842
1.0917680082112442
1.0910064390995906
1.0901845687670537
1.0893032740943482
1.0883634330223497
1.087365923715348
1.0863116237934438
1.0852014095908933
1.0840361554855926
1.0828167332431908
1.0815440114338646
1.0802188548601999
1.0788421240423691
1.0774146747285762
1.07593735744641
1.074411017083463
1.0728364924990403
1.0712146161680476
1.0695462138492235
1.0678321042837728
1.0660730989174931
1.0642700016449913
1.0624236085821535
1.0605347078564664
1.058604079410145
1.0566324948513408
1.054620717276257
1.0525695011526377
1.050479592205404
1.0483517272893295
1.0461866343384614
1.043985032260843
1.0417476309001845
1.0394751309617059
1.0371682240035875
1.0348275923849952
1.0324539092713714
1.0300478386018526
1.027610035122045
1.0251411443569012
1.0226418026594404
1.020112637223754
1.0175542661163632
1.0149672983059705
1.0123523337199405
1.0097099632832949
1.0070407689890013
1.0043453239230837
1.0016241923739555
0.9988779298394075
0.9961070831558798
0.9933121905305837
0.9904937816528614
0.9876523777410959
0.9847884916241707
0.9819026278579432
0.9789952827928472
0.9760669446500438
0.9731180936094024
0.9701492019368612
0.9671607340329089
0.9641531465560504
0.9611268884965192
0.958082401286311
0.9550201188875311
0.9519404678820456
0.948843867569086
0.9457307300942261
0.9426014604747897
0.9394564567826951
0.9362961101883931
0.9331208050429325
0.929930919037921
0.9267268232303394
0.9235088821968365
0.9202774540840402
0.917032890733398
0.9137755377655283
0.9105057346747518
0.9072238149075353
0.903930105979792
0.9006249295580053
0.8973086015411118
0.8939814321646233
0.890643726088113
0.8872957824788461
0.8839378950790975
0.8805703523387827
0.8771934374602779
0.8738074285144872
0.8704125984976043
0.8670092154218532
0.863597542419754
0.86017783777306
0.8567503550631956
0.8533153431908431
0.849873046470397
0.8464237047458605
0.8429675533822785
0.8395048234354467
0.8360357416702371
0.8325605305952273
0.8290794086660469
0.8255925902258285
0.8221002856190571
0.8186027012721908
0.8151000397570112
0.8115924998497475
0.8080802766042918
0.8045635613989397
0.8010425420277878
0.797517402728606
0.7939883242968877
0.7904554840908089
0.7869190561002846
0.7833792110650508
0.7798361164383634
0.7762899365295288
0.7727408325028176
0.7691889624631321
0.765634481485133
0.7620775417010908
0.7585182923065457
0.7549568796734754
0.7513934473449764
0.7478281361189172
0.744261084022896
0.7406924265372083
0.7371222964410551
0.7335508239712611
0.7299781368594722
0.7264043603166526
0.722829617174118
0.7192540278450812
0.7156777103948766
0.7121007805818618
0.7085233519337626
0.7049455357305021
0.7013674410659334
0.6977891748857319
0.6942108420727084
0.6906325453755624
0.6870543855686542
0.6834764613989943
0.6798988696681043
0.6763217052628949
0.6727450611583379
0.6691690285068406
0.6655936965840095
0.6620191529492825
0.6584454833454787
0.654872771823336
0.6513011007353517
0.6477305507552105
0.6441612009187008
0.6405931287099378
0.6370264099436556
0.6334611189622468
0.6298973286148124
0.6263351101205616
0.622774533399201
0.6192156668217175
0.6156585773693593