0.9996849542267336
0.9986367549560201
0.9929306457282506
0.982060324639303
0.9678023443330693
0.951734318618614
0.9348290276565551
0.9176234295046963
0.9003972024577487
0.8832856512615079
0.8663436589797763
0.8495809375820251
0.8329813954229135
0.8165137741125825
0.8001374231167981
0.7838052982859428
0.7674653147355419
0.7510606623017797
0.7345293984053387
0.7178034556766917
0.7008070781625819
0.683454605571857
0.6656474080637089
0.6472696153438523
0.6281820744140645
0.6082135364530472
0.5871473518821286
0.5647005088239323
0.5404888315615347
0.513965363862471
0.4843018300793712
0.4501341714860847
0.4089273922124279
0.3550280352219829
0.27376284349979874
0.18763465407127478
0.15103566437199367
0.13266759992136357
0.12145370010940759
0.11398726209290344
0.1088287291015595
0.1052415700755458
0.10279964007008169
0.10123436238591954
0.10036537924016065
0.10006544861254807
0.10024115210369966
0.10082158908089767
0.10175140184510112
0.10298628761810735
0.1044900083016922
0.10623233853222258
0.10818762182814101
0.11033373302875948
0.11265131863495537
0.11512323181200346
0.11773410599008649
0.12047002984027788
0.12331829640988712
0.12626720760752974
0.12930592127806895
0.1324243298692962
0.13561296432237757
0.1388629166030122
0.1421657781104826
0.14551358916149804
0.1488987981791392
0.15231422827260355
0.15575304972607418
0.15920879066577287
0.1626751800230024
0.1661463449979279
0.16961664960756906
0.17308072139397623
0.17653344124415504
0.17996993411512863
0.18338556078936463
0.1867759104403759
0.19013679380282555
0.19346423652147848
0.1967544731974229
0.2000039414218806
0.20320927597147165
0.2063673035443161
0.2094750371102121
0.21252967058638372
0.21552857360707955
0.21846928619450479
0.22134951359052701
0.22416712109242365
0.22692012872665712
0.22960670638912895
0.23222516853412634
0.23477396921894877
0.23725169695622794
0.23965707004094705
0.2419889312473753
0.24424624326785827
0.2464280837999442
0.2485336408201877
0.2505622080213179
0.2525131801769689
0.2543860486838807
0.2561803972131771
0.2578958974082468
0.2595323047015512
0.2610894542744173
0.2625672569876718
0.2639656956606369
0.2652848211957717
0.2665247489666176
0.2676856553300597
0.2687677741545609
0.2697713935254016
0.2706968526121418
0.2715445384599602
0.27231488316573893
0.273008360899615
0.2736254852025559
0.27416680637833357
0.27463290885066227
0.27502440884512014
0.27534195197442957
0.2755862110218583
0.27575788382536937
0.27585769119518977
0.27588637501661806
0.2758446962963035
0.2757334335012316
0.27555338078973346
0.2753053464063506
0.2749901511890118
0.27460862707014844
0.2741616157487048
0.27364996732492575
0.2730745391135798
0.2724361944234319
0.27173580148479193
0.27097423237313834
0.27015236204060145
0.26927106736789597
0.26833122629589745
0.26733371698889474
0.26627941706699065
0.2651692028644401
0.26400394875913946
0.26278452651673767
0.2615118047074114
0.2601866481337467
0.25880991731591596
0.25738246800212394
0.2559051507199577
0.2543788103570108
0.25280428577258807
0.2511824094415944
0.2495140071227704
0.24779989755732057
0.24604089219104086
0.24423779491853814
0.24239140185570118
0.24050250113001326
0.23857187268369273
0.23660028812488854
0.23458851054980467
0.23253729442618543
0.23044738547895172
0.2283195205628763
0.2261544276120091
0.22395282553439078
0.22171542417373225
0.21944292423525358
0.21713601727713527
0.21479538565854295
0.2124217025449191
0.2100156318753994
0.2075778283955927
0.2051089376304489
0.20260959593298722
0.20008043049730162
0.19752205938991096
0.19493509157951827
0.19232012699348822
0.1896777565568426
0.18700856226254903
0.18431311719663057
0.18159198564750323
0.17884572311295432
0.17607487642942665
0.17327998380413145
0.17046157492640823
0.16762017101464366
0.16475628489771843
0.16187042113149097
0.15896307606639493
0.15603473792359157
0.1530858868829501
0.150116995210408
0.14712852730645665
0.14412093982959817
0.1410946817700669
0.13805019455985867
0.13498791216107886
0.1319082611555924
0.12881166084263374
0.12569852336777387
0.12256925374833649
0.11942425005624191
0.11626390346194082
0.11308859831648022
0.10989871231146786
0.10669461650388623
0.1034766754703842
0.10024524735758789
0.09700068400694573
0.09374333103907606
0.09047352794829866
0.08719160818108307
0.08389789925333968
0.08059272283155305
0.07727639481465864
0.07394922543817106
0.07061151936165988
0.06726357575239383
0.0639056883526452
0.06053814561232951
0.05716123073382473
0.053775221788034955
0.05038039177115117
0.04697700869540089
0.04356533569330168
0.04014563104660773
0.03671814833674247
0.03328313646439085
0.029840839743943803
0.02639149801940821
0.022935346655826194
0.019472616708994472
0.016003534943783926
0.012528323868774116
0.009047201939594629
0.0055603834993753765
0.002068078892604852
-0.0014295054542623475
-0.0049321669694410986
-0.008439706876704811
-0.011951930122161336
-0.015468645327512576
-0.018989664698665365
-0.022514803997846222
-0.026043882429565457
-0.02957672263564426
-0.03311315062616771
-0.03665299566140234
-0.040196090288088904
-0.04374227019692345
-0.04729137422363561
-0.05084324426332021
-0.05439772524131925
-0.057954665025362395
-0.0615139144199075
-0.0650753270529778
-0.0686387593814759
-0.07220407060753509
-0.07577112270355624
-0.0793397801892457
-0.08290991028539718
-0.08648138275519202
-0.09005406986698095
-0.09362784640979971
-0.0972025895523343
-0.1007781788813702
-0.10435449633157656
-0.10793142614459139
-0.11150885479268968
-0.11508667099595016
-0.11866476566051887
-0.12224303184072038
-0.12582136465374472
-0.12939966135088987
-0.1329778211577981
-0.13655574532745884
-0.14013333705834796
-0.14371050146355735
-0.1472871455681144
-0.1508631782196117
-0.1544385101424428
-0.15801305377717068
-0.16158672338097357
-0.16515943490311713
-0.16873110599110053
-0.1723016559712418
-0.1758710058077515
-0.17943907801651537
-0.18300579678279671
-0.1865710877642064
-0.19013487811163987
-0.19369709660589152
-0.1972576733272522
-0.2008165399047357
-0.20437362935709302