1.4615031437080486
1.460454944437335
1.4547488352095654
1.4438785141206179
1.4296205338143841
1.413552508099929
1.39664721713787
1.3794416189860113
1.3622153919390636
1.3451038407428229
1.328161848461091
1.31139912706334
1.2947995849042282
1.2783319635938974
1.261955612598113
1.2456234877672576
1.2292835042168568
1.2128788517830946
1.1963475878866534
1.1796216451580066
1.1626252676438966
1.1452727950531718
1.127465597545024
1.1090878048251673
1.0900002638953794
1.0700317259343621
1.0489655413634436
1.0265186983052472
1.0023070210428495
0.9757835533437857
0.946120019560686
0.9119523609674
0.8707455816937429
0.8168462247032977
0.7355810329811137
0.6494528435525895
0.6128538538533084
0.5944857894026787
0.5832718895907225
0.5758054515742184
0.5706469185828742
0.5670597595568612
0.5646178295513966
0.563052551867234
0.5621835687214753
0.5618836380938634
0.5620593415850141
0.5626397785622124
0.563569591326416
0.5648044770994223
0.5663081977830071
0.5680505280135377
0.5700058113094562
0.5721519225100744
0.5744695081162705
0.5769414212933182
0.5795522954714016
0.5822882193215926
0.5851364858912023
0.5880853970888449
0.5911241107593836
0.5942425193506109
0.5974311538036927
0.6006811060843269
0.6039839675917973
0.6073317786428132
0.6107169876604543
0.6141324177539182
0.6175712392073893
0.621026980147088
0.6244933695043176
0.627964534479243
0.6314348390888842
0.6348989108752914
0.6383516307254702
0.6417881235964438
0.6452037502706798
0.6485940999216906
0.6519549832841407
0.6552824260027932
0.6585726626787376
0.6618221309031949
0.6650274654527863
0.6681854930256312
0.6712932265915272
0.6743478600676989
0.6773467630883943
0.6802874756758195
0.6831677030718417
0.6859853105737388
0.6887383182079718
0.6914248958704436
0.6940433580154415
0.6965921587002644
0.6990698864375422
0.7014752595222613
0.70380712072869
0.706064432749173
0.7082462732812589
0.7103518303015028
0.7123803975026326
0.7143313696582831
0.7162042381651963
0.7179985866944918
0.7197140868895615
0.7213504941828655
0.7229076437557325
0.7243854464689874
0.7257838851419516
0.7271030106770873
0.7283429384479323
0.7295038448113749
0.7305859636358756
0.7315895830067163
0.732515042093457
0.7333627279412758
0.7341330726470536
0.7348265503809301
0.7354436746838706
0.7359849958596492
0.7364510983319779
0.7368425983264357
0.7371601414557452
0.7374044005031726
0.7375760733066841
0.7376758806765045
0.7377045644979336
0.7376628857776177
0.7375516229825463
0.7373715702710477
0.7371235358876653
0.7368083406703265
0.7364268165514636
0.7359798052300199
0.7354681568062418
0.7348927285948941
0.7342543839047471
0.7335539909661062
0.7327924218544526
0.7319705515219157
0.7310892568492111
0.7301494157772126
0.729151906470209
0.7280976065483067
0.7269873923457553
0.7258221382404555
0.7246027159980528
0.7233299941887266
0.7220048376150618
0.7206281067972302
0.7192006574834391
0.7177233402012728
0.7161969998383251
0.7146224752539032
0.7130005989229096
0.7113321966040846
0.7096180870386357
0.7078590816723551
0.7060559843998524
0.7042095913370154
0.7023206906113284
0.700390062165007
0.6984184776062037
0.6964067000311189
0.6943554839075006
0.692265574960266
0.6901377100441906
0.6879726170933234
0.6857710150157059
0.6835336136550474
0.6812611137165687
0.6789542067584495
0.6766135751398572
0.6742398920262342
0.6718338213567145
0.669396017876907
0.666927127111764
0.6644277854143024
0.6618986199786168
0.6593402488712252
0.6567532810608334
0.6541383164748025
0.6514959460381577
0.6488267517438642
0.6461313066779457
0.6434101751288175
0.6406639125942695
0.6378930659107409
0.6350981732854466
0.6322797644077234
0.6294383604959588
0.6265744743790327
0.6236886106128052
0.6207812655477101
0.6178529274049058
0.6149040763642644
0.6119351846917223
0.6089467167877709
0.6059391293109133
0.602912871251382
0.5998683840411729
0.596806101642394
0.5937264506369075
0.590629850323948
0.5875167128490881
0.5843874432296507
0.581242439537557
0.578082092943256
0.5749067877977945
0.571716901792783
0.5685128059852014
0.5652948649516993
0.5620634368389021
0.55881887348826
0.5555615205203903
0.5522917174296129
0.5490097976623973
0.5457160887346539
0.5424109123128682
0.5390945842959738
0.5357674149194862
0.532429708842975
0.5290817652337081
0.5257238778339595
0.5223563350936438
0.5189794202151408
0.5155934112693492
0.5121985812524663
0.5087951981767151
0.5053835251746168
0.5019638205279229
0.4985363378180576
0.495101325945706
0.49165902922525895
0.48820968750072247
0.48475353613714045
0.48129080619030873
0.47782172442509907
0.47434651335009015
0.47086539142091066
0.4673785729806905
0.46388626837392
0.4603886840270519
0.45688602251187405
0.45337848260461033
0.4498662593591538
0.44634954415380257
0.4428285247826489
0.4393033854834689
0.4357743070517488
0.43224146684567
0.42870503885514744
0.4251651938199128
0.42162209919322624
0.4180759192843917
0.41452681525767954
0.41097494521799494
0.4074204642399959
0.40386352445595186
0.40030427506140764
0.39674286242833734
0.39317943009983924
0.38961411887378095
0.3860470667777589
0.38247840929206944
0.37890827919591796
0.37533680672612313
0.3717641196143351
0.36819034307151455
0.36461559992898085
0.36104001059994406
0.35746369314973947
0.353886763336722
0.3503093346886246
0.3467315184853641
0.3431534238207954
0.33957515764059387
0.33599682482757043
0.3324185281304253
0.32884036832351704
0.3252624441538554
0.3216848524229672
0.3181076880177569
0.31453104391319986
0.31095501126170344
0.30737967933887145
0.30380513570414447
0.3002314661003407
0.296658754578198
0.29308708349021373
0.28951653351007245
0.28594718367356275
0.28237911146479977
0.27881239269851843
0.27524710171710876
0.2716833113696744
0.2681210928754245
0.26456051615406295
0.26100164957657945
0.2574445601242221