22645.077669329323
22751.136543098753
23034.07882759823
23494.226997424088
24132.101843595567
24948.417899067375
25944.077181400095
27120.16132814301
28477.92219874855
30018.771094140036
31744.266660376896
33656.101656448445
35756.08938924984
38046.14529564778
40528.27784247346
43204.566198934765
46077.144173665576
49148.18830746707
52419.89585493415
55894.47026464246
59574.10572424431
63460.970254668915
67557.19117576124
71864.84080106323
76385.92313038989
81122.36142005661
86075.98664821904
91248.52761097711
96641.6029403443
102256.71102147209
108095.22617085822
114158.39224931455
120447.3190732766
126962.97992333646
133706.2103544496
140677.70754708984
147878.03181701686
155307.60809927632
162966.72924639235
170855.5595612028
178974.13952440265
187322.39099425945
195900.12310719411
204707.03864044033
213742.74079313956
223006.74028446895
232498.4626803522
242217.25585578516
252162.39756909214
262333.1029497277
272728.53200670285
283347.7969125034
294189.96918283985
305254.0865825288
316539.159726066
328044.1784670044
339768.1178408618
351709.9437329169
363868.61813210143
376243.1040380044
388832.36994728434
401635.3939482946
414651.16752886213
427878.6988035161
441317.01567226835
454965.1682529954
468822.23131366266
482887.3061537483
497159.5223282369
511638.0389356746
526322.0457311736
541210.7639525367
556303.4468896097
571599.3804036712
587097.8829068218
602798.3055177722
618700.0318559688
634802.4777360881
651105.0908086344
667607.3499204556
684308.7645500575
701208.874112084
718307.2470306729
735603.4803222131
753097.1977045757
770788.0500994336
788675.7134050638
806759.8881920064
825040.2985189897
843516.6909260765
862188.8334175961
881056.5145758917
900119.5423656938
919377.7433767451
938830.961749822
958479.0582637739
978321.9091562524
998359.4064716073
1.0185914548197716e6
1.0390179728527863e6
1.0596388912500073e6
1.0804541523646875e6
1.1014637092991292e6
1.122667525208292e6
1.144065572677144e6
1.1656578329296336e6
1.1874442956050541e6
1.209424957462621e6
1.2315998225210076e6
1.253968900949332e6
1.2765322091056174e6
1.2992897685390003e6
1.3222416059413461e6
1.3453877524004683e6
1.3687282432002367e6
1.3922631173573344e6
1.4159924172596594e6
1.439916188436793e6
1.4640344790208573e6
1.488347339650846e6
1.5128548231431849e6
1.537556984173026e6
1.562453879135198e6
1.5875455658000135e6
1.6128321032331958e6
1.6383135514896102e6
1.6639899714333194e6
1.6898614249073423e6
1.7159279738501643e6
1.7421896809085333e6
1.7686466088749291e6
1.7952988207813276e6
1.8221463796158673e6
1.849189348319425e6
1.8764277859202577e6
1.9038617662988969e6
1.931491340384651e6
1.9593165738195179e6
1.987337528027376e6
2.0155542639211107e6
2.043966841874248e6
2.072575321666809e6
2.1013797624447243e6
2.130380222661443e6
2.1595767601416986e6
2.18896943192123e6
2.2185582943002153e6
2.2483434028552235e6
2.278324812275185e6
2.308502576490702e6
2.338876748750611e6
2.369447381351377e6
2.4002145257990593e6
2.4311782327971407e6
2.462338552191193e6
2.493695533024776e6
2.5252492235072595e6
2.556999670875835e6
2.588946921899167e6
2.62109102241596e6
2.653432017132505e6
2.6859699502901346e6
2.7187048652204894e6
2.751636804552056e6
2.784765809988068e6
2.818091922538e6
2.8516151825306523e6
2.8853356293831626e6
2.919253302161892e6
2.953368238645968e6
2.9876804762899512e6
3.0221900517761554e6
3.0568970010099644e6
3.09180135936468e6
3.126903161444772e6
3.162202441247157e6
3.197699232103086e6
3.233393566735102e6
3.2692854772665007e6
3.3053749954400817e6
3.341662151714443e6
3.378146976661847e6
3.414829500029058e6
3.4517097510705395e6
3.488787758467068e6
3.526063550336547e6
3.5635371543422667e6
3.601208597595921e6
3.6390779067324325e6
3.6771451078802105e6
3.715410226711192e6
3.7538732884283457e6
3.7925343177733133e6
3.831393339030318e6
3.8704503758185785e6
3.9097054524217416e6
3.949158590895826e6
3.988809814296147e6
4.0286591447739815e6
4.068706604172769e6