23431.292814782282
23534.382705207292
23809.42867386339
24256.810264237556
24877.140597263107
25671.261217034404
26640.23503684118
27785.33744302419
29108.045698239308
30610.02669946765
32293.123246557687
34159.34032405197
36210.82311877959
38449.84853265437
40878.802762124964
43500.16047049044
46316.46783701294
49330.32383991767
52544.35942948194
55961.21784715501
59583.537067117424
63413.92933818953
67454.96582998923
71709.15524689187
76178.93251471501
80866.63820267688
85774.5116348025
90904.67189546679
96259.10905081742
101839.67506565303
107648.07449402566
113685.85764766706
119954.41572743675
126454.97650154514
133188.60342404444
140156.1918219638
147358.4720571489
154796.01020876545
162469.21087155674
170378.32134280232
178523.4367740387
186904.5058819208
195521.33794736437
204373.60999561218
213460.8749541607
222782.57000859285
232338.0253925776
242126.47344806325
252147.05770710693
262398.84217898705
272880.8204819822
283591.9248867687
294531.03513243934
305696.98712598963
317088.5810070771
328704.5893678201
340543.7647397983
352604.84628450306
364886.56699073507
377387.6596028425
390106.86231992167
403042.92411687213
416194.60940774623
429560.70245751983
443140.010987865
456931.3697912063
470933.6434749799
485145.72907061497
499566.55808156106
514195.09861018846
529030.3559406996
544071.3744985886
559317.2381545976
574767.0709421883
590420.0371226801
606275.3413860005
622332.228616456
638589.9834660001
655047.9299846181
671705.4307966162
688561.8864039411
705616.7343243118
722869.4479471203
740319.5355839392
757966.5396290686
775810.0347404032
793849.6269823445
812084.952910098
830515.6779360005
849141.495026394
867962.1236747868
886977.3086122738
906186.8184241361
925590.4444714638
945187.999747717
964979.3174902941
984964.2502193634
1.0051426686075577e6
1.0255144603938346e6
1.0460795293295024e6
1.0668377940633332e6
1.0877891874686615e6
1.1089336554839632e6
1.130271156230667e6
1.1518016593634197e6
1.173525144878563e6
1.1954416029000953e6
1.2175510294383145e6
1.2398534408028559e6
1.2623488431516094e6
1.2850372618686291e6
1.3079187255667755e6
1.3309932690041857e6
1.3542609322618027e6
1.37772176038629e6
1.401375802858718e6
1.4252231131911755e6
1.449263748514605e6
1.4734977691732652e6
1.497925238144271e6
1.522546221901263e6
1.547360787656247e6
1.5723690056003227e6
1.5975709472126474e6
1.6229666855176296e6
1.648556294617798e6
1.674339849608726e6
1.7003174263349148e6
1.7264891012318472e6
1.752854951116574e6
1.7794150530510612e6
1.806169484286026e6
1.8331183219550392e6
1.8602616430932353e6
1.8875995244452662e6
1.915132042441212e6
1.9428592731007817e6
1.9707812918847962e6
1.9988981736396872e6
2.027209992661276e6
2.0557168223908436e6
2.084418735602783e6
2.113315804222609e6
2.1424080993299545e6
2.1716956911162166e6
2.201178648867359e6
2.2308570409643557e6
2.260730934636065e6
2.2908003964437125e6
2.3210654916646224e6
2.351526284749918e6
2.3821828390697455e6
2.4130352168720406e6
2.444083479681927e6
2.475327687727076e6
2.5067679002923705e6
2.538404175651227e6
2.5702365710367523e6
2.6022651427247915e6
2.634489945942272e6
2.666911034901589e6
2.6995284629167877e6
2.73234228226112e6
2.7653525443136888e6
2.7985592993917814e6
2.831962596911695e6
2.8655624854398025e6
2.8993590126240635e6
2.9333522250928096e6
2.9675421687444914e6
3.001928888472864e6
3.036512428573667e6
3.0712928320894847e6
3.106270141620353e6
3.1414443988472777e6
3.1768156444506836e6
3.2123839187003947e6
3.248149260842715e6
3.2841117094837944e6
3.320271302694225e6
3.3566280771653936e6
3.3931820695607127e6
3.4299333155883015e6
3.4668818503867234e6
3.5040277083445215e6
3.5413709232457033e6
3.578911528236835e6
3.616649555879451e6
3.6545850380885736e6
3.692718006216291e6
3.731048491034672e6
3.769576522753499e6
3.80830213105028e6
3.847225345010649e6
3.8863461932572364e6
3.9256647037009518e6
3.9651809044244005e6
4.004894822022554e6
4.0448064832552033e6
4.0849159142751754e6