178596.41639819733
178580.66427509426
178538.98259296556
178472.2553581116
178381.91077566674
178269.81832607553
178138.8489809671
177991.7330289246
177832.11672222186
177664.17912629814
177492.5585074577
177322.3890801655
177159.32168583045
177009.49439967345
176879.5503649109
176776.56323189128
176708.08190236878
176682.10429543754
176707.05298141038
176791.7650935819
176945.47313383242
177177.84556102272
177498.8484187929
177918.85268227497
178448.56053106635
179098.96155655108
179881.39853625823
180807.47919353124
181889.04693104516
183138.20961870215
184567.28774228678
186188.79212447602
188015.4019690885
190059.93135866665
192335.3030334059
194854.5363574845
197630.6755952691
200676.7826349502
204005.8949076582
207630.97770291785
211564.8908918088
215820.33513690913
220409.81499757498
225345.58071017117
230639.5808167735
236303.41662609734
242348.24775083634
248784.81253712557
255623.2944995677
262873.3033417186
270543.80970184127
278643.08936851216
287178.66789040295
296157.26979147573
305584.768506508
315466.14236761956
325805.434969731
336605.7222039134
347869.0840520568
359596.5873692209
371788.27302397427
384443.15530422155
397559.22626099666
411133.47460852365
425161.91247604147
439639.60328399146
454560.71100989974
469918.49440037936
485705.6667996816
501913.85237823427
518534.2774670448
535557.5206596624
552973.6911054356
570772.5181690119
588943.2387207536
607475.115078506
626357.070491004
645577.9956535602
665126.7812915423
684992.3835979828
705163.8971842374
725630.6095620026
746382.0615735163
767408.0909473757
788698.8789046158
810244.9760820654
832037.3266148028
854067.357092924
876326.8608664894
898808.1339694656
921503.9217874693
944407.4344367508
967512.3441432054
990812.7729949609
1.0143033024314295e6
1.0379789358625868e6
1.0618351045860276e6
1.0858676440673715e6
1.1100727821692908e6
1.1344471083768506e6
1.1589875757512392e6
1.1836914633630197e6
1.2085563773759226e6
1.2335801721343119e6
1.2587610451057176e6
1.2840974073415028e6
1.3095879171854698e6
1.3352314519460113e6
1.3610270954982676e6
1.3869741164552611e6
1.413071956019481e6
1.4393202118651278e6
1.4657186232449822e6
1.492267060600109e6
1.5189655107511743e6
1.5458140629434572e6
1.5728129109649095e6
1.5999623243968424e6
1.6272626439875145e6
1.6547142860080632e6
1.6823177287849798e6
1.7100734938105405e6
1.7379821500476552e6
1.7660443055181613e6
1.794260600119584e6
1.8226317035800626e6
1.8511583063154933e6
1.8798411198207627e6
1.9086808672325644e6
1.9376782869407516e6
1.9668341194990473e6
1.996149126412212e6
2.0256240534456922e6
2.0552596519552802e6
2.085056670380098e6
2.115015869442285e6
2.1451379882488702e6
2.175423764808e6
2.205873929628576e6
2.2364892047958253e6
2.2672703033112967e6
2.2982179273892595e6
2.329332768502176e6
2.3606155067436257e6
2.392066809825605e6
2.423687334236136e6
2.4554777223908156e6
2.487438604672038e6
2.5195705983119616e6
2.5518743074780945e6
2.5843503227601033e6
2.6169992218091385e6
2.6498215772086326e6
2.6828179245866197e6
2.7159888101879484e6
2.7493347584793973e6
2.782856283727997e6
2.816553893579063e6
2.850428057781956e6
2.8844792609282825e6
2.918707966118819e6
2.9531146280116453e6
2.9876996775313453e6
3.022463552434294e6
3.0574066669419417e6
3.09252942812384e6
3.127832232707368e6
3.163315464821449e6
3.198979489325924e6
3.2348246954525234e6
3.2708514283456793e6
3.307060034606653e6
3.3434508512556893e6
3.3800242082197545e6
3.4167804251446743e6
3.453719815407546e6
3.490842669961055e6
3.5281493078554934e6
3.5656400064909416e6
3.6033150465185056e6
3.6411747008311287e6
3.679219236481759e6
3.7174489128208742e6
3.7558639829267026e6
3.794464693448165e6
3.8332512842543465e6
3.8722239900062247e6
3.911383039084585e6
3.9507286538388687e6
3.990261051494544e6
4.0299804437633515e6
4.0698870370648927e6
4.109981033175656e6
4.150262628286743e6
4.190732014326151e6
4.2313893783978075e6
4.2722348999176845e6
4.313268767360656e6
4.354491144671479e6
4.395902205455216e6