106314.99641974381
106326.12749796559
106356.15575557621
106406.02218569134
106477.2533100486
106571.95892604324
106692.92201905552
106843.1202985901
107026.67752149189
107247.82652481098
107511.5476015851
107823.3135213735
108189.09892836364
108615.40591130638
109109.19939615001
109678.14649517735
110330.01292415499
111073.27364619629
111916.77850857208
112869.76639353501
113941.89000536647
115143.17524064053
116483.96464239073
117974.95227919432
119627.10014105117
121451.6550234367
123460.0932244641
125664.09267145034
128075.49995482009
130706.30430921027
133568.58672449208
136674.48485096393
140036.15610310453
143665.72718834283
147575.25036736537
151776.6574077462
156281.70611174835
161101.929226382
166248.5829715799
171732.58926293574
177564.483163661
183754.35290583092
190311.78468445706
197245.8079759386
204564.83899343634
212276.62807059905
220388.20878871926
228905.8506914412
237835.0157201095
247180.31990801624
256945.50015703533
267133.38734223816
277745.8880977285
288783.9700241706
300247.6611687112
312136.051616383
324447.3076693293
337178.69213843904
350326.59604785824
363886.57583728293
377853.39737684355
392221.0898028009
406983.01082254
422131.8931649161
437659.9308006993
453558.84631694254
469819.95449958136
486434.24875135266
503392.47044374724
520685.1798549302
538302.8372952337
556235.8430359086
574474.6511603292
593009.7805701948
611831.8938552802
630931.8457225705
650300.719729859
669929.875262967
689811.02445647
709936.0046627738
730297.3233942038
750887.647050574
771700.0771884472
792728.1078637281
813965.6264387821
835406.9156367977
857046.6485630292
878879.8849004698
900902.0601155781
923108.9742782934
945496.790461999
968061.9982772344
990801.4233252376
1.013712198946344e6
1.0367917533723371e6
1.0600377939436273e6
1.0834482908710018e6
1.1070214601560126e6
1.1307557479435822e6
1.1546498162732115e6
1.1787025262136895e6
1.202912923200684e6
1.2272802237388033e6
1.2518038026602278e6
1.2764831778616149e6
1.3013179996396727e6
1.3263080383659508e6
1.3514531774099846e6
1.3767533937100386e6
1.4022087585128602e6
1.4278194219641981e6
1.4535856079978384e6
1.4795076043736918e6
1.5055857549472728e6
1.5318204540074547e6
1.5582121507149911e6
1.5847613194630388e6
1.6114684723052885e6
1.6383341538933404e6
1.6653589317530268e6
1.692543393931676e6
1.7198881472281106e6
1.7473938082778878e6
1.7750610110389662e6
1.8028903904611082e6
1.8308825908511363e6
1.859038260745674e6
1.8873580480995707e6
1.915842602576696e6
1.9444925697374821e6
1.9733085949047708e6
2.0022913175133683e6
2.0314413701318116e6
2.0607593795024364e6
2.0902459675669235e6
2.1199017449455955e6
2.1497273155500684e6
2.1797232728519607e6
2.2098902012564354e6
2.240228675304847e6
2.270739259034535e6
2.3014225062221065e6
2.3322789593908917e6
2.363309151154619e6
2.394513601662832e6
2.4258928218726837e6
2.4574473103157673e6
2.4891775552443257e6
2.521084034013369e6
2.5531672130703935e6
2.585427547686914e6
2.617865483062056e6
2.650481453394591e6
2.683275882903854e6
2.71624918571722e6
2.7494017655902756e6
2.7827340163260167e6
2.816246322498264e6
2.8499390587662137e6
2.8838125915260175e6
2.9178672753735017e6
2.952103461518708e6
2.9865214827179476e6
3.02112167499215e6
3.055904367503632e6
3.0908698474179544e6
3.1260184486195473e6
3.1613504588553635e6
3.196866170368397e6
3.2325658669927903e6
3.2684498249783083e6
3.304518314504033e6
3.3407715983209787e6
3.37720993236381e6
3.4138335674016983e6
3.45064274790061e6
3.487637711148813e6
3.5248186893310165e6
3.562185909100745e6
3.5997395913060973e6
3.6374799514263454e6
3.6754072001010105e6
3.71352154260044e6
3.7518231792838406e6
3.7903123077586917e6
3.8289891139741847e6
3.867853789493071e6
3.906906515024055e6
3.9461474679924967e6
3.985576822860062e6
4.025194749277494e6
4.0650014132592743e6
4.1049969771322366e6
4.1451815993484706e6
4.1855554349431396e6
4.226118635561353e6
4.266871347221678e6
4.307813721107616e6
4.3489458929099245e6
4.390268003927627e6