20232.745781916972
20348.058269496563
20655.602315595475
21155.497693661033
21847.937658888957
22733.18700308464
23811.579402305884
25083.51409584994
26549.451944460758
28209.91092513049
30065.461295833382
32116.719278091856
34364.3430285799
36809.02478673261
39451.485482227494
42292.468326164155
45332.73161589512
48573.04374304707
52014.17651905965
55656.89471385458
59501.96010920939
63550.11558142129
67802.08587444146
72258.56993175184
76920.23783185985
81787.72747326954
86861.63735830305
92142.53021265326
97630.92330742595
103327.29094232092
109232.06118332074
115345.6152748179
121668.28680138648
128200.36169282948
134942.07750591653
141893.62583032707
149055.15131952602
156426.75387630225
164008.48992775584
171800.37420489642
179802.38159128046
188014.44934082992
196436.4792804405
205068.3401839644
213909.87021614006
222960.879420583
232221.15225079784
241690.45005942456
251368.51363186375
261255.06560282724
271349.8129067272
281652.4489307115
292162.6560715876
302880.10755273805
313804.4696183041
324935.4034281524
336272.5668576625
347815.61614279775
359564.2075382835
371517.9986611895
383676.64986048004
396039.82536731666
408607.19442449685
421378.43223930127
434353.2208138028
447531.249711009
460912.21669091267
474495.82828419266
488281.80024300946
502269.85793752276
516459.73658097844
530851.1815431531
545443.9485007077
560237.8034802531
575232.5229043998
590427.8936665555
605823.7129915055
621419.7883119099
637215.9372465
653211.9873305376
669407.7758698445
685803.1497012791
702397.9648070331
719192.0868208641
736185.3892488779
753377.7546145435
770769.0735784569
788359.2446298194
806148.1738608553
824135.7746450042
842321.9673359718
860706.6789261269
879289.8427879871
898071.3983572635
917051.290829701
936229.4708780029
955605.8944964524
975180.522027823
994953.3193219223
1.0149242559995786e6
1.035093305987789e6
1.055460447062232e6
1.0760256607010944e6
1.0967889316336177e6
1.117750248002091e6
1.1389096007891162e6
1.160266983786485e6
1.181822393383652e6
1.2035758283859498e6
1.2255272898011631e6
1.2476767807126294e6
1.2700243061175498e6
1.2925698727606374e6
1.3153134890045607e6
1.3382551646890012e6
1.3613949110024807e6
1.38473274036273e6
1.4082686663178885e6
1.4320027034139326e6
1.4559348671699753e6
1.4800651737086985e6
1.5043936401954794e6
1.5289202842446743e6
1.5536451240678728e6
1.5785681782482602e6
1.6036894664160763e6
1.629009007615704e6
1.654526821843118e6
1.6802429292956719e6
1.7061573499482884e6
1.732270104578426e6
1.7585812136724323e6
1.7850906978478625e6
1.8117985778105021e6
1.8387048742581992e6
1.8658096078657329e6
1.8931127992466541e6
1.9206144689601944e6
1.9483146374414708e6
1.9762133250068356e6
2.0043105518683968e6
2.0326063380164844e6
2.0611007033261908e6
2.0897936674265992e6
2.1186852498076423e6
2.1477754697216377e6
2.1770643461866463e6
2.2065518980080066e6
2.23623814375508e6
2.266123101740201e6
2.2962067900463063e6
2.3264892264965884e6
2.356970428657121e6
2.387650413831221e6
2.418529199071244e6
2.4496068011646275e6
2.4808832366027418e6
2.512358521692345e6
2.5440326724229637e6
2.575905704498011e6
2.607977633460377e6
2.640248474454586e6
2.6727182424601424e6
2.705386952190731e6
2.7382546181039554e6
2.7713212543343506e6
2.8045868748682453e6
2.838051493408625e6
2.8717151233968353e6
2.905577778068248e6
2.9396394704028894e6
2.973900212947778e6
3.0083600186204095e6
3.043018899514174e6
3.0778768677136097e6
3.1129339350804305e6
3.1481901132512037e6
3.1836454136566957e6
3.219299847529986e6
3.255153426127948e6
3.2912061598259825e6
3.3274580594638074e6
3.363909135484294e6
3.4005593981324816e6
3.4374088574770503e6
3.474457523402649e6
3.511705405614907e6
3.549152513651982e6
3.5867988568778867e6
3.624644444492367e6
3.6626892855304433e6
3.7009333888726626e6
3.7393767632361986e6
3.7780194171936465e6
3.8168613591584545e6
3.855902597407515e6
3.8951431400699345e6
3.9345829951321436e6
3.9742221704490036e6
4.01406067373895e6