146747.75945937785
146742.85423692747
146730.10679428384
146710.4247583971
146685.27463071368
146656.71716137242
146627.31973388453
146600.254577053
146579.16279234656
146568.34768041316
146572.55381110904
146597.0569320073
146647.6838183652
146730.73763258843
146853.01434383477
147021.77113449702
147244.78465393122
147530.22218552884
147886.71859006054
148323.33088918566
148849.49359736225
149475.02949549496
150210.22446152364
151065.5548792341
152051.920614227
153180.51046431751
154462.796752939
155910.51427109487
157535.61361758935
159350.29369791033
161366.88199010433
163597.8846518136
166055.9234337997
168753.68478538503
171703.92887274653
174919.39969921636
178412.82316619536
182196.837760554
186283.9716001834
190686.5783059055
195416.796149605
200486.49282468643
205907.2141665884
211690.12708370938
217845.96479838944
224384.96922442818
231316.8354725361
238650.65111867603
246394.84424420312
254557.12728834758
263144.4450919711
272162.9268374267
281617.84121852886
291513.55704777257
301853.50867726665
312640.1706613117
323875.03697018756
335558.60246945836
347690.37521733204
360268.86542839376
373291.6081038273
386755.18477685354
400654.85725804535
414986.60305559594
429743.17508133437
444918.1498410072
460503.99297923176
476492.529999403
492875.0177782767
509642.2248267167
526784.5304962718
544291.8908123756
562154.1534178751
580360.8976712821
598901.6321900386
617765.8462156977
636943.0746393744
656422.9651294572
676195.3345704437
696250.2237573204
716577.9452410962
737169.1199352766
758014.7206527676
779106.0878672079
800434.9651105523
821993.5091017808
843774.2957595314
865770.3517310645
887975.1270238821
910382.5092514907
932986.8137412679
955782.7933978557
978765.597851713
1.0019307844810984e6
1.0252742963687639e6
1.0487924475352967e6
1.0724819063554541e6
1.0963396798675556e6
1.1203630883313152e6
1.1445497592425141e6
1.1688975996485134e6
1.1934047833029306e6
1.2180697276433285e6
1.2428910839272665e6
1.2678677140735171e6
1.2929986779324918e6
1.318283215804654e6
1.3437207345899255e6
1.3693107947042899e6
1.3950530956980004e6
1.420947460341578e6
1.4469938317804704e6
1.473192252115469e6
1.4995428588100835e6
1.5260458727651166e6
1.5527015860646574e6
1.5795103681994372e6
1.6064726313049234e6
1.6335888522084367e6
1.6608595423450195e6
1.6882819773237717e6
1.7158665962623428e6
1.7436041575890775e6
1.7714986149769474e6
1.7995506003677477e6
1.8277608008819327e6
1.856129906680227e6
1.884658615501761e6
1.913347634723145e6
1.9421976733988076e6
1.971209443585793e6
2.0003836579045197e6
2.0297210222333674e6
2.0592222441139503e6
2.0888880263313823e6
2.1187190623882273e6
2.1487160397134423e6
2.1788796365030482e6
2.2092105247779023e6
2.239709364763341e6
2.2703768049046965e6
2.3012134850631785e6
2.3322200331711723e6
2.363397065756937e6
2.3947451870360076e6
2.426264989609818e6
2.4579570539559526e6
2.489821947773573e6
2.5218602268370828e6
2.554072437723056e6
2.5864591022225865e6
2.619020748449108e6
2.65175788018102e6
2.684670991931069e6
2.7177605667186803e6
2.7510270757999327e6
2.7844709786944967e6
2.818092723610022e6
2.851892747585325e6
2.885871476922764e6
2.9200293267560843e6
2.954366704510479e6
2.988883997459786e6
3.0235815967864553e6
3.0584598753604046e6
3.09351919774135e6
3.1287599205027e6
3.1641823877514936e6
3.199786938647632e6
3.235573902094638e6
3.271543597834807e6
3.307696338509963e6
3.3440324272309695e6
3.3805521608168017e6
3.417255827873484e6
3.454143710249792e6
3.491216081186227e6
3.5284732076032185e6
3.5659153504232937e6
3.6035427633976233e6
3.641355693412921e6
3.679354381958721e6
3.717539073782252e6
3.755909979173201e6
3.7944673309937473e6
3.8332113472637413e6
3.872142240713236e6
3.911260218994773e6
3.9505654845146677e6
3.9900582348388014e6
4.0297386760265986e6
4.0696069704307504e6
4.1096633147288216e6
4.149907888216777e6
4.1903408661551587e6
4.230962419676265e6
4.27177271339894e6
4.312771918598581e6
4.353960186997586e6
4.395337677081376e6