19326.10114740247
19444.84955388977
19761.524265266504
20276.15867977767
20988.80666212774
21899.541968400023
23008.45746304895
24315.664140416426
25821.289966170225
27525.478556948787
29428.38771663535
31530.187855118435
33831.06030965879
36331.19559111996
39030.79158106669
41930.05175759739
45029.18315646943
48328.394986105326
51827.8964306546
55527.89519634227
59428.595835218846
63530.19821698492
67832.89612514603
72336.87608434707
77042.31557950974
81949.38327686762
87058.23682719446
92369.02279499471
97881.87610301019
103596.91902800807
109514.26142735075
115634.0002281835
121956.21945553043
128480.99011512475
135208.37051107344
142138.40615346207
149271.13057226958
156606.565211434
164144.72013871174
171885.594497789
179829.17707837684
187975.4469023208
196324.3738675707
204875.91939226538
213630.0370820545
222586.67340314784
231745.76835597662
241107.25614344806
250671.06582973327
260437.1219800791
270405.34528694313
280575.65317334305
290947.9603629087
301522.1794810478
312298.2213316158
323275.995875376
334455.4121659199
345836.37909269636
357418.80565036123
369202.60134143906
381187.67646958824
393373.942497173
405761.3122535516
418349.70020911505
431139.0226693142
444129.1979396626
457320.146641262
470711.79151237913
484304.0578661235
498096.8735047045
512090.16883637646
526283.8768960384
540677.9334370629
555272.2769062466
570066.8484735761
585061.5920243465
600256.4541442693
615651.3840766132
631246.3337157292
647041.2575397447
663036.112575619
679230.8583207949
695625.4567035415
712219.8720123065
729014.0708228964
746008.0218743997
763201.6961401878
780595.0665818258
798188.1081666182
815980.7977617336
833973.114068457
852165.0375284766
870556.5502456155
889147.6359320636
907938.2798059912
926928.4685277566
946118.1901294203
965507.433923171
985096.1904672318
1.0048844514719631e6
1.0248722097304612e6
1.0450594590719879e6
1.0654461942928054e6
1.0860324110927698e6
1.1068181060260038e6
1.1278032764404297e6
1.148987920412364e6
1.170372036752936e6
1.191955624898844e6
1.2137386848446808e6
1.2357212171896873e6
1.257903223032207e6
1.2802847039453273e6
1.3028656619329324e6
1.325646099412106e6
1.3486260191589543e6
1.3718054242874489e6
1.3951843182193069e6
1.4187627046893723e6
1.4425405875391895e6
1.4665179710509842e6
1.4906948595709202e6
1.5150712576858206e6
1.539647170027043e6
1.5644226015456012e6
1.589397557243021e6
1.6145720420617957e6
1.6399460613283983e6
1.6655196202742578e6
1.6912927241404094e6
1.717265378370755e6
1.7434375883477367e6
1.7698093594972042e6
1.796380697270595e6
1.8231516071252553e6
1.8501220945191775e6
1.8772921648966672e6
1.9046618236989114e6
1.9322310763523513e6
1.9599999281818145e6
1.9879683846006468e6
2.0161364509017873e6
2.044504132357926e6
2.073071434195227e6
2.101838361589761e6
2.130804919668489e6
2.1599711134970244e6
2.189336948088074e6
2.2189024283929523e6
2.2486675592990173e6
2.278632345635938e6
2.3087967921639425e6
2.3391609035795857e6
2.36972468451104e6
2.4004881395224864e6
2.4314512731066253e6
2.4626140896910317e6
2.493976593631857e6
2.525538789220996e6
2.557300680678141e6
2.5892622721552853e6
2.6214235676949564e6
2.653784571396219e6
2.6863452872163886e6
2.719105718952731e6
2.7520658704599887e6
2.7852257454951904e6
2.818585347745574e6
2.8521446808298505e6
2.8859037483123145e6
2.9198625536900773e6
2.954021100396495e6
2.9883793918215465e6
3.022937431257323e6
3.0576952219783957e6
3.0926527671813066e6
3.1278100700086593e6
3.163167133315859e6
3.1987239605717803e6
3.2344805547852083e6
3.2704369184281635e6
3.3065930545890494e6
3.3429489660913027e6
3.379504655700901e6
3.4162601261543245e6
3.453215380112654e6
3.490370420210822e6
3.527725249026314e6
3.5652798691339954e6
3.6030342829120248e6
3.640988492921272e6
3.679142501529735e6
3.7174963111001546e6
3.7560499239553683e6
3.7948033423783877e6
3.833756568611546e6
3.872909604860146e6
3.912262453291111e6
3.951815116034254e6
3.99156759518496e6