19333.02201871069
19451.744481689937
19768.350260019128
20282.873430206877
20995.36895112967
21905.912077644127
23014.59756217111
24321.538656936027
25826.865932552508
27530.72593157865
29433.27967581227
31534.701053685378
33835.17510823975
36334.89624839186
39034.06640996704
41932.89324599285
45031.588046515244
48330.36432600899
51829.43558164152
55529.013809889584
59429.30779604301
63530.52155456647
67832.85289615397
72336.49223053078
77041.62074850543
81948.4106467682
87057.02288549764
92367.60711469577
97880.3011071968
103595.22973184363
109512.50518460128
115632.22646587683
121954.47940826639
128479.3365562034
135206.85744448876
142137.08872665255
149270.06455811812
156605.8069342003
164144.32619066112
171885.62151223823
179829.68149954168
187976.484796086
196326.00071617865
204878.1899167439
213633.00507540235
222590.39157744922
231750.28820350126
241112.62781176058
250677.3380099948
260444.34180989233
270413.55826583994
280584.90309013234
290958.2892368363
301533.62751397584
312310.8268681809
323289.7953813442
334470.4402076562
345852.6683312097
357436.38684159575
369221.50334510725
381207.92626445414
393395.56520390173
405784.33116226026
418374.13681271207
431164.8967012567
444156.5274497987
457348.947905359
470742.07928394474
484335.8452916004
498130.17221016076
512124.9889819782
526320.2272316529
540715.8213586616
555311.7085130019
570107.828625134
585104.1243979894
600300.5412918743
615697.0274807021
631293.533845423
647090.0139053008
663086.4237822753
679282.722120926
695678.8700480232
712274.8311003614
729070.571150483
746066.0582798023
763261.2628513619
780656.1572582604
798250.7159417827
816044.9152831701
834038.7335365512
852232.1507331441
870625.1486013926
889217.7105120752
908009.8213736938
927001.4675673546
946192.6368747808
965583.3183848069
985173.5024586035
1.0049631806335003e6
1.0249523455527221e6
1.0451409909172001e6
1.0655291114152796e6
1.0861167026578877e6
1.1069037611281644e6
1.1278902841197248e6
1.1490762696698557e6
1.1704617165664083e6
1.1920466242346053e6
1.2138309926712157e6
1.235814822489006e6
1.2579981148106207e6
1.2803808712433733e6
1.302963093834373e6
1.32574478505256e6
1.3487259477333855e6
1.371906585057205e6
1.395286700518531e6
1.418866297931524e6
1.4426453812192748e6
1.4666239547545428e6
1.490802022975638e6
1.5151795905663304e6
1.539756662255805e6
1.564533243099611e6
1.5895093382046998e6
1.6146849526180741e6
1.6400600917781775e6
1.6656347610267438e6
1.6914089657150812e6
1.7173827114017266e6
1.7435560035823465e6
1.7699288477968131e6
1.796501249611209e6
1.8232732145975418e6
1.850244748328401e6
1.8774158563624476e6
1.9047865442550664e6
1.932356817546535e6
1.9601266816734883e6
1.9880961421626906e6
2.0162652044180885e6
2.0446338738228856e6
2.0732021557127684e6
2.101970055372233e6
2.130937578035629e6
2.1601047288746317e6
2.1894715130069065e6
2.2190379354873784e6
2.248804001305686e6
2.278769715392545e6
2.3089350826077145e6
2.339300107746005e6
2.3698647955323444e6
2.400629150626373e6
2.431593177614529e6
2.4627568810170717e6
2.494120265281109e6
2.525683334788188e6
2.5574460938461274e6
2.5894085466936254e6
2.6215706974583697e6
2.6539325503235655e6
2.6864941093288357e6
2.7192553783525084e6
2.7522163613290116e6
2.7853770620934004e6
2.81873748441018e6
2.852297631973416e6
2.8860575084217303e6
2.9200171173251495e6
2.9541764621886103e6
2.9885355464727865e6
3.023094373538293e6
3.057852946728035e6
3.0928112693051305e6
3.1279693444776563e6
3.163327175164546e6
3.1988847648992594e6
3.234642116752035e6
3.2705992332555586e6
3.3067561175582353e6
3.34311277254235e6
3.3796692010351866e6
3.4164254058186347e6
3.4533813896226184e6
3.490537155127492e6
3.527892704969924e6
3.5654480417764587e6
3.603203167974909e6
3.6411580861791177e6
3.67931279880678e6
3.7176673082694123e6
3.7562216169382855e6
3.794975727144004e6
3.8339296411751956e6
3.873083361283362e6
3.912436889680366e6
3.9519902285403004e6
3.9917433800020535e6