19697.01948189852
19814.370516746225
20127.332135157012
20635.97368733318
21340.40704408651
22240.785434277605
23337.30186083576
24630.18711955357
26119.707450630754
27806.16185870849
29689.879137032985
31771.214647579625
34050.54689492497
36528.27368924631
39204.809703740204
42080.58032044326
45156.019942971536
48431.56782126101
51907.663863952206
55584.745819617776
59463.24417097348
63543.582214911534
67826.16971437816
72311.4023798242
76999.65762407638
81891.29422226262
86986.64877269171
92286.03506576383
97789.74224476986
103498.03382521792
109411.1469699391
115529.29190768393
121852.6515483443
128381.38166865619
135115.610950289
142055.44141765786
149200.94905071892
156552.1845069016
164109.17407026776
171871.92065539648
179840.40496947704
188014.58674385876
196394.4060433071
204979.78462413742
213770.62733284457
222766.823523657
231968.24848359858
241374.76485471666
250986.22403052013
260802.46753233523
270823.32834466384
281048.632212831
291478.1988735491
302111.8432441809
312949.37654503615
323990.6073605635
335235.34262324
346683.3885602545
358334.55148380774
370188.63869358995
382245.45910324086
394504.8238988132
406966.54717411706
419630.44641724223
432496.3430061977
445564.0625780468
458833.4354009776
472304.29667678726
485976.4866676328
499849.8515077525
513924.24215168494
528199.515659594
542675.534779821
557352.1680227723
572229.2897369212
587306.7800760363
602584.5249852163
618062.416105811
633740.350761605
649618.2318153139
665695.9675971733
681973.4717309254
698450.663055964
715127.4654623568
732003.8080013308
749079.623404497
766354.8505770348
783829.4317835607
801503.3137971929
819376.4474746238
837448.7875830433
855720.292614269
874190.9246380994
892860.6491373259
911729.4348912863
930797.2534814338
950064.0798353336
969529.8913415695
989194.6681160936
1.0090583927124875e6
1.0291210500154487e6
1.0493826271063555e6
1.0698431131269794e6
1.090502499142111e6
1.1113607780310842e6
1.1324179443487292e6
1.153673994267245e6
1.1751289253928629e6
1.1967827362496057e6
1.2186354285003943e6
1.2406870021523477e6
1.2629374602039158e6
1.2853868061809205e6
1.3080350445161844e6
1.330882180515618e6
1.353928220242469e6
1.3771731704731819e6
1.40061703862481e6
1.4242598327831135e6
1.4481015612459835e6
1.4721422332452468e6
1.496381858135103e6
1.5208204457279926e6
1.5454580061527726e6
1.5702945498504238e6
1.5953300875035415e6
1.620564630018609e6
1.645998188485065e6
1.6716307741495452e6
1.697462398377242e6
1.7234930726489364e6
1.7497228085058662e6
1.7761516175400473e6
1.802779511385176e6
1.8296065016780358e6
1.8566326000579663e6
1.8838578181279781e6
1.9112821674715162e6
1.9389056596278928e6
1.9667283060368279e6
1.9947501180969558e6
2.0229711071132037e6
2.0513912843047194e6
2.0800106607664605e6
2.1088292475162824e6
2.137847055444004e6
2.1670640953102657e6
2.196480377760683e6
2.226095913308014e6
2.2559107123282966e6
2.285924785208415e6
2.3161381416293047e6
2.3465507919733897e6
2.3771627459155777e6
2.4079740131293135e6
2.4389846031493386e6
2.470194525350121e6
2.501603788963053e6
2.533212403081038e6
2.565020376605076e6
2.597027718393705e6
2.6292344370814594e6
2.6616405411570705e6
2.694246039033349e6
2.727050938840038e6
2.760055248694929e6
2.793258976539554e6
2.8266621301754033e6
2.8602647172563556e6
2.8940667453780253e6
2.9280682217599703e6
2.962269153834938e6
2.9966695486991727e6
3.031269413342513e6
3.0660687544535343e6
3.1010675791776655e6
3.136265893971323e6
3.1716637054095687e6
3.207261019722718e6
3.243057843616196e6
3.2790541827553315e6
3.315250043420013e6
3.3516454315717537e6
3.388240353057091e6
3.4250348136272645e6
3.4620288189271595e6
3.4992223744985666e6
3.536615485790642e6
3.5742081581523493e6
3.612000396843221e6
3.6499922070207633e6
3.688183593764155e6
3.7265745620551677e6
3.7651651167921107e6
3.8039552627905384e6
3.842945004777549e6
3.8821343474031724e6
3.9215232952352436e6
3.961111852766632e6
4.0009000244107163e6