23012.658311824256
23117.323441733213
23396.559084787117
23850.714948066954
24480.35587448814
25286.256982291237
26269.39701354634
27430.949969251473
28772.27510637456
30294.90545331088
32000.534914470743
33891.00412396805
35968.28604618061
38234.46649883556
40691.73213419647
43342.35087577951
46188.652230921616
49233.01287011644
52477.833898210505
55925.52703047937
59578.49581701828
63439.11771319627
67509.72834176374
71792.60568704143
76289.95562054217
81003.89733633495
85936.4525085719
91089.53256243632
96464.92876191167
102064.30470031913
107889.18784395387
113940.96420312754
120220.87367551486
126730.00713762168
133469.3045088599
140439.55417057656
147641.39382379773
155075.31237684545
162741.65290168536
170640.61645312438
178772.26702761668
187136.53708807437
195733.23390571392
204562.04641619208
213622.55259414186
222914.2271790661
232436.4497026372
242188.51267421135
252169.62991921237
262378.94485036674
272815.53877050686
283478.43897962867
294366.62668740575
305479.04476840864
316814.60502678517
328372.19552246307
340150.6869986474
352148.9393354011
364365.8074370806
376800.14673505607
389450.8181813947
402316.6929423678
415396.6565922825
428689.61287440744
442194.4869866634
455910.2287480447
469835.814978604
483970.25180128857
498312.57648528204
512861.85923123546
527617.2038023011
542577.7490392646
557742.6693861436
573111.1752470189
588682.5132162076
604455.9661727678
620430.8530687592
636606.5285679798
652982.3826762548
669557.8400288946
686332.359241981
703305.4321672916
720476.5828976776
737845.3668807066
755411.3699901828
773174.2073620894
791133.5223250748
809288.9854028963
827640.2932403199
846187.1671797319
864929.3526498973
883866.617476882
902998.7511878202
922325.5637932884
941846.8847927877
961562.5619516314
981472.460488095
1.0015764618258828e6
1.0218744630721337e6
1.0423663759631091e6
1.0630521244700435e6
1.08393164734708e6
1.1050048939157217e6
1.1262718248501595e6
1.1477324112856179e6
1.1693866337492513e6
1.1912344819432502e6
1.213275953612167e6
1.2355110542430687e6
1.2579397962747337e6
1.2805621986772034e6
1.3033782862860453e6
1.326388088417291e6
1.3495916433763409e6
1.3729889878646343e6
1.39658016673363e6
1.4203652275008818e6
1.4443442210842422e6
1.4685172012284924e6
1.4928842244193119e6
1.5174453494602232e6
1.5422006376428418e6
1.5671501502763755e6
1.592293952870075e6
1.6176321105330265e6
1.6431646898486824e6
1.6688917583463474e6
1.6948133842692943e6
1.7209296364325194e6
1.7472405842586812e6
1.773746296553249e6
1.8004468436231394e6
1.8273422948500325e6
1.8544327197531997e6
1.8817181876414274e6
1.9091987675518144e6
1.9368745281839413e6
1.9647455377516416e6
1.9928118639745852e6
2.0210735739855412e6
2.0495307343100747e6
2.078183410761368e6
2.107031668533778e6
2.136075571973984e6
2.165315184676951e6
2.1947505694303494e6
2.224381788207846e6
2.2542089019869124e6
2.28423197114505e6
2.3144510547984284e6
2.344866211536516e6
2.375477500538823e6
2.4062849732501064e6
2.4372886905237455e6
2.4684887053905185e6
2.499885071574127e6
2.5314778422602043e6
2.5632670693404023e6
2.595252803860734e6
2.6274350962617956e6
2.6598139955918808e6
2.692389550404226e6
2.725161808228899e6
2.758130815802901e6
2.7912966188872634e6
2.824659262447027e6
2.8582187906670943e6
2.8919752469128408e6
2.9259286736227535e6
2.960079112577049e6
2.9944266046474036e6
3.0289711901597073e6
3.06371290832337e6
3.098651797925237e6
3.133787896876342e6
3.1691212424095846e6
3.204651871027362e6
3.240379818561031e6
3.276305120183294e6
3.312427810623716e6
3.3487479232690386e6
3.3852654915635376e6
3.42198054806578e6
3.4588931247922755e6
3.4960032531294036e6
3.5333109638456325e6
3.57081628720623e6
3.608519252880286e6
3.6464198899992486e6
3.6845182271481217e6
3.7228142924054e6
3.7613081133382884e6
3.7999997170065627e6
3.8388891299668527e6
3.8779763780477266e6
3.917261487800594e6
3.9567444833439556e6
3.996425389883407e6
4.0363042316325274e6
4.076381032465529e6