126248.89424068222
126251.72474496646
126259.6120712744
126273.48157849154
126294.83190260179
126325.74106536942
126368.84866762345
126427.36031576697
126505.03870068517
126606.18601079719
126735.67128310798
126898.87314872452
127101.68083626809
127350.53459387305
127652.32415012663
128014.45374403612
128444.76419089347
128951.58657571275
129543.66510549266
130230.16542134786
131020.64405146035
131925.0640404958
132953.7266020199
134117.27515027198
135426.66794081542
136893.15234490045
138528.24211035875
140343.68699715994
142351.43944347344
144563.63469677352
146992.54855337468
149650.56142602998
152550.13477433278
155703.74560153522
159123.8863267145
162822.97687902002
166813.3573991816
171107.2097156314
175716.51997019473
180653.03420600167
185928.1972060076
191553.09700251327
197538.41100860914
203894.34809802682
210630.59232336166
217756.24605966575
225279.77422423838
233208.9548186058
241550.80670551886
250311.58212530284
259496.68217767292
269110.6370055418
279157.093597539
289638.66535234905
300557.15624072927
311913.3062511794
323706.90567610785
335936.7794568013
348600.80048164027
361695.9043373185
375218.12909202755
389162.65357627196
403523.8410812898
418295.2948595746
433469.92337854113
449039.9994256818
464997.2417694542
481332.8791897255
498037.7317697252
515102.2890129589
532516.7881273839
550271.2831501971
568355.745277063
586760.0822602325
605474.2582579774
624488.3288030052
643792.5046175319
663377.2007181277
683233.0980412337
703351.1200337094
723722.5892577627
744339.1186959443
765192.7655882944
786275.9055518808
807581.3619601382
829102.367845231
850832.5695037876
872766.0325699497
894897.232313225
917221.0513657725
939732.7673827128
962428.0439754297
985302.9164861446
1.0083537764640078e6
1.0315773566882587e6
1.0549707168558333e6
1.078531223248207e6
1.1022565309795577e6
1.126144578670532e6
1.1501935469314693e6
1.1744018546440615e6
1.1987681856063558e6
1.2232913640412306e6
1.2479704516595942e6
1.2728046726620814e6
1.2977934168276577e6
1.3229362209318238e6
1.348232759559115e6
1.3736828286294881e6
1.3992863404808047e6
1.4250433055792204e6
1.4509538288075302e6
1.477018096522749e6
1.5032363676519063e6
1.529608968807124e6
1.5561362818488963e6
1.5828187482918813e6
1.6096568420952833e6
1.6366510865756609e6
1.6638020311214076e6
1.6911102599706086e6
1.7185763809543187e6
1.7462010187991322e6
1.7739848187808262e6
1.8019284362980425e6
1.8300325375980819e6
1.8582977970553318e6
1.8867248934612272e6
1.9153145073054808e6
1.9440673241995075e6
1.9729840218560852e6
2.0020652806495705e6
2.0313117713706715e6
2.0607241668308082e6
2.0903031273930517e6
2.120049308005779e6
2.1499633575868746e6
2.180045911261902e6
2.210297598405801e6
2.240719037508658e6
2.271310835653288e6
2.3020735901865363e6
2.333007886722334e6
2.3641142995862486e6
2.395393392091773e6
2.426845715394707e6
2.4584718093412127e6
2.490272201712154e6
2.5222474089850276e6
2.5543979358406872e6
2.586724275442081e6
2.6192269094483587e6
2.65190630785004e6
2.6847629306692495e6
2.7177972251488487e6
2.7510096287324456e6
2.78440056783302e6
2.8179704583540037e6
2.851719705902745e6
2.885648705772914e6
2.919757843933714e6
2.9540474979350674e6
2.988518027815126e6
3.02316979717349e6
3.058003151381122e6
3.0930184300142624e6
3.1282159641670515e6
3.163596074147191e6
3.1991590750840423e6
3.234905274387678e6
3.270834965719259e6
3.3069484440921037e6
3.343245990669703e6
3.3797278822259945e6
3.416394387116326e6
3.453245768918992e6
3.490282282433867e6
3.5275041781303883e6
3.564911693289471e6
3.6025050762498407e6
3.640284549175633e6
3.678250342150279e6
3.716402669970047e6
3.754741752390725e6
3.7932677987636547e6
3.831981008705391e6
3.870881586414295e6
3.909969725090019e6
3.9492456147456006e6
3.9887094409479904e6
4.0283613849043786e6
4.0682016237063943e6
4.108230330125133e6
4.148447673255227e6
4.18885381788283e6
4.229448925325526e6
4.270233150821749e6
4.3112066554805e6
4.3523695830166545e6
4.393722082819516e6