19745.37795041177
19862.545850964816
20175.02081359332
20682.87681444666
21386.23318927132
22285.25339702756
23380.143335197223
24671.149232397132
26158.55515003731
27842.680130889174
29723.875032274016
31802.51909893842
34079.01631545314
36553.79132174444
39227.28680385161
42099.95695299989
45172.265647571614
48444.68201577036
51917.6759887298
55591.71516102039
59467.25961418665
63544.76171654722
67824.65948065124
72307.37600761847
76993.31490431812
81882.8599354574
86976.37125580423
92274.18467885346
97776.60974942583
103483.92865873274
109396.39549381462
115514.23555036334
121837.64496875904
128366.79089393101
135101.81151434785
142042.81652094136
149189.88775423187
156543.0799697124
164102.42184483813
171867.91704780672
179839.54547454597
188017.26456149796
196401.01068158622
204990.70059674137
213786.23294590125
222787.48976541095
231994.33800948842
241406.6310731143
251024.21027958786
260846.90636594023
270874.54091923835
281106.92767590465
291543.87403139553
302185.182120934
313030.6501194831
324080.0733588654
335333.2453826947
346789.9589523272
358450.00694144366
370313.183208814
382379.28336500085
394648.10543271736
407119.45053626527
419793.1234246578
432668.9330026278
445746.69272929605
459026.2210108319
472507.3415373671
486189.88353902317
500073.6820165586
514158.577864184
528444.4180661463
542931.055770437
557618.3503076701
572506.1672515876
587594.378398234
602882.8617372096
618371.5013569313
634060.1874284695
649948.8160520181
666037.2891804702
682325.5144325376
698813.4050101048
715500.879520998
732387.8618099638
749474.2808098098
766760.0703373877
784245.1689539569
801929.5197574516
819813.0702172702
837895.7719863559
856177.5807031912
874658.455836766
893338.360500107
912217.2613432549
931295.1280895706
950571.9337179959
970047.6543255739
989722.2686035045
1.0095957579305966e6
1.0296681061785662e6
1.0499392995687008e6
1.070409326599936e6
1.0910781775260307e6
1.1119458449931233e6
1.133012323137486e6
1.1542776078975322e6
1.175741696746431e6
1.1974045886458333e6
1.2192662838769476e6
1.2413267840055123e6
1.2635860917563573e6
1.286044210927079e6
1.3087011462838072e6
1.3315569035260542e6
1.3546114891610174e6
1.3778649104551398e6
1.4013171753678757e6
1.4249682925600493e6
1.4488182709243803e6
1.4728671203544308e6
1.4971148508685362e6
1.5215614729736412e6
1.5462069975166328e6
1.571051435676132e6
1.596094798887862e6
1.6213370988264007e6
1.6467783473604775e6
1.6724185565257596e6
1.6982577384848788e6
1.7242959055219907e6
1.750533069985583e6
1.7769692442775017e6
1.8036044408435326e6
1.8304386721317382e6
1.8574719505923379e6
1.884704288636023e6
1.912135698651819e6
1.9397661929810145e6
1.9675957838576902e6
1.9956244834716562e6
2.023852303911643e6
2.0522792571744039e6
2.0809053551231935e6
2.109730609538875e6
2.13875503206425e6
2.16797863420399e6
2.197401427339401e6
2.227023422709273e6
2.2568446314058932e6
2.286865064382976e6
2.3170847324382025e6
2.3475036462211725e6
2.37812181622038e6
2.408939252783985e6
2.4399559660896915e6
2.4711719661667235e6
2.502587262878821e6
2.5342018659440596e6
2.5660157848771107e6
2.5980290291460976e6
2.6302416079622447e6
2.6626535304245893e6
2.6952648055011067e6
2.728075441890576e6
2.761085448264568e6
2.7942948331091134e6
2.827703604760447e6
2.861311771396908e6
2.8951193411345305e6
2.92912632168662e6
2.9633327209963975e6
2.997738546644387e6
3.032343806099164e6
3.0671485065164114e6
3.102152655511942e6
3.137356259992749e6
3.1727593269832567e6
3.208361863139206e6
3.244163875608303e6
3.280165370473689e6
3.316366354429387e6
3.3527668338439516e6
3.3893668149630376e6
3.4261663039304563e6
3.463165306776284e6
3.50036382942038e6
3.5377618776836344e6
3.5753594572798065e6
3.6131565738270604e6
3.6511532328345687e6
3.68934943972756e6
3.7277451998274853e6
3.766340518366365e6
3.8051354004878267e6
3.8441298512409455e6
3.8833238755925116e6
3.9227174784213505e6
3.9623106645262497e6
4.0021034386211694e6