20061.988331693807
20177.952707842465
20487.229283438886
20989.92195935896
21686.19836827025
22576.288170561813
23660.480731275973
24939.12221234345
26412.612122680024
28081.39937706715
29945.977914160503
32006.8819490019
34264.68091189693
36719.974143092084
39373.385412778196
42225.55750563493
45277.14596607024
48528.81473152613
51981.22951795689
55635.053571706616
59490.93982783797
63549.53147718775
67811.45195810516
72277.30358948733
76947.66216172285
81823.07756527502
86904.06345942631
92191.1022189516
97684.63790565929
103385.07678445854
109292.78531386696
115408.0891638778
121731.2730167174
128262.58019880847
135002.21297727118
141950.33304829776
149107.0623387265
156472.48416109884
164046.64445357904
171829.55336086274
179821.1868518674
188021.48862722988
196430.37207175704
205047.72226899664
213873.398134262
222907.2345595539
232149.04458496918
241598.62156322153
251255.74130741824
261120.16417818028
271191.63719961036
281469.8958833301
291954.6664282881
302645.6672716532
313542.6109662595
324645.20592744916
335953.157344525
347466.1697840551
359183.9474942882
371106.1960071069
383232.62330976897
395562.9406675213
408096.86383738875
420834.113627876
433774.41673890396
446917.50637951953
460263.1228125516
473811.0138416925
487560.9351924149
501512.6508619259
515665.93327271513
530020.5635936847
544576.3318218989
559333.0368280776
574290.4864384991
589448.4974101102
604806.8953897525
620365.5147783421
636124.1987094407
652082.7988269103
668241.175150702
684599.1958809026
701156.7371923912
717913.6830407584
734869.9248401488
752025.3613389159
769379.8983229608
786933.4483204347
804685.9303816363
822637.2698166204
840787.397925883
859136.2517194451
877683.7736808514
896429.911511125
915374.6178601421
934517.8500830699
953859.5700099828
973399.7436506585
993138.3410850125
1.0130753360825066e6
1.0332107060117843e6
1.053544431555625e6
1.074076496582292e6
1.0948068877738775e6
1.115735594706204e6
1.1368626094790138e6
1.1581879265627132e6
1.1797115426809788e6
1.2014334566451171e6
1.223353669160654e6
1.245472182221836e6
1.2677890015150239e6
1.290304131175807e6
1.313017578778604e6
1.335929352757663e6
1.3590394618780778e6
1.382347918396777e6
1.4058547323681952e6
1.4295599168005642e6
1.4534634846134773e6
1.4775654498998357e6
1.5018658272872716e6
1.5263646318407203e6
1.551061879164275e6
1.575957585323435e6
1.601051766741967e6
1.6263444401693647e6
1.651835622628941e6
1.6775253313713854e6
1.7034135838139455e6
1.7295003975462257e6
1.7557857902391914e6
1.7822697796301863e6
1.8089523835126206e6
1.8358336196792019e6
1.8629135059130895e6
1.8901920599383938e6
1.91766929945517e6
1.9453452420346327e6
1.9732199051715424e6
2.0012933062375346e6
2.0295654624695582e6
2.0580363909674198e6
2.0867061086367136e6
2.115574632261773e6
2.1446419784250073e6
2.173908163509632e6
2.203373203718375e6
2.2330371150486246e6
2.2628999132844857e6
2.292961614008109e6
2.3232222326220497e6
2.3536817841529697e6
2.384340283633944e6
2.4151977457284466e6
2.4462541849125843e6
2.47750961543935e6
2.5089640512748794e6
2.5406175063100504e6
2.5724699940780667e6
2.6045215279224985e6
2.636772120973679e6
2.6692217861338807e6
2.7018705361352596e6
2.7347183833536603e6
2.767765340079906e6
2.8010114183571218e6
2.83445663000961e6
2.868100986642561e6
2.9019444996791366e6
2.9359871803247794e6
2.970229039579479e6
3.0046700880828635e6
3.039310336798507e6
3.0741497959872186e6
3.109188475885934e6
3.1444263865513764e6
3.1798635378473094e6
3.2154999394809874e6
3.2513356012060316e6
3.287370531921883e6
3.3236047410220588e6
3.360038237529369e6
3.396671030287153e6
3.4335031280007083e6
3.4705345392085696e6
3.5077652722950364e6
3.5451953355014995e6
3.5828247369186357e6
3.6206534845000906e6
3.6586815860450994e6
3.696909049234938e6
3.7353358816005467e6
3.773962090548346e6
3.812787683356039e6
3.85181266717114e6
3.891037049021774e6
3.9304608358109947e6
3.970084034328359e6
4.0099066512751756e6