24468.7470508173
24568.00233088662
24832.84788642658
25263.731900920713
25861.378595076945
26626.78251833137
27561.200634444314
28666.14240328488
29943.357878587965
31394.823971166086
33022.72899911532
34829.455668463284
36817.56623392794
38989.765111296554
41348.91365842876
43897.973806111375
46640.00040550927
49578.12299858479
52715.5130965172
56055.367402741496
59600.885106303314
63355.24376256074
67321.5785655418
71502.96185323573
75902.38295931797
80522.72974907098
85366.77129032415
90437.14200769606
95736.32621576337
101266.64765592253
107030.25603570709
113029.11889956344
119265.01377143379
125739.52238721351
132454.02665872537
139409.70644478567
146607.53891423054
154048.2996203929
161732.56500654435
169660.71647215047
177832.94556412857
186249.26077668523
194909.49481629417
203813.31341511078
212960.22457552305
222349.58861240774
231980.62871541438
241852.44192378095
251964.01025535626
262314.2122192218
272901.83409236895
283725.58131394733
294784.0895657788
306075.9356989247
317599.6482236225
329353.71749654255
341336.60542099655
353546.7541993638
365982.5957471959
378642.55894540716
391525.07741974306
404628.59623535373
417951.57831368526
431492.50978613703
445249.90537254885
459222.3122091413
473408.31446160236
487806.5361717853
502415.64417397603
517234.35061973135
532261.4148009554
547495.6442308938
562935.896282881
578581.078681772
594430.1496806674
610482.118483803
626736.0447732161
643191.0383234276
659846.2586121974
676700.9135578278
693754.2590786538
711005.5972543254
728454.2756128043
746099.685590439
763941.2611144346
781978.4773882878
800210.848462747
818637.9267486039
837259.3006015524
856074.5941419946
875083.4628079867
894285.5948117224
913680.707865407
933268.5480962357
953048.8885609471
973021.5275496241
993186.2873232696
1.013543012628635e6
1.0340915694096006e6
1.054831843441227e6
1.0757637389248898e6
1.096887177607199e6
1.1182020972918784e6
1.1397084509294329e6
1.161406205374902e6
1.1832953407712458e6
1.2053758484652666e6
1.2276477319334876e6
1.2501110042977296e6
1.272765688143704e6
1.2956118147542642e6
1.318649423210412e6
1.3418785598868062e6
1.365299278336016e6
1.3889116351339715e6
1.4127156966204303e6
1.4367115309680481e6
1.4608992113960348e6
1.4852788148965782e6
1.5098504220330466e6
1.5346141160347636e6
1.5595699829271305e6
1.5847181109620817e6
1.610058590177468e6
1.635591512339891e6
1.661316970443378e6
1.6872350585570564e6
1.7133458714781585e6
1.739649504861278e6
1.766146054329104e6
1.792835616003283e6
1.8197182860598317e6
1.84679416025352e6
1.8740633342988773e6
1.9015259034047695e6
1.9291819566032705e6
1.957031605249782e6
1.9850749254389936e6
2.0133120155144006e6
2.0417429671339777e6
2.0703678710482523e6
2.0991868169885753e6
2.128199893613885e6
2.1574071884802002e6
2.1868087879814897e6
2.216404777363649e6
2.2461952405385566e6
2.2761802604642343e6
2.3063599186290936e6
2.3367342952414816e6
2.3673034692049413e6
2.398067518398412e6
2.4290265191777423e6
2.4601805466352454e6
2.4915296745720287e6
2.523073975683789e6
2.554813521097379e6
2.5867483808669504e6
2.618878623726361e6
2.651204317143503e6
2.68372552736561e6
2.7164423193953177e6
2.7493547570599196e6
2.782462903002838e6
2.815766818575332e6
2.8492665640726294e6
2.882962198564181e6
2.9168537801514785e6
2.9509413655877966e6
2.9852250107480627e6
3.0197047703134343e6
3.054380697993547e6
3.089252846314496e6
3.1243212670025015e6
3.1595860106391776e6
3.1950471268904377e6
3.2307046644418277e6
3.2665586710387757e6
3.302609193548616e6
3.3388562781048175e6
3.3752999693622077e6
3.4119403117625853e6
3.448777348608397e6
3.4858111224833196e6
3.523041675123411e6
3.5604690474598305e6
3.598093279662676e6
3.635914411166178e6
3.6739324806657266e6
3.7121475261235842e6
3.75055958478924e6
3.789168693242234e6
3.827974887415665e6
3.866978202506149e6
3.9061786731334385e6
3.9455763333597872e6
3.9851712163145747e6
4.024963354994501e6
4.0649527814811645e6
4.1051395274023125e6