19575.360317840787
19693.171162877246
20007.354635624884
20517.968385086657
21225.105401040397
22128.893040018338
23229.491698476995
24527.093153668247
26021.918597608463
27714.216394391668
29604.259591099086
31692.34322584334
33978.78146532245
36463.904396153084
39148.056011134664
42031.58902690429
45114.86353660813
48398.243496910116
51882.093260586546
55566.774956023415
59452.645643828204
63540.05459606455
67829.34155765816
72320.8312931555
77014.83761982364
81911.6557632543
87011.56363189615
92314.81900454455
97821.66169789828
103532.30689419352
109446.9500199017
115565.7637314128
121888.89797675378
128416.4802599686
135148.61568334792
142085.3872845904
149226.85663575004
156573.06437925235
164124.03106380394
171879.7579770367
179840.22811576174
188005.40721180872
196375.24482107777
204949.67544975405
213728.61971365023
222711.9855116567
231899.66920391744
241291.55678312393
250887.52503414854
260687.44265940442
270691.1713863547
280898.5670291339
291309.48050580686
301923.75881281565
312741.24594848556
323761.7837840663
334985.2128692828
346411.3732020305
358040.1049228466
369871.24896062387
381904.6476322918
394140.1451523236
406577.58814553835
419216.82605604816
432057.711530309
445100.1007690865
458343.8537713246
471788.8346216683
485434.9116782247
499281.9577376189
513329.85017964174
527578.4710117395
542027.7070300214
556677.4497809003
571527.5956134766
586578.0456681931
601828.7058525223
617279.4867651957
632930.3036860756
648781.0764575985
664831.7294265855
681082.1912955372
697532.3950709552
714182.2779146909
731031.7810484809
748080.849500357
765329.432223937
782777.4817133043
800424.953993801
818271.8084425129
836318.0076843433
854563.5173526567
873008.306120842
891652.3454168128
910495.6093446809
929538.0745511411
948779.7200989552
968220.5273027646
987860.4796859839
1.0076995627736899e6
1.0277377640173563e6
1.0479750726830568e6
1.0684114797377451e6
1.0890469777376712e6
1.1098815607385812e6
1.130915224191791e6
1.1521479648314891e6
1.1735797806693595e6
1.1952106708028882e6
1.2170406353612074e6
1.2390696754780046e6
1.261297793185941e6
1.2837249913397033e6
1.3063512735518287e6
1.329176644156043e6
1.3522011081141047e6
1.3754246709767375e6
1.3988473388322627e6
1.4224691183145398e6
1.4462900162409553e6
1.470310040199545e6
1.4945291978869364e6
1.518947497419535e6
1.543564946985373e6
1.5683815553332656e6
1.5933973312092542e6
1.6186122835977841e6
1.6440264216362115e6
1.6696397545935314e6
1.6954522918387277e6
1.7214640428374987e6
1.7476750171073605e6
1.7740852242093438e6
1.8006946737398433e6
1.8275033753013841e6
1.8545113384970862e6
1.8817185729030676e6
1.9091250880803373e6
1.9367308935546079e6
1.964535998770909e6
1.9925404131398452e6
2.0207441459980942e6
2.0491472066060961e6
2.0777496041419255e6
2.1065513476927048e6
2.1355524462593305e6
2.164752908732227e6
2.1941527439076207e6
2.2237519604718345e6
2.2535505670011714e6
2.283548571963018e6
2.3137459837069316e6
2.344142810467409e6
2.3747390603533154e6
2.405534741379577e6
2.4365298614054574e6
2.4677244281956134e6
2.4991184493814465e6
2.530711932481292e6
2.562504884888829e6
2.594497313830867e6
2.6266892265464882e6
2.659080630029908e6
2.691671531244256e6
2.72446193690181e6
2.7574518537195236e6
2.7906412882734323e6
2.8240302470159144e6
2.85761873627972e6
2.891406762301733e6
2.925394331200126e6
2.959581448981304e6
2.9939681215657876e6
3.0285543547392217e6
3.063340154202559e6
3.098325525341306e6
3.1335104740532953e6
3.1688950055894023e6
3.2044791251044413e6
3.2402628381921044e6
3.2762461494637793e6
3.312429064155261e6
3.34881158720194e6
3.385393723444159e6
3.4221754776434805e6
3.459156854473631e6
3.4963378585229907e6
3.5337184943035766e6
3.5712987662444618e6
3.609078678700799e6
3.64705823594316e6
3.6852374421784133e6
3.7236163015312776e6
3.7621948180585243e6
3.800972995748354e6
3.839950838515592e6
3.879128350211572e6
3.918505534619417e6
3.958082395470893e6
3.9978589363897946e6