189513.253029799
189494.04955912716
189443.16126330735
189361.46168728298
189250.3723756741
189111.85197715144
188948.35937216334
188763.05588838123
188559.3838443806
188341.33223972216
188113.85151274127
187881.68753622784
187650.60491479878
187426.43274057962
187216.3620437197
187026.81488413594
186865.44435361805
186740.2513413894
186659.5239705846
186632.0383074121
186666.96613683694
186773.86699585212
186962.66571172237
187243.64606087966
187627.43953826677
188124.9566229255
188747.48160636987
189506.55642444213
190413.97017767458
191481.7794331695
192722.26471965367
194147.91749639643
195771.38864819697
197605.50156252112
199663.18993483213
201957.51242095014
204501.57061495274
207308.50463581746
210391.4617988092
213763.54361657632
217437.77716493732
221427.06760417894
225744.15642960093
230401.57121088353
235411.58234182486
240786.14185910442
246536.8422368452
252674.84845904875
259210.85168614672
266155.0075113679
273516.87898426177
281305.3799435324
289528.7173350435
298194.33854782494
307308.8778211618
316878.1041489467
326906.89411172934
337399.1584025527
348357.84390104085
359784.8858116156
371681.19995077664
384046.6562173603
396880.1016777401
410179.3473297617
423941.1915025814
438161.4473363153
452834.9765524793
467955.73538174713
483516.8290648366
499510.5718674846
515928.55188298016
532761.7116989472
550000.4199227227
567634.554686504
585653.5918163215
604046.6860066777
622802.7557350814
641910.5644280498
661358.8084133789
681136.1849150702
701231.4623968427
721633.5782171953
742331.634921647
763315.0256473696
784573.4392139035
806096.9197465426
827875.872732287
849901.1643827431
872164.0607736462
894656.2924074007
917370.0530809861
940298.0075860023
963433.2914030558
986769.5089407872
1.0103007373359023e6
1.034021493505117e6
1.0579267458166317e6
1.0820118884211755e6
1.1062727251509316e6
1.1307054576474098e6
1.155306658556439e6
1.1800732641349286e6
1.205002543164181e6
1.2300920845717601e6
1.2553397711151212e6
1.2807437578316624e6
1.3063025018869718e6
1.3320146309058287e6
1.3578790445457483e6
1.3838948338309703e6
1.410061287404446e6
1.4363778309441507e6
1.462844103637921e6
1.4894598511178629e6
1.5162249585739737e6
1.5431394249144376e6
1.570203372977343e6
1.5974169878296212e6
1.6247805670002936e6
1.6522944722935017e6
1.6799591416023679e6
1.7077750617083916e6
1.7357427753640031e6
1.763862868564368e6
1.792135965443283e6
1.8205627247819968e6
1.8491438314238451e6
1.8778799935742482e6
1.9067719364233902e6
1.9358204016959025e6
1.9650261237960628e6
1.9943899147894275e6
2.0239124869830878e6
2.0535946312128103e6
2.083437097966501e6
2.1134406694424427e6
2.1436061027721157e6
2.1739341538463146e6
2.2044255732474895e6
2.235081102927669e6
2.2659014766099425e6
2.296887417703544e6
2.328039638813425e6
2.3593588420499456e6
2.390845723989768e6
2.4225009477379695e6
2.4543251852078936e6
2.4863190881701447e6
2.5184833035457516e6
2.550818439758026e6
2.583325116790239e6
2.6160039327806514e6
2.64885547278748e6
2.6818803075241162e6
2.7150789952656347e6
2.748452080523256e6
2.7820000953499153e6
2.81572355600737e6
2.8496229596596207e6
2.8836988192056073e6
2.917951604586493e6
2.9523817874708287e6
2.9869898144078096e6
3.021776139478564e6
3.056741181592149e6
3.091885384112839e6
3.127209147814879e6
3.162712878022979e6
3.198396941602302e6
3.2342617424231186e6
3.2703076409401307e6
3.3065349971809555e6
3.342944159956697e6
3.379535471311442e6
3.416309261337785e6
3.4532658556710933e6
3.49040556689547e6
3.527728701341857e6
3.5652355596993826e6
3.6029264272555327e6
3.640801591550975e6
3.678861326905295e6
3.717105901567153e6
3.7555355771763218e6
3.7941506085677664e6
3.832951243721871e6
3.871937724976951e6
3.9111102880894807e6
3.950469162899981e6
3.9900145734399357e6
4.029746738263616e6
4.069665870438539e6
4.109772177904123e6
4.1500658631838127e6
4.190547124044523e6
4.231216153414512e6
4.272073135906266e6
4.3131182663266715e6
4.354351712911211e6
4.3957736546446495e6