319830.0732920624
319776.94317339757
319635.5490661226
319406.6820132787
319091.6575694042
318692.25560186675
318210.6908911816
317649.80452864163
317012.7712679785
316303.3375508633
315525.6224248073
314684.33553627075
313784.4956259666
312831.63297087234
311831.7441988811
310791.16955947597
309716.7508702271
308615.5493211427
307495.23369567166
306363.7894174502
305229.5201532629
304101.1298142201
302987.5928440115
301898.2997051673
300842.93903145473
299831.515775295
298874.28492305335
297981.96133449266
297165.3035389469
296435.4761483824
295803.8928997873
295282.21100216673
294882.26726805465
294616.20223501395
294496.31278470194
294535.1363126583
294745.36407896015
295139.8760868424
295731.708822445
296534.0486295663
297560.2075372549
298823.6063581443
300337.75628325844
302116.25417401467
304172.7326000235
306520.84767790907
309174.26911987213
312146.62460985314
315451.48405984277
319102.3232415429
323112.4861575996
327495.14873589994
332263.2704506585
337429.5561086545
343006.405622247
349005.86338552844
355439.56635403016
362318.68950890447
369653.88954912766
377455.2412449784
385732.18906197656
394493.4795229306
403747.10684706084
413500.2483912152
423759.22368657216
434529.4263960619
445815.2704059314
457620.17942540953
469946.5113010403
482795.5444148021
496167.4549889859
510061.29640462063
524474.9962029986
539405.370081278
554848.107663196
570797.8294503479
587248.1070393703
604191.5074670896
621619.6523634898
639523.2847358522
657892.3339997467
676715.9949109755
695982.820866636
715680.8177152373
735797.525440217
756320.1135076907
777235.4766911446
798530.3558911284
820191.3919285935
842205.2406947911
864558.6278637662
887238.4511749967
910231.8691026822
933526.3235257086
957109.6298117165
980970.0046465896
1.0050961257560262e6
1.0294771598322857e6
1.0541027919052923e6
1.078963240586768e6
1.104049284983227e6
1.1293522536319685e6
1.1548640387441358e6
1.1805771101607003e6
1.206484474908352e6
1.2325796842977498e6
1.2588568200247674e6
1.2853105021722822e6
1.3119357436648211e6
1.3387281705913749e6
1.3656837695594793e6
1.3927989755073884e6
1.420070626325631e6
1.447495936473058e6
1.4750724757720786e6
1.502798160381635e6
1.5306711725058954e6
1.5586900355131472e6
1.5868535021560702e6
1.6151605769856065e6
1.6436104890166526e6
1.6722026668240195e6
1.7009367290196044e6
1.7298124591214566e6
1.7588298070379242e6
1.787988815044346e6
1.8172897143727646e6
1.8467328033154418e6
1.8763184843090768e6
1.9060472596274165e6
1.9359196903826722e6
1.9659364160677015e6
1.9960981240472111e6
2.0264055670135089e6
2.0568595256050476e6
2.0874608223935985e6
2.118210309985241e6
2.1491088571077297e6
2.1801573631237447e6
2.211356732080321e6
2.2427078887032606e6
2.274211749610613e6
2.3058692460673545e6
2.3376813063132158e6
2.3696488559994567e6
2.401772818859061e6
2.43405410677928e6
2.466493626291991e6
2.499092275465796e6
2.531850938374839e6
2.564770488288475e6
2.5978517843508366e6
2.63109567138898e6
2.664502979841975e6
2.698074524532852e6
2.7318111032357207e6
2.7657134969397825e6
2.799782476226614e6
2.834018785392261e6
2.8684231578849438e6
2.902996307959976e6
2.9377389442492863e6
2.972651719181486e6
3.007735325079742e6
3.04299040197336e6
3.0784175798664675e6
3.1140174772070115e6
3.149790686922958e6
3.185737797304923e6
3.221859374460468e6
3.25815597637322e6
3.2946281363829514e6
3.331276377628847e6
3.3681012118202574e6
3.4051031338714976e6
3.442282625741273e6
3.4796401566033997e6
3.5171761799992844e6
3.55489114138144e6
3.592785472249265e6
3.630859588678383e6
3.6691139004831254e6
3.707548803271469e6
3.746164681839056e6
3.784961911351374e6
3.8239408555310923e6
3.8631018721093084e6
3.9024452678057305e6
3.9419714705234948e6
3.9816807200006736e6
4.021573360635484e6
4.061649700714464e6
4.1019100403525536e6
4.1423546712628244e6
4.1829838749931534e6
4.2237979353390895e6
4.264797113760352e6
4.30598167476321e6
4.347351873164739e6
4.388907957349706e6