34149.809244352524
34220.41033017689
34408.977104742706
34716.318669891145
35143.74520417627
35693.061390005445
36366.55734890625
37166.99707715014
38097.604510389254
39162.047152162835
40364.417368010225
41709.21145677478
43201.31176056621
44845.93471169424
46648.65735811215
48615.338655950705
50752.09094066224
53065.2925645153
55561.50334289337
58247.45165496394
61129.99569868855
64216.08538396006
67512.72171747794
71026.91942688238
74765.67014491658
78735.88471905603
82944.39153143232
87397.85938004122
92102.77652174508
97065.4143380338
102291.78677094793
107787.61884284392
113558.31415522189
119608.92490939524
125944.12546430164
132568.18701757124
139484.9576789475
146697.84476867557
154209.79973584018
162023.30851325463
170140.38465665624
178562.5664623776
187290.91793798446
196326.03370277502
205668.0473705512
215316.64358918546
225271.07324268675
235530.1719000301
246092.38090494322
256955.77100813686
268118.0682051695
279576.6800245409
291328.7269407175
303371.0693545567
315700.33970736
328312.9725749284
341205.2349265405
354373.2569292703
367813.0608269682
381520.58945637057
395491.7333596799
409722.35629733076
424208.320108057
438945.5056686775
453929.8350987497
469157.28870537074
484623.9277227131
500325.88854834187
516259.43193281215
532420.9224549436
548806.8491810602
565413.8348951198
582238.6399231072
599278.1677286448
616529.4672672257
633989.7355445498
651656.3184400977
669526.7103791976
687598.5529876758
705869.633681048
724337.8825216648
743001.3694564347
761858.299809463
780907.0108078851
800145.966945561
819573.7548073754
839189.0783357394
858990.7536546431
878977.7040469034
899148.9548916429
919503.6270077238
940040.9330254467
960760.1721147295
981660.7063845315
1.0027420446021681e6
1.0240036600210575e6
1.0454451660432336e6
1.067066218081264e6
1.0888665300789592e6
1.110845870282018e6
1.1330040566678876e6
1.1553409526908738e6
1.1778564651280441e6
1.200550539764645e6
1.2234231578996594e6
1.2464743343455447e6
1.2697041137823057e6
1.2931125678892522e6
1.3166997938348248e6
1.340465911333337e6
1.364411059703642e6
1.388535394777229e6
1.412839097882805e6
1.4373223508952565e6
1.4619853578455737e6
1.4868283317530479e6
1.5118514955256013e6
1.537055080668104e6
1.56243932597114e6
1.5880044766030945e6
1.613750782663114e6
1.6396784986691144e6
1.6657878822728877e6
1.6920791937986384e6
1.7185526952969274e6
1.7452086500955045e6
1.7720473220374987e6
1.799068974828137e6
1.8262738717576144e6
1.8536622750877007e6
1.8812344458120607e6
1.908990643057489e6
1.9369311240600965e6
1.965056143533811e6
1.993365953761531e6
2.0218608040875213e6
2.0505409408161282e6
2.0794066073452889e6
2.108458043156134e6
2.1376954849433443e6
2.167119165353117e6
2.196729313541688e6
2.226526154996312e6
2.2565099113271567e6
2.286680800395396e6
2.3170390360913156e6
2.347584828719061e6
2.3783183843300603e6
2.4092399053623877e6
2.4403495902071134e6
2.471647633674228e6
2.5031342264910783e6
2.5348095557901384e6
2.5666738047825275e6
2.598727153111948e6
2.630969776706692e6
2.663401847671585e6
2.6960235349756563e6
2.7288350037365193e6
2.7618364157180144e6
2.795027929199241e6
2.8284096992268795e6
2.861981877563077e6
2.895744612561175e6
2.929698049918546e6
2.963842331549231e6
2.998177596719486e6
3.0327039828592823e6
3.0674216200578935e6
3.102330642041707e6
3.137431175496455e6
3.172723345178736e6
3.20820727380496e6
3.2438830810864456e6
3.279750884179322e6
3.3158107978516864e6
3.352062934451852e6
3.3885074039072893e6
3.4251443139858567e6
3.461973770261346e6
3.498995875617605e6
3.536210731246239e6
3.5736184363118834e6
3.611219087728405e6
3.6490127805363038e6
3.6869996077161585e6
3.725179660516295e6
3.763553028297015e6
3.8021197985698446e6
3.8408800571411992e6
3.879833888100105e6
3.9189813739096806e6
3.9583225953409956e6
3.9978576316412142e6
4.0375865605107737e6
4.0775094573122864e6
4.117626399217835e6
4.1579374570472813e6
4.198442703568662e6
4.239142209270975e6