19435.797025022977
19554.133613576356
19869.71408843645
20382.582565510093
21092.81019991308
22000.494433220825
23105.75796831635
24408.747487919543
25909.632136700515
27608.601790642584
29505.865137417968
31601.64760152808
33896.189139917406
36389.74193744834
39082.568035609096
41974.936998100326
45067.12322625339
48359.40410528527
51852.05716719442
55545.35809908516
59439.5785615312
63534.98413819111
67831.83250711947
72330.37164535801
77030.8384564168
81933.45708965341
87038.43797270038
92345.97668493341
97856.25359068728
103569.43210915875
109485.65936906925
115605.06534177832
121927.76288466337
128453.84757471186
135183.39805389819
142116.47618086752
149253.127521548
156593.38177131108
164137.25340015296
171884.742302828
179835.83453110073
187990.50310234723
196348.70881279162
204910.40110856885
213675.5189650932
222643.99178552197
231815.7402883431
241190.67740144284
250768.70914002522
260549.73545956129
270533.6510912217
280720.34634762944
291109.7078866803
301701.61945092026
312495.9625600222
323492.6171787825
334691.46227601706
346092.3764981661
357695.2385958374
369499.9279550283
381506.3250453696
393714.3117919569
406123.77196768177
418734.5914991653
431546.6587493684
444559.8647873641
457774.1035631136
471189.27213191375
484805.2707874618
498622.0031882665
512639.3764643357
526857.3012507086
541275.6918075824
555894.4659901347
570713.5452879623
585732.8548157873
600952.3232942466
616371.8829927354
631991.4697212379
647811.0227407292
663830.4847183628
680049.8016174096
696468.9226529521
713087.8001871253
729906.3896506121
746924.6493541357
764142.5405778997
781560.0272812436
799177.0760879194
816993.6561877335
835009.7391728561
853225.2989875628
871640.3118030675
890254.7559192707
909068.6116543935
928081.8612504553
947294.4887804374
966706.4800224885
986317.8224300167
1.00612850497409e6
1.0261385180830868e6
1.046347853564277e6
1.0667565045137503e6
1.0873644652331546e6
1.108171731162224e6
1.1291782987994892e6
1.1503841655966572e6
1.1717893300562226e6
1.193393791392362e6
1.215197549666892e6
1.237200605697874e6
1.2594029609805846e6
1.281804617641132e6
1.3044055783774701e6
1.3272058464726962e6
1.3502054255478068e6
1.37340431988245e6
1.3968025340258663e6
1.4204000729776847e6
1.4441969418787602e6
1.4681931464565643e6
1.4923886925219237e6
1.516783586206084e6
1.5413778336971558e6
1.566171441609261e6
1.5911644165565681e6
1.6163567653357289e6
1.6417484948608035e6
1.667339612147585e6
1.693130124321471e6
1.7191200384495943e6
1.7453093618421815e6
1.7716981017111626e6
1.7982862653214568e6
1.8250738599523648e6
1.8520608928745384e6
1.879247371369918e6
1.9066333030929356e6
1.9342186940143611e6
1.9620035525032687e6
1.9899878853492592e6
2.0181716996065318e6
2.0465550023010261e6
2.0751378003961942e6
2.103920100787818e6
2.132901910306174e6
2.1620832356989607e6
2.191464083643005e6
2.2210444607327357e6
2.2508243734774236e6
2.2808038283079136e6
2.3109828315634453e6
2.341361389497425e6
2.371939508268179e6
2.402717193963122e6
2.4336944525521235e6
2.464871289932292e6
2.4962477119038412e6
2.527823724176975e6
2.5595993323692465e6
2.5915745420060805e6
2.623749358479504e6
2.6561237872211183e6
2.6886978334928355e6
2.7214715023757643e6
2.75444479898518e6
2.787617728319866e6
2.820990295284778e6
2.8545625046945997e6
2.8883343612907478e6
2.9223058697251067e6
2.9564770345646203e6
2.990847860311218e6
3.025418351364608e6
3.0601885120601133e6
3.095158346654484e6
3.1303278591087824e6
3.1656970539406957e6
3.2012659349856144e6
3.2370345064424993e6
3.2730027717476273e6
3.3091707349366015e6
3.3455383997635217e6
3.3821057699106988e6
3.418872849001419e6
3.4558396405911036e6
3.493006148170543e6
3.5303723751733946e6
3.567938324969843e6
3.605704000873655e6
3.6436694061347907e6
3.681834543954501e6
3.720199417471649e6
3.758764029774353e6
3.797528383897174e6
3.836492482819764e6
3.875656329473852e6
3.9150199267385053e6
3.95458327745431e6
3.994346384379915e6