50781.278460836504
50826.48263259564
50947.37434733365
51144.89954757487
51420.59188763006
51776.567778431956
52215.51933829012
52740.70586377033
53355.94303716134
54065.59075809264
54874.53815160543
55788.18568025675
56812.43044978834
57953.64236715983
59218.64508312772
60614.69189702108
62149.43435038283
63830.90127191853
65667.46830293204
67667.81651392323
69840.91974038418
72195.98752713733
74742.43479380436
77489.85240071872
80447.95342084701
83626.52957088497
87035.44408690158
90684.50973300639
94583.51634696207
98742.15156666058
103169.95135068969
107876.25426832569
112870.15389109013
118160.44531353991
123755.57979313386
129663.61315014862
135892.16161922878
142448.35557967456
149338.79735738286
156569.52195836528
164145.96091409365
172072.90974717645
180354.5003862665
188994.17903633593
197994.68815386496
207358.055018292
217085.58619102428
227177.86744931753
237634.77078195184
248455.466974506
259638.44455394702
271181.53383542807
283081.938116187
295336.2671541391
307940.57799124444
320890.41610950546
334180.8703455349
347806.6062533236
361761.9316264567
376040.8425600906
390637.07684465
405544.1649013215
420755.4814892827
436264.29616005474
452063.8200487398
468147.25028408144
484507.811654045
501138.79757501977
518033.60279874445
535185.756652792
552588.9504748147
570237.0625301877
588124.1785237493
606244.608712405
624592.902196568
643163.8584250136
661952.5329552043
680954.2450379839
700164.5780655546
719579.380974215
739194.7667490386
759007.1086976457
779013.0346386586
799209.4224638841
819593.389744725
840162.2927323094
860913.7049657502
881845.41934637
902955.4337949206
924241.9403305582
945703.3164228823
967338.0987403203
989145.0501925801
1.0111229953533267e6
1.0332709649827078e6
1.0555881093503335e6
1.0780737045517426e6
1.1007271434842919e6
1.1235479266560546e6
1.146535654864476e6
1.1696900212287817e6
1.193010802150085e6
1.2164978526877018e6
1.2401510983515843e6
1.263970529469064e6
1.2879561927738073e6
1.3121081916535147e6
1.3364266756255275e6
1.3609118368046195e6
1.385563904029638e6
1.4103831501944037e6
1.435369864291098e6
1.4605243716777712e6
1.4858470192078343e6
1.511338173965145e6
1.5369982212785988e6
1.5628275606500981e6
1.5888266059902539e6
1.6149957810071132e6
1.6413355173763675e6
1.6678462544681733e6
1.6945284368949565e6
1.7213825107381374e6
1.7484089319566481e6
1.7756081464448299e6
1.802980607949422e6
1.8305267673010796e6
1.858247072875476e6
1.886141971066105e6
1.9142119051969785e6
1.9424573137638464e6
1.9708786313716825e6
1.9994762873524239e6
2.0282507061974844e6
2.0572023059716674e6
2.0863314990262548e6
2.115638691625219e6
2.1451242829786325e6
2.1747886658398914e6
2.204632226197984e6
2.234655343060864e6
2.264858387820652e6
2.295241726317879e6
2.3258057153078387e6
2.3565507057293947e6
2.387477040423941e6
2.4185850562789375e6
2.449875081640112e6
2.481347440610136e6
2.513002448044e6
2.5448404078500187e6
2.576861627138118e6
2.6090663986551696e6
2.641455010685345e6
2.6740277447594735e6
2.7067848775231135e6
2.7397266766994307e6
2.772853405499547e6
2.8061653257466312e6
2.8396626750882994e6
2.8733457115927376e6
2.9072146708415193e6
2.9412697871233067e6
2.9755112880323776e6
3.00993939744023e6
3.0445543337188056e6
3.0793563100964725e6
3.1143455339602283e6
3.149522208897943e6
3.1848865341001395e6
3.220438703350506e6
3.256178906304147e6
3.292107327318554e6
3.328224150018538e6
3.36452954890907e6
3.4010236980675547e6
3.437706765733355e6
3.474578917859806e6
3.51164031580312e6
3.5488911176521834e6
3.586331477194225e6
3.623961545965969e6
3.6617814715074175e6
3.699791398303824e6
3.7379914677354028e6
3.776381817562573e6
3.8149625835758517e6
3.8537338979664505e6
3.892695890250334e6
3.9318486872646282e6
3.971192412865373e6
4.0107271888530585e6
4.0504531341628307e6
4.0903703652556897e6
4.130478996298333e6
4.170779139152939e6
4.211270903097626e6
4.251954395661298e6
4.292829721974468e6
4.333896985029444e6