20330.136646331463
20445.076609397256
20751.63055595493
21249.92722673728
21940.174354069975
22822.65658270721
23897.732634328022
25165.83175655765
26627.449507266734
28283.142935021788
30133.52540997306
32179.259835391145
34421.05438408956
36859.654035545704
39495.83481991708
42330.396941851366
45364.15704475677
48597.94288581159
52032.58559090344
55668.91107788046
59507.73911474858
63549.87169216758
67796.09013179802
72247.14888816678
76903.7730556686
81766.64938112856
86836.42714751928
92113.71244202842
97599.06608265186
103293.00123659712
109195.98152954008
115308.42022079656
121630.67920219115
128163.06880366932
134905.84800425678
141859.2249561905
149023.35802300475
156398.35676859488
163984.2841625761
171781.15783563926
179788.95238200782
188007.60167412148
196437.0012295249
205077.01076553634
213927.45683048066
222988.13548638223
232258.81504281855
241739.2387266747
251429.1274609809
261328.18242875254
271436.08775507374
281752.51282751025
292277.1150657946
303009.54188947484
313949.4330970835
325096.42291926267
336450.1419844153
348010.21904023364
359776.28287794173
371747.963664167
383924.89449249743
396306.7126232645
408893.06070051156
421683.5878006549
434677.9503107547
447875.8128016479
461276.8486809016
474880.7408323139
488687.18210651283
502695.87575179705
516906.53565597325
531318.8866916941
545932.6648771542
560747.6174235177
575763.5027932727
590980.0907655889
606397.1623018256
622014.5094037697
637831.9350922499
653849.2531143685
670066.2877736578
686482.8737341103
703098.8556396356
719914.0879598914
736928.4346622843
754141.7687998975
771553.9723923339
789164.9359173034
806974.5580887318
824982.7454734442
843189.4121779602
861594.479494239
880197.8756546516
898999.5354574715
917999.3995446888
937197.4151341972
956593.5347372879
976187.7156796396
995979.9212262306
1.0159701187182469e6
1.0361582801448831e6
1.056544381648384e6
1.0771284033541274e6
1.0979103289484782e6
1.1188901457187426e6
1.140067844070609e6
1.161443417425502e6
1.1830168620052729e6
1.2047881766353727e6
1.226757362518942e6
1.2489244230906742e6
1.2712893638517363e6
1.2938521921814398e6
1.31661291720329e6
1.3395715496307684e6
1.3627281016287475e6
1.3860825866849371e6
1.4096350195026558e6
1.4333854158578948e6
1.4573337925200677e6
1.481480167117493e6
1.505824558082116e6
1.5303669845383319e6
1.5551074661980814e6
1.5800460231708619e6
1.6051826766886264e6
1.6305174473618139e6
1.6560503568018556e6
1.6817814267396373e6
1.70771067910925e6
1.7338381360102403e6
1.760163819717427e6
1.7866877525002596e6
1.8134099567293408e6
1.84033045476378e6
1.867449268935087e6
1.8947664215061485e6
1.9222819346790724e6
1.9499958305194182e6
1.9779081309628398e6
2.0060188578300495e6
2.0343280327005791e6
2.0628356770280595e6
2.0915418119983086e6
2.120446458648675e6
2.149549637746672e6
2.1788513698231755e6
2.2083516751681734e6
2.238050573810514e6
2.267948085513182e6
2.2980442297820705e6
2.328339025842622e6
2.35883249264382e6
2.3895246488484936e6
2.4204155128485523e6
2.451505102748953e6
2.482793436336196e6
2.514280531191516e6
2.5459664045590875e6
2.5778510733710816e6
2.6099345543858376e6
2.642216863932283e6
2.67469801815956e6
2.7073780329637816e6
2.740256923827364e6
2.7733347060939176e6
2.806611394802867e6
2.840087004725379e6
2.873761550348651e6
2.907635045941513e6
2.941707505302489e6
2.975978942514838e6
3.0104493709419575e6
3.045118803800695e6
3.0799872541151796e6
3.115054734668068e6
3.1503212579970895e6
3.185786836421696e6
3.2214514820428644e6
3.257315206973869e6
3.293378022427237e6
3.3296399400655557e6
3.3661009711397826e6
3.4027611266875197e6
3.4396204175561243e6
3.4766788543942603e6
3.5139364476637538e6
3.551393207622126e6
3.5890491443735934e6
3.626904267822772e6
3.664958587704159e6
3.703212113576872e6
3.7416648548370437e6
3.7803168207163434e6
3.819168020276382e6
3.8582184624323635e6
3.8974681559396205e6
3.9369171093997373e6
3.976565331272512e6
4.0164128298705504e6