19382.095758245174
19500.634112847663
19816.750702673322
20330.48440561095
21041.897926280646
21951.07712984854
23058.130134862164
24363.18617942922
25866.39427845781
27567.921693012468
29467.95223296169
31566.684422825783
33864.32955383735
36361.10964811554
39057.25536476562
41953.003938916576
45048.596815255776
48344.2780099939
51840.29161271172
55536.88003188482
59434.282071378155
63532.731142613906
67832.45362477616
72333.66732157592
77036.58024006677
81941.38912173136
87048.2785965867
92357.42029875662
97868.97203572748
103583.07730976035
109499.86487044915
115619.44846295781
121941.92678135922
128467.38332512935
135195.88671065358
142127.49080921191
149262.2351858791
156600.1454739955
164141.23394757495
171885.50009671482
179832.9312741335
187983.50340897994
196337.18172327144
204893.9214990571
213653.6688530747
222616.36152178637
231781.92965120595
241150.29657197965
250721.379575158
260495.0906592207
270471.33726288914
280650.02297099325
291031.0481844395
301614.3107670612
312399.70665230113
323387.1304278145
334576.47582464566
345967.6363057513
357560.50544103864
369354.97737806884
381350.94719017035
393548.3112924569
405946.9676915549
418546.8163025463
431347.7591816237
444349.7007629482
457552.54801891395
470956.21063846746
484560.6011609989
498365.6350772672
512371.23092451436
526577.3103149525
540983.798040902
555590.6220477975
570397.7134685179
585405.0066149901
600612.4389609317
616019.9510920491
631627.4866973356
647434.9924933296
663442.4181805154
679649.7163526552
696056.8424504192
712663.7546788522
729470.4139304822
746476.7836047399
763682.8297378756
781088.5207065449
798693.8272153425
816498.7221999973
834503.1807500662
852707.1799710287
871110.6989474853
889713.7186253302
908516.221719125
927518.1926318841
946719.6173723835
966120.4834449383
985720.7798249909
1.0055204968164967e6
1.0255196260051676e6
1.045718160184937e6
1.0661160932814777e6
1.0867134202778703e6
1.1075101371563515e6
1.1285062408286165e6
1.1497017290414525e6
1.1710966004684789e6
1.1926908544080805e6
1.214484490891005e6
1.2364775106284693e6
1.2586699149176423e6
1.2810617056115891e6
1.3036528850657116e6
1.3264434561187355e6
1.3494334220294682e6
1.3726227864508205e6
1.3960115533959572e6
1.4195997272429597e6
1.443387312494678e6
1.46737431416904e6
1.491560737358067e6
1.5159465874350157e6
1.5405318698243136e6
1.5653165903242538e6
1.590300754733718e6
1.6154843690130569e6
1.6408674392249407e6
1.6664499715226095e6
1.692231972126879e6
1.7182134473236965e6
1.7443944034389385e6
1.7707748468291687e6
1.7973547838669005e6
1.824134220940486e6
1.8511131644359143e6
1.8782916207231649e6
1.9056695961682517e6
1.9332470971186995e6
1.9610241298049563e6
1.9890007005583136e6
2.0171768155702576e6
2.0455524810080468e6
2.0741277029841775e6
2.1029024875524244e6
2.131876840708741e6
2.1610507683771728e6
2.1904242764196885e6
2.2199973706261287e6
2.2497700567115596e6
2.2797423403231152e6
2.309914227026717e6
2.340285722313599e6
2.3708568315949203e6
2.4016275602067076e6
2.4325979134013504e6
2.4637678963545463e6
2.495137514160329e6
2.526706771833748e6
2.558475674308654e6
2.5904442264381237e6
2.6226124329537745e6
2.65498029863475e6
2.6875478281047223e6
2.720315025816394e6
2.753281896268291e6
2.786448443850947e6
2.8198146728741406e6
2.8533805875668633e6
2.887146192094551e6
2.921111490544067e6
2.955276486927657e6
2.98964118520059e6
3.0242055892279763e6
3.0589697028191816e6
3.093933529714086e6
3.129097073371766e6
3.1644603378018662e6
3.200023326354158e6
3.235786042750041e6
3.2717484899510536e6
3.3079106715302626e6
3.344272590786727e6
3.3808342509561153e6
3.417595655222361e6
3.454556806709801e6
3.4917177084860345e6
3.529078363568576e6
3.5666387749628974e6
3.6043989454493783e6
3.642358878016242e6
3.6805185754323266e6
3.718878040456713e6
3.757437275803237e6
3.7961962841387885e6
3.8351550680823363e6
3.8743136302103065e6
3.913671973053174e6
3.953230099100584e6
3.9929880107980734e6