20821.469623629797
20934.524329587643
21236.067208821412
21726.271270789824
22405.41573366285
23273.883306760334
24332.156481905222
25580.812884816733
27020.519750157757
28652.027596855303
30476.163471152096
32493.821825047416
34705.959253125
37113.58294692772
39717.74324850739
42519.52406800475
45520.03449946281
48720.398445860745
52121.744738712165
55725.20225786754
59531.886679448995
63542.89565801853
67759.2981557034
72182.13077826561
76812.38551474856
81651.01260834775
86698.9066299156
91956.90615553211
97425.78887521804
103106.2685092215
108998.99209721571
115104.53825629388
121423.4159829385
127956.06397727162
134702.8508072109
141664.0754820434
148839.96857195988
156230.69371656977
163836.34991337277
171656.97369646057
179692.5418497687
187942.9746223912
196408.13884059974
205087.85136551346
213981.88266765702
223089.9604833178
232411.77353949955
241946.97525053972
251695.18752350964
261656.004288139
271828.99535370455
282213.70935466303
292809.67788995325
303616.4181348262
314633.4362194814
325860.23000058037
337296.29200163286
348941.11176884006
360794.17840872915
372854.98271573
385123.0192395148
397597.78807633533
410278.79647623387
423165.5605542875
436257.6063564939
449554.4711181738
463055.70426243806
476760.86825084756
490669.5393114144
504781.3080477471
519095.77977095457
533612.5750101624
548331.3297217208
563251.6954191258
578373.3391902415
593695.9437874986
609219.207534238
624942.8440248964
640866.5821627364
656990.1657246486
673313.3530993637
689835.9170939266
706557.6443427566
723478.3349782755
740597.802454432
757915.8727955506
775432.3842889501
793147.1870529521
811060.142560243
829171.1231347206
847480.011526373
865986.7003079817
884691.0920054384
903593.0974884134
922692.6366662954
941989.6374960635
961484.0356367127
981175.7739908532
1.0010648024747524e6
1.0211510773694509e6
1.0414345611486024e6
1.0619152219702378e6
1.0825930334772444e6
1.103467974169313e6
1.1245400274761517e6
1.145809181062236e6
1.1672754267838094e6
1.188938760282685e6
1.2107991806744148e6
1.2328566904438129e6
1.2551112950336877e6
1.2775630027120817e6
1.3002118243008978e6
1.3230577729805468e6
1.3461008640567926e6
1.3693411148545556e6
1.392778544448668e6
1.416413173553903e6
1.440245024332858e6
1.4642741202745624e6
1.488500486038484e6
1.5129241475104524e6
1.5375451307936492e6
1.5623634638505874e6
1.5873791746749817e6
1.6125922920138058e6
1.6380028451359416e6
1.6636108637474629e6
1.689416377899659e6
1.7154194179178874e6
1.7416200143287932e6
1.7680181978701917e6
1.7946139992629448e6
1.8214074493384631e6
1.8483985789093678e6
1.8755874186964897e6
1.9029739993580938e6
1.9305583514203269e6
1.9583405052176306e6
1.9863204908832463e6
2.0144983383927245e6
2.0428740773626452e6
2.0714477372210624e6
2.1002193470723545e6
2.129188935709238e6
2.158356531624582e6
2.18772216290085e6
2.2172858574375194e6
2.247047642556729e6
2.277007545337289e6
2.3071655924736136e6
2.337521810261409e6
2.3680762246159115e6
2.398828861013206e6
2.429779744661153e6
2.460928900259149e6
2.4922763521655384e6
2.5238221242950573e6
2.5555662402212224e6
2.587508723072211e6
2.619649595709852e6
2.651988880417616e6
2.684526599222492e6
2.717262773787846e6
2.7501974252561308e6
2.783330574528037e6
2.8166622421037843e6
2.850192447940457e6
2.8839212121006525e6
2.917848553861833e6
2.9519744922705507e6
2.9862990460458407e6
3.020822233585645e6
3.0555440728902835e6
3.0904645816868925e6
3.125583777370224e6
3.160901676999961e6
3.196418297338146e6
3.232133654838848e6
3.268047765897231e6
3.304160645921207e6
3.3404723106996967e6
3.376982775502667e6
3.4136920553548746e6
3.450600165002213e6
3.4877071189058106e6
3.5250129312754106e6
3.5625176161357835e6
3.6002211870011166e6
3.6381236575190937e6
3.6762250408515204e6
3.714525349979068e6
3.7530245976602044e6
3.791722796428209e6
3.8306199585920526e6
3.8697160962463412e6
3.9090112212784644e6
3.948505345360175e6
3.988198479977777e6
4.0280906364053665e6