19987.19312100824
20103.442466722307
20413.47638111208
20917.391753110584
21615.344897372175
22507.549958249896
23594.276734261468
24875.847955386867
26352.636053313778
28025.059472598427
29893.578570245
31958.691174417407
34220.92785151934
36680.8469463425
39339.02946117311
42196.073996015846
45252.59091582901
48509.1982609281
51966.51559426173
55625.15949744794
59485.73892901762
63548.85044429003
67815.07416433858
72284.96998869797
76959.0733891284
81837.8903988362
86921.90897056066
92211.5665992764
97707.27879419045
103409.42217980084
109318.33638750644
115434.32308323291
121757.64578042191
128288.52951159111
135027.16112925016
141973.68976110127
149128.22758280998
156490.85095744376
164061.60132924654
171840.4872366437
179827.4852716417
188022.54225400175
196425.5767376071
205036.48114998563
213855.12364654464
222881.35013345646
232114.98628329093
241555.83955026575
251203.7011600323
261058.34805766487
271119.5448471019
281387.0455133191
291860.595441963
302539.9328589181
313424.79057512723
324514.8974822798
335809.9799668918
347309.76325489185
359013.9733122019
370922.3345981634
383034.5779082383
395350.4343919414
407869.640065324
420591.93564563466
433517.06710446853
446644.7873675098
459974.8545597617
473507.0347124367
487241.1009900839
501176.83423138224
515314.0231063267
529652.4643893368
544191.9630564057
558932.3323152954
573873.3936845781
589014.9769686058
604356.9202208235
619899.069616989
635641.2794352963
651583.4118507865
667725.3368090801
684066.9318486461
700608.0819049635
717348.6791199445
734288.622622918
751427.8182494015
768766.1784332385
786303.6218507868
804040.0732317982
821975.463117311
840109.7276102627
858442.8081138886
876974.6511144683
895705.2079437318
914634.4345284782
933762.2911667484
953088.7423127212
972613.7563053679
992337.3052620979
1.0122593647309969e6
1.0323799136037172e6
1.0526989338528314e6
1.0732164104117944e6
1.0939323308288362e6
1.11484668534376e6
1.1359594665439278e6
1.157270669219948e6
1.1787802902589939e6
1.200488328491807e6
1.2223947845069407e6
1.2444996605720082e6
1.2668029604883872e6
1.2893046894656476e6
1.3120048540136628e6
1.3349034618325802e6
1.3580005212756142e6
1.3812960434291393e6
1.4047900376778434e6
1.428482516068281e6
1.4523734905107084e6
1.4764629742349011e6
1.500750980629421e6
1.5252375237188195e6
1.5499226179740778e6
1.5748062782976879e6
1.599888519925266e6
1.62516935840153e6
1.65064880952318e6
1.676326889302572e6
1.7022036139077118e6
1.7282789996708923e6
1.7545530629988522e6
1.7810258203631823e6
1.8076972882900767e6
1.8345674833025222e6
1.8616364219225345e6
1.88890412061416e6
1.916370595808933e6
1.944035863870806e6
1.9718999410176738e6
1.999962843404918e6
2.0282245870512188e6
2.0566851878487095e6
2.0853446615102426e6
2.1142030236366703e6
2.143260289642196e6
2.1725164747566436e6
2.2019715940429443e6
2.2316256623738306e6
2.2614786944238865e6
2.29153070468321e6
2.3217817074716715e6
2.3522317167630005e6
2.3828807465366125e6
2.413728810428973e6
2.4447759219031804e6
2.476022094213405e6
2.507467340351628e6
2.539111673236764e6
2.5709551054566586e6
2.6029976494232854e6
2.635239317350443e6
2.6676801212404924e6
2.7003200729410457e6
2.733159183959327e6
2.7661974657327607e6
2.7994349294657726e6
2.832871586159643e6
2.8665074466120345e6
2.9003425214419123e6
2.9343768211045237e6
2.968610355806081e6
3.0030431356415944e6
3.037675170252261e6
3.0725064697536896e6
3.107537043481152e6
3.1427669007934774e6
3.1781960508706304e6
3.2138245026239925e6
3.2496522655229713e6
3.285679347426361e6
3.321905757240035e6
3.3583315033526127e6
3.394956593996748e6
3.431781037273484e6
3.468804841131029e6
3.5060280133731593e6
3.5434505616717017e6
3.5810724935575924e6
3.6188938164346046e6
3.656914537562812e6
3.6951346640927023e6
3.7335542030348643e6
3.7721731612841175e6
3.8109915456156223e6
3.8500093626831626e6
3.8892266190272705e6
3.928643321082046e6
3.9682594751613964e6
4.0080750874790675e6