234715.35426157806
234683.02617949003
234597.13380973903
234458.50168061611
234268.51363842766
234029.05715631245
233742.53047004557
233411.903547096
233040.5579955179
232632.44293587835
232192.00815384992
231724.14546045975
231234.28837992257
230728.2476471917
230212.41610341484
229693.5495993261
229178.85732349107
228675.9672835088
228193.0191370499
227738.4029403039
227320.99649832852
226950.04223449004
226635.1336861396
226386.24209813046
226213.65527519747
226127.98776799516
226140.18865005864
226261.48282755987
226503.38460228458
226877.65217422508
227396.34029616514
228071.7070158284
228916.21624171623
229942.55017183686
231163.55326383415
232592.24507154652
234241.8083118879
236125.33714647358
238256.31795648218
240647.8498307137
243314.0417918738
246267.60712371016
249522.13769934583
253090.91893601144
256987.12125781405
261223.75360572996
265813.6253861593
270769.29018907034
276103.0069710382
281826.68118769885
287951.8139945531
294489.4465084165
301450.1026186543
308843.7311672133
316679.6489161541
324966.4821204663
333712.1095494488
342923.6096238685
352607.2029738744
362768.2111227051
373411.0056203811
384538.97348707076
396154.4809781606
408256.48679008643
420852.3527252526
433934.1675112072
447502.4193860213
461554.16719738854
476085.4320610481
491091.2191025404
506565.56488693424
522501.5838661395
538891.5211982216
555726.8173262238
572998.201974815
590695.7287572923
608808.9002412534
627326.7305219022
646237.8451992455
665530.5632065441
685192.9871806726
705213.0923485605
725578.8030030944
746278.0899656788
767298.9996663821
788629.8358593971
810259.026633031
832175.3878310347
854368.0490840896
876826.5221398931
899540.7567291791
922501.1444563019
945698.554601935
969124.2095708614
992770.3792665296
1.0166290479393177e6
1.0406931227950922e6
1.0649560765945204e6
1.0894117363280845e6
1.1140544483446383e6
1.138879026102811e6
1.1638807382360022e6
1.1890552764151834e6
1.2143987669249445e6
1.2399077152226942e6
1.265579009560669e6
1.2914098898101947e6
1.3173979241637923e6
1.343540999528137e6
1.3698372827524222e6
1.3962852174626752e6
1.4228834988639113e6
1.449631044004505e6
1.4765269899314225e6
1.5035706657720534e6
1.530761574680673e6
1.5580994033941296e6
1.58558394404512e6
1.6132151573957037e6
1.640993113351236e6
1.668917994174194e6
1.6969900648330604e6
1.7252096896627988e6
1.7535773046540548e6
1.7820934134013497e6
1.8107585781460314e6
1.839573404637432e6
1.8685385631169982e6
1.8976547411668268e6
1.9269226577342253e6
1.956343079221237e6
1.98591677163384e6
2.0156445266374513e6
2.04552714835254e6
2.0755654569419194e6
2.1057602483115513e6
2.136112369300575e6
2.1666226378134987e6
2.19729187074215e6
2.228120894698564e6
2.2591105173809184e6
2.2902615446348106e6
2.32157477924675e6
2.3530510071743336e6
2.3846910060876575e6
2.416495543555174e6
2.4484653742821673e6
2.4806012399407653e6
2.512903868786527e6
2.5453739758179877e6
2.578012261219306e6
2.6108194113236563e6
2.6437960985038187e6
2.676942978548429e6
2.7102606951697096e6
2.7437498752945033e6
2.77741113211709e6
2.8112450638128906e6
2.845252254466183e6
2.8794332739105835e6
2.9137886771213776e6
2.948319010028234e6
2.983024787144909e6
3.0179065361877163e6
3.0529647517639413e6
3.08819992374241e6
3.1236125389819657e6
3.1592030213909326e6
3.1949718585465252e6
3.230919477754079e6
3.2670463039518395e6
3.3033527535434486e6
3.3398392277263044e6
3.3765061234424813e6
3.4133538205917585e6
3.4503826920779822e6
3.48759310050544e6
3.524985397419538e6
3.5625599263856052e6
3.6003170215125172e6
3.638257007729624e6
3.6763802007206082e6
3.7146869084965065e6
3.753177430473349e6
3.7918520590146966e6
3.830711077380116e6
3.869754762270013e6
3.908983382958266e6
3.9483972015395937e6
3.9879964734664075e6
4.0277814477421287e6
4.067752366195468e6
4.10790946540909e6
4.14825297515266e6
4.1887831197814858e6
4.229500118051914e6
4.270404182765747e6
4.31149552152956e6
4.3527743378796475e6
4.394240828553088e6