77459.0565020272
77484.48055219359
77552.63037176314
77664.46608484734
77821.54529106332
78026.01923834631
78280.6268648305
78588.68593239918
78954.09967823816
79381.31661204656
79875.346519858
80441.76036489016
81086.61225740938
81816.50499860488
82638.51405121648
83560.20314322773
84589.58589015272
85735.1121112018
87005.64757604321
88410.43915436786
89959.0983791259
91661.5845303383
93528.13712877806
95569.27891167984
97795.78106032181
100218.61372513341
102848.91446669173
105697.95487733977
108777.084780451
112097.71182180179
115671.2380432428
119509.01946568029
123622.3142424979
128022.23954304287
132719.71175346946
137725.3978202478
143049.6589584126
148702.49453449115
154693.49328030285
161031.77247729528
167725.92527298417
174783.9705704944
182213.30162936263
190020.63834239775
198211.9835283013
206792.58321427938
215766.89215800655
225138.542494209
234910.32480203835
245084.16661881667
255661.1262076727
266641.39144017274
278024.2823128116
289808.2692181045
301990.9898800035
314569.28802300594
327539.2336033621
340896.1821691199
354634.8144609883
368749.19560130115
383232.8318377665
398078.7343079434
413279.48387437337
428827.2956916335
444714.0920352713
460931.56397616485
477471.2376010294
494324.54381753335
511482.8706857692
528937.6229863814
546680.2784968086
564702.4385345464
582995.8646504792
601552.5242756004
620364.6218494159
639424.6317165091
658725.3180322093
678259.7582886934
698021.3640156239
718003.8560427146
738201.3426220899
758608.2415493443
779219.3824884648
800029.8572671722
821035.1564809189
842231.0934702605
863613.8062729542
885179.7497969435
906925.688929734
928848.6712952453
950946.0297938078
973215.3611152504
995654.5139480203
1.0182615733852072e6
1.0410348478622267e6
1.0639728552600346e6
1.0870743088497086e6
1.1103381043538898e6
1.1337633040048108e6
1.157349130259744e6
1.1810949486544253e6
1.2050002580154191e6
1.2290646788446899e6
1.2532879435594524e6
1.277669887622692e6
1.3022104386988827e6
1.3269096086412591e6
1.3517674857225772e6
1.3767842267529971e6
1.4019600501903193e6
1.427295229300335e6
1.4527900862153512e6
1.4784449861091531e6
1.5042603334326078e6
1.5302365637117012e6
1.5563741440210177e6
1.5826735644408637e6
1.6091353367651058e6
1.6357599907155985e6
1.6625480704519642e6
1.6895001318361952e6
1.7166167403462802e6
1.7438984690200412e6
1.7713458949193198e6
1.7989595987244523e6
1.826740162047656e6
1.854688166899751e6
1.8828041933617555e6
1.911088817903964e6
1.939542615977855e6
1.9681661536240994e6
1.9969599953505497e6
2.0259246979969656e6
2.0550608118312464e6
2.0843688788262554e6
2.113849433673895e6
2.143503002392973e6
2.1733301029448686e6
2.2033312420259574e6
2.2335069198162183e6
2.2638576278918423e6
2.2943838444896247e6
2.325086041234426e6
2.355964679555311e6
2.3870202108045714e6
2.41825307717551e6
2.4496637108672587e6
2.4812525356139103e6
2.5130199639893863e6
2.5449664027051004e6
2.577092239552133e6
2.6093978674147464e6
2.641883661155678e6
2.674549987015028e6
2.707397205634062e6
2.7404256672898084e6
2.7736357141414923e6
2.8070276802561525e6
2.8406018907958996e6
2.8743586651084283e6
2.908298311708982e6
2.9424211361693507e6
2.976727429199913e6
3.0112174830786297e6
3.045891578767591e6
3.0807499925465016e6
3.1157929806928434e6
3.1510208158895005e6
3.1864337497313386e6
3.2220320305666025e6
3.2578159007615666e6
3.293785598614992e6
3.329941352192636e6
3.366283385079114e6
3.402811924983144e6
3.4395271809880864e6
3.476429365647411e6
3.5135186768995896e6
3.5507953264938183e6
3.5882594999181754e6
3.6259113902636115e6
3.66375118447983e6
3.7017790642541023e6
3.739995207203242e6
3.7783997878308734e6
3.8169929734608987e6
3.8557749323332617e6
3.894745823839465e6
3.9339058101998614e6
3.9732550445643812e6
4.0127936782283643e6
4.052521859609171e6
4.092439733598168e6
4.1325474420179017e6
4.1728451235532397e6
4.213332914033004e6
4.254010946294953e6
4.294879349202958e6
4.335938252597029e6
4.377187779944241e6