20681.106895770637
20794.700972513092
21097.677583523808
21590.19725912404
22272.51906313822
23144.99805134834
24208.0818037184
25462.306078805785
26908.289650572813
28546.728400035812
30378.388996001595
32404.100430667764
34624.74901432693
37041.26770677334
39654.62857409953
42465.83667620226
45475.916681155126
48685.90834034641
52096.856811742015
55709.804158320665
59525.78158789707
63545.80272756215
67770.85424803555
72201.89183956217
76839.83195033594
81685.54842461512
86739.86571105428
92003.55549900982
97477.33305543335
103161.85420835184
109057.7130045801
115165.44014449843
121485.50186744722
128018.29949247457
134764.1695475675
141723.38440993382
148896.15302143103
156282.62315818443
163882.88270201214
171696.9620619097
179724.83684263902
187966.4305770775
196421.61772830188
205090.2269262678
213972.044214406
223066.81646321708
232374.25480163773
241894.0380231805
251625.8160971912
261569.21340785196
271723.8323161527
282089.2558534332
292665.0515291927
303450.7737296171
314445.9668147892
325650.1676723679
337062.9084607119
348683.718239701
360512.12658980297
372547.6641246443
384789.86514530855
397238.2690927398
409892.42214734916
422751.87853617244
435816.2017596045
449084.96561187773
462557.7551534274
476234.1671618036
490113.8121181559
504196.31223201734
518481.30424582877
532968.4386532647
547657.3801378389
562547.8076932689
577639.4146363968
592931.9086849138
608425.0118776732
624118.4602993247
640012.0041027102
656105.4071284232
672398.4466376787
688890.9132501029
705582.6099817589
722473.3527602293
739562.9693773438
756851.2993377869
774338.1934137943
792023.5132550191
809907.1309680336
827988.9286445987
846268.7979764725
864746.6397627236
883422.363712734
902295.8875995937
921367.137280827
940636.0460752189
960102.5544155769
979766.6094021223
999628.1646028319
1.0196871794555634e6
1.0399436191081272e6
1.0603974539528894e6
1.0810486594449347e6
1.101897215512902e6
1.1229431066429769e6
1.1441863212610276e6
1.165626851598986e6
1.1872646934364e6
1.2090998457486602e6
1.2311323106228255e6
1.2533620929332408e6
1.2757891999866553e6
1.298413641711398e6
1.321235430051741e6
1.344254578959306e6
1.3674711042570993e6
1.3908850233897732e6
1.4144963553226572e6
1.4383051203641798e6
1.4623113400536452e6
1.4865150370200088e6
1.5109162350251637e6
1.5355149580469916e6
1.5603112317774661e6
1.585305081949024e6
1.6104965349946367e6
1.635885617835303e6
1.6614723578010995e6
1.6872567825489386e6
1.7132389199926434e6
1.7394187982350155e6
1.765796445584711e6
1.7923718903362297e6
1.8191451608923252e6
1.846116285639557e6
1.8732852928985928e6
1.9006522109155196e6
1.9282170678331153e6
1.955979891616731e6
1.9839407100538877e6
2.012099550784139e6
2.0404564411237887e6
2.0690114082169868e6
2.09776447891269e6
2.126715679774332e6
2.155865037093997e6
2.185212576783852e6
2.2147583245929824e6
2.244502305738465e6
2.274444545215787e6
2.304585067667457e6
2.3349238973697205e6
2.365461058249084e6
2.3961965738655366e6
2.4271304673930486e6
2.458262761744058e6
2.489593479382338e6
2.5211226423906204e6
2.552850272553692e6
2.584776391231894e6
2.616901019543874e6
2.6492241780781e6
2.681745887186693e6
2.7144661668897383e6
2.747385036717591e6
2.7805025159878316e6
2.813818623645156e6
2.8473333782932386e6
2.881046797997559e6
2.9149589010553085e6
2.9490697049119584e6
2.983379226871343e6
3.0178874839411755e6
3.052594492762616e6
3.0875002697244594e6
3.1226048309094235e6
3.1579081920911046e6
3.193410368768271e6
3.229111376155613e6
3.265011229432106e6
3.301109942812239e6
3.337407530908702e6
3.373904007858484e6
3.4105993875424266e6
3.4474936836039424e6
3.484586909418555e6
3.521879078129337e6
3.5593702027098835e6
3.5970602956592925e6
3.6349493695766022e6
3.6730374367191447e6
3.7113245090130605e6
3.7498105982890185e6
3.788495716142509e6
3.827379873961322e6
3.866463082935687e6
3.9057453540641656e6
3.945226698148153e6
3.9849071258106465e6
4.0247866474871906e6