19918.635503304948
20035.145716635663
20345.87290148881
20850.907488203113
21550.395367184938
22444.536393243405
23533.58234706145
24817.834384300346
26297.640010154282
27973.38962454455
29845.512682774824
31914.473538015045
34180.767012327036
36644.91375658147
39307.45546069913
42168.950127610064
45229.96660462489
48491.0808352001
51952.86997518137
55615.90833464006
59480.7629801383
63547.98927415116
67818.12716603003
72291.69761750063
76969.19874126014
81851.10391600616
86937.85828628793
92229.87686923452
97727.54282007086
103431.20584310347
109341.18113767308
115457.7485156294
121781.152237002
128311.60072095628
135049.26684034796
141994.2883513651
149146.7686643725
156506.7777883644
164074.35349948
171849.50269162052
179832.20279958492
188022.40346268934
196420.0282251234
205024.97628592464
213837.12434947595
222856.3284851039
232082.42600171157
241515.23732490544
251154.56784461212
261000.20972693327
271051.9437124332
281309.54072249227
291772.7637258885
302441.36908109416
313315.1081505999
324393.7286908746
335676.97616230685
347164.59498013195
358856.3296304226
370751.92575671413
382851.131127101
395153.69637757237
407659.3760450163
420367.93007996166
433279.1196976063
446392.7160606641
459708.4970006989
473226.24221660336
486945.7415849828
500866.7913438379
514989.1950145687
529312.7636479494
543837.3159158232
558562.678138321
573488.6843575492
588615.1763124878
603942.0034064373
619469.0225875165
635196.0983309349
651123.1024555862
667249.9139851213
683576.4190081342
700102.5104828607
716828.088063386
733753.0578960648
750877.3323579535
768200.8299597572
785723.4750114525
803445.1974497648
821365.9326129176
839485.6210082836
857804.2080706839
876321.6439603483
895037.8833424838
913952.8851544742
933066.612398919
952379.0319433608
971890.1142683427
991599.8333687107
1.0115081664313822e6
1.0316150937528525e6
1.051920598500959e6
1.072424666582999e6
1.093127286362119e6
1.1140284486922808e6
1.1351281466168049e6
1.1564263752292106e6
1.1779231315753018e6
1.1996184145124503e6
1.22151222453128e6
1.2436045636900607e6
1.2658954354746328e6
1.2883848446832844e6
1.3110727973258565e6
1.3339593005221179e6
1.357044362000675e6
1.3803279920365482e6
1.4038101993220907e6
1.427490995029172e6
1.4513703902048776e6
1.4754483971259526e6
1.4997250282188226e6
1.5242002965039e6
1.5488742154181637e6
1.5737467988029968e6
1.598818060810921e6
1.6240880158840176e6
1.6495566787036157e6
1.6752240641408488e6
1.7010901873063496e6
1.727155063156849e6
1.7534187071659563e6
1.7798811345735712e6
1.8065423607465436e6
1.8334024010512403e6
1.860461270846523e6
1.8877189854508466e6
1.9151755601452782e6
1.9428310101512356e6
1.9706853505552907e6
1.9987385963870154e6
2.0269907625489288e6
2.0554418638279496e6
2.084091914844256e6
2.112940930114451e6
2.141988923983299e6
2.171235910623231e6
2.200681904053008e6
2.2303269181148456e6
2.260170966467138e6
2.290214062597223e6
2.320456219801271e6
2.3508974511867673e6
2.381537769667622e6
2.4123771879719365e6
2.4434157186336643e6
2.474653373991147e6
2.506090166180912e6
2.537726107118369e6
2.5695612086357963e6
2.60159548225351e6
2.6338289393448317e6
2.666261591086372e6
2.6988934485143176e6
2.731724522332483e6
2.7647548232146725e6
2.7979843615763844e6
2.8314131476701135e6
2.8650411915524555e6
2.8988685031228736e6
2.932895092092602e6
2.967120967995098e6
3.001546140224241e6
3.0361706177536566e6
3.0709944100203402e6
3.1060175257130414e6
3.141239973550548e6
3.1766617621640004e6
3.212282899616326e6
3.2481033949839817e6
3.2841232554788915e6
3.320342489412206e6
3.3567611045990195e6
3.3933791087109996e6
3.430196509294481e6
3.467213313755259e6
3.504429529364475e6
3.5418451632703543e6
3.579460222489915e6
3.6172747139218403e6
3.655288644331024e6
3.6935020203803405e6
3.7319148486024104e6
3.7705271354220947e6
3.8093388871528376e6
3.8483501099953298e6
3.8875608100460926e6
3.9269709932949236e6
3.966580665631314e6
4.0063898328458257e6