19368.450110305086
19487.039685204436
19803.292371623727
20317.2457137663
21028.96026467628
21938.51894217552
23046.026151849263
24351.606690949717
25855.404450374932
27557.580935106118
29458.313623613853
31557.794195158713
33856.22664730121
36353.82532863518
39050.81291563733
41947.4184214391
45043.87491037238
48340.41791499805
51837.28302418017
55534.70418899198
59432.91186581469
63532.1312905237
67832.58089617934
72334.47082397128
77038.0017465419
81943.36344927893
87050.7340170417
92360.27898187155
97872.15052223191
103586.48700341614
109503.41254723638
115623.03679151538
121945.4548458672
128470.74715583446
135198.97980418574
142130.20464941885
149264.45974327548
156601.7697010326
164142.14625126292
171885.5887929291
179832.08502011932
187981.61161163534
196334.13492283138
204889.61172633042
213647.9899597856
222609.20948351262
231773.20284265952
241139.89601492853
250709.20915898672
260481.05733496073
270455.3512111724
280631.99774482765
291010.90082787967
301591.96191066725
312375.08058761375
323360.1551587487
334547.08310312225
345935.76164530555
357526.08811667084
369317.96040916024
381311.27731053485
393505.93890591234
405901.846816003
418498.90450675273
431297.01750909194
444296.09364945855
457496.04320346774
470896.77906769176
484498.2168887074
498300.27516004455
512302.87531398406
526505.9417486675
540909.4019294907
555513.186362915
570317.2286294927
585321.4653757472
600525.83629733
615930.2840910844
631534.7544465393
647339.1959728788
663343.560156786
679547.8012751015
695951.8763501955
712555.7450699591
729359.3697141288
746362.7149799049
763565.748107322
780968.4385933756
798570.7581801317
816372.6807609411
834374.1823014903
852575.2407324094
870975.835861336
889575.9493121214
908375.5644090675
927374.6661048823
946573.2409009553
965971.2767409751
985568.7629877944
1.005365690285332e6
1.0253620505138009e6
1.0455578367188703e6
1.0659530430378143e6
1.086547664627838e6
1.1073416976099275e6
1.128335139001624e6
1.149527986625583e6
1.170920239199796e6
1.1925118960444196e6
1.2143029571846437e6
1.2362934233038763e6
1.2584832956502724e6
1.280872576008291e6
1.3034612666469654e6
1.326249370302118e6
1.3492368901141789e6
1.3724238296043454e6
1.3958101926413055e6
1.4193959834458919e6
1.44318120635943e6
1.467165866220185e6
1.491349967938051e6
1.51573351669429e6
1.5403165177197368e6
1.5650989766058845e6
1.5900808989450487e6
1.6152622904851753e6
1.6406431570733164e6
1.6662235046438668e6
1.692003339196476e6
1.7179826667938305e6
1.7441614935371636e6
1.7705398255574452e6
1.7971176690011316e6
1.8238950300300312e6
1.8508719148037857e6
1.878048329466665e6
1.9054242801592043e6
1.9329997730042627e6
1.9607748140115608e6
1.9887494092885712e6
2.0169235648077093e6
2.045297286518149e6
2.0738705803163536e6
2.1026434520420777e6
2.131615907479497e6
2.160787952343395e6
2.1901595922887465e6
2.219730832900998e6
2.2495016796935005e6
2.279472138114139e6
2.3096422135324664e6
2.3400119112460627e6
2.3705812364752437e6
2.401350194368007e6
2.4323187899915115e6
2.463487028339148e6
2.494854914325424e6
2.526422452788751e6
2.5581896484892126e6
2.590156506109016e6
2.6223230302117057e6
2.654689225411163e6
2.687255096168282e6
2.720020646776212e6
2.7529858815766624e6
2.786150804805709e6
2.8195154206215744e6
2.8530797331045326e6
2.886843746273568e6
2.920807464071861e6
2.9549708903706414e6
2.989334028986171e6
3.0238968836477394e6
3.0586594580308753e6
3.093621755744072e6
3.1287837801188515e6
3.1641455350354216e6
3.1997070237215203e6
3.2354682497734795e6
3.2714292160356236e6
3.3075899259623135e6
3.3439503827367914e6
3.3805105894811857e6
3.41727054926769e6
3.4542302651110296e6
3.491389739971155e6
3.528748976759734e6
3.566307978376934e6
3.604066747505275e6
3.6420252870285115e6
3.6801835996182817e6
3.718541687936922e6
3.757099554603119e6
3.7958572021902683e6
3.8348146332255355e6
3.873971850195034e6
3.9133288555405526e6
3.9528856516644876e6
3.992642240926678e6