270249.5650862277
270208.0164041107
270097.51946672495
269918.9254002519
269673.48562780366
269363.1227932045
268990.15037903475
268557.44583205157
268068.31362864183
267526.6417754909
266936.66689507244
266303.2221228975
265631.5672186635
264927.41504963714
264196.94086309866
263446.7304422808
262683.8047935211
261915.6156860481
261150.00718399772
260395.23652161995
259659.91127435892
258953.0348865927
258283.9533172992
257662.3769641117
257098.339954269
256602.19686845993
256184.62248758407
255856.57091084117
255629.28704995115
255514.29688274633
255523.3730281882
255668.5436429811
255962.04325309442
256416.3417044431
257044.0942090705
257858.1627355952
258871.52906933182
260097.38432401762
261548.96731510205
263239.67777384823
265182.976248842
267392.37978993275
269881.4360889645
272663.6874293292
275752.648691623
279161.7613084706
282904.3804744993
286993.6955457493
291442.7285028286
296264.26830326614
301470.82899736037
307074.5993575742
313087.39139631036
319520.58627597464
326385.07815789187
333691.2170660205
341448.7517332475
349666.76922774245
358353.639040881
367516.952876344
377163.4730564138
387299.07824822085
397928.7155825598
409056.3561886105
420684.9571824329
432816.42581924587
445451.5975003067
458590.22984778136
472230.9725053727
486371.3869410071
501007.95616144256
516136.1012392097
531750.2146232615
547843.7094923983
564409.054642528
581437.8510558774
598920.895472731
616848.2420216845
635209.3233456974
653992.9796903809
673187.5911151047
692781.1567296514
712761.3887733172
733115.7739578815
753831.732742238
774896.6224554117
796297.8804657068
818023.0697573253
840059.9585693378
862396.5826790435
885021.2953245635
907922.8393099101
931090.3557087748
954513.4481206017
978182.2028945368
1.0020872009028636e6
1.0262195433442116e6
1.0505708590382421e6
1.075133301386517e6
1.0998995597199528e6
1.1248628429486183e6
1.1500168730931685e6
1.1753558786599683e6
1.200874575012098e6
1.2265681479001828e6
1.2524322266973488e6
1.2784628748520114e6
1.3046565670791937e6
1.331010164553734e6
1.3575208951247996e6
1.3841863197989953e6
1.4110043382975305e6
1.437973135517959e6
1.4650911593229212e6
1.4923571416552835e6
1.519770034401371e6
1.5473290127927782e6
1.5750334305291255e6
1.60288285804825e6
1.6308770059589208e6
1.6590157420937032e6
1.687299066464262e6
1.7157271028363153e6
1.7443000839339395e6
1.7730183390087623e6
1.801882282299004e6
1.830892408525995e6
1.8600492745351177e6
1.8893534984603785e6
1.9188057468120262e6
1.948406731824922e6
1.9781571993167885e6
2.0080579304097071e6
2.0381097280533542e6
2.0683134159100524e6
2.0986698327664314e6
2.1291798336409563e6
2.1598442749435036e6
2.1906640253087943e6
2.2216399490056876e6
2.252772917896323e6
2.2840637904324294e6
2.3155134291812144e6
2.34712268573053e6
2.3788924046836738e6
2.4108234200448045e6
2.442916557833288e6
2.4751726280955994e6
2.5075924323455407e6
2.540176756559846e6
2.5729263727074e6
2.6058420395598193e6
2.6389244992129514e6
2.672174480797388e6
2.7055926962795253e6
2.739179842163669e6
2.772936600942164e6
2.8068636377495346e6
2.8409616029753806e6
2.8752311312646666e6
2.909672841941285e6
2.944287343766861e6
2.9790752098427447e6
3.014037030161363e6
3.049173356103537e6
3.084484738455601e6
3.1199717034546994e6
3.1556347645739857e6
3.191474428154956e6
3.2274911837828984e6
3.263685506599595e6
3.3000578608711935e6
3.3366086958258436e6
3.3733384516578116e6
3.4102475548360585e6
3.4473364204919674e6
3.4846054527704897e6
3.522055043531365e6
3.559685575577006e6
3.5974974222896756e6
3.6354909419915313e6
3.6736664889406776e6
3.7120244047492547e6
3.750565022283922e6
3.7892886657215618e6
3.828195650293641e6
3.8672862825956643e6
3.9065608614044525e6
3.9460196770340065e6
3.985663009836844e6
4.0254911430143323e6
4.0655043366072e6
4.105702854390801e6
4.1460869503645683e6
4.1866568720228104e6
4.22741286048883e6
4.268355150680459e6
4.309483971333619e6
4.350799545438515e6
4.392302090538033e6