246403.61996323933
246368.16345368032
246273.92568374626
246121.72473857968
245912.93008507273
245649.41542571582
245333.54761270012
244968.29736571686
244556.90584844907
244103.54388941193
243612.37688776143
243088.32974911542
242536.77684671662
241963.5195485337
241374.85443957194
240777.4859933468
240178.56074208496
239585.6649393024
239006.78550257182
238450.31901820036
237925.03541995908
237440.10033349085
237004.9951530563
236629.68722661902
236324.29813847723
236099.38135493922
235965.79836169528
235934.6878811672
236017.47852460344
236225.84113533932
236571.764307957
237067.4180966977
237725.19799238045
238557.72482162536
239577.79169529522
240798.37421992593
242232.56782628855
243893.6045023224
245794.8122216337
247949.59416845694
250371.39712396942
253073.6861965781
256069.909487623
259373.46480840954
262997.65952126915
266955.6838907229
271260.55717168155
275925.08251560724
280961.8092975605
286382.9759178497
292200.46174610907
298425.7317612828
305069.78202175535
312143.0823942756
319655.51834317896
327616.33351255243
336034.0713359255
344916.5193981672
354270.65128866734
364102.57649989973
374417.4941668191
385219.6440559391
396512.2753416089
408297.6004073016
420576.7846760181
433349.91954300064
446616.0185515643
460373.0176644777
474617.885590686
489346.1405344346
504552.8861317778
520231.8541672723
536375.9384457162
552977.1709396539
570026.791274847
587515.2825523202
605432.499804134
623767.7194038588
642509.7618123355
661647.0195387228
681167.6175057753
701059.4582494115
721310.3269001364
741907.9462442246
762840.1220004221
784094.7431429164
805659.89262651
827523.9166427515
849675.4525872688
872103.5025125504
894797.4541526149
917747.1373214264
940942.8407981163
964375.3348390886
988035.8955673644
1.0119163004654229e6
1.0360088426424448e6
1.0603063301734244e6
1.0848020767813195e6
1.1094899004562697e6
1.1343641085692747e6
1.1594194676216445e6
1.1846512213605158e6
1.2100550584870577e6
1.2356270643534176e6
1.2613637410697243e6
1.287261966394798e6
1.3133189704775787e6
1.3395323293929906e6
1.3658999174490734e6
1.3924199155098754e6
1.4190907734373375e6
1.4459111908353888e6
1.4728801029317405e6
1.499996647090463e6
1.5272601729572536e6
1.5546702099092002e6
1.582226416346367e6
1.6099286482404773e6
1.6377768598006638e6
1.6657711516585203e6
1.6939117113838657e6
1.7221988271367876e6
1.750632888760472e6
1.7792143447221892e6
1.8079437170631986e6
1.83682158562569e6
1.865848581235665e6
1.8950253789571673e6
1.924352689960115e6
1.9538312584591338e6
1.9834618525452125e6
2.0132452640642265e6
2.0431822998857219e6
2.0732737870181194e6
2.1035205301767234e6
2.133923390086212e6
2.164483191704659e6
2.19520077762915e6
2.2260769806887154e6
2.257112638200552e6
2.2883085712096198e6
2.3196656008881815e6
2.3511845376362037e6
2.382866181087102e6
2.414711321853439e6
2.446720736573937e6
2.4788951911331466e6
2.51123543700967e6
2.543742212692488e6
2.5764162420064015e6
2.609258234674447e6
2.642268886035323e6
2.675448875365846e6
2.7087988689098833e6
2.7423195157229896e6
2.7760114515403686e6
2.8098752961008027e6
2.84391165505602e6
2.8781211188225956e6
2.9125042623278303e6
2.94706165409027e6
2.981793825191735e6
3.0167013241173895e6
3.051784664024774e6
3.0870443524909103e6
3.122480882771955e6
3.158094731358594e6
3.193886367275344e6
3.229856245654596e6
3.2660048078469164e6
3.3023324854444535e6
3.33883969546117e6
3.3755268467883435e6
3.4123943360832054e6
3.449442549125997e6
3.4866718616934256e6
3.5240826381291226e6
3.561675234875441e6
3.599449998531571e6
3.6374072632888886e6
3.6755473588923533e6
3.7138706033201637e6
3.752377306739446e6
3.791067786610131e6
3.8299422910521133e6
3.869001151773832e6
3.908244632289338e6
3.9476730035228813e6
3.9872865300306e6
4.027085468546984e6
4.067070069814046e6
4.1072405779871754e6
4.1475972306287587e6
4.1881402594717154e6
4.22886989027002e6
4.269786342761944e6
4.310889831751661e6
4.352180566177546e6
4.393658750104068e6