20143.615758543674
20259.268726144255
20567.717679424888
21069.07413053271
21763.51799830127
22651.29578797242
23732.718109414272
25008.15657020975
26478.04008876007
28142.850681460273
30003.118938467087
32059.418140207817
34312.360453863716
36762.58964332792
39410.7760070273
42257.61041683264
45303.794470581764
48550.05150097646
51997.08811269041
55645.62076730306
59496.3527287232
63549.9755296407
67807.16122302502
72268.55798732695
76934.7870764239
81806.43919126672
86884.07017468424
92168.19968673096
97659.3069502145
103357.83068017554
109264.16662834784
115378.6669664894
121701.63963772511
128233.34813061156
134974.01173880574
141923.80606704255
149082.86387883977
156451.27632035984
164029.09423628566
171816.32986753463
179812.95857134837
188018.92088896545
196434.12459785974
205058.44691844174
213891.73678570145
222933.81716303632
232184.4873774377
241643.52545445482
251310.6904305536
261185.72461377556
271268.35584866296
281558.2995043795
292055.26084014017
302758.9366847144
313669.01746395894
324785.18895120616
336107.1339181899
347634.5337078371
359367.0696568483
371304.42444111174
383446.28329134313
395792.3350555434
408342.27324769396
421095.7969239188
434052.6114470284
447212.42919312
460574.9701378071
474139.96238475223
487907.14257829747
501876.2562832152
516047.0581525913
530419.3122726589
544992.7922554938
559767.2812865241
574742.5722172331
589918.4675307279
605294.7793067972
620871.3290701027
636647.9477693256
652624.4755357523
668800.7615395514
685176.6637768305
701752.0488484751
718526.7917303785
735500.7755240295
752673.8911246818
770046.037098635
787617.1192618691
805387.0504715441
823355.7503288026
841523.1448996258
859889.1664000248
878453.7529565092
897216.8483134819
916178.4015554368
935338.3668322514
954696.7031209272
974253.373901653
994008.3470386376
1.013961594375388e6
1.0341130916278973e6
1.0544628180814928e6
1.0750107564564776e6
1.095756892487559e6
1.116701215078351e6
1.137843715767881e6
1.159184388702191e6
1.1807232304384853e6
1.2024602397786798e6
1.2243954175663039e6
1.246528766576753e6
1.2688602913610814e6
1.2913899980962991e6
1.3141178944607542e6
1.3370439896068142e6
1.3601682935425201e6
1.3834908180176027e6
1.4070115754338156e6
1.430730579352443e6
1.4546478437402959e6
1.4787633838260781e6
1.503077215410916e6
1.5275893547643013e6
1.5522998187326626e6
1.5772086245097644e6
1.6023157902648419e6
1.6276213336254966e6
1.6531252731050877e6
1.678827627311443e6
1.704728415028785e6
1.7308276552244292e6
1.757125366952107e6
1.7836215693341335e6
1.8103162803801405e6
1.8372095227819919e6
1.8643013121911974e6
1.891591668885409e6
1.919080611922765e6
1.9467681602493387e6
1.9746543327103977e6
2.002739148019186e6
2.031022624744112e6
2.0595047813040654e6
2.0881856359076416e6
2.117065206631494e6
2.1461435113339503e6
2.175420567657368e6
2.204896393049038e6
2.2345710047338563e6
2.264444419706846e6
2.294516654743197e6
2.3247877264256584e6
2.3552576509303516e6
2.3859264444397893e6
2.4167941227384415e6
2.4478607014073646e6
2.4791261957875276e6
2.510590620911583e6
2.542253991726742e6
2.5741163227751907e6
2.6061776284862407e6
2.638437922919638e6
2.6708972199825277e6
2.7035555333709195e6
2.736412876407983e6
2.769469262315152e6
2.802724704048764e6
2.8361792143314737e6
2.869832805647119e6
2.9036854902862962e6
2.9377372803028394e6
2.9719881875307555e6
3.006438223420203e6
3.041087399752668e6
3.075935727570015e6
3.11098321788822e6
3.1462298815167416e6
3.18167572907273e6
3.2173207709905542e6
3.2531650177443773e6
3.2892084789400846e6
3.3254511646629786e6
3.361893084614522e6
3.3985342483125413e6
3.435374665111319e6
3.4724143441947997e6
3.509653294579451e6
3.5470915251271464e6
3.5847290445391126e6
3.6225658613633104e6
3.660601983994241e6
3.6988374206836084e6
3.7372721795316003e6
3.7759062685017968e6
3.814739695418858e6
3.85377246796757e6
3.8930045937042125e6
3.9324360800505234e6
3.972066934306048e6
4.01189716364366e6