211805.53424157482
211779.64009583532
211710.90398034797
211600.2131824523
211448.88139745122
211258.89772586705
211032.55196418962
210773.29732755653
210484.15390919952
210169.12086671137
209833.1693343413
209480.86104670964
209117.8475447357
208750.09390665946
208384.06946469977
208026.65517853282
207685.20477482124
207367.50545354804
207081.84820883634
206836.59104702645
206641.00542820664
206504.40867777914
206436.56323489017
206447.59393508855
206547.98432650155
206748.4749645749
207060.2077085817
207494.57420614501
208063.22992147983
208778.10863304493
209651.3854956564
210695.45352916827
211922.896197494
213346.48860833078
214979.14715777966
216833.94313761417
218924.0320542386
221262.63634519244
223863.04983047012
226738.56177184673
229902.44279275532
233367.90953590913
237148.0669083697
241255.89681400638
245704.18420398067
250505.4892078489
255672.0873218901
261215.92019696708
267148.5461881531
273481.0819421255
280224.1458843168
287387.8013645809
294981.4986689322
303014.0167283427
311493.4102937623
320426.95041302225
329821.072674186
339681.3314968718
350012.35639180755
360817.8060874661
372100.342832938
383861.6031427962
396102.1799617637
408821.61369004333
422018.38721608045
435689.94396970083
449832.6941337569
464442.0497105706
479512.46466909663
495037.47247549065
511009.7499559796
527421.1787424425
544262.9102316746
561525.4440415247
579198.7216662117
597272.17886624
615734.8663234521
634575.5143838837
653782.629316943
673344.5891315674
693249.6870664008
713486.2535859696
734042.7049672077
754907.6250920689
776069.8114333431
797518.3403148284
819242.6162005309
841232.4202892255
863477.9347682449
885969.7598559372
908698.9742500479
931657.1131072431
954836.1972318843
978228.7376607223
1.0018277334441359e6
1.0256266689141091e6
1.0496195067704446e6
1.0738006780284499e6
1.0981650686739795e6
1.122708005219846e6
1.1474252390706432e6
1.1723129240974265e6
1.1973676019439427e6
1.222586176318463e6
1.2479659094384494e6
1.2735043698158986e6
1.2991994423286528e6
1.3250492886524291e6
1.3510523534376193e6
1.3772072989222938e6
1.4035130323946103e6
1.4299686678173891e6
1.4565735076652286e6
1.4833270316275246e6
1.5102288777717138e6
1.537278828619205e6
1.5644768161143602e6
1.5918228550337926e6
1.6193170925232398e6
1.6469597764768247e6
1.6747512269329438e6
1.7026918436599637e6
1.730782093801575e6
1.7590225031015791e6
1.7874136478069823e6
1.815956151344528e6
1.8446506713936937e6
1.8734979001503335e6
1.902498557333091e6
1.9316533816114e6
1.960963139212274e6
1.9904285886175798e6
2.0200505191493565e6
2.0498297343335391e6
2.0797669945642436e6
2.1098631209927225e6
2.140118901216021e6
2.170535130671056e6
2.2011125936983787e6
2.231852073031649e6
2.262754334671216e6
2.293820160126115e6
2.3250502968248785e6
2.356445490569896e6
2.3880064745721067e6
2.4197339621662265e6
2.4516286792316223e6
2.483691313475146e6
2.5159225473709013e6
2.5483230497313957e6
2.580893476120902e6
2.6136344672397682e6
2.6465466499817595e6
2.6796306400421895e6
2.7128870293281693e6
2.746316408925037e6
2.7799193480226328e6
2.813696403465883e6
2.847648118208358e6
2.8817750228567533e6
2.9160776330541405e6
2.9505564547909996e6
2.985211972724503e6
3.0200446705484237e6
3.0550550115783173e6
3.0902434496233864e6
3.1256104271397935e6
3.161156370908661e6
3.1968817015175563e6
3.23278682692025e6
3.2688721429176717e6
3.3051380362212863e6
3.341584881325251e6
3.3782130452738684e6
3.415022883776664e6
3.452014743467366e6
3.489188961571466e6
3.526545866339753e6
3.564085778044662e6
3.601809007292164e6
3.639715857108444e6
3.6778066228206204e6
3.716081591505087e6
3.7545410429045847e6
3.7931852496590717e6
3.8320144765628e6
3.871028982619648e6
3.91022901936609e6
3.949614832526196e6
3.9891866605709493e6
4.0289447367805596e6
4.068889288139741e6
4.1090205359795913e6
4.1493386962185046e6
4.1898439791007647e6
4.230536589910171e6
4.27141672459981e6
4.3124845907918895e6
4.353740367071709e6
4.39518424209665e6