167830.89460938965
167818.67127924226
167786.40277904575
167734.98040715203
167665.84092190344
167580.9371382544
167483.00804497814
167374.9272318809
167260.40305437765
167143.5977933429
167029.1902332569
166922.40106522286
166828.851618775
166754.82325254445
166706.97384064627
166692.4484257783
166718.86916399008
166794.26821348123
166927.17039446748
167126.55076508754
167401.59706926183
167762.09807612182
168218.09239516128
168780.02387912897
169458.6579926425
170265.0562338092
171210.62323800602
172307.00392665953
173566.09868390008
175000.06596433785
176621.23298296164
178442.1317162062
180475.44195749098
182733.95522880898
185230.56376512104
187978.22363155906
190989.89969842706
194278.54250306386
197857.0621651765
201738.24239301763
205934.74873944785
210459.04277500825
215323.3503180797
220539.60627608915
226119.39349397644
232073.90527379297
238413.87317898823
245149.51485515462
252290.4780892674
259845.7832868761
267823.7664847027
276232.0250109283
285077.3659072594
294365.7566165823
304102.28431342734
314291.0993343959
324935.4136666995
336037.4454285237
347598.40674540383
359618.47882784164
372096.9054251134
385031.79595509067
398420.3454899389
412258.7593677533
426542.3017541371
441265.3475148714
456421.4262205054
472003.28169600875
488002.9439650726
504411.79281526525
521220.64029038604
538419.8042604614
555999.1954295876
573948.3962420138
592256.7488991726
610913.4267108424
629907.5270158935
649228.128209714
668864.3778950796
688805.5480612029
709041.0981542075
729560.7268121301
750354.4293285772
771412.5225814465
792725.6964394844
814285.0294652176
836082.0167787196
858108.5985755047
880357.1536817058
902820.5086422863
925491.9564221676
948365.2283449227
971434.5182382627
994694.4498064579
1.0181400752312113e6
1.041766870412223e6
1.0655706965433068e6
1.089547808697966e6
1.1136948242109062e6
1.1380087071131775e6
1.162486750426935e6
1.1871265574178277e6
1.2119260215483722e6
1.2368833085377824e6
1.2619968369807482e6
1.2872652614614253e6
1.3126874547208608e6
1.338262489591722e6
1.3639896273232829e6
1.3898682940600938e6
1.415898075559129e6
1.442078698441798e6
1.4684100163013597e6
1.4948920029129412e6
1.5215247278191103e6
1.54830836381211e6
1.5752431733462734e6
1.6023294797858538e6
1.629567675701317e6
1.6569582155472394e6
1.6845016199667698e6
1.7121984290811224e6
1.7400492362301357e6
1.7680546651981391e6
1.7962153676931183e6
1.8245320189991645e6
1.8530053130640741e6
1.8816359590636233e6
1.910424678408181e6
1.9393722010064705e6
1.9684792627225334e6
1.9977466019940875e6
2.0271749625883384e6
2.0567650732003327e6
2.0865176799878245e6
2.1164335119086066e6
2.1465132941393615e6
2.1767577444287855e6
2.2071675762636997e6
2.2377434794390313e6
2.268486178590633e6
2.2993963210533666e6
2.3304745887825433e6
2.3617216403533337e6
2.393138118691966e6
2.424724669506516e6
2.456481903259619e6
2.4884104324928224e6
2.520510854149688e6
2.552783751628954e6
2.585229694016442e6
2.6178492402653806e6
2.6506429348605284e6
2.6836113095940705e6
2.7167548839021255e6
2.7500741645253794e6
2.783569645607545e6
2.8172418096466847e6
2.8510911268569077e6
2.885118055459223e6
2.919323042225767e6
2.9537065345273344e6
2.988268930875954e6
3.023010661562868e6
3.0579321262705536e6
3.093033717775529e6
3.1283158290453e6
3.1637788096524985e6
3.1994230339300437e6
3.235248855151253e6
3.271256616254502e6
3.3074466529380833e6
3.3438192903048988e6
3.3803748468990773e6
3.417113632226824e6
3.4540359465278313e6
3.4911420848541423e6
3.528432331361435e6
3.5659069665063345e6
3.6035662608289476e6
3.641410465140458e6
3.6794398642023057e6
3.717654695854731e6
3.7560552048732117e6
3.7946416298303055e6
3.8334142032054234e6
3.872373152035095e6
3.9115186974206353e6
3.9508510549436677e6
3.990370421712761e6
4.030077029650907e6
4.0699710655503618e6
4.1100527248856835e6
4.1503221980797583e6
4.190779671384194e6
4.23142532633544e6
4.272259337232241e6
4.31328188655522e6
4.354493134132281e6
4.395893249392224e6