29484.86130195047
29567.551131334985
29788.3097117281
30147.823786096516
30647.204522399144
31287.980699870503
32072.08932891398
33001.86376398514
34080.01933555279
35309.63669164774
36694.1427633884
38237.28967251739
39943.131617521736
41816.00080297899
43860.479036554534
46081.36015285294
48483.65047901678
51072.50150527492
53853.19831278111
56831.12072124868
60011.71510895614
63400.44893856958
67002.79507796603
70824.18187782925
74869.96776725806
79145.40756776923
83655.62068241951
88405.56127811545
93399.98796707974
98643.43957619162
104140.20710351049
109894.31211906836
115909.4856580475
122189.1504498126
128736.40402437071
135554.01067747967
142644.3826145544
150009.58191895077
157651.31200482254
165570.91734073314
173769.38518433328
182247.34997837216
191005.10045995368
200042.5892395013
209359.4446164822
218954.9845986291
228828.23259274778
238977.9349841054
249402.57986773155
260100.4169798675
271069.47851955704
282307.60041519743
293812.4441696354
305581.5185682033
317612.2012564641
329901.76044881606
342447.3752261605
355246.15502294793
368295.1639276837
381591.42841014883
395131.9652396683
408913.79230489035
422933.94425641303
437189.48620090075
451677.52620617935
466395.2261637724
481339.81161448907
496508.58034182043
511898.90969256236
527508.2629857956
543334.1940451844
559374.352530085
575626.4853849912
592088.4406634204
608758.1680816314
625633.7199829638
642713.2510674376
659995.0187192966
677477.3806016267
695158.7941307721
713037.8139147076
731113.0898057518
749383.3638399811
767847.4677112685
786504.319571736
805352.921361618
824392.3539952552
843621.7756596488
863040.4176105312
882647.5807395962
902442.6318583514
922425.0008791893
942594.177019848
962949.7053497117
983491.1839745257
1.0042182604847557e6
1.0251306291610032e6
1.0462280277630906e6
1.0675102348554428e6
1.0889770670527555e6
1.1106283760275836e6
1.1324640468228282e6
1.1544839943784284e6
1.1766881620360254e6
1.1990765190279735e6
1.22164905851299e6
1.2444057955681044e6
1.2673467643300104e6
1.2904720219487688e6
1.3137816350020515e6
1.3372756904134161e6
1.3609542874823688e6
1.3848175377940475e6
1.408865564301875e6
1.4330984998132838e6
1.4575164861050078e6
1.482119672655182e6
1.506908215977543e6
1.5318822785752423e6
1.5570420280995755e6
1.5823876366519595e6
1.6079192800708879e6
1.633637137404355e6
1.6595413900480112e6
1.6856322214572995e6
1.7119098164680847e6
1.7383743609289152e6
1.7650260410439498e6
1.7918650441942012e6
1.8188915561263433e6
1.8461057630537509e6
1.873507850542011e6
1.9010980020514652e6
1.9288764012929574e6
1.9568432295631827e6
1.984998666904494e6
2.0133428912960358e6
2.041876078940742e6
2.070598403800541e6
2.0995100382595034e6
2.1286111514565004e6
2.157901910799329e6
2.1873824811801473e6
2.217053024926125e6
2.2469137018552246e6
2.2769646692161905e6
2.3072060816634577e6
2.3376380911895433e6
2.368260847234571e6
2.3990744964169543e6
2.430079184863029e6
2.461275048303413e6
2.4926622312892387e6
2.5242408681697305e6
2.556011092553633e6
2.5879730355747943e6
2.6201268254791433e6
2.652472589772295e6
2.6850104489796665e6
2.7177405267967223e6
2.7506629409613796e6
2.7837778078991445e6
2.81708524183094e6
2.8505853534177006e6
2.88427825311722e6
2.918164047597322e6
2.952242841917598e6
2.986514738849313e6
3.020979839117031e6
3.055638241446081e6
3.0904900424920106e6
3.125535336919744e6
3.160774217338486e6
3.1962067747816495e6
3.2318330981708867e6
3.26765327469584e6
3.3036673897929275e6
3.339875527115967e6
3.376277768692174e6
3.4128741950443517e6
3.449664884519904e6
3.4866499144049007e6
3.523829360378865e6
3.5612032963616448e6
3.598771795268393e6
3.6365349281616006e6
3.6744927648458853e6
3.7126453737480314e6
3.75099282200356e6
3.789535175349024e6
3.828272498343449e6
3.8672048542827396e6
3.906332305185834e6
3.94565491199503e6
3.985172734417651e6
4.0248858310998e6
4.0647942595302807e6
4.104898076148472e6
4.145197336372368e6
4.185692094557857e6