223182.86807222417
223153.72651858037
223076.32763308342
222951.52339208339
222780.7030265731
222565.74016131254
222309.09765328406
222013.7393191365
221683.11615542872
221321.15994329753
220932.4029308289
220521.77137571675
220094.7374301045
219657.18362165053
219215.5457715917
218776.642363149
218347.75622229403
217936.60045615459
217551.31377900092
217200.43600754093
216892.89897642608
216638.03065661484
216445.50427618044
216325.36985504537
216288.02589418707
216344.1203634872
216504.73450588898
216781.15722250866
217184.9724739526
217728.06696104867
218422.5130821021
219280.66138636108
220315.0367541247
221538.37193788783
222963.55630275045
224603.64332690983
226471.78466200866
228581.2165855491
230945.26572178162
233577.28217907654
236490.61943806362
239698.5995408092
243214.47687227526
247051.39256197648
251222.3450700364
255740.1337236387
260617.32126438155
265866.17492284114
271498.625161072
277526.1991893209
283959.9830014522
290810.54867095756
298087.90485979954
305801.4371727697
313959.8512398916
322571.11442291166
331642.4032198277
341180.04847136897
351189.4914690609
361675.2295313297
372640.7930882445
384088.6941980702
396020.4158296946
408436.38633618504
421335.9718959809
434717.4755518533
448578.1489883482
462914.2074730848
477720.8656088918
492992.3589924915
508722.0190188491
524902.3070811934
541524.8828299615
558580.6818376776
576059.99478786
593952.5255026561
612247.5100139847
630933.780620112
649999.8644522324
669434.0655710984
689224.5536625602
709359.4449930227
729826.8799594159
750615.1091534438
771712.5380688349
793107.8156722221
814789.8626869139
836747.9617527849
858971.7466577636
881451.2868543477
904177.0795559756
927140.0930840302
950331.774703898
973744.062961714
997369.3975622575
1.0212007084383778e6
1.0452314242957828e6
1.0694554503690833e6
1.0938671873719157e6
1.1184614732618616e6
1.1432336074580448e6
1.1681793161430026e6
1.1932947281195773e6
1.218576376254566e6
1.2440211535288885e6
1.2696263054348791e6
1.2953894075150383e6
1.3213083347894729e6
1.347381271265285e6
1.3736066337486396e6
1.399983122888383e6
1.426509640869446e6
1.4531853138975836e6
1.4800094571068534e6
1.5069815637263886e6
1.5341012848949628e6
1.5613684371526327e6
1.5887829311377525e6
1.6163448244059705e6
1.644054287095411e6
1.6719115710209624e6
1.6999170170165906e6
1.728071044204826e6
1.7563741367565438e6
1.7848268454079893e6
1.8134297525734983e6
1.8421835098397834e6
1.8710887813321454e6
1.9001462823683973e6
1.929356747365872e6
1.9587209343233549e6
1.988239616714842e6
2.017913583538589e6
2.0477436256037287e6
2.077730561316867e6
2.1078751914016292e6
2.138178317477741e6
2.168640766417631e6
2.199263332676359e6
2.2300468180245473e6
2.26099201640378e6
2.292099713542577e6
2.323370687211581e6
2.3548057060977467e6
2.386405519897489e6
2.418170878791452e6
2.4501025127073945e6
2.4822011399437524e6
2.5144674664150686e6
2.5469021832323344e6
2.579505967997387e6
2.612279484416296e6
2.645223380605027e6
2.678338292626343e6
2.7116248401936474e6
2.7450836287569264e6
2.7787152507185168e6
2.812520282586789e6
2.846499288073206e6
2.8806528168773996e6
2.9149814036374916e6
2.949485573121757e6
2.9841658281887867e6
3.0190226699283207e6
3.054056579532599e6
3.0892680271932133e6
3.124657472114499e6
3.160225355848342e6
3.195972116379165e6
3.2318981753103365e6
3.2680039432919994e6
3.3042898214168465e6
3.3407561978027853e6
3.3774034529531514e6
3.414231955219333e6
3.451242064117044e6
3.4884341292818235e6
3.525808489895103e6
3.563365478031662e6
3.6011054161904077e6
3.639028616869062e6
3.677135386479911e6
3.7154260218001013e6
3.7539008124917313e6
3.7925600404472495e6
3.8314039797001234e6
3.8704328953591143e6
3.9096470553973666e6
3.9490467057375605e6
3.9886320962255443e6
4.0284034667493845e6
4.0683610522502023e6
4.1085050815227e6
4.1488357771450686e6
4.189353356266595e6
4.23005803059024e6
4.270950006638695e6
4.312029485821605e6
4.353296664467571e6
4.394751734350966e6