19356.78394640179
19475.417295386884
19791.786292724355
20305.92734154094
21017.899154050872
21927.78212644685
23035.677487716355
24341.70623586433
25846.007878217002
27548.73899561503
29450.071650434285
31550.19166651719
33849.29680272938
36347.594844397434
39045.30164072945
41942.63917328548
45039.83333983892
48337.1124185612
51834.704729846504
55532.83699387424
59431.73253067017
63531.60958732842
67832.67980484178
72335.146775563
77039.20490347508
81945.03803023287
87052.81864903592
92362.70707792068
97874.8506872803
103589.3831343941
109506.42555114075
115626.08310620005
121948.44817063629
128473.59858365166
135201.59826738748
142132.49736203955
149266.3326321497
156603.12782617545
164142.89421040175
171885.63110964096
179831.32651325452
187979.95774410796
196331.49212927252
204885.8877181621
213643.0940072947
222603.05267449774
231765.69831743292
241130.9591779433
250698.75786709104
260469.01206297486
270441.6352160958
280616.53710403404
290993.62466579746
301572.80239666393
312353.9730196373
323337.03800841136
334521.89804497716
345908.4535687545
357496.6051256631
369286.2538075315
381277.301576343
393469.6516530562
405863.2087478157
418457.87936016254
431253.57198963355
444250.1973627292
457447.66857645684
470845.90126931824
484444.8137429712
498244.3270601787
512244.3651158934
526444.8547006638
540845.7255601888
555446.9103895172
570248.344860927
585249.9676160573
600451.72024948
615853.5472619719
631455.3960537303
647257.2168506234
663258.9626662959
679460.589216191
695862.0548745047
712463.3205967643
729264.3498484306
746265.1084285595
763465.564628521
780865.6888816003
798465.4538231633
816264.8341659302
834263.8066291661
852462.3498350681
870860.444223645
889458.0719938363
908255.2169914246
927251.864639284
946448.001860186
965843.6169736999
985438.6996741125
1.0052332408963657e6
1.025227232772595e6
1.0454206685640317e6
1.0658135425891285e6
1.0864058501542448e6
1.1071975874992888e6
1.1281887517325338e6
1.1493793407418313e6
1.1707693532833732e6
1.1923587886962094e6
1.2141476470010541e6
1.2361359288578068e6
1.2583236354729782e6
1.280710768572649e6
1.3032973303523492e6
1.326083323459852e6
1.34906875093494e6
1.372253616186319e6
1.3956379229593878e6
1.4192216753407388e6
1.443004877533873e6
1.4669875342234625e6
1.491169650164063e6
1.5155512303729104e6
1.5401322799154904e6
1.5649128042066672e6
1.5898928087158464e6
1.615072298848711e6
1.640451280429229e6
1.6660297591508077e6
1.6918077408243208e6
1.7177852313216482e6
1.7439622365521009e6
1.770338762453851e6
1.796914814980263e6
1.8236904000993608e6
1.8506655237775296e6
1.877840191966105e6
1.9052144106127578e6
1.9327881856487654e6
1.9605615228947666e6
1.9885344282670775e6
2.0167069075508737e6
2.045078966508919e6
2.0736506108529847e6
2.102421846239955e6
2.1313926782729193e6
2.1605631124878083e6
2.1899331543626324e6
2.219502809308124e6
2.2492720826651943e6
2.2792409797113836e6
2.3094095056483885e6
2.3397776656082147e6
2.3703454646480526e6
2.4011129077550834e6
2.432079999838179e6
2.4632467457347997e6
2.494613150205773e6
2.5261792179391803e6
2.557944953545828e6
2.5899103615620527e6
2.622075446407885e6
2.6544402125554075e6
2.6870046643267972e6
2.719768805878634e6
2.752732641418534e6
2.78589617505051e6
2.81925941080319e6
2.852822352629678e6
2.8865850044237296e6
2.9205473700056737e6
2.9547094531261427e6
2.989071257482532e6
3.023632786688002e6
3.0583940443036165e6
3.093355033825527e6
3.1285157584760766e6
3.1638762220250657e6
3.1994364275948154e6
3.235196378677154e6
3.271156078013812e6
3.3073155289583793e6
3.3436747345951637e6
3.380233697949089e6
3.416992421996832e6
3.453950909659354e6
3.491109163804575e6
3.528467187253629e6
3.5660249828166123e6
3.6037825530917747e6
3.6417399008753123e6
3.67989702875382e6
3.718253939307848e6
3.7568106350743556e6
3.7955671185468985e6
3.834523392174122e6
3.8736794583648993e6
3.9130353194857202e6
3.9525909778627176e6
3.992346435784079e6