19397.803036482983
19516.282407455117
19832.24227212696
20345.723042223915
21056.78989686678
21965.532090985114
23072.062013532173
24376.514010342944
25879.042989996
27579.82283450257
29479.04463675963
31576.914795805387
33873.65299368493
36369.49008084858
39064.66590094462
41959.42714971195
45054.02491535271
48348.71297723999
51843.74520855937
55539.373752383355
59435.84702153084
63533.40783936836
67832.2917338328
72332.7258590809
77034.92508663917
81939.09575142091
87045.42949544784
92354.10487226807
97865.28650653762
103579.12348900002
109495.75001373487
115615.2845614922
121937.82995940125
128463.47322987356
135192.28591216033
142124.32420443158
149259.62941793818
156598.2283654944
164140.1339552807
171885.34578810015
179833.8508291938
187985.624149662
196340.6296713357
204898.82096431582
213660.142051584
222624.52823066348
231791.90688512273
241162.19830133693
250735.31647068853
260511.16986817488
270489.6622152678
280670.69321481884
291054.1592486851
301639.9540514165
312427.96934171056
323418.0954320952
334610.2217379158
346004.2373903781
357600.03162770567
369397.4942852906
381396.5161586894
393596.98943678755
405998.8079624495
418601.8675626466
431406.066290939
444411.30467467185
457617.4858817785
471024.51590686326
484632.3037107028
498440.7613256431
512449.8039547474
526659.3500016659
541069.3211801951
555679.6424863389
570490.2421343762
585501.0520469663
600712.006839813
616123.0447672533
631734.1072147446
647545.1388171336
663556.0869243974
679766.9024863313
696177.5390245902
712787.9530367858
729598.1038184548
746607.953274947
763817.4660567301
781226.6092509143
798835.3523677364
816643.6672407862
834651.5279451247
852858.9106548815
871265.7936043353
889872.15696534
908677.9827509071
927683.2547316359
946887.9583496216
966292.0806038028
985895.6100234089
1.0056985365234899e6
1.0257008513492118e6
1.0459025470058053e6
1.0663036171758312e6
1.0869040566423836e6
1.1077038612284367e6
1.1287030277242963e6
1.1499015537898594e6
1.17129943804809e6
1.1928966797728254e6
1.2146932790015556e6
1.23668923647794e6
1.2588845535560332e6
1.2812792321682044e6
1.303873274769554e6
1.3266666843180533e6
1.349659464208715e6
1.3728516182465712e6
1.3962431506113901e6
1.4198340658626314e6
1.4436243686893282e6
1.4676140643166318e6
1.4918031580463843e6
1.5161916554731547e6
1.5407795622444754e6
1.5655668843969011e6
1.5905536279674573e6
1.6157397991609792e6
1.6411254042887068e6
1.6667104497559862e6
1.6924949420383016e6
1.718478887678861e6
1.7446622932622526e6
1.7710451654043896e6
1.7976275107395875e6
1.824409335915651e6
1.8513906475797214e6
1.8785714523616969e6
1.9059517568872364e6
1.9335315677625972e6
1.9613108914723366e6
1.9892897346055054e6
2.017468103605813e6
2.045846004891607e6
2.0744234448241834e6
2.103200429703574e6
2.132176965769679e6
2.1613530591874155e6
2.190728716057056e6
2.220303942403742e6
2.2500787441749373e6
2.2800531272466006e6
2.3102270974112237e6
2.3406006603828175e6
2.371173821792178e6
2.401946587191835e6
2.4329189620473096e6
2.464090951744232e6
2.4954625615831935e6
2.527033796782595e6
2.5588046624762877e6
2.590775163714034e6
2.6229453054206287e6
2.6553150925661004e6
2.6878845299608307e6
2.7206536222413606e6
2.753622374086706e6
2.7867907900652895e6
2.820158874660852e6
2.8537266322740754e6
2.8874940672386796e6
2.9214611838069274e6
2.9556279861533474e6
2.9899944783930522e6
3.0245606645478457e6
3.0593265485807145e6
3.094292134382855e6
3.1294574255602453e6
3.1648224262711667e6
3.2003871400082046e6
3.236151570629607e6
3.272115721240241e6
3.3082795955454987e6
3.3446431969783707e6
3.381206528905249e6
3.417969594638615e6
3.4549323974289577e6
3.492094940467716e6
3.529457226894127e6
3.5670192597894175e6
3.6047810421832856e6
3.642742577047281e6
3.6809038673077375e6
3.719264915835052e6
3.757825725452536e6
3.796586298934657e6
3.835546639006015e6
3.874706748346936e6
3.9140666295899497e6
3.9536262853250774e6
3.993385718096466e6