136426.4050686175
136425.30844934972
136422.72152746987
136419.5589825132
136417.31003236404
136418.03377518442
136424.34085894458
136439.4141322882
136466.96018510096
136511.29000278062
136577.19247030385
136670.00665756618
136795.58104036923
136960.3090063873
137171.01633647305
137435.0445650064
137760.2046173843
138154.7326376288
138627.34110198525
139187.126520661
139843.5973180359
140606.66494129796
141486.6005471921
142493.97959035408
143639.73844233027
144935.09957493283
146391.5700292107
148020.89425597107
149835.0312959159
151846.1700041645
154066.61630354996
156508.82705925824
159185.35923736898
162108.81025843252
165291.82699722046
168747.0019269978
172486.8930720915
176523.930077995
180870.39430442976
185538.3570289707
190539.63477217042
195885.72954254295
201587.7780188531
207656.49432097573
214102.11242675016
220934.32982431244
228162.25044141238
235794.32898140512
243838.31667565487
252301.2096070925
261189.20056515237
270507.63278849924
280260.96411171317
290452.7298641151
301085.5164222246
312160.9427572434
323679.64436348
335641.27558692015
348044.50804358814
360887.04795736884
374165.65904792555
387876.19293841184
402013.6308891839
416572.13064486394
431545.08251117053
446925.1734158463
462704.452642522
478874.40439408197
495426.0256460173
512349.90099252935
529636.2870766188
547275.1843836203
565256.4211107295
583569.7249062052
602204.7966708252
621151.3786397208
640399.3149428824
659938.6117491138
679759.503622625
699852.4611745316
720208.2780624821
740818.0904690884
761673.3360773537
782765.933203822
804088.1528613693
825632.6833146119
847392.6461230495
869361.5904096529
891533.4795487908
913902.7161405348
936464.1074796593
959212.8648601479
982144.5989937772
1.0052552932715316e6
1.0285412986617131e6
1.0519993141893465e6
1.0756263692701098e6
1.0994198075649461e6
1.1233772674568833e6
1.147496669906372e6
1.171776192556595e6
1.196214257457556e6
1.2208095140029287e6
1.2455608218540584e6
1.270467234360566e6
1.2955279847001482e6
1.3207424705511888e6
1.3461102393472102e6
1.371630977451424e6
1.3973044966552984e6
1.4231307213783895e6
1.449109679958661e6
1.4752414934648138e6
1.5015263683923045e6
1.5279645708636413e6
1.5545564540205402e6
1.5813024226743341e6
1.6082029261208936e6
1.635258464785561e6
1.662469572668349e6
1.689836824284276e6
1.7173608202534085e6
1.745042184916792e6
1.7728815653731634e6
1.8008796117118497e6
1.8290370085440606e6
1.8573544346653626e6
1.8858325806972263e6
1.9144721404170352e6
1.94327381418692e6
1.9722382957059357e6
2.001366282592809e6
2.0306584632714232e6
2.0601155306356144e6
2.0897381643670853e6
2.119527040133034e6
2.149482825287048e6
2.179606177800622e6
2.2098977492333464e6
2.240358176646162e6
2.2709880899102683e6
2.3017881071391273e6
2.3327588350708345e6
2.3639008692459445e6
2.3952147931561195e6
2.4267011788374907e6
2.4583605862523587e6
2.4901935631993925e6
2.522200645504064e6
2.5543823572389595e6
2.5867392101920014e6
2.6192717046445436e6
2.651980329708765e6
2.68486556059048e6
2.7179278637475544e6
2.7511676929714386e6
2.7845854910864024e6
2.8181816899023014e6
2.851956710783872e6
2.8859109647834147e6
2.920044850474235e6
2.9543587619771166e6
2.9888530724158655e6
3.0235281587374453e6
3.058384379961577e6
3.0934220882645827e6
3.128641627087987e6
3.1640433285277155e6
3.1996275195993367e6
3.2353945176751544e6
3.271344631260055e6
3.307478162135934e6
3.3437954029419143e6
3.3802966404346204e6
3.4169821538845124e6
3.4538522130761575e6
3.490907083854284e6
3.52814702460654e6
3.565572286818423e6
3.603183116128288e6
3.6409797509551942e6
3.678962425026017e6
3.717131365701915e6
3.755486794922543e6
3.794028931154e6
3.8327579792568902e6
3.871674151504828e6
3.910777647049083e6
3.9500686617778367e6
3.9895473875380917e6
4.029214011007937e6
4.069068714979228e6
4.1091116777269566e6
4.149343073237661e6
4.1897630716493973e6
4.230371849644484e6
4.271169546406202e6
4.312156338313283e6
4.353332372860264e6
4.394697804038828e6