25121.617932976093
25218.520251280723
25477.10572605708
25897.861971571183
26481.577105716322
27229.333711967593
28142.500555872524
29222.722139855745
30471.906169142014
31892.20907128763
33486.01967747229
35255.94173958819
37204.77126928537
39335.487029697266
41651.20029747318
44155.17825591595
46850.770426952266
49741.42075945251
52830.624513254246
56121.90932102385
59618.81138729596
63324.849323769144
67243.50074929424
71378.18403016754
75732.22370464627
80308.84785494287
85111.15388476173
90142.0972451276
95404.47270307216
100900.9018217365
106633.81774833208
112605.45548829091
118817.84225444897
125272.79059444826
131971.8929986684
138916.51856971564
146107.81162127707
153546.6921687689
161233.85781496085
169169.7878289768
177354.7482369013
185788.79859222285
194471.80001124245
203403.42422774874
212583.16369123507
222010.34245997903
231684.12778570625
241603.54222019133
251767.47604827562
262174.69977121474
272823.87744976446
283713.5788305569
294842.2922245384
306208.43686524814
317810.3747476124
329646.42232810333
341714.86151566444
354013.95016320003
366541.93195368187
379297.0456817654
392277.5337922933
405481.65023530636
418907.66780747275
432553.8845226896
446418.62961377134
460500.26841596677
474797.20714585786
489307.89674988174
504030.83618807315
518964.5751568045
534107.7165677787
549458.9176787385
565016.8919104098
580780.4096576016
596748.2984556344
612919.4435138461
629292.7868442142
645867.3278249039
662642.1214367319
679616.2779697573
696788.9615328088
714159.3891648825
731726.8289074266
749490.5986076865
767450.0642339429
785604.6380872289
803953.7771686831
822496.9809618726
841233.7903485212
860163.7851147071
879286.5824709046
898601.8351550668
918109.2295108713
937808.4849243192
957699.3469598503
977781.5957106566
998055.0341438543
1.0185194914149991e6
1.0391748205439643e6
1.060020896724957e6
1.0810576158094257e6
1.1022848932499974e6
1.1237026626240541e6
1.1453108741422095e6
1.1671094937718674e6
1.189098501834201e6
1.211277892209155e6
1.2336476709301593e6
1.2562078555349933e6
1.2789584738591197e6
1.3018995634326646e6
1.325031170339672e6
1.348353348723533e6
1.3718661599573796e6
1.3955696718441418e6
1.4194639580716284e6
1.443549097613832e6
1.467825174172161e6
1.4922922755125961e6
1.5169504933119072e6
1.541799922151673e6
1.5668406596260031e6
1.5920728056835053e6
1.6174964622742715e6
1.643111732921241e6
1.668918722816115e6
1.694917538016141e6
1.7211082854283247e6
1.7474910719658083e6
1.7740660072643864e6
1.8008331974319331e6
1.8277927512749645e6
1.8549447762555897e6
1.8822893798608894e6
1.9098266688348965e6
1.937556749401312e6
1.9654797270785456e6
1.9935957063460597e6
2.0219047908610334e6
2.050407083182002e6
2.079102684800074e6
2.107991696003798e6
2.137074215892378e6
2.16635034214167e6
2.1958201714024455e6
2.2254837987240413e6
2.255341317794262e6
2.2853928210645546e6
2.3156383993598646e6
2.3460781421155194e6
2.376712137309266e6
2.4075404715085845e6
2.438563229920389e6
2.469780496054366e6
2.501192352128542e6
2.5327988788649985e6
2.5646001555106603e6
2.596596259926045e6
2.6287872685231664e6
2.6611732562904162e6
2.6937542968318015e6
2.726530462372732e6
2.759501823795234e6
2.7926684506569006e6
2.8260304110750044e6
2.859587771959146e6
2.8933405989062274e6
2.9272889563287618e6
2.961432907201138e6
2.9957725134772407e6
3.030307835819741e6
3.065038933752058e6
3.099965865508332e6
3.1350886884029713e6
3.1704074584864257e6
3.205922230794063e6
3.2416330592521587e6
3.2775399967434546e6
3.313643095142358e6
3.349942405553419e6
3.386437977420911e6
3.4231298599184407e6
3.4600181009775316e6
3.4971027477213982e6
3.534383846323535e6
3.5718614420684474e6
3.6095355793872913e6
3.6474063013568213e6
3.6854736524022883e6
3.723737672859558e6
3.762198404463388e6
3.80085588765457e6
3.8397101621337943e6
3.878761266828956e6
3.9180092399923652e6
3.9574541191681297e6
3.99709594121454e6
4.0369347423397843e6
4.076970558078016e6
4.1172034234259827e6