21333.95165289933
21445.034641666716
21741.33593815367
22223.072951497335
22890.596625635822
23744.388121084667
24785.05428347556
26013.321958463606
27430.031229434557
29036.127652996885
30832.653623539743
32820.73893427671
35001.59103624373
37376.48265420558
39946.74423240609
42713.74893465826
45678.90383192785
48843.63626997016
52209.38463337117
55777.584310264836
59549.66096032371
63527.01632223565
67711.02042386617
72103.00154620207
76704.23805971038
81515.95031628617
86539.29534672764
91775.35711462979
97225.14493095552
102889.58738638248
108769.52900874786
114865.72769618609
121178.85298006574
127709.48500262553
134458.11408449739
141425.14190067197
148610.88190096148
156015.56162481557
163639.32510594706
171482.23540442553
179544.27841434345
187825.36635157675
196325.34191246433
205043.98251207516
213981.0048603546
223136.06961142411
232508.7861078631
242098.71718365035
251905.38397142885
261928.27060926886
272166.8289781427
282620.48295719846
293288.63341986603
304170.6618442248
315265.9346684067
326573.8070806965
338093.62657307176
349824.7363849115
361766.4786262219
373918.19718265114
386279.2404115428
398848.96351587586
411626.73084269476
424611.91767711786
437803.91225371824
451202.11706227635
464805.95027716976
478614.8468613031
492628.25962131284
506845.6598106931
521266.53792764695
535890.404040416
550716.7883370644
565745.2410504546
580975.3327557731
596406.6542987162
612038.8167688715
627871.4510743413
643904.2080034015
660136.757652143
676568.7891255759
693200.0101185427
710030.1463946024
727058.9413455611
744286.1551770011
761711.564902113
779334.9631687119
797156.1579942985
815174.9720720229
833391.242160413
851804.8184909327
870415.5641646282
889223.3544732523
908228.0764534294
927429.6281759677
946827.9182130116
966422.8650999899
986214.3966633434
1.0062024497835755e6
1.0263869694954525e6
1.0467679088078799e6
1.0673452280280408e6
1.0881188944591694e6
1.1090888816865014e6
1.1302551695583898e6
1.1516177433597187e6
1.17317659376253e6
1.1949317161516363e6
1.216883110614861e6
1.239030781184561e6
1.261374735886374e6
1.2839149862455197e6
1.306651547088975e6
1.3295844364283176e6
1.3527136740332812e6
1.3760392836453933e6
1.3995612902648035e6
1.423279721197827e6
1.4471946055676404e6
1.471305974424291e6
1.4956138594910852e6
1.5201182943758946e6
1.5448193142735132e6
1.5697169546386986e6
1.5948112520859202e6
1.6201022439451104e6
1.6455899681761765e6
1.6712744633223559e6
1.6971557681194479e6
1.723233921964568e6
1.7495089642680185e6
1.7759809346754318e6
1.802649872887011e6
1.8295158186577454e6
1.85657881169639e6
1.8838388915750575e6
1.911296097789606e6
1.9389504696047455e6
1.9668020460395217e6
1.9948508658565092e6
2.0230969675143808e6
2.0515403891179734e6
2.0801811684257137e6
2.1090193427920397e6
2.138054949156007e6
2.167288024056768e6
2.196718603495513e6
2.2263467232256555e6
2.2561724182476946e6
2.286195723241942e6
2.316416672353961e6
2.346835299290573e6
2.3774516371894884e6
2.408265718682282e6
2.4392775759154824e6
2.4704872405064106e6
2.501894743577993e6
2.533500115713411e6
2.5653033870029775e6
2.597304587029864e6
2.629503744855247e6
2.661900889061406e6
2.6944960478584315e6
2.7272892484356896e6
2.7602805180834816e6
2.7934698835647176e6
2.826857370915109e6
2.8604430057777623e6
2.8942268133271947e6
2.9282088183168056e6
2.962389045019867e6
2.9967675173020433e6
3.031344258545998e6
3.0661192917292593e6
3.1010926394064175e6
3.1362643237255514e6
3.171634366401761e6
3.2072027887661727e6
3.2429696117695533e6
3.278934856198502e6
3.3150985417769067e6
3.3514606885333424e6
3.388021315893839e6
3.4247804429646228e6
3.4617380884833e6
3.498894270849309e6
3.5362490081230653e6
3.57380231804986e6
3.611554218046277e6
3.649504725214851e6
3.687653856356035e6
3.726001627973755e6
3.764548056260162e6
3.80329315715074e6
3.8422369462684058e6
3.8813794390119202e6
3.920720650366349e6
3.9602605952687245e6
3.999999288256067e6
4.0399367436466105e6