294724.1777120823
294676.7426026054
294550.5419990362
294346.3827546842
294065.5886706878
293709.5311682773
293281.7852684113
292783.9512203087
292219.62809922156
291592.7024367609
290907.2614340025
290168.1795661886
289380.51870957785
288549.92638026085
287682.4891495954
286784.95090601797
285863.3389714155
284925.86147150816
283979.8940955028
283033.63086251897
282095.42332390434
281174.2290099101
280279.14859780465
279419.76310836786
278605.9046363689
277847.7514708696
277155.810417869
276540.8495640656
276013.91957210656
275586.3571192958
275269.7638334051
275075.97469131195
275017.05036875256
275105.28853682446
275353.1798990654
275773.4328525133
276378.9087676408
277182.64103907783
278197.80232670734
279437.7042916311
280915.75668340747
282645.4588269413
284640.3759451824
286914.10948764806
289480.27525000914
292352.471272956
295544.25330040243
299069.09019360074
302940.3342898844
307171.1825884393
311774.63171400083
316763.4367736995
322150.06053956883
327946.62612859654
334164.8639133937
340816.05683275533
347910.9849414312
355459.8673285586
363472.30388885457
371957.213740453
380922.7823483704
390376.3998245855
400324.6067435072
410773.0442828764
421726.4003053663
433188.3640394126
445161.60554574
457647.7116536695
470647.19533327536
484159.4570434684
498182.7915321311
512714.38695198775
527750.3264857656
543285.6419898683
559314.3073588761
575829.3120889827
592822.7091198106
610285.6549721328
628208.523401368
646580.9423699279
665391.8969152491
684629.8084699718
704282.6313712288
724337.957628534
744783.0885377736
765605.1378541142
786791.1125432705
808328.0366794043
830202.9890383519
852403.2046196375
874916.1260959889
897729.509177391
920831.4194447089
944210.3364550663
967855.1766115681
991755.3185526213
1.0159006445986363e6
1.0402815560873873e6
1.0648889820837337e6
1.0897144016131726e6
1.1147498440092355e6
1.1399878798527177e6
1.165421617262379e6
1.1910446920875001e6
1.2168512595766892e6
1.2428359666187596e6
1.2689939522202834e6
1.2953208014864335e6
1.3218125628952659e6
1.3484656793133738e6
1.3752770038230757e6
1.4022437506216937e6
1.4293634994158046e6
1.4566341226432184e6
1.484053836517118e6
1.511621118281419e6
1.5393347017558047e6
1.5671935671031445e6
1.5951969138058126e6
1.6233441423245019e6
1.651634836888539e6
1.6800687462320777e6
1.7086457728853927e6
1.737365966238686e6
1.7662294514817456e6
1.7952365342588122e6
1.8243875618795478e6
1.8536830106132894e6
1.8831233896528252e6
1.912709301602014e6
1.9424414027797447e6
1.9723203965023202e6
2.0023470337345535e6
2.0325220975221465e6
2.062846400796413e6
2.0933207849099173e6
2.123946105574958e6
2.154723236223361e6
2.1856530646990826e6
2.2167364798080754e6
2.2479743828229546e6
2.2793676656505824e6
2.310917227906001e6
2.3426239614926353e6
2.3744887498500934e6
2.4065124781668196e6
2.4386960122501664e6
2.4710402136298176e6
2.503545930297806e6
2.536213997296109e6
2.5690452380173486e6
2.6020404587525697e6
2.6352004544054763e6
2.6685260022267313e6
2.7020178653720124e6
2.7356767896115608e6
2.7695035044993684e6
2.8034987286392204e6
2.8376631556793493e6
2.8719974692984605e6
2.9065023346256665e6
2.9411784091003304e6
2.9760263022774784e6
3.0110466557707503e6
3.0462400607276317e6
3.0816071110750632e6
3.1171483726170594e6
3.152864398752336e6
3.1887557350299824e6
3.224822908919004e6
3.2610664321695706e6
3.2974868053184873e6
3.3340845113098267e6
3.3708600252999286e6
3.4078138062573373e6
3.444946301288797e6
3.482257945600896e6
3.5197491607618323e6
3.557420359432182e6
3.5952719421765422e6
3.6333042957546907e6
3.6715177985940026e6
3.7099128237724397e6
3.7484897235875735e6
3.787248847980408e6
3.826190535858755e6
3.8653151162893157e6
3.9046229094611574e6
3.944114227597365e6
3.983789374054889e6
4.023648643718642e6
4.0636923239078242e6
4.1039206943361247e6
4.1443340269401213e6
4.184932586689707e6
4.225716631576878e6
4.266686412716811e6
4.3078421742106015e6
4.349184154816917e6
4.39071258683226e6