200582.61799911305
200560.03531477944
200500.00611759728
200403.641512978
200272.3753927041
200107.8644170988
199912.72636736248
199689.9736807198
199443.0284557981
199176.22249446897
198893.83977351052
198601.00261240941
198303.28043319756
198006.69256120862
197717.76070607692
197443.44017006527
197191.14136794826
196968.69487425557
196784.46630188584
196647.05842879612
196565.59292972082
196549.55121347524
196608.77531834913
196753.4734188696
196994.19545353786
197341.79969463003
197807.4700178564
198402.68241572153
199139.16266333387
200028.91403560416
201084.17363667412
202317.3797115694
203741.16208157502
205368.32352724066
207211.79996681574
209284.65798058308
211600.04402183747
214171.1484295631
217011.2020348207
220133.4143099658
223550.948587296
227276.87984246394
231324.14998522302
235705.53274387697
240433.57121476944
245520.5412883915
250978.39831889985
256818.7171469821
263052.64407669223
269690.83643951017
276743.4068701514
284219.8649682534
292129.0606388744
300479.12656160723
309277.42450954183
318530.4927720641
328243.9973773742
338422.68659648136
349070.35574796423
360189.8065688483
371782.8275963217
383850.17473258637
396391.55881141574
409405.64171610016
422890.0519388682
436841.39506641944
451255.2861015345
466126.38193151745
481448.42922837636
497214.3207987974
513416.156444376
530045.2902802833
547092.4637569471
564547.8167335892
582401.0147659311
600641.317240811
619257.6659633653
638238.7723188561
657573.2026750335
677249.456056828
697256.0400913961
717581.5531100673
738214.7391739986
759144.5635731274
780360.2530984015
801851.3365105656
823607.7636243689
845619.7988423994
867878.177550687
890374.0709896118
913099.1118589017
936045.4068361545
959205.5410811099
982572.5820684619
1.0061400728392723e6
1.0299020303675309e6
1.0538529293627427e6
1.0779876980712507e6
1.1023016908390948e6
1.1267906882184595e6
1.1514508659889847e6
1.1762787814103344e6
1.2012713545548506e6
1.226425846297323e6
1.251739837945315e6
1.2772112134902272e6
1.3028381375597417e6
1.3286190357502382e6
1.3545525794242434e6
1.3806376620687083e6
1.406873383992576e6
1.433259038587018e6
1.459794092391119e6
1.486478166813455e6
1.5133110362868274e6
1.540292594693896e6
1.567422877013669e6
1.5947019890175753e6
1.6221301595379375e6
1.649707693100538e6
1.677434979124426e6
1.705312462513113e6
1.7333406519832881e6
1.7615201065481643e6
1.789851429626298e6
1.8183352644432536e6
1.8469722846237544e6
1.8757631935443617e6
1.9047087139206505e6
1.9338095881582433e6
1.9630665737998155e6
1.992480436728874e6
2.0220519522757349e6
2.0517819064402422e6
2.0816710623417958e6
2.1117202183282627e6
2.1419301466282057e6
2.172301633255227e6
2.202835429201901e6
2.2335323047984596e6
2.2643930209249314e6
2.295418309457222e6
2.3266089090298833e6
2.357965544824878e6
2.3894889273982598e6
2.4211797569838706e6
2.4530387195730433e6
2.485066491099517e6
2.5172637273012176e6
2.5496310688700965e6
2.5821691675297804e6
2.6148786329739382e6
2.647760070732259e6
2.680814072695024e6
2.7140412073266427e6
2.747442057838817e6
2.7810171657164083e6
2.814767068102823e6
2.848692289355485e6
2.882793340269192e6
2.9170707192033245e6
2.9515249153718147e6
2.986156390524947e6
3.020965616977379e6
3.055953039187861e6
3.091119095101322e6
3.1264642117110454e6
3.161988799970117e6
3.1976932659334983e6
3.233578003396081e6
3.269643393479304e6
3.3058898097036295e6
3.3423176134365806e6
3.3789271589584085e6
3.4157187877495764e6
3.4526928388711503e6
3.489849634019375e6
3.5271894911051765e6
3.5647127192393006e6
3.602419619465927e6
3.64031048380042e6
3.6783855976555417e6
3.716645238807767e6
3.755089688528025e6
3.7937191772990557e6
3.832533995736823e6
3.8715343796872566e6
3.9107205759113175e6
3.9500928211016865e6
3.989651346424471e6
4.0293963775102575e6
4.0693281342669283e6
4.1094468312537945e6
4.149752677327138e6
4.1902458766199513e6
4.230926627894204e6
4.271795121422455e6
4.312851558353314e6
4.3540961116196215e6
4.395528965682227e6