68172.36230117865
68203.46403875606
68286.75518864891
68423.1980617673
68614.35354254066
68862.37692329803
69170.0120254505
69540.5852618716
69977.99413012227
70486.70275993153
71071.71001618673
71738.58646001396
72493.38883613975
73342.68928338852
74293.55854905446
75353.52314447903
76530.56154627944
77833.07335469328
79269.85591202331
80850.075026471
82583.24817739287
84479.20052545323
86548.03809017668
88800.11697574618
91246.01064131025
93896.45379148534
96762.32789901775
99854.6029604788
103184.29839734943
106762.44218943987
110600.01589169283
114707.91156099149
119096.8776500556
123777.47158067088
128760.00261992027
134054.48374109782
139670.5667866209
145617.50825109275
151904.09515147103
158538.60546058544
165528.75462006195
172881.64786144075
180603.7345351458
188700.76683251117
197177.76277513488
206038.97389047893
215287.85877884322
224927.06171583114
234958.40039427028
245382.8563561346
256200.57712693047
267410.8836593338
279012.2841935179
291002.4967450196
303378.4851420082
316136.4800014916
329272.0371152756
342780.0766532057
356654.9402075263
370890.4414332631
385479.93268677616
400416.36382633727
415692.34455051785
431300.21103683545
447232.08668448543
463479.9443956281
480035.66638942756
496891.10073642165
514038.11618956755
531468.6505843316
549174.7574612666
567148.6436587693
585382.7130201391
603869.5903685265
622602.1539432292
641573.5568760443
660777.2451201995
680206.9704269258
699856.803920253
719721.1395612366
739794.701108575
760072.5374979589
780550.0263433562
801222.8632626346
822087.0642434484
843138.9485169834
864375.1342810111
885792.5252091148
907388.3011589193
929159.9046131838
951105.028658109
973221.6029117105
995507.7821906824
1.017961923312079e6
1.0405826146418082e6
1.0633685789456076e6
1.086318747302093e6
1.1094322018120808e6
1.1327081732286704e6
1.1561460305982681e6
1.1797452697781739e6
1.2035055050551817e6
1.227426454241329e6
1.251507936592014e6
1.2757498590421125e6
1.3001522096265326e6
1.3247150498895766e6
1.349438508016894e6
1.3743227711397996e6
1.3993680802745325e6
1.4245747238999938e6
1.4499430328251463e6
1.4754733750227978e6
1.501166151597953e6
1.527021791087981e6
1.5530407484033094e6
1.5792234985305853e6
1.6055705339879584e6
1.632082363927254e6
1.6587595075660695e6
1.6856024951069248e6
1.7126118640320208e6
1.7397881567972307e6
1.7671319211490513e6
1.7946437051973685e6
1.8223240579820825e6
1.8501735282083822e6
1.8781926633462594e6
1.9063820039741115e6
1.9347420909911166e6
1.9632734588913743e6
1.9919766365358497e6
2.0208521467797242e6
2.0499005060082446e6
2.0791222228970574e6
2.1085177989712683e6
2.1380877276219595e6
2.167832494005909e6
2.197752575031306e6
2.227848437860719e6
2.258120543934824e6
2.2885693417686475e6
2.3191952737662e6
2.3499987723663077e6
2.380980261056407e6
2.4121401546884337e6
2.4434788588935165e6
2.474996770378763e6
2.5066942771658404e6
2.5385717587842327e6
2.5706295857641194e6
2.6028681204423616e6
2.635287716582815e6
2.6678887199464533e6
2.700671467872361e6
2.7336362900964697e6
2.7667835083923945e6
2.800113436709542e6
2.8336263817998893e6
2.8673226429260247e6
2.901202512148653e6
2.9352662758899815e6
2.969514208550042e6
3.003946585507162e6
3.0385636704522455e6
3.0733657259332733e6
3.1083529931009687e6
3.143525728862168e6
3.1788841706481455e6
3.2144285531117455e6
3.250159105223345e6
3.286076050781216e6
3.3221796076305304e6
3.358469989360584e6
3.394947403721577e6
3.4316120546040963e6
3.468464139771445e6
3.5055038534411625e6
3.5427313845961047e6
3.5801469188333056e6
3.617750635864842e6
3.65554271288171e6
3.693523322304645e6
3.731692632583882e6
3.770050808723939e6
3.808598011634503e6
3.8473344002997796e6
3.8862601266250205e6
3.92537534056194e6
3.9646801914389334e6
4.0041748225367204e6
4.043859374940797e6
4.083733986585475e6
4.1237987924099374e6
4.1640539245253685e6
4.204499514237665e6
4.245135684225738e6
4.285962560453292e6
4.326980264006602e6
4.368188914112033e6