22031.388529301323
22139.791514584223
22428.96725175686
22899.190578943428
23550.905257725717
24384.71993877613
25401.402647479244
26601.873857500992
27987.19823986237
29558.57517237815
31317.328163110018
33264.89326167815
35402.80714909005
37732.691474200656
40256.24420970482
42975.22041840121
45891.42124162798
49006.67734261747
52322.83633675954
55841.7473714275
59565.24851083
63495.15249651887
67633.23453426325
71981.22030310245
76540.77530570744
81313.49255361428
86300.88730697779
91504.38501243797
96925.31594457981
102564.9089513128
108424.2863460676
114504.46065330981
120806.32891581723
127330.6768458578
134078.17222462076
141049.3679531051
148244.70297731404
155664.50378333108
163308.98748935672
171178.26524091949
179272.34623963374
187591.1423694667
196134.4733356057
204902.07198328656
213893.5901893667
223108.60477946285
232546.62367440574
242207.0921338651
252089.3990172516
262192.8829735861
272516.8386412428
283060.5225877043
293823.1592225018
304803.9464448094
316002.06067127315
327416.66279246716
339046.90217397676
350891.92163652356
362950.8616144777
375222.86410213925
387707.07624295074
400402.653629433
413308.7633769368
426424.5865565947
439749.32100075297
453282.1829478201
467022.40916209214
480969.25834989967
495122.0125610236
509479.9781647603
524042.4868073128
538808.8960017699
553778.5896065389
568950.9781628097
584325.498943931
599901.6160577787
615678.8203179232
631656.6286819561
647834.5846421425
664212.2568327643
680789.2392384564
697565.1503117844
714539.6324580192
731712.35121515
749082.9944339728
766651.2719256987
784416.9143614201
802379.672515884
820539.3162058146
838895.634889044
857448.4340409768
876197.5371819717
895142.78394825
914284.0277433796
933621.138850704
953153.9997221412
972882.5065846177
992806.5662966226
1.0129260998598436e6
1.0332410373237624e6
1.0537513195354708e6
1.0744568968527727e6
1.095357728664151e6
1.1164537826999929e6
1.137745034546916e6
1.159231467007746e6
1.1809130698472592e6
1.2027898388917786e6
1.2248617759569422e6
1.2471288859180715e6
1.2695911873215656e6
1.2922486903550492e6
1.3151014179920857e6
1.3381493948200468e6
1.3613926489651003e6
1.3848312116975465e6
1.4084651171600146e6
1.4322944021043614e6
1.4563191055859583e6
1.4805392687610462e6
1.5049549346336173e6
1.5295661478141523e6
1.5543729544149283e6
1.5793754017060823e6
1.6045735381221904e6
1.6299674129545973e6
1.6555570761399711e6
1.6813425787354566e6
1.707323971552466e6
1.733501306271634e6
1.759874634686281e6
1.7864440088253834e6
1.8132094807095663e6
1.8401711023513854e6
1.8673289257281593e6
1.89468300258074e6
1.9222333844870417e6
1.9499801227106564e6
1.9779232681588787e6
2.006062871373503e6
2.0343989824867845e6
2.0629316510352064e6
2.0916609262580704e6
2.1205868567162324e6
2.149709490437076e6
2.1790288749081963e6
2.208545056922561e6
2.2382580828063013e6
2.268167998038824e6
2.2982748476533988e6
2.3285786759222792e6
2.359079526466407e6
2.3897774422535123e6
2.4206724655501796e6
2.451764637972752e6
2.483053999803916e6
2.5145405932306247e6
2.5462244558843663e6
2.5781056273144484e6
2.610184145748793e6
2.642460048599071e6
2.674933373060074e6
2.707604155237203e6
2.7404724307953557e6
2.77353823461217e6
2.8068016010071468e6
2.840262563743636e6
2.8739211559132836e6
2.907777409946985e6
2.941831357764847e6
2.976083030644958e6
3.0105324593563536e6
3.045179673952158e6
3.0800247040900467e6
3.11506757878692e6
3.1503083265489405e6
3.1857469753309805e6
3.2213835526949754e6
3.2572180852324497e6
3.2932505999746146e6
3.329481122296582e6
3.3659096778717134e6
3.402536291715664e6
3.4393609883459164e6
3.4763837918568254e6
3.513604725879899e6
3.551023813629723e6
3.588641077889866e6
3.6264565410366673e6
3.6644702250218503e6
3.702682151429192e6
3.741092341435889e6
3.7797008158292016e6
3.818507595034874e6
3.85751269913295e6
3.896716147869845e6
3.9361179604674056e6
3.975718156086795e6
4.0155167533681747e6
4.0555137706820117e6