157215.24582213588
157206.63532486145
157184.00407313998
157148.25133325678
157100.8259297583
157043.7755741598
156979.64835337445
156879.9459672956
156843.17648530623
156778.70676786028
156722.85808313056
156680.88642161037
156658.53546591802
156662.08228679112
156698.24350040936
156774.23990107392
156897.75337583967
157076.91489975102
157320.26017331943
157636.85629109148
158035.96705231577
158527.4407381341
159121.4114684743
159828.345440878
160659.1397055115
161624.84934570803
162736.94587466435
164007.1267302347
165447.3178968542
167069.71082625748
168886.6406657588
170910.63515527168
173154.37930228113
175630.5556312604
178352.0679360046
181331.76333595155
184582.4980776183
188117.09055564337
191948.26776128163
196088.62513163866
200550.5807458742
205346.32110963896
210487.75391384575
215986.4525261008
221853.60009584378
228099.93447034253
234735.6937533897
241770.5529927961
249213.57269766237
257073.1403647464
265356.91600725136
274071.7810171854
283223.78859381174
292818.11980615236
302859.0438250497
313349.8841622089
324292.99020082736
335689.7220453733
347540.4295936088
359844.46341022605
372600.16401243
385804.890725413
399455.0363177139
413546.0691705423
428072.56301047537
443028.262386854
458406.12802707346
474198.40443036053
490396.6972854552
506992.03642946016
523974.96848121675
541335.6206322715
559063.7986552975
577149.055731819
595580.7824722857
614348.2749123448
633440.8171419054
652847.7457043927
672558.5156050879
692562.7641214
712850.3582594197
733411.4435190344
754236.4931319577
775316.3272939529
796642.1595006732
818205.6025025037
839998.6967166093
862013.926915857
884244.2097716605
906682.9127106132
929323.8501982104
952161.2712790885
975189.8584768749
998404.7147663437
1.0218013497538315e6
1.0453756718019631e6
1.069123958749041e6
1.093042853475674e6
1.1171293373258223e6
1.141380719802828e6
1.165794614335014e6
1.1903689181111255e6
1.2151018010553797e6
1.2399916818059867e6
1.2650372116728416e6
1.2902372572757292e6
1.3155908830482815e6
1.3410973434806555e6
1.3667560523986854e6
1.3925665824406764e6
1.4185286448350893e6
1.4446420814264338e6
1.4709068456288422e6
1.4973229985070517e6
1.523890693687354e6
1.5506101658282164e6
1.5774817351390352e6
1.604505775634319e6
1.6316827221911652e6
1.6590130656212005e6
1.686497341870936e6
1.7141361255608543e6
1.741930021337884e6
1.769879664877655e6
1.7979857139770926e6
1.8262488467241188e6
1.854669756694647e6
1.883249149339038e6
1.9119877394854925e6
1.9408862476764247e6
1.9699453992429706e6
1.999165918822154e6
2.0285485356876522e6
2.0580939636989632e6
2.0878029310121078e6
2.1176761477074493e6
2.147714321146941e6
2.177918149249953e6
2.208288324686937e6
2.238825528932467e6
2.269530430252831e6
2.3004036904294975e6
2.33144595829969e6
2.3626578712214883e6
2.394040054743559e6
2.425593122039472e6
2.4573176741006393e6
2.4892142992246933e6
2.521283573287298e6
2.5535260573450085e6
2.585942308276678e6
2.618532858694873e6
2.6512982333887513e6
2.6842389483477026e6
2.7173555035065855e6
2.7506483875222174e6
2.7841180771937626e6
2.817765037651882e6
2.851589721588215e6
2.8855925719412817e6
2.919774025082043e6
2.954134485564636e6
2.988674371087324e6
3.023394085890853e6
3.058294014910422e6
3.0933745339690917e6
3.128636013792016e6
3.164078811827217e6
3.1997032837363514e6
3.235509756044079e6
3.271498574352099e6
3.307670067580516e6
3.3440245309894797e6
3.38056228132486e6
3.4172836164072533e6
3.454188828761774e6
3.491278201411809e6
3.5285520211792076e6
3.5660105360029624e6
3.6036540193323093e6
3.6414827263384326e6
3.6794969065345703e6
3.7176968030187227e6
3.7560826525336113e6
3.7946546864907155e6
3.833413129431911e6
3.8723582013782e6
3.9114901165962797e6
3.9508090818598084e6
3.9903153072307548e6
4.0300089855078533e6
4.069890312810107e6
4.1099594788254276e6
4.1502166528664334e6
4.190662046301488e6
4.23129582003689e6
4.27211814360229e6
4.313129193744316e6
4.35432912586764e6
4.39571810386596e6