23911.84884077211
24013.149175437902
24283.435017469565
24723.118630958183
25332.866098985687
26113.591871259025
27066.45129828153
28192.83121229618
29494.338680361026
30972.788028887102
32630.186254966553
34468.71699509
36490.72482385217
38698.68885519788
41095.21992252518
43683.022329185216
46464.88305261665
49443.65163999796
52622.21327864795
56003.47300891685
59590.330940621876
63385.66521026822
67392.31044483485
71613.03885109359
76050.5463416532
80707.42515397427
85586.16285124495
90689.11724459738
96018.50720546537
101576.40276807055
107364.71342245869
113385.18164799223
119639.37540181729
126128.6844324588
132854.31673647987
139817.29701561193
147018.46680581893
154458.48604314323
162137.83560282495
170056.82151359867
178215.58017855068
186614.08463770564
195252.15171033074
204129.4500013038
213245.50854966443
222599.72604351703
232191.3803643955
242019.63870963635
252083.5674726054
262382.14266701404
272914.26000219135
283678.7450575105
294674.3631400169
305899.82898488245
317353.8159438405
329034.96510127024
340941.8936646803
353073.2030245177
365427.48630885035
378003.3353880876
390799.3473859637
403814.130609612
417046.3099605943
430494.53186203423
444157.46867178497
458033.8222515043
472122.3276774663
486421.7559349751
500930.91633972456
515648.6588990281
530573.8753222226
545705.5006405149
561042.5142299084
576583.9402461455
592328.8478650195
608276.3514761945
624425.610424961
640775.8287753424
657326.2541246503
674076.1779530682
691024.9336832208
708171.8963180804
725516.4808271192
743058.1417932
760796.3709348261
778730.6969094563
796860.6832439308
815185.927327489
833706.0589376581
852420.7386109061
871329.6564714173
890432.5307725708
909729.1065994138
929219.1535255861
948902.4665412422
968778.8622838992
988848.1790932628
1.009110275399757e6
1.02956502868774e6
1.050212334196675e6
1.071052103683217e6
1.0920842646751255e6
1.1133087591231947e6
1.1347255426860098e6
1.1563345834008506e6
1.1781358612176655e6
1.20012936679978e6
1.2223151008198904e6
1.2446930733584352e6
1.2672633026525201e6
1.2900258152100646e6
1.3129806443020415e6
1.3361278299735505e6
1.359467418076701e6
1.3829994598912743e6
1.4067240116130612e6
1.4306411337737439e6
1.4547508908674535e6
1.479053350901624e6
1.503548584698326e6
1.5282366672099188e6
1.5531176735960199e6
1.5781916815291906e6
1.6034587725889585e6
1.628919027831298e6
1.654572530059618e6
1.6804193631272665e6
1.7064596116657057e6
1.7326933608992386e6
1.7591206964388536e6
1.785741704106888e6
1.812556469896461e6
1.8395650796186018e6
1.8667676189244036e6
1.8941641731287183e6
1.9217548271639745e6
1.9495396653971472e6
1.9775187716316879e6
2.0056922289421586e6
2.0340601197224073e6
2.0626225253835227e6
2.091379526602447e6
2.120331203083701e6
2.1494776335620517e6
2.1788188957688864e6
2.208355066411711e6
2.238086221156121e6
2.2680124344096766e6
2.298133779781428e6
2.328450329353914e6
2.3589621545892186e6
2.3896693254353227e6
2.420571910801727e6
2.451669978426825e6
2.4829635949295717e6
2.514452825795139e6
2.5461377353642294e6
2.578018386809862e6
2.6100948422232387e6
2.642367162561458e6
2.674835407630531e6
2.7074996362157646e6
2.740359905983915e6
2.7734162735745246e6
2.8066687944417265e6
2.840117523135226e6
2.8737625130660837e6
2.907603816804922e6
2.941641485694628e6
2.97587557032027e6
3.0103061201544055e6
3.04493318382917e6
3.079756808895425e6
3.11477704219772e6
3.149993929619624e6
3.1854075159355444e6
3.2210178454588563e6
3.2568249613823746e6
3.292828906177699e6
3.3290297216941672e6
3.3654274483447582e6
3.4020221264349683e6
3.438813795237294e6
3.4758024933634247e6
3.512988258661009e6
3.550371128264462e6
3.5879511385775697e6
3.625728325405519e6
3.6637027238487056e6
3.701874368345683e6
3.7402432927128575e6
3.7788095301403035e6
3.817573113225144e6
3.8565340739583946e6
3.89569244369473e6
3.93504825348435e6
3.9746015332785123e6
4.014352313103203e6
4.0543006220847075e6
4.094446488939334e6