19855.786533822793
19972.535592374734
20283.897509498776
20789.956768557466
21490.84966197615
22386.762888692916
23477.93164272244
24764.637221596655
26247.204190338285
27925.997143550696
29801.417107922047
31873.897647464044
34143.90071578731
36611.9120147416
39278.4379967839
42143.99847218007
45209.12446968859
48474.35323937597
51940.22305775541
55607.269438812844
59476.021352227064
63546.995436464254
67820.69579310082
72297.60736340274
76978.19418722574
81862.89687699213
86952.13012379588
92246.27903106733
97745.70108022961
103450.72097569148
109361.6316976444
115478.69314795501
121802.13203990724
128332.14169927535
135068.8823158956
142012.48135367493
149163.0342930726
156520.60550871157
164085.22937763494
171856.9113388988
179835.63022678933
188021.33784004458
196413.96249994726
205013.4097156492
213819.56409457154
222832.29107891617
232051.4386928135
241476.83928961414
251108.31127362695
260945.66082694806
270988.6833690287
281237.1654782587
291690.8861991666
302349.6185033163
313213.1307468271
324281.18796079955
335553.55306789285
347029.9880444982
358710.2549550659
370594.11696086026
382681.33921973413
394971.6895705946
407464.9394976884
420160.86457718443
433059.2451391942
446159.8667674762
459462.5207144353
472967.0043021251
486673.1212235617
500580.6818050152
514689.50315060496
528999.4093702957
543510.2316646271
558221.8083496231
573133.9849246433
588246.6140494205
603559.5555129059
619072.6761233148
634785.8496877458
650698.9568400604
666811.8849474133
683124.5278992082
699636.7860093105
716348.5658122788
733259.7798692324
750370.346593311
767680.1900199335
785189.2396400587
802897.4301634497
820804.701327687
838910.9976814201
857216.2683561909
875720.4668872618
894423.5509995488
913325.4823959197
932426.226567153
951725.7525913573
971224.0329288103
990921.0432914074
1.0108167623936988e6
1.0309111718118747e6
1.051204255818239e6
1.0716960012319863e6
1.0923863971602982e6
1.1132754350313179e6
1.1343631083140722e6
1.1556494123873613e6
1.1771343444507981e6
1.1988179033929128e6
1.220700089622421e6
1.2427809050123983e6
1.2650603527670885e6
1.2875384373140796e6
1.3102151642118008e6
1.3330905400538882e6
1.3561645723810394e6
1.3794372695965138e6
1.4029086408968577e6
1.4265786962804324e6
1.4504474460084792e6
1.4745149014884657e6
1.4987810742697255e6
1.5232459764566366e6
1.547909620543403e6
1.5727720194012097e6
1.5978331861946748e6
1.62309313435842e6
1.6485518775487002e6
1.674209429611936e6
1.700065804532095e6
1.7261210164385636e6
1.7523750795278174e6
1.7788280080550904e6
1.8054798163255185e6
1.8323305186439306e6
1.8593801293165241e6
1.8866286626013631e6
1.9140761327303895e6
1.9417225538790775e6
1.9695679400981455e6
1.9976123053860157e6
2.0258556636236552e6
2.0542980285851299e6
2.082939413889729e6
2.1117798330611475e6
2.1408192994635496e6
2.1700578263012157e6
2.19949542663675e6
2.2291321133647375e6
2.2589678992158803e6
2.289002796756653e6
2.3192368183763265e6
2.349669976294359e6
2.380302282541643e6
2.4111337489820933e6
2.442164387297643e6
2.4733942089882675e6
2.5048232253665435e6
2.5364514475367614e6
2.5682788865346895e6
2.600305553089354e6
2.632531457811299e6
2.664956611117239e6
2.697581023292145e6
2.73040470433387e6
2.7634276641596225e6
2.796649912504495e6
2.8300714589217696e6
2.8636923127876115e6
2.8975124834041945e6
2.9315319796115872e6
2.9657508105138307e6
3.00016898479888e6
3.0347865108266203e6
3.0696033974120775e6
3.104619652650791e6
3.13983528467275e6
3.17525030152788e6
3.210864710840651e6
3.2466785207671206e6
3.2826917383425757e6
3.3189043712047264e6
3.355316426649697e6
3.39192791183261e6
3.428738833791851e6
3.4657491994345253e6
3.5029590155427363e6
3.540368288783785e6
3.577977025702701e6
3.6157852327342797e6
3.653792916188594e6
3.6920000822806284e6
3.7304067371040145e6
3.769012886651383e6
3.807818536813571e6
3.846823693373154e6
3.886028362018103e6
3.9254325483356845e6
3.965036257820107e6
4.004839495873249e6