25897.99279438804
25992.166530949988
26243.49168850649
26652.499187218542
27220.047329644796
27947.315493330192
28835.79547275322
29887.280541245913
31103.852333598275
32487.865629625594
34041.930231324295
35768.89698633112
37671.827769310905
39753.98047084367
42018.78593770677
44469.82172422592
47110.78345813336
49945.46449375109
52977.72663383059
56211.473211015786
59650.624263400634
63299.08837605956
67160.73752722448
71239.3832672655
75538.74568762578
80062.44351804032
84813.95888613103
89796.62374564826
95013.5990769341
100467.85941765676
106162.17591915184
112099.10423798737
118280.97331978861
124709.87624552273
131387.6636012253
138315.9385919516
145496.0545260684
152929.11417952133
160615.97149344755
168557.23452207542
176753.2706574837
185204.21347829676
193909.97098021777
202870.23503958463
212084.4923774443
221552.03624687146
231271.9791468407
241243.26619730215
251464.6889560094
261934.8993289157
272652.4245168212
283615.6814261894
294822.9898661864
306272.5879126369
317962.645184751
329891.2759390279
342056.5520592254
354456.51510275813
367089.18776560354
379952.58468494343
393044.7223276588
406363.6283731037
419907.3500917476
433673.9618740571
447661.57237755205
461868.3302830545
476292.4296581509
490932.1150558806
505785.68479775905
520851.4947742622
536127.9608941108
551613.5607979763
567306.8361111836
583206.3929538518
599310.9026873165
615619.1022307253
632129.7937294419
648841.8439531256
665754.1837745416
682865.8068456857
700175.7682065236
717683.1836257556
735387.2264705189
753287.1272779121
771382.1713644727
789671.6968488097
808155.0924148068
826831.7959717555
845701.2915950915
864763.1080329758
884016.8164173038
903462.0285919674
923098.3928416757
942925.5986803845
962943.3629567355
983151.4392723036
1.0035496105291587e6
1.0241376881880258e6
1.0449155104249743e6
1.0658829407087616e6
1.0870398655837984e6
1.1083861937347786e6
1.1299218545009051e6
1.1516467948610205e6
1.1735609809220578e6
1.1956643940302518e6
1.217957030803177e6
1.2404389015529403e6
1.2631100293047712e6
1.2859704487183485e6
1.309020205121864e6
1.332259353353561e6
1.355687957334156e6
1.3793060887627094e6
1.4031138265821289e6
1.427111256198794e6
1.4512984688015499e6
1.475675560797293e6
1.500242633054716e6
1.5249997905196238e6
1.5499471415839472e6
1.5750847974778453e6
1.600412872811956e6
1.625931483046394e6
1.6516407464146009e6
1.6775407832541126e6
1.7036317109986022e6
1.729913653946055e6
1.7563867329372054e6
1.7830510700897633e6
1.809906787473033e6
1.8369540073578423e6
1.8641928512650074e6
1.8916234404441772e6
1.9192458953575871e6
1.9470603357948638e6
1.975066878906757e6
2.0032656479512472e6
2.0316567530991198e6
2.0602403127879817e6
2.0890164407815842e6
2.1179852497626366e6
2.1471468510082914e6
2.1765013543840954e6
2.2060488680047365e6
2.235789498764199e6
2.265723351720026e6
2.2958505303667625e6
2.326171136622647e6
2.356685270541572e6
2.38739303082576e6
2.418294514308983e6
2.4493898162182523e6
2.480679030065962e6
2.512162247770851e6
2.543839559583444e6
2.5757110540181585e6
2.60777681799056e6
2.640036937235875e6
2.672491495062426e6
2.705140573779743e6
2.737984254015231e6
2.771022614795877e6
2.8042557336952914e6
2.837683686829663e6
2.87130654862815e6
2.9051243922648584e6
2.939137289509127e6
2.9733453105467595e6
3.0077485243603624e6
3.042346998514703e6
3.0771407992843697e6
3.1121299914406654e6
3.147314638942875e6
3.182694803980644e6
3.218270547845528e6
3.254041930529352e6
3.290009010824867e6
3.326171846457816e6
3.3625304941608827e6
3.399085008996365e6
3.4358354455423397e6
3.4727818570926976e6
3.50992429599492e6
3.5472628135558744e6
3.5847974601248945e6
3.6225282848074283e6
3.660455336305698e6
3.698578662028696e6
3.736898308565968e6
3.7754143216459765e6
3.814126746141818e6
3.853035626105812e6
3.892141004734172e6
3.9314429244670575e6
3.970941426924908e6
4.010636553010762e6
4.05052834287662e6
4.0906168358925036e6
4.130902070821158e6