96554.3646035768
96569.94319894884
96611.35752586878
96680.98610596205
96778.9376220537
96907.81499770176
97070.32683605424
97269.76411569779
97509.96051214737
97795.34837149284
98130.87789267438
98522.08286001484
98974.9682867422
99496.08377050594
100092.48283080457
100771.70543790978
101541.70007841478
102410.95487465864
103388.32846249241
104483.09038473092
105704.9095040223
107063.80832948818
108570.15115137209
110234.59247042405
112068.08577121401
114081.82515533481
116287.22030345941
118695.8720778244
121319.52076461964
124170.02167061844
127259.29803700134
130599.29522107841
134201.9497566046
138079.12871383826
142242.58958179192
146703.92878361556
151474.52543578236
156565.48994785914
161987.61798764666
167751.3199266556
173866.5747370971
180342.86955743987
187189.1466857537
194413.74764143585
202024.36105071695
210027.9725242498
218430.8174433557
227238.34135804136
236455.15607201867
246085.01323375435
256130.77579101876
266594.39999635494
277476.9228296856
288778.45641533454
300498.1987810626
312634.44155358034
325184.5915092535
338145.20114080736
351512.00600436615
365279.9913361175
379443.3475793253
393995.7034564696
408930.02436235244
424238.7549727487
439913.87778147473
455946.9807325925
472322.8602584159
489051.9419938795
506105.69517736416
523481.286618334
541169.4239639168
559160.8272033166
577446.2902820203
596016.7418861546
614863.2898077655
633977.2689506543
653350.2701143736
672974.186133847
692841.2221070692
712943.9254578154
733275.2048659888
753828.3377028264
774596.9787348735
795575.1655466314
816757.316037295
838138.2279704555
859713.0716255454
881477.3836727553
903427.0551009413
925558.3205537937
947867.7457486846
970352.2124740258
993008.9055219628
1.0158352956343342e6
1.0388291307356069e6
1.0619883914146707e6
1.085311333274392e6
1.1087964138108054e6
1.1324423043977711e6
1.156247872184685e6
1.1802121661191345e6
1.2043344007046567e6
1.2286139451690847e6
1.253050308562483e6
1.2776431319161109e6
1.3023921728016778e6
1.327297297319062e6
1.3523584689116543e6
1.3775757396024484e6
1.4029492402582665e6
1.4284791754750866e6
1.4541658091792748e6
1.4800094733924298e6
1.506010533431523e6
1.5321694117452e6
1.5584865639723488e6
1.5849624872430726e6
1.6115976961515746e6
1.638392738343274e6
1.6653481802566736e6
1.6924646048297812e6
1.7197426106979202e6
1.747182808048883e6
1.774785812236622e6
1.802552249974089e6
1.8304827484333385e6
1.8585779299542625e6
1.8868384320689628e6
1.9152648839164895e6
1.943857906826879e6
1.9726181270935754e6
2.00154615912574e6
2.030642614468677e6
2.0599080966854328e6
2.089343202538539e6
2.1189485217307685e6
2.1487246320827142e6
2.1786721051089303e6
2.208791501611601e6
2.2390833722960493e6
2.2695482605453376e6
2.300186694816617e6
2.330999196483884e6
2.361986275708112e6
2.3931484297102736e6
2.424486150707528e6
2.455999914876487e6
2.487690190324708e6
2.5195574338954072e6
2.5516020913745165e6
2.5838246012288444e6
2.616225388822211e6
2.6488048699672576e6
2.6815634511740985e6
2.714501529024338e6
2.747619490353965e6
2.78091771292821e6
2.814396566176842e6
2.8480564055493125e6
2.8818975854802243e6
2.915920446230864e6
2.9501253231081027e6
2.9845125361084836e6
3.019082406891243e6
3.0538352431908757e6
3.0887713462146567e6
3.1238910107839745e6
3.159194521619867e6
3.194682159548961e6
3.230354197097001e6
3.2662108997208374e6
3.302252526996268e6
3.3384793311727485e6
3.3748915594865526e6
3.41148945201865e6
3.4482732442356176e6
3.4852431645279904e6
3.522399436340925e6
3.5597422778346115e6
3.5972719020926063e6
3.6349885161392773e6
3.6728923232454266e6
3.710983521306011e6
3.749262303198003e6
3.7877288597010905e6
3.826383370264055e6
3.865226019600856e6
3.9042569820022574e6
3.9434764292503353e6
3.982884529345896e6
4.0224814463424524e6
4.06226734062308e6
4.1022423691321174e6
4.142406685313464e6
4.182760438284578e6
4.22330377544762e6
4.264036838161117e6
4.304959772206382e6
4.34607270939028e6
4.387375785842995e6