22320.17884562105
22427.476460544305
22713.712908974747
23179.185784559057
23824.3756407048
24649.941691986012
25656.71593649274
26845.695769599814
28218.035180115334
29775.034616590972
31518.129684690597
33448.878751980956
35568.95022896088
37880.10560243997
40384.19108850413
43083.11372153873
45978.835395936025
49073.34880385062
52368.6691715025
55866.812024813495
59569.78449938378
63479.56727552837
67598.10189013726
71927.27766679389
76468.9198107317
81224.77609510475
86196.51100081814
91385.69226385329
96793.7851014282
102422.14486386046
108272.01159003327
114344.50543740949
120640.62351027796
127161.23778142655
133907.0940432925
140878.81191417435
148076.8861397763
155501.6882365539
163153.4696895656
171032.36537887892
179138.39796433723
187471.48282993407
196031.4335388643
204817.96772978647
213830.7133551131
223069.2152163711
232532.94164288108
242221.29131396796
252133.6001533852
262269.1481284984
272627.1660426634
283206.8421288767
294007.32853394235
305027.7475472769
316267.19752416323
327724.75866502663
339399.4983165666
351290.4760741507
363396.748462255
375717.37336778775
388251.41402980953
400997.9426881402
413956.0440089352
427124.8179465445
440503.38255444344
454090.8761657609
467886.4595525892
481889.31759862415
496098.6608354683
510513.72656416753
525133.7799123136
539958.1144476112
554986.0528180429
570216.9470514589
585650.178685857
601285.1588027198
617121.3279208606
633158.1555461437
649395.1400995294
665831.8081343947
682467.7139077306
699302.4387743935
716335.5902820919
733566.8018737418
750995.731135688
768622.0602567238
786445.4940769924
804465.7597204458
822682.6056167422
841095.8005481513
859705.1327495667
878510.4091095485
897511.4545304158
916708.109061529
936100.2312906499
955687.6931778509
975470.3814110127
995448.1960333613
1.0156210499704208e6
1.0359888680013359e6
1.0565515860653797e6
1.0773091506737533e6
1.09826151818789e6
1.1194086541091707e6
1.140750532522249e6
1.1622871354451152e6
1.1840184525062134e6
1.2059444798807465e6
1.228065220364777e6
1.250380682380408e6
1.2728908800112344e6
1.2955958321096734e6
1.318495562206639e6
1.3415900978883875e6
1.364879470611092e6
1.388363715234582e6
1.412042869740219e6
1.435916974938084e6
1.4599860741466405e6
1.4842502129232464e6
1.5087094388617834e6
1.5333638012698179e6
1.5582133514286433e6
1.58325814044375e6
1.60849822279625e6
1.6339336524615358e6
1.659564484592964e6
1.685390775009355e6
1.7114125800324855e6
1.737629956388188e6
1.7640429610343243e6
1.7906516511593303e6
1.8174560839410438e6
1.8444563165105016e6
1.8716524059680032e6
1.8990444090655523e6
1.926632382466313e6
1.9544163823994445e6
1.9823964647116894e6
2.01057268483274e6
2.0389450976925623e6
2.0675137576986798e6
2.096278718709542e6
2.125240033966844e6
2.1543977560864585e6
2.1837519370507714e6
2.2133026281860285e6
2.2430498801282854e6
2.272993742693278e6
2.303134265166378e6
2.3334714959903616e6
2.364005482900921e6
2.394736272897243e6
2.425663912208224e6
2.4567884463499174e6
2.4881099200747977e6
2.5196283773853164e6
2.5513438615365163e6
2.583256415065987e6
2.6153660795853655e6
2.647672896417717e6
2.680176905156423e6
2.7128781472467594e6
2.74577665978051e6
2.77887248148153e6
2.8121656498268275e6
2.845656201689677e6
2.8793441731961346e6
2.913229599756331e6
2.947312516218798e6
2.9815929567389665e6
3.016070954863245e6
3.0507465434104614e6
3.0856197547593894e6
3.1206906205599573e6
3.155959171913995e6
3.191425439319407e6
3.227089452717249e6
3.2629512415058077e6
3.299010834753403e6
3.3352682603079095e6
3.3717235461656568e6
3.4083767195546464e6
3.445227807261136e6
3.4822768355368464e6
3.5195238301525232e6
3.5569688164116186e6
3.594611819152338e6
3.632452862766689e6
3.6704919711865685e6
3.7087291679249364e6
3.747164476068352e6
3.785797918275937e6
3.824629516812789e6
3.8636592932977094e6
3.9028872699911348e6
3.942313467098462e6
3.9819379057467845e6
4.021760606238588e6
4.0617815885890503e6