116212.60450355671
116219.50093668656
116238.23396137197
116269.73668711024
116315.52180348607
116377.68463349945
116458.88724169173
116562.36660152258
116691.90988984852
116851.87238392365
117047.13727932962
117283.16026832364
117565.85803607086
117901.69241973481
118297.67005735319
118761.10491360587
119300.170894518
119922.98874562702
120638.44808448947
121455.74176405117
122384.49882168174
123434.70339173693
124616.69576155566
125941.15330824637
127419.04256551104
129061.62394452599
130880.4023488099
132887.1072763298
135093.65166651507
137512.11214047202
140154.69217662138
143033.66379824243
146161.35556619967
149550.10175363274
153212.18699291442
157159.81641181794
161405.06604462874
165959.82406890098
170835.73241455713
176044.1639518382
181596.13444775285
187502.2635875
193772.71288667372
200417.13251370427
207444.6015532304
214863.57437731948
222681.8265728771
230906.4039020372
239543.57425222298
248598.7837300436
258076.6178322335
267980.76765667903
278314.0036768073
289078.1535145903
300274.0935470739
311901.7416639732
323960.06190699805
336447.0799620318
349359.90106084023
362694.743891027
376446.9776452993
390611.16860933416
405181.1351568479
420150.004515914
435510.281240706
451253.9187117375
467372.3843558439
483856.7427032599
500697.7267175717
517885.81902997347
535411.3263622167
553264.4384783988
571435.3180593175
589914.1546645042
608691.2267730928
627756.9629000536
647101.9867225699
666717.1652272388
686593.6449787875
706722.8931509239
727096.7157917139
747707.2868371004
768547.1616421767
789609.2917513925
810887.0305322846
832374.1385165508
854064.7800800749
875953.5261293468
898035.339837922
920305.5728845255
942759.9462778731
965394.5669210507
988205.8597054491
1.0111906042655165e6
1.0343458974371026e6
1.057669119221394e6
1.0811579638324815e6
1.1048103751369764e6
1.128624552299292e6
1.1525989308187487e6
1.1767321655483306e6
1.2010231142307979e6
1.2254708236742865e6
1.2500745150075906e6
1.2748335666717524e6
1.2997475088848022e6
1.3248160021823277e6
1.3500388307065326e6
1.3754158898477e6
1.4009471759408219e6
1.4266327763555474e6
1.4524728589378595e6
1.478467667397914e6
1.5046175065101478e6
1.5309227429802348e6
1.5573837906483556e6
1.5840011159083988e6
1.6107752147661187e6
1.6377066241143502e6
1.6647959020827273e6
1.6920436409357586e6
1.7194504489434976e6
1.747016949047068e6
1.7747437823507646e6
1.80263159535987e6
1.8306810458773284e6
1.8588927967135708e6
1.8872675117492354e6
1.9158058572550823e6
1.9445085012093314e6
1.9733761042365225e6
2.0024093279330973e6
2.0316088239487903e6
2.0609752441745957e6
2.090509228918395e6
2.1202114127092324e6
2.1500824201782523e6
2.1801228684898075e6
2.2103333639070895e6
2.240714503284844e6
2.2712668724470725e6
2.3019910471940786e6
2.332887591846671e6
2.363957060018895e6
2.395199993814186e6
2.4266169239572473e6
2.4582083701099185e6
2.489974840820549e6
2.521916830492397e6
2.554034828975341e6
2.5863293075280185e6
2.6188007302502934e6
2.6514495496781617e6
2.684276207203761e6
2.71728113412752e6
2.7504647510310123e6
2.783827467748273e6
2.8173696846461035e6
2.851091791943129e6
2.884994170021082e6
2.9190771897923118e6
2.9533412151246197e6
2.9877865926663233e6
3.0224136718414e6
3.0572227859885283e6
3.092214261248038e6
3.127388416988712e6
3.1627455616782974e6
3.1982859991033683e6
3.23401002383183e6
3.269917923106214e6
3.30600997734379e6
3.3422864573573363e6
3.378747634855933e6
3.415393764211802e6
3.4522251009900616e6
3.489241891257639e6
3.5264443757215193e6
3.563832789332052e6
3.601407361226908e6
3.639168314524675e6
3.677115867441304e6
3.715250232593336e6
3.753571617514668e6
3.7920802266531764e6
3.830776252064145e6
3.8696598924739566e6
3.9087313343543326e6
3.947990761766712e6
3.9874383545457264e6
4.0270742880338104e6
4.066898733862607e6
4.106911859603418e6
4.147113828819624e6
4.1875048018771177e6
4.228084934857679e6
4.2688543786238525e6
4.3098132890947005e6
4.350961806203664e6
4.392300074934769e6