19339.122426329865
19457.822016988153
19774.367022422128
20288.792116766068
21001.15322298887
21911.526916550618
23020.00961341971
24326.71655534007
25831.780608290297
27535.350893066774
29437.591267059528
31538.67868402401
33838.80145264836
36338.157417022245
39036.952085904864
41935.396791713574
45033.70657394368
48332.09874227487
51830.790595358165
55529.9979112322
59429.93320664794
63530.804149699674
67832.81210122748
72336.15089581911
77041.00499201864
81947.54969872547
87055.94889428453
92366.35494946093
97878.90815032022
103593.73565176467
109510.95171232402
115630.65716115228
121952.9394254177
128477.87240713181
135205.51676573057
142135.92004818548
149269.11707811474
156605.13029942714
164143.9702852005
171885.63625485098
179830.1166507672
187977.38977631027
196327.42443454041
204880.18061210396
213635.61016916408
222593.65753870987
231754.26042651458
241117.3505056796
250682.85410072963
260450.69285393838
270420.7843954417
280593.04287034407
290967.3797322167
301543.7041673047
312321.9234849283
323301.9441105958
334483.6715239926
345867.0110294211
357451.86803691334
369238.14848096826
381225.7591259592
393414.6079379448
405804.6043016755
418395.65930622735
431187.6859460403
444180.5993283552
457374.3168263129
470768.7582238764
484363.84584009467
498159.5046163319
512155.66220261226
526352.2489798222
540749.198154072
555346.445731964
570143.9305511153
585141.5942720573
600339.3813629127
615737.2390548385
631335.1173353676
647132.9688784352
663130.7490081447
679328.4156172124
695725.9291258483
712323.2524082458
729120.3507169794
746117.1915537654
763313.7447435863
780709.9821785112
798305.8778361484
816101.4076694411
834096.5495383648
852291.2831123825
870685.589789105
889279.4526384036
908072.8562958735
927065.7868965482
946258.2320015366
965650.1805028678
985241.6225880897
1.0050325496420878e6
1.0250229541760493e6
1.0452128297778724e6
1.0656021710408502e6
1.0861909734976008e6
1.106979233568776e6
1.127966948500197e6
1.1491541162791443e6
1.1705407357200722e6
1.1921268061911175e6
1.213912327706722e6
1.235897300891649e6
1.258081726889832e6
1.2804656073394264e6
1.3030489443251055e6
1.3258317403617846e6
1.3488139983372882e6
1.3719957214905482e6
1.395376913380299e6
1.4189575778906748e6
1.4427377190166453e6
1.4667173412109762e6
1.490896448993101e6
1.515275047132334e6
1.5398531404441434e6
1.5646307340762618e6
1.5896078332286063e6
1.6147844430403453e6
1.6401605690486478e6
1.6657362166925059e6
1.6915113914204712e6
1.7174860988921523e6
1.7436603447030263e6
1.7700341344935517e6
1.7966074739308367e6
1.8233803686879862e6
1.8503528244386562e6
1.8775248468422948e6
1.9048964415549734e6
1.9324676142173284e6
1.960238370364557e6
1.9882087156234183e6
2.0163786554957153e6
2.0447481954620895e6
2.0733173409547354e6
2.102086097353772e6
2.131054469988193e6
2.1602224641231815e6
2.189590084968907e6
2.219157337672346e6
2.2489242273111744e6
2.278890758907289e6
2.3090569374075076e6
2.339422767693217e6
2.369988254574646e6
2.4007534027955118e6
2.4317182170250434e6
2.4628827018650435e6
2.4942468618428363e6
2.525810701418993e6
2.557574224979015e6
2.5895374368380173e6
2.621700341198746e6
2.654062942318572e6
2.6866252443096703e6
2.7193872511218023e6
2.752348966759541e6
2.785510395127012e6
2.818871540056516e6
2.8524324053086396e6
2.886192994587513e6
2.9201533115274287e6
2.954313359696412e6
2.988673142617419e6
3.0232326637115246e6
3.0579919263817985e6
3.09295093395005e6
3.1281096896820683e6
3.16346819655277e6
3.199026458152543e6
3.234784477605708e6
3.270742257498636e6
3.306899801032439e6
3.343257111141213e6
3.3798141907030568e6
3.416571042549855e6
3.453527669460592e6
3.4906840741637796e6
3.528040259343463e6
3.5655962276733164e6
3.6033519816249115e6
3.6413075238588946e6
3.6794628568364335e6
3.7178179830123447e6
3.7563729048004895e6
3.7951276245733025e6
3.8340821446605157e6
3.8732364673540425e6
3.9125905949054398e6
3.952144529527856e6
3.991898273398541e6