258248.2027302999
258209.6734269933
258107.23133110948
257941.71025805298
257714.4434831667
257427.29896608065
257082.6373684961
256683.40753606014
256232.79434405937
255734.8614488258
255193.83779041498
254614.81014513038
254002.47439346917
253363.19413007516
252702.99738705106
252028.5306232153
251346.87896484585
250665.5627837744
249992.49224306125
249335.99332202406
248704.75921337568
248107.87300309527
247554.7597609923
247055.22206999874
246619.36949224252
246257.6554826849
245980.83721855958
245799.97076901153
245726.3838676972
245771.68767978396
245947.76314108225
246266.70878424565
246740.83518982853
247382.703131994
248205.03240559535
249220.75153155712
250442.89725439128
251884.73430695361
253559.44628294808
255480.53762455418
257661.44284429168
260115.66057536978
262856.7011243041
265898.04491703893
269253.1202765219
272935.2554768109
276957.65020171774
281333.3214947992
286075.0714605395
291195.4327213437
296706.6213130442
302620.4850113009
308948.449089265
315701.4603582582
322889.930447787
330523.6776774381
338611.8693819313
347162.9629555453
356184.65001978853
365683.798992812
375666.4060161613
386137.54455267434
397101.3212550133
408560.8387218312
420518.16068989097
432974.2868944227
445929.1380217447
459381.5558751495
473329.28361892886
487768.9961981829
502696.32274977805
518105.84289297066
533991.1915293799
550345.0521082382
567159.2479426287
584424.7734801099
602131.9218161333
620270.3130718338
638829.0338771773
657796.6566375096
677161.3932321675
696911.1530521957
717033.6468387923
737516.4425461114
758347.1199319292
779513.2734950369
801002.6302528485
822803.1275515371
844902.9467588668
867290.588169117
889954.9140289089
912885.1956245987
936071.1485743764
959502.9545565399
983171.2967420293
1.0070673550844316e6
1.0311828350788681e6
1.0555099614925296e6
1.0800414796879832e6
1.1047706492549272e6
1.1296912435054407e6
1.1547975244143195e6
1.180084240069181e6
1.2055465997991331e6
1.2311802584247729e6
1.2569812976710543e6
1.2829462045627767e6
1.3090718428347174e6
1.3353554531196132e6
1.3617945878319223e6
1.3883871440193332e6
1.4151312944731824e6
1.4420255028794387e6
1.4690684648096957e6
1.496259130291867e6
1.5235966598873907e6
1.5510804231984625e6
1.5787099427696294e6
1.6064849017459976e6
1.6344051808273415e6
1.6624707523850515e6
1.690681720282295e6
1.7190382991873547e6
1.7475407999124518e6
1.7761896189209372e6
1.8049852293501087e6
1.8339281762406095e6
1.8630190449123299e6
1.8922584977810434e6
1.9216472222074822e6
1.951185949013192e6
1.98087543787285e6
2.010716477141617e6
2.0407098732667535e6
2.0708564575807634e6
2.1011570403663632e6
2.131612492827419e6
2.1622236538157165e6
2.1929913785937605e6
2.223916516548484e6
2.254999923087906e6
2.286242437647145e6
2.3176449032985847e6
2.349208150947876e6
2.380933002332339e6
2.4128202708265698e6
2.444870756773676e6
2.477085249046382e6
2.5094645229737596e6
2.54200934105952e6
2.5747204512734297e6
2.607598587206131e6
2.6406444676793762e6
2.673858796116578e6
2.70724226148195e6
2.7407955366027975e6
2.774519279767979e6
2.80841413355918e6
2.842480724888992e6
2.8767196664783596e6
2.911131555412061e6
2.945716978780656e6
2.9804764888401236e6
3.0154106553937164e6
3.05052000949182e6
3.085805078926518e6
3.1212663745775223e6
3.1569043904630146e6
3.192719621957562e6
3.228712517631016e6
3.264883558376591e6
3.3012331845077598e6
3.337761828410781e6
3.3744699044170673e6
3.4113578536968175e6
3.4484260464237016e6
3.4856748824024904e6
3.5231047392416545e6
3.5607159864656567e6
3.598508983222624e6
3.636484076224045e6
3.6746416067483644e6
3.7129819045606446e6
3.7515052908102623e6
3.7902120782431928e6
3.829102571506114e6
3.868177066469734e6
3.907435851671997e6
3.94687920753862e6
3.986507407613521e6
4.0263207178814006e6
4.066319380407845e6
4.1065036980253267e6
4.1468738661112865e6
4.187430140899014e6
4.228172755567515e6
4.26910193735778e6
4.310217907897988e6
4.351520882588299e6
4.393011072419437e6