26837.84945307849
26928.830152787457
27171.658390171782
27566.91217816394
28115.526430971062
28818.787260249097
29678.32173451016
30696.087341316095
31874.3571615248
33215.70467931208
34722.98684936206
36399.32249138287
38248.07361914347
40272.816073998416
42477.3238330211
44865.534097605385
47441.52662252506
50209.49340559915
53173.71066919423
56338.50971708874
59708.249861845106
63287.28681234635
67079.9511409541
71090.50379060194
75323.13377173556
79781.91179163128
84470.77473535831
89393.50048780709
94553.68563761616
99954.7279495498
105599.80609005221
111491.8651988231
117633.60296468588
124027.45845091653
130675.60313989973
137579.93431884548
144742.07056504517
152163.3504737937
159844.83223740465
167787.2964940417
175991.25088070566
184456.93652284646
193184.33635023033
202173.18501967785
211422.9804269922
220932.9962493576
230702.29604724597
240729.74757350836
251014.03847944541
261553.69194856455
272347.0831529262
283392.4561934485
294687.93838431337
306231.558974132
318021.263491792
330054.92959897564
342330.3817472665
354845.40555078804
367597.7611726533
380585.19586008816
393805.45589890936
407256.2976157629
420935.4970286391
434840.8592668506
448970.22680018295
463321.48633138806
477892.5756948817
492681.48902519443
507686.28189743136
522905.07469949266
538336.0563897146
553977.4868723301
569827.6988419879
585885.0992297651
602148.1697314037
618615.4673345701
635285.6240539339
652157.3464359798
669229.4144840741
686500.6806962246
703970.0682688309
721636.5699127256
739499.2452522016
757557.219212869
775809.6799460038
794255.8763411152
812895.1152353073
831726.7599931902
850750.2269054542
869964.9844107833
889370.5482677782
908966.4812808449
928752.3896889288
948727.9212554143
968892.7629872003
989246.6383101786
1.009789305804848e6
1.0305205563967029e6
1.051440211292361e6
1.0725481205860116e6
1.0938441604761234e6
1.1153282324953284e6
1.1370002609362302e6
1.158860191336195e6
1.1809079893202775e6
1.2031436386569715e6
1.2255671398234502e6
1.2481785090944334e6
1.2709777769563075e6
1.293964986642351e6
1.3171401935556033e6
1.3405034637019052e6
1.3640548731331532e6
1.387794506615574e6
1.411722455917385e6
1.4358388239024025e6
1.4601437139184694e6
1.4846372390035402e6
1.5093195160264086e6
1.534190666370326e6
1.5592508151231562e6
1.584500090447952e6
1.6099386240503797e6
1.6355665486454505e6
1.661383999797124e6
1.6873911141830808e6
1.713588029654323e6
1.7399748848087294e6
1.7665518187286884e6
1.79331897074352e6
1.820276479968035e6
1.8474244856203482e6
1.8747631260077797e6
1.9022925388986804e6
1.930012861129952e6
1.957924228851144e6
1.986026776770107e6
2.014320638406684e6
2.042805945929421e6
2.0714828300272166e6
2.1003514198322417e6
2.1294118428645525e6
2.158664224949613e6
2.1881086901737675e6
2.217745360819977e6
2.2475743572835103e6
2.2775957984604915e6
2.3078098007843867e6
2.3382164792318954e6
2.368815946593194e6
2.3996083140109023e6
2.430593690526282e6
2.461772183335913e6
2.4931438976242607e6
2.5247089367867187e6
2.556467402291466e6
2.5884193936589346e6
2.6205650085641597e6
2.652904342943987e6
2.685437490819685e6
2.718164544343378e6
2.751085594036406e6
2.7842007285410725e6
2.8175100348178893e6
2.8510135982388877e6
2.884711502210326e6
2.9186038287321692e6
2.952690658198838e6
2.9869720691855163e6
3.0214481389736673e6
3.056118943160468e6
3.0909845559152626e6
3.1260450497240685e6
3.161300496111845e6
3.1967509646445597e6
3.2323965238436186e6
3.2682372407661597e6
3.304273181124359e6
3.3405044094178188e6
3.376930989011168e6
3.4135529814502248e6
3.450370447636549e6
3.4873834471597816e6
3.5245920383646763e6
3.5619962785609853e6
3.599596223815412e6
3.637391929527136e6
3.6753834488729355e6
3.7135708356676097e6
3.751954141595055e6
3.790533417650861e6
3.8293087138489108e6
3.8682800793099827e6
3.9074475621756674e6
3.9468112097269264e6
3.9863710683827256e6
4.0261271836760896e6
4.0660796003334285e6
4.106228362232897e6
4.1465735125142583e6