31445.331568913127
31522.562820801293
31728.78727747983
32064.751917552436
32531.665819585673
33131.19338200004
33865.44498488965
34736.96509487223
35748.71796592268
36904.070879572304
38206.775041980756
39660.94437590122
41271.03182591601
43041.81398587828
44978.314810005904
47085.87372542532
49370.01772777212
51836.45947165918
54491.14962447708
57340.04029537778
60389.26915245027
63644.998872810946
67113.41071063247
70800.66929358893
74712.88597128299
78856.07979569343
83236.14570891668
87858.81660056733
92729.63154324719
97853.90567021846
103236.69698570947
108882.78055908308
114796.62182567021
120982.35303708664
127443.75390364225
134184.23298520214
141206.81325379072
148514.12097018716
156108.3776546904
163991.39511433168
172164.57384601113
180628.90528537935
189384.97640363878
198432.97799633973
207772.7155982948
217403.62322176978
227324.77965647128
237534.92611990613
248032.48821181597
258815.59627976382
269882.1098442344
281229.64058908244
292855.58002616366
304757.1223812418
316931.2915828802
329374.9666044748
342084.906202632
355057.7739660827
368290.1614299658
381778.6107064845
395519.6361920242
409509.7418131134
423745.45242517855
438223.3058603774
452939.8937168403
467891.86296114686
483075.93085768237
498488.8968184076
514127.6508571346
529989.1822917525
546070.5866913557
562369.0717213778
578881.959997655
595606.6939960987
612540.8370147744
629682.0747333895
647028.2149324493
664577.1885486232
682327.0464683175
700275.9590757969
718422.2136812864
736764.2117301482
755300.4653415415
774029.594283713
792950.3222871107
812061.4729700317
831361.9655294926
850850.8111483806
870527.1087714245
890390.0404372087
910438.8668431068
930672.9249667452
951091.6209896737
971694.4287006584
992480.8843833748
1.0134505833939429e6
1.034603176427987e6
1.0559383650862032e6
1.0774559000080298e6
1.0991555759974215e6
1.1210372300020321e6
1.1431007368039351e6
1.1653460074382266e6
1.187772985654852e6
1.2103816454326417e6
1.233171990286626e6
1.2561440429718564e6
1.2792978588641528e6
1.3026335082221716e6
1.3261510821784227e6
1.3498506896327934e6
1.3737324547429527e6
1.3977965159899073e6
1.4220430247880644e6
1.446472143461035e6
1.471084044534883e6
1.4958789083468686e6
1.5208569262467644e6
1.546018291300232e6
1.5713632055414694e6
1.5968918748706202e6
1.6226045094313466e6
1.6485013223507598e6
1.674582529462662e6
1.7008483483807852e6
1.727298998183358e6
1.7539346972517779e6
1.7807556702614482e6
1.8077621317576896e6
1.8349543067082623e6
1.8623324099787294e6
1.889896660563002e6
1.9176472748605155e6
1.9455844672709566e6
1.973708450392092e6
2.002019434735658e6
2.0305176285320716e6
2.0592032374561806e6
2.0880764644379707e6
2.1171375100485287e6
2.1463865717226453e6
2.175823844065585e6
2.2054495187599463e6
2.235263784381642e6
2.2652668267963985e6
2.295458827114615e6
2.325839966213424e6
2.3564104192635696e6
2.387170359391007e6
2.4181199562035245e6
2.449259376404684e6
2.4805887835142417e6
2.5121083374615368e6
2.5438181957662627e6
2.5757185124540012e6
2.6078094386165673e6
2.6400911222329126e6
2.6725637084695064e6
2.7052273393694195e6
2.7380821543129883e6
2.7711282895459607e6
2.80436587877773e6
2.8377950528379013e6
2.8714159398145117e6
2.9052286653876826e6
2.9392333521830067e6
2.9734301206480465e6
3.0078190886137807e6
3.042400371398705e6
3.0771740819162466e6
3.1121403309250725e6
3.147299226572575e6
3.1826508749422478e6
3.218195380024495e6
3.253932843405292e6
3.289863364699189e6
3.325987041458523e6
3.36230396916974e6
3.398814241422514e6
3.435517950084059e6
3.4724151845480404e6
3.509506032884386e6
3.5467905813613315e6
3.584268914305884e6
3.6219411145759416e6
3.6598072631288045e6
3.697867439497852e6
3.736121721539955e6
3.774570185590967e6
3.8132129060608665e6
3.8520499571775445e6
3.891081410497106e6
3.930307336552697e6
3.969727804534729e6
4.0093428823198588e6
4.04915263649628e6
4.0891571323595815e6
4.129356433982599e6
4.1697506042948696e6
4.210339704909256e6