21542.142571105574
21652.42457802051
21946.596361058102
22424.89283691507
23087.69324024545
23935.51757974798
24969.021797184283
26188.991691790754
27596.33569029302
29192.07654091206
30977.34207006156
32953.35507215765
35121.4228832442
37482.92401050186
40039.300183329535
42792.04007470722
45742.66984638035
48892.73854085163
52243.80803112891
55797.43821366057
59555.17781149999
63518.553168449915
67689.0551741056
72068.13102014078
76657.17460455096
81457.51789267291
86470.4232636274
91697.07719756014
97138.58372357831
102795.96018657414
108670.13300314988
114761.93475153529
121072.10219903139
127601.2747969758
134349.99491170706
141318.70772641714
148507.76271119772
155917.4155625012
163547.83055969144
171399.0838185816
179471.16682773226
187763.99041773984
196277.38918283346
205011.12613169802
213964.8975878127
223138.33826327033
232531.0263743162
242142.48894795345
251972.20700768378
262019.62074860928
272284.134649349
282765.12245730957
293461.9320025182
304373.88983900734
315500.3056934426
326840.47665626113
338393.6911892428
350159.2328093522
362136.38361826807
374324.42743389035
386722.65278513776
399330.3555650771
412146.84154419316
425171.4284092772
438403.44768017385
451842.24676299584
465487.1899364616
479337.65987778484
493393.05871019
507652.80878610816
522116.353470397
536783.1575476658
551652.7078119891
566724.5130024937
581998.1041295319
597473.0344085282
613148.87920262
629025.2355537973
645101.7223391674
661377.9795292642
677853.667886201
694528.4685591683
711402.0825377028
728474.2299558962
745744.6494579929
763213.098050775
780879.3498494489
798743.1961706718
816804.4428034141
835062.91328789
853518.4443143054
872170.8869764534
891020.1058908678
910065.9782034287
929308.3933176945
948747.2520451801
968382.46608275
988213.9572420324
1.008241657235395e6
1.0284655066672262e6
1.0488854548260034e6
1.069501458958264e6
1.0903134839309538e6
1.1113215014619455e6
1.1325254900711747e6
1.1539254342143221e6
1.1755213241971089e6
1.1973131554539436e6
1.2193009285303461e6
1.2414846482610528e6
1.2638643238174438e6
1.2864399681669453e6
1.3092115978514387e6
1.332179232655268e6
1.3553428952388547e6
1.3787026110070895e6
1.4022584078482506e6
1.4260103158136907e6
1.4499583669366317e6
1.4741025953392116e6
1.4984430358513806e6
1.522979725346737e6
1.5477127024176444e6
1.5726420059133368e6
1.5977676759398764e6
1.6230897533662287e6
1.648608279730909e6
1.674323297196023e6
1.7002348481290839e6
1.7263429755887534e6
1.75264772262328e6
1.7791491326178724e6
1.8058472488594875e6
1.8327421147864254e6
1.8598337737399463e6
1.8871222689301758e6
1.914607643433355e6
1.942289940094584e6
1.9701692014736838e6
1.9982454698450614e6
2.0265187871374025e6
2.0549891948937236e6
2.0836567342703834e6
2.1125214459757153e6
2.1415833702595024e6
2.1708425469311965e6
2.200299015206311e6
2.2299528140273397e6
2.2598039815068557e6
2.289852555380723e6
2.3200985729169715e6
2.3505420707147834e6
2.381183084873331e6
2.4120216509116893e6
2.4430578038088903e6
2.474291577973506e6
2.5057230072547654e6
2.5373521249368247e6
2.569178963746735e6
2.601203555861361e6
2.633425932888965e6
2.6658461259070896e6
2.698464165590424e6
2.731280081351293e6
2.7642939033303545e6
2.797505660071832e6
2.830915380255644e6
2.864523091543845e6
2.8983288213570938e6
2.9323325966023174e6
2.9665344436571146e6
3.0009343884545327e6
3.0355324563991628e6
3.070328672459975e6
3.1053230611360986e6
3.140515646487668e6
3.175906452107735e6
3.21149550116258e6
3.2472828164062668e6
3.283268420396859e6
3.3194523345929347e6
3.355834580726105e6
3.392415179890994e6
3.429194152812938e6
3.466171519899483e6
3.5033473010658314e6
3.5407215156398034e6
3.5782941837845743e6
3.6160653235091716e6
3.6540349536768477e6
3.6922030925307125e6
3.7305697579808766e6
3.769134967594331e6
3.8078987386753075e6
3.8468610881746523e6
3.886022032809234e6
3.9253815888372418e6
3.964939772468527e6
4.004696599478665e6
4.044652085391949e6