20436.64916881256
20551.181195508776
20856.65089324231
21353.19673783909
22041.04217961552
22920.49342049665
23991.936382060987
25255.832907790333
26712.716253296065
28363.185929075946
30207.902173466588
32247.57865274558
34482.97795349878
36914.9024527398
39544.188180189834
42371.69739544128
45398.31038447733
48624.919592342325
52052.42130793343
55681.70691545059
59513.66081290293
63549.148962774714
67789.015222783
72234.07542640717
76885.11136264706
81742.86768164081
86808.04176562994
92081.30303850309
97563.24564090231
103254.43005445518
109155.3592437036
115266.48171079015
121588.19063396426
128120.82358103278
134864.6626635432
141819.93510242336
148986.81424112758
156365.42093356734
163955.82521961085
171758.04826066707
179772.06473594866
187997.8049721847
196435.1578487087
205083.97338727862
213944.06561806388
223015.21547357342
232297.17373985253
241789.6639507501
251492.38544202255
261405.0157953474
271527.2144980304
281858.6245854625
292398.8761875682
303147.5884979062
314104.3723672022
325268.8325337517
336640.5697462482
348219.18273777864
360004.2700802805
371995.4318823217
384192.27135026094
396594.3961551361
409201.4197717514
422012.9625935883
435028.652925098
448248.1278961947
461671.0341987453
475297.02877284726
489125.77932590345
503156.96484967996
517390.27582371904
531825.414634289
546462.0957227752
561300.0456959378
576339.0032756764
591578.7194873081
607018.9574705714
622659.4922943623
638500.1109824113
654540.6121723638
670780.8059307452
687220.5135482426
703859.5671283405
720697.809387946
737735.0933439654
754971.2819163667
772406.2476016651
790039.87214265
807872.0461751127
825902.668832321
844131.6474084499
862558.8969719575
881184.3400980313
900007.9064638815
919029.5320805585
938249.1600481336
957666.7390544607
977282.2235916014
997095.5736692586
1.0171067543035167e6
1.03731573538459e6
1.0577224912865395e6
1.0783270006899987e6
1.0991292461208357e6
1.1201292139910525e6
1.1413268940821863e6
1.162722279430227e6
1.1843153660935983e6
1.206106152946025e6
1.228094641400751e6
1.2502808353182594e6
1.272664740758998e6
1.2952463658153692e6
1.3180257204595201e6
1.3410028163770551e6
1.3641776668145268e6
1.3875502864470792e6
1.4111206912541036e6
1.4348888983713225e6
1.458854926002117e6
1.4830187932716582e6
1.5073805203126194e6
1.5319401274358039e6
1.5566976364260155e6
1.5816530689308327e6
1.6068064479531583e6
1.6321577957997052e6
1.6577071358830198e6
1.683454491716464e6
1.7093998870491777e6
1.7355433457885648e6
1.761884892033895e6
1.788424549877167e6
1.8151623435149158e6
1.8420982971276161e6
1.8692324348629452e6
1.8965647807917686e6
1.924095358916232e6
1.9518241930891802e6
1.9797513070179978e6
2.0078767242870536e6
2.0362004682155927e6
2.0647225619731867e6
2.0934430284856292e6
2.122361890445362e6
2.1514791702986467e6
2.1807948902227203e6
2.210309072130441e6
2.2400217376605948e6
2.2699329081490613e6
2.3000426046622163e6
2.3303508479602635e6
2.360857658501216e6
2.3915630564366304e6
2.4224670616225014e6
2.4535696935611614e6
2.484870971573525e6
2.5163709145230036e6
2.5480695410569482e6
2.5799668694488714e6
2.6120629177873675e6
2.6443577036941694e6
2.676851244597146e6
2.7095435576452883e6
2.742434659552744e6
2.77552456686983e6
2.808813295825462e6
2.842300862355474e6
2.875987282090548e6
2.909872570418583e6
2.9439567422342733e6
2.9782398127315547e6
3.0127217963124197e6
3.047402707239982e6
3.082282559562247e6
3.117361367066354e6
3.152639143274903e6
3.188115901474522e6
3.223791654715776e6
3.2596664160434506e6
3.295740197584694e6
3.3320130118994317e6
3.368484871119823e6
3.4051557871479536e6
3.4420257716803714e6
3.47909483619897e6
3.516362991977927e6
3.5538302500954024e6
3.5914966214268873e6
3.629362116657159e6
3.6674267462812164e6
3.7056905206046687e6
3.7441534497574666e6
3.782815543691022e6
3.8216768121745433e6
3.860737264818447e6
3.8999969110608664e6
3.939455760177286e6
3.97911382127629e6
4.018971103326686e6