43544.584865242156
43598.44388221318
43742.404340873996
43977.382480419124
44304.86324835813
44726.90512366817
45246.0807670255
45865.58073825878
46589.05707531446
47420.722421811166
48365.27035419314
49427.91570849091
50614.3020418986
51930.52469239928
53383.10382143696
54978.93536913479
56725.32932301017
58629.846436292864
60700.40557512126
62945.1770644123
65372.56354741249
67991.15913927776
70809.71208733937
73837.0833354475
77082.20474208213
80554.03567509612
84261.51756591629
88213.53023071412
92418.84269041583
96886.07193422201
101623.63314915486
106639.68816989847
111942.1147943475
117538.4472884793
123435.84057314432
129641.02712208073
136160.2792708675
142999.37208154713
150163.55026664937
157657.50028832938
165485.32327103775
173650.5153124754
182155.9509550786
191003.872134253
200195.88211689872
209732.94494943286
219615.3900819939
229842.92230602907
240414.63717892254
251329.04089463165
262584.07529111486
274177.1470325425
286105.1606531229
298364.5545007199
310951.34095230117
323861.1469515639
337089.257259093
350630.65948750137
364480.08773135685
378632.0684208938
393080.96297255764
407821.01149382576
422846.3738088891
438151.16933139303
453729.51254962373
469575.5498401299
485683.48955275334
502047.6308902645
518662.39145337814
535522.3270146053
552622.1541858972
569956.7667504767
587521.248570784
605310.8849266295
623321.1736120735
641547.8284806866
659986.7835849796
678634.2007844305
697486.4600836413
716540.1696693094
735792.1527247659
755239.4519045218
774879.3190574975
794709.2126913846
814726.7846132912
834929.885148006
855316.5436904992
875884.9654560408
896633.523517339
917560.7495637638
938665.3261328668
959946.0765566463
981401.9598931592
1.0030320588736569e6
1.0248355746845915e6
1.0468118184948668e6
1.0689602036722472e6
1.091280238620946e6
1.1137715196706867e6
1.1364337273361674e6
1.159266609892712e6
1.182269995090865e6
1.2054437676573854e6
1.2287878721546289e6
1.2523023066071072e6
1.275987115897783e6
1.2998423911583968e6
1.323868269838804e6
1.3480649006430786e6
1.3724324814194096e6
1.3969712546265097e6
1.421681463983716e6
1.446563380756927e6
1.47161730555045e6
1.496843550324522e6
1.5222424362178459e6
1.5478143041841174e6
1.5735595071073556e6
1.5994784049619564e6
1.6255713648571763e6
1.6518387606902134e6
1.678280970986636e6
1.7048983776562114e6
1.731691365034056e6
1.7586603181830982e6
1.785805623352912e6
1.8131276658507355e6
1.8406268295239587e6
1.86830349726021e6
1.8961580479880888e6
1.9241908589100156e6
1.9524023029216805e6
1.9807927489424432e6
2.009362562385867e6
2.0381121030418053e6
2.067041726407613e6
2.0961517825935255e6
2.125442611833726e6
2.154914567510894e6
2.184567969297819e6
2.214403149711793e6
2.2444204308655914e6
2.2746201291954448e6
2.3050025549073005e6
2.3355680122886477e6
2.3663167997274757e6
2.3972492099161204e6
2.428365529095692e6
2.4596660378667605e6
2.4911510111562004e6
2.5228207179169124e6
2.554675421517732e6
2.586715379520286e6
2.618940843912982e6
2.6513520612667394e6
2.6839492728046286e6
2.7167327145479256e6
2.7497026159737553e6
2.7828592071636026e6
2.8162026978037935e6
2.849733313522435e6
2.883451261656059e6
2.917356747983928e6
2.9514499739226056e6
2.9857311357799848e6
3.020200426157174e6
3.0548580332056168e6
3.089704139975025e6
3.124738926068112e6
3.1599625676869014e6
3.1953752360239387e6
3.2309770990279336e6
3.266768320265625e6
3.302749060490842e6
3.338919476367106e6
3.375279721352948e6
3.411829944970639e6
3.4485702942736046e6
3.4855009126206357e6
3.522621940470541e6
3.559933514449383e6
3.597435769393529e6
3.635128836400251e6
3.673012844210053e6
3.7110879189378237e6
3.7493541827840116e6
3.7878117572572827e6
3.826460760100047e6
3.865301306830786e6
3.9043335107175363e6
3.943557482340333e6
3.982973330502609e6
4.022581161466403e6
4.0623810793839134e6
4.1023731863356456e6
4.142557582563062e6
4.182934365574683e6
4.223503631910541e6
4.264265475664885e6
4.3052199892476015e6