19652.760871801496
19770.279336794643
20083.685872913564
20593.045584002117
21298.463488740315
22200.083426205783
23298.086564815778
24592.689537522958
26084.142231596306
27772.725266755282
29658.747195365155
31742.541473533478
34024.461637779925
36504.88570086789
39184.197855478036
42062.79867822552
45141.09556573764
48419.500397317555
51898.425609663245
55578.28155314151
59459.47168957747
63542.392957275566
67827.42858114734
72314.94970938154
77005.3098511488
81898.84477844997
86995.86980997199
92296.67837301709
97801.54108065607
103510.70442837206
109424.39010318198
115542.79465457986
121866.08893264244
128394.41837465762
135127.90302629588
142066.63796037374
149210.69385447167
156560.11767570596
164114.93357416496
171875.14382815553
179840.72993676717
188011.6537768482
196387.8588321463
204969.2714675023
213755.80224035098
222747.34722948616
231943.78936999338
241344.99978545395
250950.8390951925
260761.15870256082
270775.8020443361
280994.6058050438
291417.40106590855
302044.01442024467
312874.26901997445
323907.98556753405
335144.9832360772
346585.08055438625
358228.09614390146
370073.84956454055
382122.1618897922
394372.8563406379
406825.7588599322
419480.6985757794
432337.5082613053
445396.0246861542
458656.0889481532
472117.5467731959
485780.24862053397
499644.05045083433
513708.8127323802
527974.4016505183
542440.6887135156
557107.5508221895
571974.870340213
587042.5350637394
602310.4382080236
617778.4783184503
633446.5592573949
649314.5900703673
665382.4849196416
681650.1629165309
698117.5480596609
714784.5690692242
731651.1592766532
748717.2563362693
765982.8023614308
783447.7434862362
801112.0298548009
818975.6154174265
837038.4578120143
855300.5180929344
873761.7607647064
892422.1534595247
911281.6669141491
930340.2744824851
949597.9526606001
969054.6802428461
988710.4385788575
1.0085652113012129e6
1.0286189842250096e6
1.048871745223441e6
1.069323484098792e6
1.089974192455172e6
1.1108238635971122e6
1.1318724923956404e6
1.1531200752423592e6
1.1745666098687598e6
1.1962120953153556e6
1.2180565317737944e6
1.2400999205670636e6
1.26234226403568e6
1.2847835654594272e6
1.3074238289695526e6
1.3302630595154362e6
1.3533012627571435e6
1.3765384450213537e6
1.3999746132426625e6
1.423609774972978e6
1.447443937970427e6
1.4714771108661005e6
1.4957093024102072e6
1.5201405217777216e6
1.544770778444406e6
1.5696000821782914e6
1.594628442974534e6
1.6198558710388383e6
1.645282376748952e6
1.6709079706306446e6
1.6967326633217593e6
1.7227564655685972e6
1.7489793881750691e6
1.7754014419933402e6
1.8020226379149433e6
1.8288429868354024e6
1.855862499652857e6
1.8830811872319907e6
1.9104990604198207e6
1.9381161300224708e6
1.9659324067537035e6
1.993947901287516e6
2.0221626242131968e6
2.050576586038353e6
2.0791897971550399e6
2.1080022678835886e6
2.137014008424603e6
2.166225028858153e6
2.1956353391567953e6
2.2252449491689834e6
2.2550538686153614e6
2.285062107227947e6
2.3152696740738787e6
2.3456765788834407e6
2.3762828307205285e6
2.4070884386522304e6
2.4380934115995886e6
2.469297758362098e6
2.500701487583209e6
2.5323046077844524e6
2.564107127306191e6
2.596109054456189e6
2.6283103973098216e6
2.660711163835941e6
2.6933113619176783e6
2.726110999170611e6
2.759110083199098e6
2.79230862145211e6
2.8257066212394335e6
2.8593040897345794e6
2.8931010340565136e6
2.927097460972148e6
2.9612933774479274e6
2.995688790135242e6
3.0302837055858276e6
3.065078130259709e6
3.1000720702732946e6
3.1352655322684427e6
3.1706585222091866e6
3.206251045935958e6
3.242043109748947e6
3.278034718930824e6
3.314225879382103e6
3.350616596691198e6
3.3872068763389704e6
3.423996723716987e6
3.4609861441171807e6
3.498175142734851e6
3.5355637246785755e6
3.5731518949630163e6
3.6109396585190496e6
3.6489270201816675e6
3.687113984713675e6
3.7255005567847784e6
3.764086740987675e6
3.8028725418371283e6
3.8418579637656785e6
3.8810430111324913e6
3.9204276882204977e6
3.960011999242203e6
3.999795948335637e6