59182.55869874064
59220.15813610336
59320.775361477165
59485.36957951763
59715.496180402406
60013.30252523575
60381.521508835955
60823.46427432986
61343.01173272071
61944.594262314
62633.194971215824
63414.318336144905
64293.999676613574
65278.73824482813
66375.52965228824
67591.81532149631
68935.46885545354
70414.76492407473
72038.35699656859
73815.24338517987
75754.74521313215
77866.46400439326
80160.25126756035
82646.17372579509
85334.47478042284
88235.53070425786
91359.81009337478
94717.8326453772
98320.11911962528
102177.15409077221
106299.30930783847
110696.8415514676
115379.79662962636
120357.9800286371
125640.89997559204
131237.71575547822
137157.18593310594
143407.6174610175
149996.8167870367
156932.04325720397
164219.96263785707
171866.60734632827
179877.3381345554
188256.81102449278
197008.94880685757
206136.918408985
215643.11431820784
225529.14908978416
235795.84240241133
246443.23907190113
257470.6040704964
268876.44624337245
280658.5420206111
292813.95953886857
305339.10585450276
318229.756385352
331481.10790384805
345087.82628142077
359044.1005294914
373343.70002064225
387980.03009237826
402946.19301181304
418235.0469991097
433839.25614599726
449751.3637974778
465963.82933427463
482469.0895838826
499259.60428073024
516327.90323892154
533666.6235152802
551268.5503251584
569126.6473372626
587234.0877241232
605584.2750459643
624170.8672883315
642987.7904104663
662029.2543733071
681289.7570397009
700764.096022882
720447.367789127
740334.9708930561
760422.6008744896
780706.2491772228
801182.1947629651
821846.9999954299
842697.4982155899
863730.788638479
884944.2211243085
906335.386632392
927902.1160225226
949642.4443893044
971554.6232208908
993637.0977577533
1.015888495794871e6
1.0383076177204374e6
1.0608934230918568e6
1.083645022788064e6
1.1065616656819321e6
1.129642729411782e6
1.1528877105004285e6
1.1762962150547183e6
1.199867950051195e6
1.223602713782853e6
1.2475003898749563e6
1.2715609377845954e6
1.2957843873732095e6
1.3201708308561426e6
1.3447204172693933e6
1.3694333473362261e6
1.3943098672144434e6
1.419350244991218e6
1.4445548607344886e6
1.4699240120099485e6
1.4954581008940807e6
1.521157534517215e6
1.5470227405436458e6
1.5730541661972469e6
1.5992522711399994e6
1.6256175306001431e6
1.6521504275166849e6
1.678851453351603e6
1.705721106981677e6
1.7327598905373618e6
1.7599683093245318e6
1.7873468695700685e6
1.8148960785219953e6
1.8426164415931907e6
1.8705084618064233e6
1.8985726399836042e6
1.9268094731451643e6
1.9552194527551832e6
1.9838030660780596e6
2.012560794057552e6
2.0414931120831878e6
2.0706004880765483e6
2.099883383649107e6
2.129342252878584e6
2.158977542367632e6
2.1887896909718313e6
2.218779129870683e6
2.2489462818786055e6
2.2792915621369723e6
2.309815377259596e6
2.340518126267737e6
2.3714001998001477e6
2.4024619791425867e6
2.433703839691679e6
2.4651261471247235e6
2.4967292597947083e6
2.5285135276211137e6
2.560479286528036e6
2.5926268919540467e6
2.6249566494108913e6
2.657468886311233e6
2.6901639147591596e6
2.723042039581759e6
2.75610355863381e6
2.789348763075936e6
2.822777936569823e6
2.8563913568700785e6
2.8901892948667747e6
2.9241720153474133e6
2.9583397741411976e6
2.9926928266919567e6
3.027231416968048e6
3.0619557897494026e6
3.096866169315805e6
3.1319627940576696e6
3.1672458850545106e6
3.2027156612019716e6
3.2383723340683947e6
3.274216113706017e6
3.310247202557007e6
3.3464657997126523e6
3.382872099133787e6
3.419466290357025e6
3.456248558645605e6
3.493219085004599e6
3.5303780463455217e6
3.567725615178392e6
3.60526196035113e6
3.642987247228287e6
3.6809016371127153e6
3.719005287692979e6
3.75729835328806e6
3.7957809847379094e6
3.834453329594183e6
3.873315532227194e6
3.912367733830574e6
3.9516100724780997e6
3.991042683237427e6
4.030665698601515e6
4.070479248028701e6
4.11048345826347e6
4.15067845336736e6
4.1910643549362216e6
4.231641281920274e6
4.272409350968125e6
4.313368676088487e6
4.354519369404047e6