332620.3964065205
332564.4866239311
332415.6765770605
332174.7500643382
331843.0394594994
331422.2550648978
330914.64217339165
330322.99485946994
329650.4647506159
328900.7648423413
328078.0015240278
327186.8342816009
326232.26720870205
325219.74943720433
324155.24006487674
323045.02647108794
321895.85505580925
320714.8585230332
319509.4965993992
318287.77157507953
317057.85350113834
315828.4116239291
314608.3342257017
313406.92393493105
312233.7912858086
311098.8510891809
310012.31026986253
308984.6565871215
308026.72178812895
307149.47176154313
306364.25577231206
305682.61665183224
305116.316896601
304677.37863152055
304378.00992347853
304230.65305508714
304247.90576822974
304442.5660883067
304827.58525617124
305416.07775515254
306221.2885282098
307256.58044763026
308535.4277300983
310071.38738860365
311878.0802535637
313969.1641102688
316358.33059900644
319059.25100985856
322085.5683356488
325450.8526329097
329168.57345379516
333252.06992914167
337714.4965406569
342568.792449841
347827.6329849248
353503.38133095106
359608.0396050115
366153.1942668172
373149.96425401303
380608.93458441267
388540.0731841413
396952.86643299356
405855.8465326892
415256.9465546962
425163.2484058149
435580.9453099665
446515.30700119364
457970.62636685924
469950.1722853676
482456.1548491654
495489.69964328397
509050.8075774069
523138.3602037009
537750.1088299201
552882.6647223105
568531.5320718096
584691.128938823
601354.8195029655
618514.9598514095
636162.9649369271
654289.3542504562
672883.8512837363
691935.4228408805
711432.424740785
731362.6438411317
751713.4074789749
772471.6833213889
793624.1696784031
815157.4188521255
837057.8822725026
859312.0263233534
881906.4135346
904827.7982138282
928063.1566868711
951599.8012841018
975425.4109909814
999528.0751528984
1.0238963571882161e6
1.0485193193482816e6
1.073386544051919e6
1.098488167425765e6
1.123814884664545e6
1.1493579588364565e6
1.175109217657783e6
1.201061078283527e6
1.227206489718833e6
1.2535389738252112e6
1.2800525721369742e6
1.3067418588007444e6
1.3336018836909845e6
1.3606281977453092e6
1.387816793912094e6
1.4151640969360615e6
1.442666939463455e6
1.4703225351615208e6
1.4981284705749135e6
1.526082623959478e6
1.5541832409159576e6
1.582428820047637e6
1.6108181339216009e6
1.6393502032635938e6
1.6680242683452077e6
1.6968397682435873e6
1.7257963540239853e6
1.7548938158328645e6
1.7841321134168194e6
1.8135113411543649e6
1.8430317168822726e6
1.8726935698189004e6
1.9024973239997486e6
1.9324434946625417e6
1.962532671905973e6
1.9927655044191962e6
2.0231427128980292e6
2.0536650617972168e6
2.0843333502654359e6
2.1151484229955142e6
2.14611114217092e6
2.1772224086355753e6
2.2084831286898525e6
2.239894232611267e6
2.271456650150836e6
2.3031713248490635e6
2.3350391995463585e6
2.3670612185798865e6
2.399238325990814e6
2.431571453133904e6
2.4640615264160447e6
2.496709479891354e6
2.529516209660845e6
2.5624826180440737e6
2.5956095906768655e6
2.628897998437005e6
2.662348697941064e6
2.695962531620714e6
2.7297403232402606e6
2.76368288268248e6
2.797791001292909e6
2.832065455883383e6
2.866507003740894e6
2.9011163854191746e6
2.9358943360663494e6
2.9708415231410484e6
3.005958687227272e6
3.041246470999776e6
3.076705535701735e6
3.112336522795192e6
3.148140046705707e6
3.184116721228454e6
3.2202671314436276e6
3.25659185853131e6
3.293091452934107e6
3.3297664555040216e6
3.3666174148651804e6
3.4036448264535596e6
3.4408491969813583e6
3.4782310132588474e6
3.515790747208133e6
3.5535288607701673e6
3.5914458017659704e6
3.629542002521802e6
3.6678178884022376e6
3.706273869910392e6
3.7449103468749486e6
3.7837277079257322e6
3.822726330442697e6
3.8619065836638985e6
3.901268822957851e6
3.9408133965835106e6
3.9805406421247097e6
4.020450888680418e6
4.0605444557639826e6
4.1008216529074917e6
4.1412827841819245e6
4.181928143347916e6
4.222758016428762e6
4.263772681695774e6
4.304972410932124e6
4.346357467732714e6
4.387928109127791e6