19415.667112170777
19534.0793684078
19849.86090184521
20363.053866902963
21073.726254186353
21981.971170092438
23087.90585576118
24391.67046079912
25893.42659086373
27593.355651800775
29491.657013133386
31588.546023219664
33884.25190078515
36379.01553091217
39073.08719753364
41966.72435133878
45060.18904430707
48353.74615663641
51847.66068662217
55542.19584781554
59437.61098176706
63534.15961769024
67832.08769130227
72331.63186717115
77033.01821150427
81936.46059328322
87042.15976146831
92350.30227223795
97861.06014832594
103574.58920428762
109491.02971646043
115610.5055609886
121933.12427525099
128458.9768980466
135188.138302441
142120.66734241432
149256.6073242434
156595.9864108575
164138.81823985526
171885.10254565993
179834.82585978904
187987.9622838862
196344.4742667536
204904.3134364725
213667.42144016954
222633.7308017851
231803.16576934652
241175.6431680704
250751.0732381029
260529.36044815194
270510.4042923307
280694.1000585726
291080.3395569363
301669.01182462974
312460.00378569635
323453.20088857797
334648.4876379552
346045.7482365362
357644.866993431
369445.72882702854
381448.219694803
393652.226946811
406057.63969686156
418664.3491196868
431472.2487139367
444481.23456062574
457691.2054980678
471102.0633165616
484713.7129042489
498526.06235781126
512539.02308584325
526752.5098406861
541166.440832827
555780.7377019307
570595.3255543612
585610.1329542182
600825.0919048787
616240.1377947135
631855.2093880395
647670.2487420123
663685.2011614093
679900.0150950355
696314.6420930149
712929.0367090444
729743.1564152392
746756.9614429171
763970.414847377
781383.4822336414
798996.131778626
816808.3340535798
834820.0619805836
853031.2906745988
871441.9974030865
890052.1614579334
908861.7640546656
927870.7882450131
947079.2188270944
966487.0422255564
986094.2464634554
1.0059008210117045e6
1.0259067567310875e6
1.0461120457982692e6
1.0665166816198907e6
1.0871206587521425e6
1.1079239728375638e6
1.1289266205288707e6
1.1501285993877496e6
1.1715299079801736e6
1.193130545550644e6
1.2149305121506045e6
1.236929808555517e6
1.2591284361864678e6
1.2815263970666165e6
1.3041236937649339e6
1.326920329375492e6
1.3499163074487073e6
1.37311163196305e6
1.3965063072882467e6
1.4201003381904361e6
1.44389372957086e6
1.4678864868906068e6
1.4920786156905943e6
1.5164701218175883e6
1.5410610111730052e6
1.5658512900648061e6
1.5908409648011418e6
1.6160300418650887e6
1.641418527850997e6
1.667006429451146e6
1.6927937534309248e6
1.7187805066262907e6
1.744966695916372e6
1.7713523282126714e6
1.7979374104459165e6
1.8247219495607237e6
1.8517059525008828e6
1.8788894261920438e6
1.9062723775553002e6
1.9338548134912627e6
1.961636740773684e6
1.989618166284785e6
2.0177990967552636e6
2.0461795388891008e6
2.0747594993306883e6
2.1035389846600415e6
2.1325180013947114e6
2.1616965559735657e6
2.1910746547679384e6
2.220652304070613e6
2.2504295100931907e6
2.2804062789725326e6
2.310582616758146e6
2.340958529417688e6
2.3715340228317236e6
2.402309102799053e6
2.43328377502755e6
2.4644580451415996e6
2.4958319186767195e6
2.5274054010825534e6
2.5591784977203947e6
2.5911512138636727e6
2.6233235546568683e6
2.655695525287066e6
2.688267130776962e6
2.721038375972149e6
2.7540092657567e6
2.787179804901672e6
2.8205499980886136e6
2.854119849913007e6
2.887889364900208e6
2.921858547490476e6
2.9560274020428755e6
2.990395932854395e6
3.024964144124562e6
3.0597320399914663e6
3.0946996245182045e6
3.129866901477759e6
3.165233875197404e6
3.20080054933096e6
3.2365669278972875e6
3.2725330141558815e6
3.308698811968756e6
3.345064324919397e6
3.381629556522793e6
3.4183945102376044e6
3.455359189457725e6
3.4925235975153875e6
3.5298877376882955e6
3.5674516131935623e6
3.6052152271944974e6
3.6431785827936726e6
3.681341683046448e6
3.7197045309497593e6
3.758267129451367e6
3.7970294814480245e6
3.8359915897844164e6
3.875153457258976e6
3.914515086620232e6
3.9540764805723215e6
3.993837641771473e6