19798.174522376758
19915.142257954853
20227.085299761544
20734.08265790544
21436.26179181366
22333.79729397632
23426.90909627347
24715.860226020435
26200.954145363547
27882.531714169694
29760.967816339034
31836.667708098386
34110.06313028482
36581.60795640852
39251.77539784208
42121.051052548886
45189.930934940945
48458.91675844689
51928.511182635106
55599.2140755581
59471.518870247615
63545.90858152558
67822.85246696825
72302.8035413052
76986.19412134102
81873.43510270485
86964.91260142803
92260.98648095553
97761.98862466587
103468.22169332489
109379.95831269777
115497.44032692857
121820.87839914237
128350.45217160948
135086.31029354132
142028.57091223795
149177.32234723528
156532.6239048069
164094.50694430518
171862.97604635317
179838.01026529304
188019.5645980732
196407.57144143278
205001.9421482623
213802.5686249555
222809.32495232084
232022.0690152892
241440.64413522783
251064.88066190624
260894.59756599215
270929.6039804969
281169.70058796665
291614.68125158286
302264.33416346356
313118.44324528694
324176.7893465271
335439.1513772392
346905.30738793703
358575.0355310888
370448.1149990738
382524.3268597517
394803.45469237847
407285.28548717883
419969.61004592455
432856.22362290905
445944.9263636264
459235.5237017402
472727.82673191465
486421.65248453064
500316.82417330664
514413.1713276734
528710.5300043442
543208.7428659897
557907.6592035095
572807.1350001115
587907.0329082812
603207.2222215806
618707.5787714173
634407.984908979
650308.3293438142
666408.5070576088
682708.4191078789
699207.9725362635
715907.0801794424
732805.6604884688
749903.6373656685
767200.939952438
784697.5024724524
802393.2640122747
820288.1683434072
838382.1637206197
856675.2026695618
875167.2419757284
893858.2417071502
912748.166573556
931836.9842782919
951124.6656841498
970611.1853142807
990296.5203919776
1.0101806510180769e6
1.030263559963787e6
1.0505452325158776e6
1.0710256563356034e6
1.0917048212187043e6
1.1125827191404656e6
1.133659343924965e6
1.1549346912608673e6
1.176408758480951e6
1.1980815445089864e6
1.2199530496844465e6
1.2420232757173837e6
1.2642922255593871e6
1.2867599033088943e6
1.3094263141011992e6
1.3322914640685036e6
1.3553553602072832e6
1.3786180103255457e6
1.4020794229719685e6
1.425739607445015e6
1.449598573289934e6
1.4736563311221406e6
1.497912891690519e6
1.5223682662639536e6
1.5470224664756346e6
1.571875504311869e6
1.5969273920338885e6
1.6221781421564333e6
1.64762776740167e6
1.6732762806705413e6
1.6991236949939306e6
1.7251700235386926e6
1.7514152795355998e6
1.7778594762722384e6
1.8045026270821367e6
1.8313447453008206e6
1.8583858442650037e6
1.885625937268348e6
1.913065037580467e6
1.940703158419215e6
1.968540312886847e6
1.9965765140376228e6
2.024811774816903e6
2.0532461080710308e6
2.0818795265026013e6
2.1107120427256417e6
2.139743669205923e6
2.1689744182606237e6
2.198404302075278e6
2.2280333326792275e6
2.257861521949249e6
2.287888881610254e6
2.318115423220453e6
2.348541158177495e6
2.379166097715779e6
2.4099902528985622e6
2.441013634628454e6
2.4722362536367136e6
2.5036581204800643e6
2.535279245558955e6
2.5670996390576013e6
2.5991193111052783e6
2.631338271565464e6
2.6637565301550613e6
2.696374096497874e6
2.7291909798875283e6
2.76220718960495e6
2.7954227347315517e6
2.828837624184714e6
2.862451866716667e6
2.896265471010594e6
2.9302784453190155e6
2.9644907981403684e6
2.998902537585246e6
3.033513671643084e6
3.0683242079794956e6
3.1033341547239963e6
3.1385435192740792e6
3.173952309144968e6
3.209560531455701e6
3.245368193836579e6
3.281375302826359e6
3.3175818655706523e6
3.3539878888818705e6
3.3905933794409093e6
3.427398343819524e6
3.46440278846782e6
3.5016067197180316e6
3.5390101437961627e6
3.5766130668138666e6
3.6144154947799677e6
3.652417433586913e6
3.6906188890383746e6
3.7290198668248616e6
3.7676203725425834e6
3.8064204116927832e6
3.8454199896756383e6
3.884619111803096e6
3.9240177832929734e6
3.963616009277627e6
4.0034137947984114e6