20553.264644869225
20667.349497111587
20971.630618579693
21466.25705638316
22151.469330438522
23027.59705663987
24095.055704398314
25354.342534347896
26806.031773145864
28450.769093778952
30289.265705208534
32322.290496928435
34550.665279933084
36975.254927323665
39596.96028483651
42416.71289643586
45435.46077690601
48654.16754368135
52073.80022387479
55695.32289390807
59519.68946563248
63547.836222790924
67780.67499709323
72219.08983702741
76863.92566889121
81715.98743026415
86776.03714692032
92044.78530095884
97522.89067996436
103210.95670238417
109109.52960807525
115219.09690475692
121540.08641474658
128072.86587774877
134817.74316130666
141774.96675316116
148944.72685958777
156327.15686720438
163922.33512379925
171730.287038184
179750.98748634494
187984.36342132514
196430.2966740087
205088.62690555106
213959.15466572568
223041.64452345343
232335.82824641722
241841.40794181457
251558.05929750815
261485.4345659151
271623.165921482
281970.8675541184
292528.1399425527
303294.571290034
314269.7407511724
325453.22066836024
336844.5791056616
348443.38177235046
360249.1941503361
372261.5833270566
384480.1196888529
396904.3784150074
409533.9409340077
422368.39614002366
435407.3414783238
448650.3839274772
462097.1408298834
475747.2406134802
489600.3233761449
503656.0414366251
517914.0595688201
532374.0554534253
547035.7201943585
561898.7566670876
576962.8830176934
592227.8293114386
607693.3391038735
623359.1688976794
639225.0881505779
655290.8789165257
671556.3356410996
688021.2649657655
704685.485214176
721548.8262467482
738611.1290827962
755872.2454744792
773332.0375649659
790990.3775036191
808847.1470881987
826902.2373171062
845155.5480380506
863606.987494043
882256.4721470994
901103.9258920639
920149.2800836752
939392.47295884
958833.449316771
978472.1601125929
998308.5622695154
1.0183426181292415e6
1.0385742953067395e6
1.0590035662723081e6
1.0796304081266786e6
1.1004548021703516e6
1.1214767338743538e6
1.1426961923599588e6
1.1641131702651002e6
1.1857276635137233e6
1.2075396709836114e6
1.2295491944289089e6
1.251756238148378e6
1.2741608088482185e6
1.296762915421751e6
1.3195625687883042e6
1.3425597817179596e6
1.3657545686607286e6
1.3891469458188273e6
1.4127369299546285e6
1.436524540339935e6
1.4605097965526772e6
1.4846927193733763e6
1.5090733306661411e6
1.533651652481755e6
1.5584277084598297e6
1.5834015222901497e6
1.6085731183109586e6
1.6339425213175938e6
1.6595097564891404e6
1.685274849308684e6
1.711237825511559e6
1.7373987109980832e6
1.7637575318729004e6
1.7903143142297077e6
1.8170690842663697e6
1.8440218681670001e6
1.8711726920711282e6
1.8985215820347539e6
1.9260685640339311e6
1.9538136638825508e6
1.9817569072298086e6
2.0098983195965444e6
2.0382379262044127e6
2.0667757521200199e6
2.0955118221393442e6
2.1244461608017986e6
2.1535787923831753e6
2.1829097408629362e6
2.2124390299340496e6
2.242166682990597e6
2.272092723097941e6
2.3022171730281487e6
2.3325400552207134e6
2.3630613917871225e6
2.393781204505811e6
2.424699514799042e6
2.455816343849109e6
2.4871317124246093e6
2.5186456409424525e6
2.5503581495467923e6
2.5822692579893996e6
2.61437898580085e6
2.646687352020222e6
2.6791943751902366e6
2.711900074676995e6
2.7448044676929405e6
2.777907572392404e6
2.811209406300197e6
2.844709986627996e6
2.878409330252334e6
2.912307453606367e6
2.946404373331365e6
2.980700105269705e6
3.0151946651596823e6
3.0498880684006326e6
3.08478033015888e6
3.1198714653180987e6
3.1551614884764533e6
3.190650413976825e6
3.2263382559059216e6
3.262225028326191e6
3.29831074436305e6
3.3345954175582184e6
3.3710790609985627e6
3.407761687537023e6
3.4446433097945936e6
3.4817239401631365e6
3.5190035908076977e6
3.55648227368497e6
3.5941600005302476e6
3.632036782873418e6
3.670112632039112e6
3.708387559147503e6
3.746861575128696e6
3.7855346907202965e6
3.8244069164623925e6
3.863478262724231e6
3.902748739688513e6
3.9422183573588543e6
3.981887125572568e6
4.0217550539949937e6