19458.316673372377
19576.56856138187
19891.923974690108
20404.429220718157
21114.15899026191
22021.215568677675
23125.727761567883
24427.84955177964
25927.758508523468
27625.653973359673
29521.755047885286
31616.298418472194
33909.536044874665
36401.73274355236
39093.16370054824
41984.112020126515
45074.865921379154
48365.716764376106
51856.95610374509
55548.873579421605
59441.75462939454
63535.87833728209
67831.51570667779
72328.9268661497
77028.36120989177
81930.05443239567
87034.22772238318
92341.08688898696
97850.82082120219
103563.60318066308
109479.58730243228
115598.9104421566
121921.69142423106
128448.03091810545
135178.01179805404
142111.6992973527
149249.14152618253
156590.36990760805
164135.39985599695
171884.23145773643
179836.85023919347
187993.22801502148
196353.32374185827
204917.0844329189
213684.44608165935
222655.33460576786
231829.6667798715
241207.35117547365
250788.28908383564
260572.3754130192
270559.49956649786
280749.5462907671
291142.39647899434
301737.92794894264
312536.0161718021
323536.5349751347
334739.3571315726
346144.3550723223
357751.4013114795
369560.36905610416
381571.13262706454
393783.5678761277
406197.5525964253
418812.966838863
431629.6932162851
444647.6171841634
457866.6272258266
471286.61508870486
484907.4759245516
498729.1084228701
512751.41492351063
526974.3014518096
541397.677845348
556021.4577225955
570845.5585241972
585869.9015033457
601094.4117059982
616519.0179104817
632143.6526190228
647968.2519637174
663992.7556591218
680217.106887278
696641.2522494865
713265.1416578903
730088.7282518923
747111.9682001023
764334.8207943456
781757.2481442716
799379.2151695412
817200.689457664
835221.6411691606
853442.0429073091
871861.8696250612
890481.0985140589
909299.7088883974
928317.6820852405
947535.0013671143
966951.6517897014
986567.6201699801
1.0063828949206898e6
1.0263974659873589e6
1.0466113247647876e6
1.0670244640029096e6
1.0876368777193162e6
1.108448561127727e6
1.1294595105553144e6
1.1506697233313564e6
1.172079197888344e6
1.1936879334079248e6
1.2154959299638234e6
1.237503188422811e6
1.2597097103640395e6
1.2821154980296548e6
1.304720554262568e6
1.3275248825209325e6
1.3505284866174085e6
1.3737313710572973e6
1.397133540628758e6
1.4207350005932231e6
1.4445357563604286e6
1.4685358139561738e6
1.4927351794940883e6
1.5171338594241338e6
1.5417318602557173e6
1.5665291889459635e6
1.5915258524517168e6
1.6167218579214204e6
1.642117212626668e6
1.6677119239457902e6
1.6935059993373777e6
1.7194994463373164e6
1.7456922725286712e6
1.772084485529724e6
1.7986760929795275e6
1.8254671025320468e6
1.852457521840092e6
1.8796473585358965e6
1.9070366202465317e6
1.934625314575866e6
1.9624134489886079e6
1.9904010310673092e6
2.0185880682282245e6
2.0469745678576399e6
2.075560537276097e6
2.1043459837324168e6
2.1333309144072165e6
2.162515336384986e6
2.191899256710228e6
2.221482682289036e6
2.2512656199723454e6
2.281248076519929e6
2.3114300585951735e6
2.341811572771153e6
2.3723926255209227e6
2.4031732232428957e6
2.434153372211887e6
2.465333078622241e6
2.4967123485822976e6
2.5282911880810345e6
2.560069603027696e6
2.5920475991873587e6
2.624225182353683e6
2.6566023581073256e6
2.6891791320191915e6
2.721955509433787e6
2.754931495725032e6
2.7881070961463507e6
2.821482315852582e6
2.8550571599035966e6
2.8888316332822903e6
2.922805740877378e6
2.95697948748828e6
2.991352877846047e6
3.025925916574275e6
3.0606986082288614e6
3.0956709572830945e6
3.130842967908347e6
3.166214644874772e6
3.201785992102282e6
3.2375570141097046e6
3.27352771449164e6
3.309698097477423e6
3.3460681670122882e6
3.3826379269655207e6
3.4194073811444817e6
3.456376533285182e6
3.493545387055751e6
3.5309139460641816e6
3.568482213851788e6
3.6062501939005973e6
3.64421788962554e6
3.6823853043903764e6
3.720752441493267e6
3.759319304179049e6
3.7980858956362596e6
3.837052218995738e6
3.876218277337945e6
3.91558407368799e6
3.9551496110305525e6
3.9949148922641575e6