21145.995279488
21257.80160457101
21556.025887922195
22040.86946871441
22712.657327210836
23571.83497929114
24618.96423657772
25854.717888905754
27279.87338179923
28895.305560500186
30701.978968470255
32700.937217509298
34893.29752837638
37280.23561703156
39862.98034842554
42642.79889772897
45620.99230147476
48798.87356410922
52177.77075108283
55759.00654134834
59543.89400015298
63533.72251593883
67729.75243486087
72133.20466651637
76745.25346749203
81567.01917638765
86599.56186770494
91843.87573262517
97300.88438125218
102971.43698711833
108856.3049547774
114956.17965347829
121271.67090071773
127803.30611761524
134551.53014530326
141516.70603079503
148699.11595829518
156098.96314463575
163716.37421336526
171551.40166334625
179604.02728656906
187874.16547724477
196361.66706815438
205066.3233060782
213987.87003684507
223125.99199879973
232480.32719729553
242050.47129337626
251835.98206240122
261836.38364920722
272051.1709570912
282479.8135053505
293121.7600035535
303976.44167176285
315043.2761865537
326321.67107318714
337811.02710560424
349510.74130851205
361420.20984572754
373538.8306393069
385866.0058498797
398401.1439841177
411143.66204787925
424092.9871984754
437248.5583910002
450609.82776896236
464176.26185117004
477947.34259591147
491922.5682715834
506101.4540867891
520483.53284795047
535068.3553277272
549855.4906515523
564844.5263609375
580035.0685765798
595426.7419730737
611019.1897533654
626812.0732546935
642805.0720034388
658997.8829911535
675390.221426988
691981.8182954976
708772.4219472846
725761.7966600133
742949.7221055618
760335.9933452323
777920.4197550081
795702.8247928205
813683.0453577342
831860.9312353513
850236.3445611208
868809.1592188331
887579.2604382086
906546.5439805218
925710.9158705743
945072.2917564051
964630.5963908877
984385.7630891087
1.0043377334729937e6
1.0244864566176413e6
1.0448318889787288e6
1.0653739936828131e6
1.0861127402976344e6
1.1070481041395003e6
1.1281800663778181e6
1.1495086130529898e6
1.1710337352485715e6
1.192755428420899e6
1.214673692141046e6
1.2367885299370321e6
1.259099948796321e6
1.2816079590225092e6
1.3043125739097872e6
1.3272138095123172e6
1.3503116843672749e6
1.3736062193780749e6
1.3970974374818152e6
1.4207853633108262e6
1.4446700240620798e6
1.4687514473931955e6
1.493029662476011e6
1.5175046999981923e6
1.5421765921303146e6
1.5670453712852416e6
1.5921110709562562e6
1.6173737253039358e6
1.6428333690807098e6
1.6684900375309016e6
1.6943437662611413e6
1.7203945913195978e6
1.7466425487773502e6
1.7730876750355766e6
1.7997300064861183e6
1.8265695795958482e6
1.8536064308029704e6
1.880840596433688e6
1.9082721127238653e6
1.9359010157273598e6
1.9637273412745246e6
1.9917511249631755e6
2.0199724021165608e6
2.0483912077442748e6
2.0770075765381884e6
2.105821542841915e6
2.134833140561279e6
2.164042403326415e6
2.193449364220836e6
2.223054056118118e6
2.2528565112036876e6
2.2828567613716563e6
2.3130548380595087e6
2.343450772182808e6
2.3740445943187815e6
2.4048363344587004e6
2.435826022185041e6
2.467013686647071e6
2.498399356332467e6
2.5299830595402233e6
2.5617648239264963e6
2.593744676721637e6
2.6259226446825606e6
2.6582987541252794e6
2.6908730308931987e6
2.7236455004341686e6
2.7566161876137853e6
2.7897851167865233e6
2.823152312356071e6
2.8567177978266994e6
2.890481596363237e6
2.9244437307852725e6
2.95860422345403e6
2.9929630963596213e6
3.027520371048308e6
3.0622760686949976e6
3.097230210086206e6
3.132382815633187e6
3.167733905351664e6
3.2032834989026356e6
3.2390316155980304e6
3.2749782746201595e6
3.3111234941177377e6
3.34746729256914e6
3.384009687886426e6
3.420750697686025e6
3.4576903392452756e6
3.4948286295305556e6
3.532165585195885e6
3.56970122260605e6
3.607435557823223e6
3.6453686066204077e6
3.683500384492683e6
3.7218309066618364e6
3.7603601880685138e6
3.799088243398602e6
3.8380150870770933e6
3.8771407332676714e6
3.9164651958977534e6
3.95598848864688e6
3.995710624959424e6
4.0356316180460844e6