282408.1001778913
282363.5836715277
282245.1687259143
282053.7096552055
281790.4185478288
281457.23521183943
281056.42861905147
280588.7783194458
280063.83783736697
279479.17615158844
278841.0486325851
278154.35299943027
277424.2005893842
276656.28330409795
275856.7517715519
275032.09763664624
274189.30033086205
273335.7397281163
272479.1933574276
271627.8414643229
270790.22526333365
269975.2566394594
269192.2084865619
268450.7022394601
267760.67207125365
267132.41681944206
266576.48610380443
266103.77703921194
265725.3785483738
265452.7868745285
265297.6648771175
265271.94535482395
265388.16291954485
265657.55145232903
266093.83730457467
266709.4313318095
267517.247450994
268530.4253364097
269762.14877435577
271225.79546302895
272934.804084194
274902.69306317985
277143.0252269594
279669.3839310303
282495.3455017179
285634.4454651476
289100.14132033836
292905.7890998932
297064.5877644357
301589.5466731164
306493.43968345097
311788.7572669409
317487.65731295024
323601.91253943706
330142.85649869626
337121.327314102
344547.6107635045
352431.38385478954
360781.6502995105
369606.6868742972
378913.98693477735
388710.20272096293
399001.0935938307
409791.47999161726
421085.19420516526
432885.041614337
445192.7789145233
458009.0835246284
471333.5132682894
485164.58060133015
499499.6249272531
514334.94415482896
529665.7574604606
545486.2587966905
561789.640564991
578568.1651928184
595813.2180851577
613515.3713192194
631664.4865085455
650249.7480350399
669259.8010366043
688682.8119933908
708506.5714348947
728718.582234892
749306.1590483552
770256.5039501856
791556.8046620241
813194.3214280366
835156.454984554
857430.8152180281
880005.277339586
902868.0788211599
926007.8078027067
949413.498122364
973074.6458442411
996981.2282053811
1.0211237384599994e6
1.0454931914394081e6
1.0700811423107362e6
1.0948796820927209e6
1.1198814393284554e6
1.1450795692732239e6
1.170467747903042e6
1.196040166036664e6
1.2217915142401047e6
1.2477169384394619e6
1.2738120689148952e6
1.3000729420219078e6
1.3264960294131013e6
1.3530781767629765e6
1.3798166093671685e6
1.4067088968327185e6
1.433752934601328e6
1.4609468987475042e6
1.4882892726050252e6
1.5157787845027493e6
1.5434144029560601e6
1.571195294083045e6
1.5991208643435414e6
1.627190674044299e6
1.6554044580888138e6
1.6837620982508527e6
1.7122636153208716e6
1.7409091512090738e6
1.769698955631764e6
1.7986333782817363e6
1.8277128530130028e6
1.8569378913746579e6
1.8863090713703658e6
1.9158270270373411e6
1.9454924470045567e6
1.975306058529387e6
2.0052686299194642e6
2.0353809564636366e6
2.0656438595791094e6
2.096058178828858e6
2.1266247740006917e6
2.1573445095168427e6
2.188218264957117e6
2.2192469178418247e6
2.250431356216212e6
2.2817724552403213e6
2.313271095812019e6
2.3449281510055135e6
2.376744485847163e6
2.408720959888201e6
2.4408584176796293e6
2.4731576954394197e6
2.5056196196716735e6
2.538244999174824e6
2.571034631321978e6
2.603989299384366e6
2.6371097712712754e6
2.670396799407092e6
2.703851121748112e6
2.737473458917777e6
2.7712645158969397e6
2.8052249860396525e6
2.839355539342715e6
2.87365683488884e6
2.908129514649631e6
2.9427742121167895e6
2.977591516417956e6
3.0125820442203307e6
3.0477463666647202e6
3.0830850549880946e6
3.1185986549646487e6
3.154287699654579e6
3.190152715009662e6
3.226194208410432e6
3.2624126734563536e6
3.2988085921895066e6
3.335382429913477e6
3.3721346444737907e6
3.4090656779580964e6
3.446175961125906e6
3.483465913275723e6
3.5209359408423575e6
3.5585864414873286e6
3.596417801357575e6
3.6344303932119515e6
3.6726245839606225e6
3.7110007267335914e6
3.749559168046274e6
3.7883002433806174e6
3.827224279074249e6
3.8663315935494713e6
3.905622495513168e6
3.9450972858745987e6
3.9847562550684297e6
4.024599695909978e6
4.064627877745335e6
4.104841073668899e6
4.1452395461638207e6
4.185823551728312e6
4.22659333917777e6
4.2675491514775995e6
4.3086912252414655e6
4.350019790768114e6
4.391535072834815e6