19328.690117122664
19447.42881924614
19764.07774571734
20278.670548539623
20991.261501778587
21901.924922250226
23010.75438074718
24317.861716341708
25823.375869271724
27527.441550823132
29430.21776875996
31531.87623434815
33832.59967122767
36332.58004855983
39032.01676463141
41931.11485938972
45030.08296011259
48329.13188608874
51828.47243491997
55528.31391774665
59428.86247018572
63530.31951238548
67832.88033429452
72336.73291374829
77042.05612209263
81949.01994591203
87057.78327390908
92368.49382468585
97881.28758695244
103596.28780699891
109513.60521682742
115633.33751897291
121955.56941445706
128480.37248443016
135207.80546583855
142137.9143784151
149270.73290385437
156606.2827195529
164144.57399337032
171885.6058859962
179829.36711090495
187975.83655366395
196324.9838919967
204876.77025919972
213631.1489136792
222588.06591722777
231747.460813922
241109.2673036703
250673.41390556924
260439.82460398052
270408.4194783433
280579.115311921
290951.82616625127
301526.46398700366
312302.9388832763
323281.16011301766
334461.0360193275
345842.4747789405
357425.3846739109
369209.6744974688
381195.25384969736
393382.0334979346
405769.9255868198
418358.8439144964
431148.70412829187
444139.4238909859
457330.9231990243
470723.12418233306
484315.95156587847
498109.3325831723
512103.19709419104
526297.4776061744
540692.1093661967
555287.0303359493
570082.1812217563
585077.505466646
600272.949235365
615668.4613711798
631263.9933893685
647059.4994093836
663054.9361196533
679250.2626985898
695645.4407746494
712240.4343551131
729035.2097527047
746029.735460465
763223.9822235734
780617.922790822
798211.5319327812
816004.7863348465
833997.6645310121
852190.1468094246
870582.2151334819
889173.8530876443
907965.0457742362
926955.7797491442
946146.0429507743
965535.8246077528
985125.1152045793
1.0049139063868759e6
1.0249021908916669e6
1.0450899625001949e6
1.065477215968342e6
1.086063946962687e6
1.1068501520107887e6
1.1278358284402427e6
1.1490209743127543e6
1.1704055884307346e6
1.1919896702265772e6
1.2137732196956805e6
1.2357562374423333e6
1.2579387245739603e6
1.2803206826764427e6
1.3029021137698237e6
1.3256830202905773e6
1.3486634050370017e6
1.3718432711478902e6
1.3952226220721854e6
1.4188014615743922e6
1.442579793526532e6
1.466557622244754e6
1.4907349521096197e6
1.5151117877442378e6
1.5396881338165507e6
1.5644639953166703e6
1.5894393772855566e6
1.6146142847047923e6
1.6399887229427279e6
1.6655626972720562e6
1.691336212975055e6
1.7173092755385048e6
1.7434818903871956e6
1.769854062989644e6
1.79642579884015e6
1.823197103438953e6
1.8501679822869264e6
1.8773384408711337e6
1.9047084846754866e6
1.9322781191690057e6
1.9600473497183416e6
1.9880161817792673e6
2.0161846206862442e6
2.044552671753306e6
2.0731203402475808e6
2.1018876313856994e6
2.130854550334794e6
2.160021102200149e6
2.189387292033746e6
2.2189531248256443e6
2.2487186055014706e6
2.2786837389286803e6
2.3088485299047567e6
2.3392129831629903e6
2.3697771033677543e6
2.4005408951189215e6
2.4315043629443157e6
2.4626675113061215e6
2.4940303445945396e6
2.5255928671350004e6
2.5573550831801617e6
2.5893169969144547e6
2.6214786124122636e6
2.653839933804127e6
2.686400965078154e6
2.719161710061931e6
2.7521221726399707e6
2.7852823565986175e6
2.818642265653886e6
2.8522019034527214e6
2.8859612735872217e6
2.919920379581773e6
2.9540792248965153e6
2.988437812947862e6
3.0229961470535626e6
3.0577542305137278e6
3.0927120665498166e6
3.127869658328921e6
3.1632270087302173e6
3.198784121246736e6
3.2345409989102245e6
3.27049764421549e6
3.306654060273309e6
3.343010249929108e6
3.3795662159704086e6
3.416321961154996e6
3.4532774881646824e6
3.4904327996549043e6
3.527787898223219e6
3.5653427864645184e6
3.6030974667755305e6
3.64105194173699e6
3.6792062137353555e6
3.7175602851517457e6
3.7561141583270743e6
3.794867835562224e6
3.833821319116643e6
3.8729746112131258e6
3.9123277140353373e6
3.9518806297296504e6
3.9916333604077525e6