19483.365958346258
19601.52357032946
19916.628476760852
20428.729419222487
21137.90501574058
22044.26293201831
23147.93875265571
24449.094569973873
25947.917312248333
27644.616837293695
29539.423817411858
31632.587452824235
33924.37304162446
36415.05943871859
39104.936440206024
41994.3022051866
45083.46030523359
48372.71765099338
51862.38138149273
55552.75665981522
59444.14424443298
63536.83824929844
67831.12428457777
72327.27655318614
77025.55796913273
81926.2170447344
87029.48703357445
92335.58521778829
97844.71070568562
103557.04593082692
109472.75392799701
115591.97917239442
121914.84708788742
128441.46404661106
135171.9176489791
142106.27690256294
149244.5927637384
156586.89859467864
164133.21087826375
171883.52992760774
179837.84069925564
187996.11368278347
196358.30580008123
204924.3613681324
213694.21307215287
222667.78296006433
231844.98342548124
241225.71819865555
250809.88331964624
260597.36808365298
270588.05597014603
280781.8255796273
291178.5512516736
301778.10435247654
312580.3535755394
323585.1659184775
334792.40725764836
346201.9431153354
357813.6390362339
369627.3613766944
381642.9776035254
393860.3568077836
406279.3701234774
418899.8910620046
431721.79583392927
444744.96364397806
457969.2768917667
471394.6214127816
485020.8866349804
498847.9657158389
512875.7556621743
527104.1573675106
541533.0757461248
556162.4196998526
570992.10216214
586022.0400877922
601252.154432374
616682.3700883926
632312.6157281634
648142.8244465918
664172.9322275933
680402.8793049296
696832.609498797
713462.0696170368
730291.2106272886
747319.9861889998
764548.3533820275
781976.2722583766
799603.7058341048
817430.61993896
835456.9831172357
853682.7664888639
872107.943576602
890732.4905674243
909556.3854318411
928579.6085772285
947802.1423655287
967223.971049814
986845.0807400976
1.0066654592292078e6
1.0266850959268044e6
1.0469039817696933e6
1.0673221091242135e6
1.087939471692936e6
1.1087560644394988e6
1.1297718835014135e6
1.1509869260734494e6
1.172401190510727e6
1.194014675959836e6
1.2158273825092928e6
1.237839311080876e6
1.2600504633475496e6
1.2824608416833682e6
1.305070449091756e6
1.32787928922707e6
1.3508873661158949e6
1.374094684515735e6
1.3975012494812615e6
1.4211070665660363e6
1.4449121414794566e6
1.4689164805802952e6
1.4931200903194575e6
1.5175229775021954e6
1.5421251489959653e6
1.566926612140077e6
1.5919273742731407e6
1.6171274429354607e6
1.64252682579694e6
1.6681255306394715e6
1.693923565329653e6
1.7199209378150294e6
1.7461176560927022e6
1.7725137281966028e6
1.7991091621823322e6
1.825903966120967e6
1.8528981480821415e6
1.8800917161135226e6
1.9074846782509794e6
1.9350770425304144e6
1.9628688168046598e6
1.9908600090721764e6
2.01905062715402e6
2.0474406788368141e6
2.0760301718383548e6
2.104819113800668e6
2.13380751229373e6
2.1629953747860207e6
2.192382708703811e6
2.221969521326536e6
2.2517558198781568e6
2.2817416114823343e6
2.3119269031637176e6
2.342311701850988e6
2.372896014367265e6
2.4036798474569255e6
2.434663207733937e6
2.4658461017273874e6
2.497228535875621e6
2.5288105164910597e6
2.5605920498020374e6
2.5925731418865765e6
2.6247537988477745e6
2.6571340265689665e6
2.6897138309190883e6
2.7224932175355884e6
2.755472192080104e6
2.788650760088774e6
2.822028926994795e6
2.8556066981305494e6
2.889384078747379e6
2.923361073997337e6
2.957537688938411e6
2.9919139285563487e6
3.0264897977236817e6
3.0612653012415674e6
3.0962404438240435e6
3.1314152298762836e6
3.166789664407545e6
3.202363751556904e6
3.2381374960728474e6
3.2741109017687896e6
3.3102839730836023e6
3.3466567141914116e6
3.3832291291528232e6
3.4200012219853867e6
3.4569729966257066e6
3.494144456939562e6
3.531515606728306e6
3.5690864497234263e6
3.606856989594222e6
3.6448272299389504e6
3.6829971743019857e6
3.721366826158586e6
3.7599361889277827e6
3.7987052659692736e6
3.837674060582095e6
3.8768425760115795e6
3.916210815445626e6
3.955778782028909e6
3.9955464788154466e6