20975.850654438953
21088.31165325246
21388.276304105
21875.931184813562
22551.577429587218
23415.627823643605
24468.60283741691
25711.125654264782
27143.91626061919
28767.784666700005
30583.623701286604
32592.399156432817
34795.144556388426
37192.94725276135
39786.94327666198
42578.30424526178
45568.22969619227
48757.93588703136
52148.6444403865
55741.57818230226
59537.94614265335
63538.93678408552
67745.71208299286
72159.39410353609
76781.06335970247
81611.74957301017
86652.4263649402
91904.00608242661
97367.33566826495
103043.19296253342
108932.28384391541
115035.24026211846
121352.61878822217
127884.89996614816
134632.48835815108
141595.71279898845
148774.8282456548
156170.01671064537
163781.38998541073
171608.9917908869
179652.80098760163
187912.73470655596
196388.6518643977
205080.35687048908
213987.60347172397
223110.09873211518
232447.50705474138
241999.4542308011
251765.53150878346
261745.29950054106
271938.2923507169
282344.0209482733
292961.97744520067
303791.63810576184
314832.46699476
326083.9190241722
337545.44309141394
349216.48480034637
361096.4890962759
373184.9026754631
385481.176210286
397984.7663380733
410695.1374092349
423611.763377876
436734.12893087685
450061.7309222066
463594.07943113905
477330.698720029
491271.1280043283
505414.9221519602
519761.65201784874
534310.9050490885
549062.2854797244
564015.4144492637
579169.9301162024
594525.4876619384
610081.7592018779
625838.4336157171
641795.2166446355
657951.8288206477
674308.0088658608
690863.5096635381
707618.099503957
724571.5615629951
741723.6931119639
759074.3055622145
776623.2233649669
794370.284007022
812315.3372559386
830458.2447043718
848798.8792836709
867337.1247141351
886072.8751316163
905006.0343492249
924136.51560388
943464.2409777032
962989.1409193292
982711.1539536784
1.00263022542622e6
1.0227463087718759e6
1.0430593633561913e6
1.063569354957804e6
1.0842762552305446e6
1.105180041135009e6
1.126280695027999e6
1.1475782037499845e6
1.1690725587832448e6
1.190763755651245e6
1.2126517936668177e6
1.2347366757903702e6
1.257018408177538e6
1.279497000045535e6
1.3021724633726992e6
1.3250448126867479e6
1.3481140648151496e6
1.3713802387643484e6
1.394843355431942e6
1.4185034372821087e6
1.4423605091528057e6
1.4664145963106125e6
1.4906657252236358e6
1.515113924788149e6
1.5397592232518226e6
1.564601651093537e6
1.5896412388089774e6
1.614878017712888e6
1.6403120196731447e6
1.665943277020952e6
1.6917718224577443e6
1.7177976889788467e6
1.7440209097920686e6
1.7704415182937142e6
1.7970595479102433e6
1.8238750321441547e6
1.850888004481813e6
1.8780984983031657e6
1.9055065469141332e6
1.933112183473639e6
1.9609154409243877e6
1.988916352005564e6
2.0171149492106636e6
2.0455112647418382e6
2.074105330525271e6
2.1028971781479167e6
2.131886838855398e6
2.1610743435633625e6
2.1904597227402893e6
2.2200430066520786e6
2.2498242249343614e6
2.2798034069576287e6
2.309980581673736e6
2.3403557775929635e6
2.3709290227845735e6
2.4017003449725583e6
2.432669771381016e6
2.4638373288197033e6
2.495203043690932e6
2.526766941914758e6
2.558529049039101e6
2.590489390167739e6
2.622647989956002e6
2.6550048726664893e6
2.68756006212554e6
2.7203135817991425e6
2.7532654545991775e6
2.786415703161234e6
2.8197643495242e6
2.8533114158108444e6
2.887056923241261e6
2.9210008928631684e6
2.955143345302938e6
2.9894843008462763e6
3.024023779369691e6
3.0587618004085724e6
3.0936983831412713e6
3.128833546400716e6
3.164167308655836e6
3.1996996880507036e6
3.235430702403356e6
3.2713603694355967e6
3.307488705863048e6
3.3438157287587454e6
3.3803414546523807e6
3.4170658998050033e6
3.4539890801649536e6
3.4911110113940253e6
3.5284317088659056e6
3.565951187756713e6
3.603669462690447e6
3.6415865484342915e6
3.679702459229533e6
3.718017209120829e6
3.756530811913517e6
3.7952432811650266e6
3.8341546301938533e6
3.873264872084075e6
3.912574019694797e6
3.95208208565444e6
3.991789082386182e6
4.031695022086185e6