19612.29863273001
19729.970012518344
20043.78288890839
20553.798473156377
21260.115502888264
22162.869210407407
23262.229917215234
24558.401276391618
26051.618189641813
27742.144430948392
29630.270008742053
31716.30831267107
34000.591576363804
36483.47498992247
39165.319530455505
42046.501506372886
45127.40359697438
48408.4126380605
51889.915935985926
55572.29848501677
59455.93994625349
63541.212004468965
67828.47460213257
72318.07595992366
77010.3477620277
81905.60491877959
87004.14311301774
92306.23743162563
97812.14151014049
103522.08631208076
109436.27948782577
115554.90507304628
121878.12296655071
128406.06920966721
135138.85600548604
142076.57212486534
149219.28345064947
156567.03362605986
164119.8449320777
171877.7190065565
179840.63821690885
188008.5664046346
196381.45021298726
204959.2202499063
213741.7923198266
222729.0686711913
231920.93924906387
241317.2829450537
250917.96882396145
260722.85732991656
270731.80145920475
280944.6478974949
291361.2380960654
301981.40931718424
312804.9956989342
323831.82875763945
335061.73910252494
346494.5564108499
358130.1105440265
369968.232254468
382008.75372244423
394251.5091507684
406696.3353011414
419343.071926143
432191.56220289296
445241.65305831155
458493.19548033585
471946.04479865805
485600.06089365104
499455.10835959023
513511.0566845848
527767.7802730867
542225.1586301927
556883.07631654
571741.4230145423
586800.0934962104
602058.9876172858
617518.0102270753
633177.0711594033
649036.085106508
665094.9715569858
681353.6546373718
697812.0630572351
714470.1299507552
731327.7927749704
748384.9930396343
765641.6764342187
783097.7924177077
800753.2942086771
818608.1385940824
836662.2858183561
854915.699329127
873368.3458093792
892020.1948747456
910871.2189891908
929921.3933232464
949170.6956186327
968619.1060139927
988266.6069981261
1.0081131831901342e6
1.0281588212595357e6
1.0484035098058415e6
1.0688472392389246e6
1.089490001659223e6
1.1103317907624948e6
1.131372601714077e6
1.152612431105077e6
1.1740512767924946e6
1.1956891378496196e6
1.2175260144347977e6
1.239561907769955e6
1.2617968200362027e6
1.2842307542871495e6
1.3068637143824848e6
1.3296957049484958e6
1.3527267312791417e6
1.3759567992942543e6
1.399385915484981e6
1.423014086922276e6
1.4468413208714908e6
1.4708676254175035e6
1.4950930087597924e6
1.5195174794892478e6
1.544141046491373e6
1.5689637189188313e6
1.5939855061399788e6
1.6192064177213951e6
1.6446264633917422e6
1.6702456530191808e6
1.6960639965776734e6
1.7220815041435028e6
1.7482981858476014e6
1.7747140518666953e6
1.8013291124146213e6
1.828143377711297e6
1.8551568579767183e6
1.8823695634018988e6
1.909781504161237e6
1.9373926903912134e6
1.9652031321421138e6
1.9932128394272334e6
2.0214218221807855e6
2.04983009026071e6
2.0784376534173293e6
2.107244521332258e6
2.1362507035776237e6
2.165456209611033e6
2.194861048789956e6
2.224465230355271e6
2.2542687634297325e6
2.2842716571455337e6
2.3144739200093313e6
2.3448755611549825e6
2.3754765890826294e6
2.406277012317277e6
2.4372768392182547e6
2.4684760780440443e6
2.499874736911207e6
2.5314728238159814e6
2.5632703466217886e6
2.595267313016394e6
2.627463730694979e6
2.6598596070974297e6
2.6924549496258763e6
2.725249765423971e6
2.758244061632336e6
2.7914378452433674e6
2.8248311231190395e6
2.8584239019934316e6
2.892216188498488e6
2.926207989140014e6
2.9603993103048154e6
2.994790158288313e6
3.029380539242402e6
3.064170459228882e6
3.099159923983634e6
3.1343489397596135e6
3.169737512147209e6
3.205325646630313e6
3.2411133491383498e6
3.2771006246037674e6
3.3132874785796585e6
3.3496739163133013e6
3.386259942950832e6
3.4230455635546236e6
3.4600307830935833e6
3.4972156064458857e6
3.534600038408401e6
3.5721840836898233e6
3.60996774692021e6
3.647951032639638e6
3.6861339453204474e6
3.7245164893475906e6
3.7630986690337625e6
3.8018804886187003e6
3.8408619522641343e6
3.8800430640642527e6
3.9194238280407074e6
3.9590042481493703e6
3.99878432827618e6