28001.629077227088
28088.83423722208
28321.613018964592
28700.595783873563
29226.802141380962
29901.634227893155
30726.867464231254
31704.63885891519
32837.43270231239
34128.06521817004
35579.66399441025
37195.650220950716
38979.71188900985
40935.78467354074
43068.02394913655
45380.77093181963
47878.54139820172
50565.976918896486
53447.825829892914
56528.90826791915
59814.08861324667
63308.24101138038
67016.21769213182
70942.82219486982
75092.77712822962
79470.69493641524
84081.0507495967
88928.15563753658
94016.13062307655
99348.88623151588
104930.09860928528
110763.19194129044
116851.32102507824
123197.35878405973
129803.88158386259
136673.1630611522
143807.16433929515
151207.53314192576
158875.60080167901
166812.3834836281
175018.58591425174
183494.60709777073
192240.5484675545
201256.22384135038
210541.17129679146
220094.66664622858
229915.73839428174
240003.18373503225
250355.58574654465
260971.33114195918
271848.6291675797
282985.5277249549
294379.9372754474
306029.64449538756
317932.33316350216
330085.60181950324
342486.9811064743
355133.95057148545
368023.9547944751
381154.41825367726
394522.7595974213
408126.40495709475
421962.7990628938
436029.41793542734
450323.7774007438
464843.4423726682
479586.0349417106
494549.2406672188
509730.81536133785
525128.5887752033
540740.4693467214
556564.4474980228
572598.5969524671
588841.0788032233
605290.1396333333
621944.1137259575
638801.422662014
655860.5746773505
673120.1634412173
690578.8669548081
708235.4457503015
726088.7408844484
744137.671609122
762381.2331526144
780818.4941166838
799448.5941416088
818270.7388710058
837284.2016455587
856488.3163820205
875882.4764566487
895466.1315288502
915238.7849501462
935199.9907202476
955349.3504748095
975686.5111338587
996211.1621635567
1.0169230329078652e6
1.0378218900546198e6
1.058907535485632e6
1.0801798040685188e6
1.1016385594204306e6
1.1232836963478113e6
1.1451151339534726e6
1.1671328162452197e6
1.1893367100699292e6
1.2117268027083343e6
1.2343031005281173e6
1.257065627951053e6
1.2800144251079261e6
1.303149546983452e6
1.3264710616159602e6
1.3499790498485817e6
1.3736736030405213e6
1.3975548225095554e6
1.421622818556772e6
1.4458777093907746e6
1.4703196203149138e6
1.494948682797317e6
1.519765033987071e6
1.5447688155082895e6
1.5699601732567938e6
1.5953392565909086e6
1.6209062177667466e6
1.646661211360118e6
1.6726043941730494e6
1.6987359241954326e6
1.7250559606221616e6
1.7515646633084517e6
1.7782621924476912e6
1.8051487089231948e6
1.8322243713537862e6
1.859489340828043e6
1.8869437757612038e6
1.9145878339978857e6
1.942421672573403e6
1.9704454470316297e6
1.9986593115665803e6
2.0270634188238357e6
2.0556579197015257e6
2.0844429634387172e6
2.1134186973242583e6
2.142585266694372e6
2.1719428149475646e6
2.2014914833484227e6
2.231231411060163e6
2.261162735172356e6
2.291285590334529e6
2.3216001093563247e6
2.352106422573015e6
2.382804658104616e6
2.41369494194231e6
2.4447773978203693e6
2.4760521471638917e6
2.5075193091731183e6
2.5391790009756857e6
2.5710313373854477e6
2.6030764309843695e6
2.6353143924013963e6
2.66774532995883e6
2.7003693499795967e6
2.73318655657057e6
2.76619705196684e6
2.7994009363097097e6
2.8327983076670347e6
2.866389262400489e6
2.900173894611043e6
2.9341522967250887e6
2.968324559373776e6
3.002690771125135e6
3.0372510190184587e6
3.0720053882258376e6
3.1069539622419155e6
3.1420968226464363e6
3.1774340499648517e6
3.21296572243616e6
3.2486919171257047e6
3.2846127094986434e6
3.320728173353283e6
3.3570383812311892e6
3.3935434042988303e6
3.4302433117664135e6
3.4671381719843526e6
3.5042280518877204e6
3.54151301699594e6
3.578993131600113e6
3.6166684586658957e6
3.6545390600355254e6
3.6926049962804527e6
3.7308663268454787e6
3.769323109994983e6
3.807975402907604e6
3.846823261659103e6
3.8858667412845534e6
3.925105895596226e6
3.9645407778656385e6
4.004171439973922e6
4.043997932870775e6
4.0840203067023424e6
4.124238610566395e6
4.1646528927721516e6