307198.0776758598
307147.77194925793
307013.9129954097
306797.2998963713
306499.25283847796
306121.55708217307
305666.47868205735
305136.84828394046
304535.88842473377
303867.38600459043
303135.4071771926
302344.8116958814
301500.5911386452
300608.35865504143
299674.1507112405
298704.3551576865
297705.87563745363
296685.83605390217
295651.97075778514
294612.3628069664
293575.28675124084
292549.6313696654
291544.3859830507
290569.1038416212
289633.4841668039
288747.6320952105
287921.95713769353
287167.1339012454
286494.1344620368
285914.1820942669
285438.78724849736
285079.69197041355
284848.86484252044
284758.50747107225
284821.02151108347
285049.0333574953
285455.3098970435
286052.84728301014
286854.717754144
287874.18803105585
289124.62359363446
290619.4915198041
292372.3381956874
294396.77375985996
296706.4232092736
299314.9322466946
302235.9209066933
305482.9509737819
309069.4976256859
313008.91184945207
317314.3808197838
321998.88504654064
327075.1563294204
332555.62722964573
338452.3830061193
344777.10956713813
351541.03382970626
358754.87829126045
366428.7912952214
374572.2928352349
383194.219144835
392302.65923181106
401904.89878959523
412007.3692341099
422615.5843386726
433734.102544421
445366.4765176171
457515.21680365247
470181.76465331495
483366.4581799464
497069.2587258583
511286.0859761098
526016.125531499
541254.5513759647
556996.1737178005
573234.7702128475
589963.1190975466
607173.0570025623
624855.5362763715
643000.7053451205
661597.9795553049
680636.1229376264
700103.3463511142
719987.405152933
740275.9089929904
760955.256607932
782013.0651087246
803435.9392327211
825210.7106658561
847324.2871808789
869763.7294260614
892516.3402959291
915569.7086303802
938911.7884003372
962530.9195120746
986415.8888801725
1.0105559873031201e6
1.0349409861238123e6
1.0595612030186206e6
1.0844074837904947e6
1.109471240847149e6
1.1347444286470357e6
1.160219566772051e6
1.185889708114177e6
1.2117484545627371e6
1.237789917306752e6
1.2640087229192764e6
1.290399969185695e6
1.316959255876557e6
1.3436829737594337e6
1.3705663973291945e6
1.3976075459916252e6
1.4248032460133575e6
1.4521510655277865e6
1.4796489023280628e6
1.5072949698307498e6
1.5350877309746689e6
1.5630259590615258e6
1.5911086390337546e6
1.619334980868226e6
1.6477044082540213e6
1.6762165121529205e6
1.7048710645595386e6
1.7336679830610196e6
1.762607324808627e6
1.7916892700341528e6
1.8209141071612474e6
1.8502822229002232e6
1.879794090855526e6
1.9094502602854478e6
1.9392513481266652e6
1.9691980264995277e6
1.9992910232425837e6
2.029531103683016e6
2.0599190690720885e6
2.0904557545361924e6
2.121142013998998e6
2.1519787226549266e6
2.182966774718958e6
2.214107068429364e6
2.2454005169350347e6
2.276848026203474e6
2.3084505122551178e6
2.3402088861313993e6
2.3721240524036777e6
2.4041953729322543e6
2.436428366316027e6
2.4688192874561734e6
2.5013705521208188e6
2.534083020507505e6
2.566957540181306e6
2.5999949448728785e6
2.6331960532955574e6
2.6665616692849044e6
2.7000925817427174e6
2.7337895623237565e6
2.767653365584125e6
2.801684735719535e6
2.8358843919172664e6
2.8702530417567343e6
2.9047913750679167e6
2.939500074588194e6
2.974379769726634e6
3.009431128832943e6
3.0446547666152194e6
3.080051292102809e6
3.115621300041748e6
3.151365362398975e6
3.187284045114694e6
3.2233778945491444e6
3.259647447420607e6
3.296093216363045e6
3.33271570665953e6
3.3695154107687925e6
3.4064928050897564e6
3.443648353932934e6
3.4809825092114606e6
3.51849570804345e6
3.5561883790185084e6
3.594060937814687e6
3.6321137856045654e6
3.670347315054474e6
3.708761913510661e6
3.7473579460198297e6
3.7861357756811664e6
3.8250957537802984e6
3.8642382244198746e6
3.903563511242973e6
3.9430719459175807e6
3.9827638401549715e6
4.0226394995354987e6
4.062699221359667e6
4.1029432957003466e6
4.1433720039093946e6
4.183985620372998e6
4.224784411943e6
4.265768638361694e6
4.306938552905519e6
4.348294401722094e6
4.389836425149411e6