1.3368216857654582
1.336849605546319
1.336896158581454
1.3369613750085416
1.3370452971228433
1.3371479794520134
1.337269488883935
1.3374099048160897
1.3375693193197407
1.337747837350161
1.337945576981289
1.338162669664431
1.3383992605272124
1.3386555087064895
1.3389315877101757
1.3392276858229957
1.3395440065459014
1.3398807690813106
1.340238208858774
1.340616578107803
1.341016146484882
1.341437201745798
1.341880050480809
1.3423450189063073
1.3428324537206675
1.3433427230382935
1.3438762173879635
1.344433350796121
1.3450145619636638
1.3456203155173907
1.3462511033954452
1.3469074462997999
1.3475898953102738
1.3482990335973648
1.349035478288229
1.3497998825018298
1.3505929375636678
1.3514153754373317
1.3522679714732617
1.3531515475514313
1.35406697582456
1.355015183454599
1.3559971589246502
1.3570139611117686
1.3580667330738485
1.3591567241744615
1.3602853268106787
1.361454138803914
1.362665071080403
1.36392053500251
1.365223770349201
1.3665794225196386
1.3679945654088297
1.3694805341099845
1.371056270004256
1.3727546190716082
1.3746348148320218
1.3768093550471856
1.3795100718041369
1.3832889758676885
1.4751915413923307
1.4602154141739003
1.4468802689378204
1.4350833324309877
1.4245810759956925
1.4151716121656377
1.4066916988906337
1.39900854688435
1.3920131956952218
1.3856154849885483
1.3797402274282855
1.3743242257854185
1.369314067136309
1.364664257155772
1.360335849052905
1.3562953038106773
1.352513583489992
1.3489654453597308
1.3456287892789633
1.3424842611379175