-4.019225692186327e-15
-3.350308788922272e-8
-8.32834742093099e-6
-0.00014392064817602302
-0.0008405207086946738
-0.0028443311566344505
-0.007071294798701789
-0.014595862596714627
-0.026838807163517088
-0.045958518617023006
-0.07555505044492844
-0.12203910326379498
-0.19758897877965204
-0.3269897582289141
-0.5615732266399788
-0.9761758702973273
-1.5420186274815681
-2.105951907738086
-2.603326059431324
-3.0370645453059777
-3.420391947271593
-3.7643630219400728
-4.077062381789666
-4.364354606352281
-4.630572723793891
-4.878994493225532
-5.112156285472092
-5.332061914083623
-5.540323942249843
-5.738260128466924
-5.926963923940095
-6.107351659327173
-6.280201898416718
-6.446181566604511
-6.605864522865801
-6.759753898105582
-6.908287232444374
-7.0518517346149165
-7.1907910963953325
-7.325410326213509
-7.4559812863945565
-7.58275078766217
-7.705941063572236
-7.825750836218583
-7.942361862154635
-8.055942084860357
-8.16664258191297
-8.274597179376796
-8.379940619859468
-8.482783188574574
-8.583239208263839
-8.68140170559094
-8.777374497634444
-8.871225470785564
-8.963059699882061
-9.05292805657855
-9.140917241549042
-9.227085974060902
-9.311501079539287
-9.394209244748208
-9.475280582561924
-9.554765007827331
-9.63269723354992
-9.7091327986241
-9.784115322390354
-9.857689242716246
-9.929894424681112
-10.000760468424488
-10.07033850478669
-10.138649616116696
-10.205727046667546
-10.271608104166988
-10.336329036443052
-10.399930801954447
-10.462407887802597
-10.523802283551248
-10.584162456900277
-10.643472209266848
-10.70178159744291
-10.759127463311955
-10.815498285681612
-10.870936878920745
-10.925469293527524
-10.979095574704587
-11.031862271155068
-11.083775735036953
-11.134857905367634
-11.185092960003525
-11.234562354532581
-11.283244425400085
-11.331194420369272
-11.378358038757973
-11.424778103760616
-11.470518402498232
-11.515546872841345
-11.559895362076675
-11.6035534437633
-11.646573951101004
-11.68893520362593
-11.730652550618984
-11.771795360933021
-11.812307715523314
-11.852183201122232
-11.891572742078411
-11.930338158331852
-11.96856333186555
-12.006248067932846
-12.043371165774014
-12.07995819001117
-12.116061429048
-12.151627366401973
-12.186736371738844
-12.221334432054563
-12.255503320263667
-12.289187255016563
-12.322406591637497
-12.355118344111382
-12.387490312661248
-12.419351048782216
-12.450827626909426
-12.481901856229646
-12.512519150632752
-12.542738209420232
-12.572594754528119
-12.602035494510325
-12.631106480727688
-12.659869577914476
-12.688204758541106
-12.716202509294131
-12.743841828525467
-12.771077434595144
-12.798102024692659
-12.82469711986244
-12.850949527189643
-12.876960167364164
-12.902605997055769
-12.927993329911466
-12.953055741394094
-12.977800190239465
-13.002178107927865
-13.026387336144204
-13.050243120003671
-13.073852863667284
-13.097201663447134
-13.120235642438022
-13.143053336745677
-13.165519968717556
-13.18782513906971
-13.209860002317622
-13.231625262441119
-13.253161293933069
-13.274468197052808
-13.295498544266227
-13.31634021536223
-13.33682194808997
-13.357328026052942
-13.377499055852804
-13.397456149318021
-13.4171623487555
-13.436683034079342
-13.456093937919038
-13.47514077566012
-13.493894726477643
-13.512612882820592
-13.53122190330482
-13.54953258889539
-13.567647245322743
-13.585708912123783
-13.603490569602576
-13.620901376181807
-13.638408023869387
-13.655678078093871
-13.672771201994628
-13.689706161559199
-13.706381808209265
-13.723035999756771
-13.73942159566914
-13.75566667543036
-13.77190725809237
-13.787740709391958
-13.803544486390436
-13.819198616308684
-13.8348391328888
-13.850162715229974
-13.86535178596812
-13.880384301875544
-13.895305021202393
-13.910235966993527
-13.924897306273856
-13.939464438940659
-13.953889634367734
-13.968240153094273
-13.98236829078577
-13.996294397956314
-14.010410402501284
-14.024175935892107
-14.037882383956855
-14.05143185570453
-14.06490251196073
-14.078264396590118