-2.732241127472133
-2.7844853814908643
-2.8644727968060537
-2.9642118008557374
-3.07684171844778
-3.1978479488666114
-3.324895916870897
-3.4570461593568997
-3.5939706671501295
-3.7354416580729244
-3.8810985944805845
-4.030399025229587
-4.182659435091097
-4.3371236419463886
-4.493026769795914
-4.649642551855227
-4.806313077036424
-4.962463327836685
-5.1176051907511
-5.271334596261301
-5.423324901357228
-5.573318285744301
-5.721115930391928
-5.866570246958692
-6.0095876849668315
-6.150062185741845
-6.287988233487273
-6.423335297760801
-6.556104046249775
-6.686309831016306
-6.8139785452589
-6.939146885228081
-7.0618577550886705
-7.182157231234142
-7.30009750399602
-7.415729781818093
-7.529110677969099
-7.6402937563947635
-7.7493335470731
-7.856286393494548
-7.961207590143628
-8.064144477732057
-8.165152207456424
-8.264278229801969
-8.361572813407003
-8.457080559879058
-8.550850408579468
-8.642921367943018
-8.733344721669312
-8.822141784023499
-8.909367585990696
-8.995055898315524
-9.079247564500081
-9.1619666809412
-9.243254279277096
-9.323144111317676
-9.401657201101777
-9.47883797818678
-9.554713095858661
-9.62929864797171
-9.702634189821255
-9.774747817588636
-9.84566267596294
-9.915390539555291
-9.983984070018945
-10.051428284626702
-10.117789000848148
-10.183057529614235
-10.247261014207254
-10.310423485281234
-10.372589095650765
-10.433759411447223
-10.493936345958755
-10.55316490766038
-10.611458834914789
-10.668812458699675
-10.725290379561404
-10.780872870384979
-10.83558577076637
-10.889452200064706
-10.942501367501121
-10.994692492975192
-11.046127139962733
-11.096752478876068
-11.146618756605575
-11.195727054595093
-11.24410276060294
-11.291713546840352
-11.338666750546713
-11.384903647424407
-11.430437402773109
-11.475333642740251
-11.519526525829951
-11.563112298592626
-11.606052713168959
-11.648370107127601
-11.690052717138581
-11.731155689073807
-11.771692110134621
-11.811647975407016
-11.850959518759181
-11.889816111436994
-11.92812797030899
-11.965818641303755
-12.003063786334947
-12.039744883376544
-12.07596802398523
-12.111679228763299
-12.146890762040718
-12.181628172133445
-12.215932040193243
-12.249708521082386
-12.28309203745691
-12.316018552734645
-12.348485213816483
-12.380562703399763
-12.412200247945588
-12.443407815590016
-12.474219468561339
-12.504686640801188
-12.534663985750292
-12.564357258388227
-12.593655441605964
-12.622532385819884
-12.651145567237084
-12.679279506467012
-12.707086190877108
-12.73456547224657
-12.761729831290518
-12.788547165751034
-12.815055129537122
-12.841224892100337
-12.867103727162466
-12.892657129805185
-12.91790931344902
-12.942841242833378
-12.967500531368096
-12.991874612965336
-13.015925745733961
-13.039741072295087
-13.063330180339875
-13.086501067036178
-13.109491051434944
-13.132237928526608
-13.154719422812516
-13.176946063774139
-13.19892728712753
-13.220643473929359
-13.242133182090877
-13.263367289250992
-13.28433839542873
-13.305216879527698
-13.325757132568553
-13.346187104097085
-13.366258605586903
-13.38612409571159
-13.405864459759947
-13.425387907414585
-13.444681027280598
-13.463753240112853
-13.482631248711723
-13.501371128623171
-13.519916075434159
-13.538206490688822
-13.556386965467649
-13.574350404239265
-13.591947437886748
-13.609717307453998
-13.627033962978587
-13.644292197629884
-13.661286059915174
-13.678318209147866
-13.695002962145937
-13.7117373081031
-13.72803923011558
-13.74440200023891
-13.760557362601878
-13.776375629739864
-13.79229051063289
-13.80806277459637
-13.82355716403981
-13.8389687480118
-13.854153208052598
-13.869315761824259
-13.884134459280506
-13.899075227839843
-13.913725855867368
-13.92835776978834
-13.94278667460873
-13.957018304318634
-13.9712774206557
-13.985431428077455
-13.999332321827701
-14.013336079847711
-14.026888912161498
-14.040356258888155
-14.053979919012571
-14.067191591346761
-14.080463390126972
-14.09364577076797