5.459967677099795
4.3472533072326005
3.696357126846721
3.234538937365406
2.8763249201202683
2.5836427569795264
2.336183514008901
2.1218245674982117
1.9327465765936471
1.763610550253074
1.6106084034691461
1.4709283871123322
1.3424352278968907
1.2234691441417067
1.1127143698671944
1.0091101976310173
0.9117890373423514
0.8200322067264526
0.7332376907368977
0.6508961803858795
0.5725729637558273
0.4978940336019518
0.42653528561060244
0.35821401724513774
0.2926821631407417
0.22972085802969655
0.16913602634057312
0.11075477427451245
0.05442241527961262
0.
-0.05263774861071654
-0.10360417223617707
-0.15300214678392773
-0.2009253325248429
-0.24745924297062533
-0.2926821631407417
-0.33666594198855704
-0.3794766791302966
-0.4211753223561828
-0.4618181894813147
-0.5014574257495402
-0.540141406111367
-0.5779150901611161
-0.6148203362652424
-0.6508961803858795
-0.6861790842565919
-0.7207031568660303
-0.7545003526220567
-0.7876006490819922
-0.8200322067264526
-0.8518215129107224
-0.8829935118374976
-0.9135717221489088
-0.9435783435266214
-0.9730343535103801
-1.0019595955926819
-1.030372859516176
-1.0582919545875817
-1.085733776724497
-1.1127143698671944
-1.1392489823143341
-1.165352118477911
-1.1910375864972467
-1.2163185421033713
-1.2412075290826352
-1.2657165166511222
-1.2898569340186248
-1.3136397023920372
-1.337075264642471
-1.3601736128378197
-1.3829443138224513
-1.4053965330079359
-1.4275390565228678
-1.4493803118557513
-1.4709283871123322
-1.492191048997491
-1.5131757596217472
-1.5338896922233771
-1.5543397458890413
-1.574532559348509
-1.5944745239125009
-1.6141717956167345
-1.6336303066299158
-1.6528557759785611
-1.6718537196371752
-1.6906294600283105
-1.7091881349734612
-1.7275347061324366
-1.745673966965905
-1.763610550253074
-1.7813489351940026
-1.7988934541237862
-1.8162482988637902
-1.8334175267332247
-1.8504050662426286
-1.867214722489251
-1.8838501822728586
-1.9003150189491866
-1.9166126970370014
-1.9327465765936471
-1.9487199173728862
-1.9645358827779167
-1.9801975436215429
-1.9957078817046918
-2.011069793223699
-2.026286092016103
-2.041359512654051
-2.0562927133938156
-2.071088278989385
-2.0857487233775744
-2.100276492241631
-2.1146739654598763
-2.1289434594455163
-2.1430872293833705
-2.157107471368924
-2.171006324454776
-2.1847858726092566
-2.1984481465916916
-2.2119951257485417
-2.225428739734389
-2.238750870161502
-2.2519633521815283
-2.265067976002614
-2.278066488345105
-2.290960593838785
-2.303751956364441
-2.3164422003424066
-2.329032911970566
-2.34152564041419
-2.3539218989498294
-2.36622316606538
-2.3784308865183164
-2.390546472353996
-2.402571303885819
-2.4145067306389536
-2.426354072259232
-2.4381146193887564
-2.4497896345096657
-2.461380352757432
-2.4728879827050143
-2.4843137071191044
-2.4956586836896455
-2.5069240457337574
-2.5181109028751303
-2.5292203416999137
-2.540253426390062
-2.551211199335066
-2.5620946817229457
-2.572904874111345
-2.5836427569795264
-2.5943092912620234
-2.604905418864685
-2.615432063163796
-2.6258901294889414
-2.6362805055902427
-2.6466040620905713
-2.6568616529233133
-2.6670541157562355
-2.6771822724019825
-2.6872469292157035
-2.6972488774802907
-2.7071888937796955
-2.7170677403607493
-2.726886165483929
-2.736644903763454
-2.74634467649711
-2.7559861919861683
-2.765570145845756
-2.7750972213060128
-2.7845680895043694
-2.7939834097692504
-2.803343829895505
-2.8126499864118593
-2.8219025048406556
-2.8311019999501514
-2.840249075999631
-2.849344326977571
-2.8583883368330993
-2.8673816797009697
-2.8763249201202683
-2.8852186132470634
-2.894063305061197
-2.902859532567408
-2.911607823990981
-2.9203086989680833
-2.9289626687309847
-2.937570236288297
-2.9461318966004186
-2.95464813675032
-2.9631194361098228
-2.9715462665015164
-2.9799290923564454
-2.9882683708677025
-2.996564552140053
-3.0048180793357093
-3.013029388816381
-3.021198910281709
-3.0293270669041954
-3.037414275460734
-3.045460946460841