-6.404421893916174e-14
-2.8082600996289984e-7
-0.00004864476426020115
-0.000655674745480099
-0.0031705439575583382
-0.009203663649893532
-0.020059316702365947
-0.0367695474008585
-0.060430123560651076
-0.09257914327652647
-0.13557468794558442
-0.1930343190615477
-0.2704037209158067
-0.3753883314580091
-0.515443951024234
-0.6794672109087216
-0.8160853998442729
-0.8998417126477032
-0.9487869165841901
-0.9792017174080938
-0.9993987540177324
-1.013542929286769
-1.0238638802592581
-1.0316412581612684
-1.0376545716057393
-1.042402573581648
-1.0462175488394063
-1.0493284509467238
-1.0518975647229236
-1.054042711387248
-1.0558512360016052
-1.057389046073997
-1.0587066853202862
-1.059843451614749
-1.0608302683734505
-1.0616917763018345
-1.0624477713093567
-1.0631143273262036
-1.0637046001765331
-1.06422943380329
-1.0646978304017123
-1.065117324033053
-1.0654942482901213
-1.0658339521094369
-1.0661409869056742
-1.066419246567964
-1.0666720663724385
-1.0669023114551286
-1.0671124867541846
-1.067304740022859
-1.0674809676326582
-1.0676428062785934
-1.0677917209363177
-1.0679289578024742
-1.0680556778421153
-1.0681728435400342
-1.0682813613791888
-1.0683820092822778
-1.0684754953752553
-1.0685624350855225
-1.068643406559432
-1.068718913517735
-1.0687893969988613
-1.068855275875434
-1.068916920138376
-1.0689746669191809
-1.0690288197668465
-1.0690796483951213
-1.0691274141683473
-1.0691723360083474
-1.0692146227537342
-1.0692544683331209
-1.0692920499911742
-1.0693275330980039
-1.0693610450084188
-1.0693927284834628
-1.0694227178728897
-1.069451106164993
-1.069478010960558
-1.0695035342862156
-1.0695277497950977
-1.0695507490647829
-1.06957260998347
-1.0695933931390473
-1.0696131776583984
-1.0696320174902345
-1.0696499700703115
-1.0696695258071942
-1.0696834064733327
-1.069698992839544
-1.0697138896311709
-1.069728114478925
-1.0697417130291713
-1.0697547335499424
-1.069767194514768
-1.069779130873287
-1.0697905643375014
-1.069801531537121
-1.0698120482575695
-1.0698221386063607
-1.0698318378533618
-1.069841150305206
-1.0698500916679825
-1.069858710917956
-1.0698669922349275
-1.0698749676596278
-1.0698826500556706
-1.0698900476146287
-1.0698971773590078
-1.069904060381185
-1.0699106970417898
-1.0699171122119593
-1.0699233055169428
-1.069929300429815
-1.06993509575343
-1.0699407033751087
-1.0699461244044215
-1.069951393975986
-1.0699564915572053
-1.069961444349869
-1.069966256156997
-1.0699709255304295
-1.0699754677958977
-1.0699798942787602
-1.0699842035073408
-1.0699884080037245
-1.0702062137968806
-1.0702065129798293
-1.070206835863241
-1.0702071846864025
-1.0702075617635531
-1.0702079699709162
-1.0702084115354946
-1.0702088893835366
-1.0702094065689212
-1.0702099659128461
-1.070210570743269
-1.0702112242625008
-1.0702119299339727
-1.070212691296803
-1.0702135123606422
-1.0702143967918916
-1.0702153487890669
-1.070216372555835
-1.0702174724199163
-1.070218653041439
-1.0702199189985417
-1.0702212753721962
-1.0702227271080282
-1.070224279437027
-1.0702259377972319
-1.0702277077610134
-1.0702295950356215
-1.0702316056150556
-1.0702337454588027
-1.0702360211319872
-1.070238438799055
-1.070241005167927
-1.0702437270003513
-1.0702466113001061
-1.070249665242551
-1.0702528959601596
-1.0702563109682324
-1.0702599180515655
-1.0702637249513192
-1.0702677395099305
-1.0702719698983871
-1.070276424458784
-1.070281111487356
-1.0702860395111693
-1.07029121748159
-1.0702966540882233
-1.070302358359778
-1.0703083394397752
-1.0703146065501865
-1.070321169192627
-1.0703280367781496
-1.0703352190030482
-1.070342725677617
-1.070350566506149
-1.070358751615102
-1.0703672910321635
-1.0703761949809947
-1.07038547361484
-1.070395137355597
-1.070405196631252
-1.070415661970433
-1.0704265439983163
-1.0704378532731968
-1.0704496005674586
-1.07046179663556
-1.070474452319269
-1.0704875784397725
-1.0705011859112001
-1.0705152857889613
-1.0705298888849626
-1.0705450062775355
-1.070560648950734
-1.0705768279503363
-1.0705935542992175