-1.0697098936565168
-1.0697199835699989
-1.0694992956251923
-1.0681834223380386
-1.0650627777786257
-1.0604312941244733
-1.0552196246580767
-1.0503547157482302
-1.0464369969650864
-1.043708292673632
-1.0421491858749745
-1.041595884333584
-1.041830527636953
-1.0426365243513571
-1.043825810755025
-1.0452480090823006
-1.046789723311238
-1.0483694367768068
-1.049931132117265
-1.0514382051475142
-1.0528682972510914
-1.0542091884135119
-1.0554556648116105
-1.05660722249691
-1.0576663943909683
-1.0586375719620422
-1.0595262000929706
-1.060338205150199
-1.0610796397461155
-1.0617564389302068
-1.0623742698676777
-1.0629384637185733
-1.0634539610616751
-1.0639252952184486
-1.0643566159446922
-1.064751682177293
-1.0651139118756738
-1.0654463807188541
-1.0657518659401681
-1.0660328756161777
-1.0662916665496414
-1.0665302538566448
-1.0667504728369905
-1.0669539618112143
-1.067142206171752
-1.0673165365740978
-1.067478164075825
-1.0676281678433357
-1.0677675450434851
-1.0678971550265475
-1.0680178271658913
-1.0681302849663328
-1.068235195858589
-1.0683331474615743
-1.068424695656475
-1.0685103392872486
-1.068590520924242
-1.0686656687886995
-1.0687361565788718
-1.0688023198320264
-1.068864485147023
-1.0689229428077307
-1.0689779557332242
-1.0690297576736383
-1.069078593441539
-1.0691246413910087
-1.06916812051029
-1.069209184430932
-1.0692479981117124
-1.0692847120749007
-1.0693194766407135
-1.069352407477078
-1.0693836127934042
-1.0694132149428721
-1.0694413117566735
-1.0694679854405662
-1.0694933446800603
-1.0695174526414122
-1.0695403882126584
-1.0695622236936653
-1.0695830287448695
-1.069602840066398
-1.069621750102575
-1.0696397842332528
-1.0696570043201492
-1.0696758795117551
-1.0696891716284684
-1.06970419062745
-1.0697185751910567
-1.069732337711712
-1.0697455115413266
-1.0697581426383946
-1.0697702378990996
-1.0697818476036975
-1.0697929835271691
-1.069803672547798
-1.0698139315942603
-1.0698237928043457
-1.0698332763356082
-1.069842395120378
-1.069851150679711
-1.0698595996412295
-1.0698677353707748
-1.069875555223239
-1.069883108001146
-1.0698903810263647
-1.0698974063506785
-1.0699041837297094
-1.0699107255810916
-1.069917046122999
-1.0699231614711957
-1.0699290636962637
-1.0699347844110874
-1.0699403203003286
-1.0699456785116328
-1.069950878241565
-1.069955917811562
-1.0699608056683678
-1.0699655535817678
-1.069970175343235
-1.0699746556950926
-1.0699790305338874
-1.0699832894847807
-1.0702055720085542
-1.0702058130792411
-1.0702060721408948
-1.0702063515312958
-1.0702066533250876
-1.0702069797282634
-1.0702073329729198
-1.0702077155401775
-1.0702081299087234
-1.0702085788135027
-1.070209064979661
-1.0702095913621883
-1.0702101609858816
-1.0702107771125422
-1.0702114430590515
-1.0702121622614125
-1.0702129384669998
-1.0702137754700842
-1.070214676992228
-1.0702156474167666
-1.0702166909344681
-1.0702178119514076
-1.0702190150757558
-1.0702203050813894
-1.0702216868840289
-1.0702231656247163
-1.070224746553846
-1.0702264351164028
-1.0702282370754184
-1.0702301580254272
-1.070232204119123
-1.0702343813119803
-1.070236696042054
-1.0702391548581294
-1.070241764359726
-1.0702445313774518
-1.0702474629286396
-1.0702505662104824
-1.0702538486043662
-1.070257317589009
-1.070260980810217
-1.0702648461928201
-1.0702689216781893
-1.0702732153497243
-1.070277735805196
-1.070282491186992
-1.0702874903137676
-1.070292741846589
-1.0702982548335929
-1.070304038138547
-1.0703101011215432
-1.0703164528803568
-1.0703231030686515
-1.07033006113225
-1.0703373367020157
-1.0703449397484897
-1.0703528800797835
-1.0703611676570621
-1.0703698126676875
-1.0703788252673299
-1.0703882158298663
-1.0703979946283728
-1.0704081722912107
-1.0704187592205698
-1.0704297661213225
-1.0704412036126278
-1.0704530824375196
-1.0704654134602671
-1.0704782074827526
-1.0704914753495969
-1.0705052280918264
-1.0705194765097754
-1.0705342316970028
-1.0705495047280074
-1.0705653064733962
-1.0705816480978836
-1.0705985406032144