-1.1281032938057706e-131
-2.2879255815042373e-66
-1.4663155544110626e-44
-1.2245531414551895e-33
-4.486732513585344e-27
-1.0842438702106823e-22
-1.482948283041699e-19
-3.3649025043740204e-17
-2.302940310715045e-15
-6.806344462672028e-14
-1.0917009350662069e-12
-1.1067440554375791e-11
-7.881292941946142e-11
-4.2513303260333784e-10
-1.8360067737509967e-9
-6.617431865555305e-9
-2.0548317422808415e-8
-5.634788123162358e-8
-1.3914933151882468e-7
-3.143254051005514e-7
-6.577711803371616e-7
-1.2884616026172696e-6
-2.3828264884996036e-6
-4.1902692495961546e-6
-7.0490258414855386e-6
-0.00001140152452199437
-0.000017808455825250707
-0.000026960876291181757
-0.000039689825542844086
-0.00005697311168467849
-0.00007993909504545455
-0.00010986746136513507
-0.0001481871125019994
-0.00019647141186815821
-0.0002564311004817929
-0.00032990525132884697
-0.00041885065439364714
-0.0005253300311482714
-0.0006514994628664236
-0.000799595393667538
-0.0009719215369732627
-0.001170835969586853
-0.001398738663459917
-0.0016580596549139919
-0.0019512480174051039
-0.002280761758709481
-0.0026490587329151254
-0.0030585886247476647
-0.003511786033554943
-0.004011064666281562
-0.004558812624680527
-0.00515738875644017
-0.005809120033311905
-0.0065162998986594365
-0.007281187536057129
-0.008106007988207547
-0.008992953068916445
-0.00994418300439589
-0.01096182873251566
-0.012047994806827167
-0.013204762844913294
-0.014434195460223866
-0.015738340633124813
-0.017119236466486137
-0.01857891629197009
-0.020119414080412575
-0.02174277012343524
-0.023451036960200088
-0.025246285526986257
-0.027130611501287608
-0.029106141818010425
-0.031175041370645674
-0.033339519858247096
-0.03560183879399298
-0.03796431865168619
-0.04042934617869722
-0.042999381857177596
-0.04567696753176609
-0.048464734198436284
-0.05136540999812526
-0.05438182839169734
-0.0575169365621696
-0.06077380405922907
-0.06415563169053962
-0.06766576071548254
-0.07130768235727666
-0.07508504764087384
-0.079001677642254
-0.08306157414069883
-0.08726893072371442
-0.09162814442138421
-0.0961438278770075
-0.10082082211751507
-0.1056642100254442
-0.1106793304706722
-0.11587179328838108
-0.12124749510612741
-0.12681263609589646
-0.13257373777248346
-0.13853766189307512
-0.14471163060706102
-0.15110324790087215
-0.1577205225013117
-0.16457189238854517
-0.171666250951648
-0.17901297512177616
-0.18662195539688184
-0.19450362827641687
-0.20266901088681707
-0.21112973839095292
-0.21989810420132883
-0.22898710330342456
-0.2384104788853217
-0.24818277277317718
-0.25831937977672864
-0.2688366059629631
-0.27975173249327895
-0.29108308381781933
-0.3028501011480947
-0.31507342231896235
-0.3277749677254663
-0.34097803285026884
-0.354707387986975
-0.36898938563334166
-0.38385207550848865
-0.39932532795473547
-0.41544096561119126
-0.432232903496718
-0.4497372973928288
-0.46799269970398344
-0.48704022234315436
-0.5069237048335539
-0.5276898856012775
-0.5493885730360574
-0.5720728123029388
-0.5957990411450552
-0.6206272272504288
-0.6466209758471099
-0.6738475934404602
-0.7023780896416377
-0.732287094344405
-0.7636526607067881
-0.7965559196116864
-0.8310805424506166
-0.8673119633215681
-0.9053363044769703
-0.9452389451550209
-0.9871026733205929
-1.0310053681527878
-1.0770171777130746
-1.125197187301515
-1.1755896268198494
-1.2282197309904064
-1.283089456015369
-1.3401733497555863
-1.3994149660749875
-1.4607242714534563
-1.523976494993316
-1.5890128145955427
-1.6556430813418597
-1.7236505924391987
-1.792798596267167
-1.8628380435474563
-1.9335158399547792
-2.0045829090917286
-2.0758013730419265
-2.146950364387124
-2.21783024921562
-2.288265156398521
-2.358104027025716
-2.4272203690485323
-2.4955110674310284
-2.5628945497041165
-2.629308562168129
-2.694707776354163
-2.7590614350987854
-2.8223510666357465
-2.884568431309916
-2.9457136615377117
-3.005793620135489
-3.0648205527220713
-3.1228108491452504
-3.179784087157637
-3.23576220552478
-3.2907688306037626
-3.3448287097523113
-3.397967282875125
-3.4502103260592034
-3.501583669991745
-3.5521129718900064
-3.601823556948894
-3.6507402737086165
-3.698887414601081
-3.74628861245534
-3.79296685388505
-3.8389443559710474
-3.8842426499231637
-3.9288825063375605
-3.9728839477965785
-4.016266258671693
-4.0590480269275
-4.1012471066038945
-4.1428806715213735
-4.183965255534447
-4.224516722493894
-4.264550326489901
-4.304080717154165
-4.343121957386279
-4.3816876269749345
-4.419790698789989
-4.457443666482197
-4.494658567984025
-4.531446955345047
-4.567819934757043
-4.603788207273623
-4.63936206192998
-4.674551384820654
-4.709365744189055
-4.743814319143514
-4.7779059451417805
-4.811649157552825
-4.845052210062615
-4.8781230151647526
-4.910869199142071
-4.943298182096038
-4.975417107084461
-5.007232800156275
-5.038751981913416
-5.069981063787485
-5.100926266177287
-5.131593555808033
-5.161988828337
-5.192117615023121
-5.221985415369483
-5.251597525057874
-5.280959058098584
-5.310074904890239
-5.338949907876848
-5.367588688382633
-5.395995822328299
-5.424175677411412
-5.452132414401017
-5.479870247254798
-5.507393130858073
-5.534705011007347
-5.561809581780643
-5.588710636613651
-5.615411591935151
-5.641916041272548
-5.668227317700768
-5.694348697360115
-5.720283428855738
-5.746034521275825
-5.771605097047022
-5.7969980842425075
-5.822216302810257
-5.847262663366001
-5.872139785365776
-5.896850345654313
-5.921397054874704
-5.945782248098657
-5.970008607340655
-5.994078264921697
-6.017993878752191
-6.041757443170318
-6.0653714702131
-6.088837948428509
-6.112159143350224
-6.135337074456244
-6.158373792035801
-6.1812712043521385
-6.204031452646047
-6.226656144297118
-6.249147462667025
-6.271507068120401
-6.2937366485670765
-6.315838174769823
-6.337813139247414
-6.359663333893743
-6.381390313976936
-6.4029958304962085
-6.424481168653075
-6.445848134927222
-6.467098060651139
-6.48823254962046
-6.509252870625963
-6.530160528345817
-6.55095702990159
-6.571643553993715
-6.592221397376378
-6.61269211697859
-6.6330566350637135
-6.6533165514472685
-6.673472786474377
-6.693526988938865
-6.713479792322846
-6.73333290052324
-6.753086886720263
-6.7727432122653095
-6.792303049601028
-6.811767210499566
-6.831137131682755
-6.85041321443856
-6.869597245804749
-6.888689785153373
-6.907691766068622
-6.9266045085935986
-6.945428442480354
-6.964165126472148
-6.982814929910364
-7.001379258191016
-7.019858496243557
-7.038253855373636
-7.05656625228974
-7.074796079604866
-7.092944712751614
-7.111012418789097
-7.129000646552374
-7.146909826076018
-7.164740733499707
-7.182494075837026
-7.200170770465258
-7.2177714155107475
-7.235296718944025
-7.2527475171645115
-7.2701246736964205
-7.287428508247054
-7.304660009250985
-7.321820349681984
-7.338908378039516
-7.3559268187940665
-7.372875502591101
-7.389754261492438
-7.406565462480759
-7.423307831925534
-7.439983811293276
-7.456592489876462
-7.473135155021184
-7.489612482692126
-7.506024366921632
-7.522372379735431
-7.5386563322295945
-7.554877166557348
-7.571035403785196
-7.587131005100853
-7.603164906776347
-7.619137995017696
-7.635050139466695
-7.650902429919792
-7.666695435535766
-7.682428744018602
-7.698103264771652
-7.7137195675709
-7.729278847424532
-7.74478027252253
-7.760225362320222
-7.77561349234927
-7.790946498354114
-7.806223331942565
-7.821445758704791
-7.836613308359336
-7.85172693452778
-7.866786684019249
-7.88179290554649
-7.896746475577567
-7.911648004705236
-7.926496755939958
-7.9412935812665975
-7.956040262995971
-7.970735022122304
-7.985379873621857
-7.999974201799392
-8.01451934316048
-8.029013426806312
-8.043460542439467
-8.0578575704916
-8.072206438902867
-8.086507693293743
-8.100760938816336
-8.114966122689173
-8.129125581204143
-8.143238688890458
-8.15730377570814
-8.171324667717123
-8.185298372408484
-8.199227176979912
-8.213111937885106
-8.226949877246
-8.240744478937449
-8.254496150978108
-8.268202487195918
-8.281865914065587
-8.295486204224026
-8.309063567819939
-8.322597508083854
-8.336090071005122
-8.349540094278455
-8.362947609762982
-8.376314725843015
-8.389639081070564
-8.402923945034864
-8.41616719423875
-8.42937059434791
-8.442533763905471
-8.455656099255336
-8.468738729181212
-8.481782793056029
-8.494787279644937
-8.50775290915081
-8.520680009401573
-8.533566370660003
-8.546417697934631
-8.559228943986454
-8.572005028932645
-8.58474112477627
-8.597441306881125
-8.610102278549174
-8.622728117021556
-8.635317433659482
-8.64786852509132
-8.660386453092737
-8.672867058706476
-8.685309736900763
-8.697718658681046
-8.710092399440505
-8.722430266023713
-8.734732390724746
-8.747002061304379
-8.75923802039215
-8.771434789225376
-8.783600656580028
-8.795734276853551
-8.807830237715162
-8.819895596085292
-8.831926036149296
-8.843925904544289
-8.855887640072725
-8.86782133217848
-8.879718351013558
-8.891583998276632
-8.903418828400808
-8.915222014712331
-8.926992985787757
-8.938731940401553
-8.950437233312906
-8.9621128501705
-8.973756712931532
-8.985371397189308
-8.996953223697732
-9.008504226122412
-9.020024844376593
-9.031516945280385
-9.042976592299157
-9.054406321537362
-9.06580670973029
-9.077177518933043
-9.088516804019438
-9.099830028843725
-9.111108814969574
-9.122362638064006
-9.1335855360158
-9.144778371400621
-9.15594601872804
-9.167085138573098
-9.178193953043555
-9.189273115291329
-9.200325616016892
-9.211348012798297
-9.222345178280682
-9.233314363925068
-9.244255822798886
-9.255167900989855
-9.26605332620335
-9.276911957852873
-9.28774504108901
-9.298548580612064
-9.309325826562516
-9.32007519249914
-9.33080135826475
-9.341499990815484
-9.352171516931532
-9.362817426638696
-9.37343648214248
-9.384029579310125
-9.394596217595398
-9.405138745558702
-9.41565513177927
-9.426145123262733
-9.436611317478096
-9.447052670931921
-9.457469121893084
-9.467857499212268
-9.47822177372085
-9.488562004505143
-9.498878388634996
-9.509167430573154
-9.519432474390998
-9.529676927400201
-9.53989283677175
-9.550088231061304
-9.560257054328188
-9.570402958265522
-9.580523877188835
-9.59062551734685
-9.60070092761971
-9.610751101403613
-9.62077411523026
-9.630782189814886
-9.640763583176714
-9.650718152832564
-9.660652292538215
-9.67056739333451
-9.680453291161374
-9.690322711171628
-9.700167881201304
-9.709986588243913
-9.719784028419815
-9.729559476252716
-9.73930853021591
-9.749040738181826
-9.758754284898735
-9.76844399490885
-9.77810905274653
-9.787751581195685
-9.797375493216013
-9.806975823045391
-9.816554442466119
-9.826109997746869
-9.835648905081845
-9.845161424651279
-9.854655363671682
-9.864129327474513
-9.873577319636727
-9.883009048363324
-9.8924192212948
-9.901808861935166
-9.911177018141144
-9.920526165359117
-9.929852063211978
-9.939157399146291
-9.9484428269878
-9.957708235098737
-9.966956835032617
-9.976179851660772
-9.98538304368922
-9.99457191585604
-10.003733845737422
-10.01287930509901
-10.022006021870796
-10.031109064202697
-10.040195567789423
-10.049263670967388
-10.05831157041601
-10.067335340952601
-10.076350750582819
-10.085335366448122
-10.0943077621019
-10.103259164335663
-10.112193121970023
-10.12110136379309
-10.130000291488468
-10.1388713651041
-10.147729485579488
-10.156566349752516
-10.165387688029329
-10.174185093461109
-10.182963322375784
-10.191728670774765
-10.200469487742403
-10.209199608208346
-10.217904432566273
-10.226598357981969
-10.235264857532677
-10.243922596915363
-10.252557044408109
-10.261181011725197
-10.269776234393579
-10.278355910136064
-10.286923643247933
-10.295470651478968
-10.303996558307487
-10.312507211816696
-10.321003975687846
-10.32948187101925
-10.33793814515137
-10.346381033455154
-10.354805263759813
-10.363216385663657
-10.37160030182264
-10.379976151895361
-10.38833147343014
-10.39666921861861
-10.404989785812283
-10.413298007563672
-10.421584322614894
-10.429853636210966
-10.438109361686655
-10.446352157581577
-10.454565073767021
-10.462774898300127
-10.470962179195158
-10.47913650823304
-10.48729048277394
-10.495433694060488
-10.50354859884962
-10.511661309728005
-10.519749599603783
-10.527828407233727
-10.535886649558096
-10.543917480380975
-10.551954166974358
-10.559966110872892
-10.567958236576496
-10.575935559512159
-10.583899756939726
-10.591842003922208
-10.599774846789373
-10.60769253660053
-10.615597458995406
-10.62347861158258
-10.631350569669786
-10.63920230972851
-10.647041669844063
-10.654862814829182
-10.662670951085824
-10.670463271627629
-10.678248869152052
-10.686005616741502
-10.69375743746966
-10.701484575243331
-10.709198719772209
-10.716905733955958
-10.724587216992353
-10.732258770950201
-10.739920173636762
-10.747557701088038
-10.755189877215779
-10.76281017631912
-10.770400097570597
-10.77798817052882
-10.785554982004069
-10.793109480119435
-10.800652686889249
-10.808176867158728
-10.815687961194838
-10.82318622701891
-10.830668554433206
-10.83814006396225
-10.84558574328099
-10.8530330631486
-10.860457024459635
-10.867874106809861
-10.875260862941147
-10.88265632815143
-10.890027854463336
-10.897376785054155
-10.904728200355025
-10.912054825827955
-10.919362589395229
-10.926668976235671
-10.933956397224787
-10.941224951408234
-10.94848190152731
-10.955733862125076
-10.962966193369516
-10.970182468761061
-10.977390424283772
-10.984575839680254
-10.99175641921703
-10.99892922273184
-11.006079439205012
-11.013217646470482
-11.020340805466876
-11.027452365937943
-11.034549172678032
-11.041631589748688
-11.048705719600688
-11.055768360602151
-11.06280792910634
-11.069847669722462
-11.076868931490203
-11.083877202975918
-11.090867948443286
-11.097846402482332
-11.104818737412343
-11.111766654768083
-11.118722027309472
-11.125640755653908
-11.132556628005327
-11.139479367816925
-11.146362286433323
-11.15324085118926
-11.160106612218984
-11.166956072298989
-11.17380199038816
-11.180632698059988
-11.187451266614794
-11.194255974607206
-11.201047642795203
-11.207829699554726
-11.21459951283282
-11.221346089562932
-11.228091739754412
-11.234829454193584
-11.24153736941462
-11.248244651601079
-11.254935463301651
-11.26162442010989
-11.268296437033753
-11.274946116311881
-11.281599361814575
-11.288235836363944
-11.294859017674163
-11.301476209005513
-11.308072616794394
-11.314663441670152
-11.32122651558801
-11.327791131329729
-11.334345774815079
-11.34087894885676
-11.34742336359055
-11.353940861322805
-11.360446501414135
-11.366932958261678
-11.373395914456347
-11.379870647582818
-11.386324181443594
-11.392787027806753
-11.399232840833323
-11.405634386199482
-11.412054272685602
-11.418465846786995
-11.424847516259208
-11.431230053908878
-11.437596729841367
-11.443957473043927
-11.450301288703887
-11.456629132740872
-11.462965495613386
-11.469261874387694
-11.47557168345554
-11.48187190615183
-11.48814029970147
-11.494405080928923
-11.500672185897686
-11.506922177291292
-11.513159098773649
-11.519363006098414
-11.52559057190432
-11.531797919263447
-11.537984016071599
-11.544168924409881
-11.550345562977846
-11.556488960798049
-11.56263600486257
-11.568783620046517
-11.574898257421454
-11.581012422745054
-11.587119238431052
-11.593230234813879
-11.59931290568542
-11.605387148860558
-11.611467895456792
-11.617494473574164
-11.623530804907833
-11.629567695647198
-11.63559296477596
-11.641618893733463
-11.647612672378951
-11.653623744863955
-11.659584769880498
-11.665566322731431
-11.671524538879517
-11.677464642657013
-11.683418487274423
-11.689336209009525
-11.695257343288096
-11.70116201409556
-11.707057412430245
-11.712949420952535
-11.718830764660455
-11.724689491187187
-11.730564166419649
-11.73641434471305
-11.742250070130853
-11.748083768688446
-11.753907340894763
-11.759723370609732
-11.765511900114108
-11.77128354650287
-11.777067980294685
-11.782847952686039
-11.788607661383692
-11.794361378567366
-11.800100172427834
-11.805834884534127
-11.811546030350918
-11.817274861997957
-11.822968117116076
-11.828664742689655
-11.834351282137485
-11.84002344008928
-11.845686671733523
-11.851336640983897
-11.856976023809253
-11.862634774198135
-11.86826252041316
-11.873862119240929
-11.879470608159089
-11.885068339418229
-11.890647679534174
-11.896228104023837
-11.901801503382236
-11.907362270483764
-11.912909144980228
-11.918472133987791
-11.923993404625683
-11.929527263016134
-11.935042172517617
-11.940529268842846
-11.946025867158436
-11.951520482947986
-11.957009137715142
-11.962482587169902
-11.967942732123268
-11.97338032128535
-11.978822352516369
-11.984259904835051
-11.989687805910561
-11.995099564282798
-12.000497063219784
-12.005913634535773
-12.011290360975071
-12.016660487462094
-12.022051728450212
-12.027413052011326
-12.032770531767405
-12.038107575485567
-12.043445883431689
-12.048774210938813
-12.054077099909387
-12.059388003072637
-12.064685849181393
-12.069982364843158
-12.075267950478677
-12.080561144895622
-12.08579867170775
-12.091057213958381
-12.09632847233915
-12.101550493309032
-12.106789176386178
-12.112009766903371
-12.117229719462957
-12.12242351977148
-12.12763785571975
-12.132810792351322
-12.137985048849265
-12.14317274965028
-12.148325104693958
-12.153485119461514
-12.1586418550033
-12.163786766105227
-12.168898465270697
-12.174029605912787
-12.179138092153666
-12.184270690218868
-12.189372842354175
-12.194449500281866
-12.199525060159862
-12.204609125404579
-12.209654789064317
-12.214719470770468
-12.219767749592414
-12.224804353285334
-12.229864194750773
-12.234859616458067
-12.239890508247461
-12.24489515918685
-12.249886201497453
-12.254920018926162
-12.259884165674041
-12.264861591845973
-12.269812636917504
-12.274780210838424
-12.279686823641562
-12.284689641868857
-12.289631601513332
-12.294557894518453
-12.299433781527444
-12.30438629066374
-12.309280571359794
-12.314193983066474
-12.319085589445375
-12.323962558515184
-12.328823724812686
-12.333707500240509
-12.338568641124853
-12.343416208089018
-12.34827612757915
-12.35309303789454
-12.35791702121263
-12.362761178799422
-12.367546303894718
-12.372364541001044
-12.377145712446397
-12.381967173417674
-12.386735287241878
-12.391528141940622
-12.396282585037067
-12.401054051849922
-12.405798860921534
-12.41054434288146
-12.415298255644007
-12.420021591099454
-12.42474051799607
-12.429438965762678
-12.434192870061624
-12.438869069061372
-12.443573092289604
-12.448253657032502
-12.45290822562423
-12.457595369709972
-12.462264663985339
-12.466917314547661
-12.471578811007959
-12.476234087571369
-12.480865140862052
-12.485490882730927
-12.490133428363537
-12.494735098899277
-12.49932910383679
-12.503931216288047
-12.50851658038189
-12.513101194555967
-12.517714757599279
-12.522252909941646
-12.526811943954606
-12.531395864549548
-12.535939271711571
-12.540452695071387
-12.545026614746382
-12.549558900516127
-12.554059298070872
-12.558581514746923
-12.563071942537606
-12.5676020226847
-12.572086198253123
-12.576596252804334
-12.581084272043206
-12.585546376665791
-12.590017653268498
-12.594458095330076
-12.598938214572858
-12.603373250601834
-12.607836353332916
-12.612256074143689
-12.616689887118111
-12.621103463709316
-12.625539798526072
-12.629913196335458
-12.634314932395062
-12.63870904214996
-12.64308181188388
-12.647482142004407
-12.651846944926655
-12.656215071878831
-12.66055620468787
-12.664931809638654
-12.66927526043384
-12.67360577118178
-12.677970435700683
-12.682270864418372
-12.686631557766377
-12.690905550808726
-12.695212231308053
-12.699548984628661
-12.703847559643263
-12.708125330636173
-12.712404113664988
-12.716682470416389
-12.72097410127932
-12.725217297498878
-12.729437766292302
-12.7336991681818
-12.7379606422984
-12.742206972687342
-12.746426726480607
-12.750660639947828
-12.754884745036664
-12.759083596095614
-12.76330060838503
-12.767509194479171
-12.771662012231525
-12.775861002818894
-12.780040597622643
-12.78425207684662
-12.788379645344202
-12.792560322839645
-12.796746731861544
-12.800878778411665
-12.805024129376113
-12.809152747944552
-12.813262544364001
-12.817433819306887
-12.821532076247294
-12.825597815714524
-12.829722995362152
-12.833838657203566
-12.837916671344441
-12.842050446155632
-12.846114011897507
-12.850210889576918
-12.854244987680909
-12.858326204751496
-12.862376525631955
-12.86641905887432
-12.87047328516131
-12.874526480673499
-12.878542379656443
-12.882589034905239
-12.886601015406159
-12.890648226379378
-12.894623321866247
-12.898626017534365
-12.902663658398088
-12.906633278424716
-12.910605881714744
-12.914622776623878
-12.918596691951146
-12.92257783450608
-12.926549886500036
-12.930454293606031
-12.934440464991772
-12.938383037604872
-12.942319359196315
-12.946256710353282
-12.950188182235525
-12.954142522478818
-12.958034555857122
-12.961955620914827
-12.965859749933765
-12.969759609433584
-12.973639762735665
-12.977545945223984
-12.981416803146237
-12.985311417254122
-12.989199391941572
-12.993051858504753
-12.99692775300296
-13.000761460879838
-13.00464332783148
-13.00847307332067
-13.01233712594137
-13.01615031824554
-13.019960918501068
-13.023814766853787
-13.02762072785435
-13.031441638012177
-13.035231991725606
-13.039036531199988
-13.042859266356162
-13.046646177953694
-13.050375788658904
-13.054173397575713
-13.057952707522277
-13.061748006177908
-13.065514989186514
-13.069257618832328
-13.073038792841011
-13.076777430855698
-13.080523795371873
-13.084279349059265
-13.087969763149394
-13.09174764837669
-13.095417515544778
-13.099156447295792
-13.102874276535085
-13.106586460924108
-13.110257698413031
-13.113972342004619
-13.117672163338892
-13.121319462435547
-13.125028603657789
-13.128712203947883
-13.132361642268036
-13.136049488821886
-13.139686870621
-13.143324352223917
-13.146996060371663
-13.150587104611727
-13.154269301777973
-13.157895862341672
-13.161512958639046
-13.16513764599271
-13.168768605853302
-13.172389067671924
-13.176005630766447
-13.179607039994698
-13.183189897217112
-13.186805007297153
-13.19037191143342
-13.193971547767758
-13.1975604908966
-13.201114282678668
-13.20469069924759
-13.208246431953604
-13.211810885946948
-13.215356018869809
-13.218867708382069
-13.222495635420595
-13.226014269578803
-13.22955295760828
-13.233055511472967
-13.236578821551843
-13.240100481015237
-13.243583855860859
-13.247098071460526
-13.250605802439006
-13.254123017604527
-13.25759089025053
-13.261109219486487
-13.264607837532314
-13.26805843672142
-13.271561905345939
-13.27500598579037
-13.278451582823822
-13.281911984110643
-13.285446827372958
-13.288866695682772
-13.292263355292055
-13.295755644546633
-13.299190766732883
-13.302594213014796
-13.305998838543843
-13.309447105776599
-13.31288263846366
-13.316271804101776
-13.319662665264275
-13.32310434213512
-13.326496161342256
-13.329935208023121
-13.333264782907685
-13.336676817062123
-13.340067591088573
-13.343464704692884
-13.346771165193626
-13.350189561172364
-13.353551666974495
-13.35689562507687
-13.360238988750996
-13.363600695618695
-13.366986606705332
-13.370254673833323
-13.373574554739578
-13.376982101889986
-13.38020501709916
-13.383617888218685
-13.386874913987503
-13.390223932974715
-13.393520051813075
-13.396877814444595
-13.400141816077433
-13.403381463003107
-13.40668475838708
-13.410016964246083
-13.413291911379284
-13.416585260822647
-13.419840934127015
-13.423123499380976
-13.426354500146127
-13.429615220952165
-13.43287769825208
-13.43619641589371
-13.439403997598758
-13.442663692975321
-13.445857752833009
-13.449105185055627
-13.452340955581155
-13.455499031080079
-13.458763709976461
-13.462000363763979
-13.465200354261277
-13.468412784943466
-13.47163312776013
-13.47483927679118
-13.478091784502604
-13.48124153994805
-13.484395786885571
-13.487530333823825
-13.490790601033051
-13.493949148698505
-13.497041234725371
-13.500278215697652
-13.503421988824995
-13.506587770839387
-13.509714119839877
-13.512890667128051
-13.516032976770424
-13.519135183038173
-13.52233927212048
-13.525463182266726
-13.528574089467465
-13.53166102443624
-13.534804831711451
-13.537972165260223
-13.541042087185565
-13.544121971325971
-13.547221542745161
-13.550382090031743
-13.553462324686942
-13.556551988506023
-13.559602116452682
-13.56277098409201
-13.565822848323517
-13.568867317496084
-13.572010174458555
-13.575041637356135
-13.578136414542458
-13.58116572105294
-13.584260609779705
-13.587218478016002
-13.59035113423495
-13.593317280488526
-13.59638663950357
-13.599443228547388
-13.602459692565075
-13.605506561308067
-13.608484354320854
-13.611530653077022
-13.614579324387302
-13.617573616946007
-13.62058248856556
-13.623608065309805
-13.626571021207967
-13.629598967695387
-13.632581391416075
-13.635561126718136
-13.638539328350936
-13.64152460479448
-13.644529818963804
-13.647513854768757
-13.650468394887028
-13.65341729294801
-13.65638103731149
-13.659377415619494
-13.662281009028774
-13.66528815011681
-13.668207702250864
-13.671183738132406
-13.67408867614506
-13.676991722601331
-13.679975642456297
-13.682848525364305
-13.685833892716241
-13.688739744763158
-13.69166806764564
-13.69455203790377
-13.697474767063245
-13.70034239585871
-13.703333533248543
-13.706103685640008
-13.709103859989657
-13.711979917509225
-13.71485440786957
-13.717743908615644
-13.720649179466545
-13.72347410576884
-13.726324996430433
-13.72920053985862
-13.732152361523545
-13.734965751344605
-13.737823652890933
-13.74068879472286
-13.743530890298608
-13.74640045907753
-13.749226611748224
-13.752089532680003
-13.754960458398227
-13.757702295070422
-13.760558305603253
-13.763351442351427
-13.766263870658738
-13.769068754228318
-13.771881325407852
-13.774689383481297
-13.777500964689718
-13.780266716071013
-13.783162760074918
-13.78596937740089
-13.788684802065195
-13.791489619400215
-13.794278984625645
-13.797014784206173
-13.799805792630506
-13.8026358669442
-13.805414998846105
-13.808094333275903
-13.810932317860951
-13.813706642911685
-13.81643848367439
-13.819222204341719
-13.821938628947567
-13.82471743312292
-13.827462307528018
-13.830161503529492
-13.832950206770406
-13.835714418954408
-13.83833196063763
-13.841138826248871
-13.843891336767788
-13.846642443775384
-13.849313067714984
-13.852013277455807
-13.854748731799287
-13.857418928607638
-13.860108781229503
-13.86286588123354
-13.86556462737588
-13.868283695739525
-13.870951330078391
-13.87365139000067
-13.876371255479562
-13.879003153364811
-13.881708583120735
-13.884435626697401
-13.887068241829493
-13.889743832184623
-13.892411000818749
-13.895074244169866
-13.897734927141588
-13.900350697109998
-13.903005156481106
-13.905716967531704
-13.908357660365438
-13.910967115155513
-13.913587294894574
-13.916246664068584
-13.918915254516149
-13.921531641904854
-13.924119979635766
-13.926766159388063
-13.92941366467863
-13.932040037061892
-13.93464516907139
-13.937265180332343
-13.939866118486874
-13.942501126089189
-13.945032912373783
-13.947703935606318
-13.950245840898493
-13.952842689199626
-13.955455381151
-13.957978181005238
-13.960621453381723
-13.963232989941558
-13.965831357448584
-13.968393333023416
-13.970930384746156
-13.973445020603718
-13.976096922551971
-13.97866241383676
-13.98117657927062
-13.983743147657133
-13.986326028991707
-13.988877265424515
-13.991404564657508
-13.993938865518077
-13.996488432995463
-13.999011511593647
-14.001545447527077
-14.00408105508006
-14.006575587506582
-14.009137898097688
-14.01159264545216
-14.014198594842355
-14.016716231189735
-14.019303110289021
-14.021758536921439
-14.024262613109977
-14.026727069658437
-14.02927621137203
-14.031819851621764
-14.034279443606296
-14.036795219355135
-14.039197834764199
-14.041750990397938
-14.044263232818233
-14.046701410182648
-14.049198510838638
-14.05173402320928
-14.054164753590534
-14.056612619573853
-14.059062986227259
-14.061613514824668
-14.063962327345694
-14.066481232699333
-14.06887642357898
-14.071388703798682
-14.07384040685238
-14.07628320039469
-14.07873238469537
-14.081161270511922
-14.083538943296563
-14.08606252105252
-14.0885254580083
-14.090907785815048
-14.093351298716055
-14.095773565603404
-14.09819988632952
-14.100614753357396
-14.102988359807702
-14.105418254368297
-14.107839624981338
-14.110212486552
-14.112648097977658
-14.115009108418983
-14.117501759204512
-14.119847351460447
-14.122259506763529
-14.124679926737961
-14.127062988563644
-14.129416958568566
-14.131831056164172
-14.134179164651405
-14.136556799426215
-14.138872868146848
-14.141362559883573
-14.143686877864099
-14.146044100096812
-14.14834215922002
-14.150801213899891
-14.153124800754298
-14.15554171200541
-14.15786460815361
-14.160180436208249
-14.162560982150948
-14.164875649201386
-14.167207332991321
-14.169552091819437
-14.171922739209634
-14.174271917872447
-14.176559727783168
-14.178919521009078
-14.181232133638556
-14.18355038339447
-14.185861791613492
-14.188189530781427
-14.190535637503586
-14.192854723965166
-14.19518107826758
-14.197451369482534
-14.19982943548326
-14.20205996164175
-14.204328365306159
-14.206659265574483
-14.208948497262428
-14.211270821025076
-14.213555532409996
-14.21586486122089
-14.218035671386637
-14.220331814100652
-14.222739356292367
-14.224984709206405
-14.227307415010944
-14.229428365432632
-14.231739699160451
-14.234137319733197
-14.236251473544627
-14.23852157298291
-14.240840193356373
-14.243137378186532
-14.245314469343295
-14.2475859241465
-14.249782122255517
-14.252091597185391
-14.254257627972313
-14.256595631345293
-14.25885425483234
-14.261041774340638
-14.263393140166952
-14.26540617291844
-14.267739567460762
-14.26998266273801
-14.27224179279412
-14.274416291275406
-14.27671137454452
-14.278884276068268
-14.281058037922538
-14.28329103369011
-14.285517980894172
-14.287774913709459
-14.289980143653061
-14.292205311341787
-14.294251036586223
-14.296531651804303
-14.298739064433803
-14.30089570789838
-14.30305587760075
-14.305300779599557
-14.307416469259937