0.9996898866767733
0.9996899408673381
0.9997048509490507
0.9999741270450851
1.001497446490706
1.0062838856902838
1.0171558411258024
1.0375662607590288
1.0716668839518868
1.1246708779515924
1.2036125210072506
1.3188425596222229
1.4870750067800818
1.7375471942958725
2.120519650074188
2.6819778800806624
3.32998456262208
3.9020762837450693
4.367911717533541
4.752544065871984
5.079163767394156
5.363380226224417
5.615500981952679
5.842534236898268
6.049418201264239
6.239750169652981
6.416227232719001
6.580922631916514
6.735464772310572
6.881155533089931
7.019053869774101
7.150030982288097
7.27481468029053
7.394018627995841
7.50816287575114
7.617697472331744
7.723008319481626
7.8244329012777545
7.9222673464490665
8.01677136162834
8.10817379757852
8.196680725452621
8.282475831506169
8.365721389994718
8.446564721520684
8.525141240253408
8.601571280946455
8.675959605439795
8.748413503386814
8.819017263704033
8.88786063149854
8.955013336832852
9.020557152178858
9.08453901785661
9.147044198417671
9.208104689635627
9.267789313317936
9.326139760993136
9.383206673182908
9.439021310921005
9.493639119903143
9.54709601502667
9.59941334425399
9.650633911022451
9.700789162070926
9.74991190421372
9.798030877758016
9.845165032114126
9.891355317294291
9.93661304308894
9.980962096219846
10.024430813385313
10.06704683394209
10.10884285456131
10.149805401876865
10.18996884177728
10.229374314439408
10.267998541218988
10.305884797382085
10.343063388333867
10.379516475534933
10.415280809041063
10.450376585191401
10.484798192640238
10.518586739876909
10.551743312234343
10.584284768396842
10.616190365460236
10.647536835997434
10.6782979158233
10.708524427782535
10.738157756473898
10.767236578903002
10.795820673114411
10.823874066891483
10.851424837315689
10.878458892784964
10.905025529674317
10.931099618676411
10.956693172999195
10.981872336845004
11.006578031898673
11.030800789589472
11.054688601204203
11.078100374401735
11.101117209078582
11.123736188443841
11.145933461313241
11.16773202416452
11.189181672106683
11.21022644283228
11.230944350454056
11.251279064574629
11.27131012574075
11.290979554588116
11.310305578493145
11.32924312774304
11.347958005677015
11.366276763272039
11.384324571386852
11.402081360269957
11.419490705969014
11.43660953153758
11.45347182215739
11.470022578722016
11.486306199606712
11.502382937509926
11.518131166457362
11.533639839875965
11.548886443635558
11.563824215431856
11.578644434971022
11.593127187220025
11.607357912808842
11.621436197616209
11.635237666786887
11.648867358223404
11.662257579717954
11.675414058122998
11.688287013474312
11.701073128283666
11.713586472127458
11.725933329289496
11.738097686769375
11.750024577395207
11.761811484880173
11.773322577562205
11.784746455260374
11.795973262841205
11.807002725512733
11.81787426216581
11.828587032582725
11.839092683012232
11.849478197196511
11.859571411343943
11.869755773471265
11.879671005985838
11.889437394908278
11.8990171588729
11.908474878148082
11.917885501357246
11.926993947725387
11.935870641445854
11.94477194829661
11.95362378724865
11.962236224311345
11.970710866056825
11.979190068248835
11.98744611183914
11.99538747874505
12.003480237078776
12.011391280980238
12.019179642502367
12.026863464493733
12.034340977587101
12.041849452984966
12.04914114004776
12.056343544240892
12.063592120597084
12.07048364441062
12.077395043901705
12.084205793356732
12.091051399342394
12.097627994255102
12.104117494016945
12.11049734388134
12.11681180300584
12.123182408043691
12.129328822817012
12.135425979798407
12.141425674792929
12.147394709087862
12.153184913601685
12.15881619128411
12.164680050801897
12.170235657154645
12.175773984578083
12.18119671459449
12.186581596954042
12.191898264612927