3.6023363070650025
3.6620426401506485
3.7555641935261264
3.8760334291000267
4.016433673659529
4.170542547500981
4.333377726450321
4.501163832239776
4.671094550087753
4.84109416390087
5.009637790126143
5.175623141787872
5.33827582023338
5.497075503522822
5.6516967333871335
5.801961097974823
5.947799263061058
6.089221079186374
6.226292474264251
6.359117948903715
6.4878276144244
6.6125675204055705
6.733491901778448
6.850759203737931
6.964527653661906
7.074952430117787
7.182185455158788
7.286372029592753
7.387652011201446
7.486158552753118
7.582016997658507
7.675347803167236
7.766264217483438
7.8548712058712695
7.941270095864275
8.025552898522342
8.107809953226816
8.18812249598236
8.266567587177898
8.343219725233704
8.418148627563925
8.49141286689595
8.563076149566026
8.63319217200601
8.701815510497966
8.768993414434364
8.834776083973532
8.899202592486755
8.962323316429455
9.024157783126139
9.084758591870619
9.14415646942438
9.202388745706406
9.259475589516802
9.315453806896848
9.370352658563665
9.424188462643755
9.477000812032218
9.528811389006817
9.579631226345816
9.62949478755721
9.678425038439828
9.72643998287621
9.773546258115509
9.819791445292605
9.865155471341724
9.909699169811628
9.953408875452752
9.99630684587063
10.038412295558434
10.079764648691745
10.120360798675003
10.160198071297328
10.199316995821533
10.2377269018717
10.275417791465241
10.312450057798864
10.348799816411644
10.38448885958772
10.41953634620865
10.4539676147904
10.48773807448054
10.520945618279917
10.553533772283874
10.585549260586381
10.616989705836147
10.647877125688984
10.678175882567412
10.707990125107608
10.737257963692219
10.765989495248924
10.794247364321365
10.821962781075191
10.849229157665402
10.876005442078203
10.902311249842128
10.928132150888988
10.953520703151852
10.978487455767889
11.003015918805481
11.027039888339804
11.05074640999142
11.07404336727537
11.096852030780301
11.119345891102723
11.141404244554288
11.163131095503532
11.184470393457199
11.205432391388555
11.22604067384805
11.246333904662025
11.266216340645066
11.285820588106448
11.305080800183678
11.323992363953563
11.342624252531955
11.3609240006373
11.378899931032825
11.396584499723165
11.414027571207978
11.431082234286981
11.447952763369901
11.464526646673884
11.480776283715173
11.496857755035306
11.512554164469293
11.528016160974799
11.543242265191317
11.558243655591776
11.572986948692096
11.587508551819942
11.60177840488225
11.615842585830114
11.629665408180044
11.643269934111135
11.656635994918034
11.669810100279427
11.682778595211369
11.695502667472187
11.708068423354234
11.720484425748786
11.732557645982766
11.744524440883982
11.756321630631817
11.767925987552365
11.77934711000844
11.790593519811818
11.801644698293922
11.812538325703503
11.82324441179254
11.83375470659069
11.844238770380862
11.854450153065716
11.864616020223872
11.874487371768462
11.884215903948533
11.893881746700794
11.903392353135096
11.912733575188804
11.92191411166425
11.930959957282651
11.939926493982512
11.94875622669979
11.957388878034967
11.965968387385722
11.97438699923544
11.982494692650677
11.990830118951935
11.998766562029942
12.006698234990083
12.014418572107
12.022229664937639
12.029745223040846
12.037361693184573
12.04459646379173
12.051942288904547
12.059130350894199
12.066030419164377
12.073075705544127
12.080026445431157
12.086746862806601
12.093431537765753
12.09993564869202
12.106463940072496
12.11269396287145
12.119091202244638
12.125242956741445
12.13142021239658
12.137438212785515
12.14330224897263
12.149236659339074
12.155108410149063
12.16076906424272
12.166574202706924
12.171969592318701
12.177320289019722
12.18286770591495
12.188043116278642
12.193318272923474
12.198543240590226