528.9117140143921
528.8506801322233
528.7491203225452
528.6072766304292
528.4255124650288
528.2042334557459
527.9439713841488
527.6453509980875
527.3090109892897
526.9357506400523
526.5263860658972
526.0817495421668
525.6029588776427
525.0908346716591
524.5464627654476
523.970923742786
523.3653129945278
522.7307554974527
522.0683904836463
521.3793682129128
520.6648371800696
519.9259609244725
519.1638902146068
518.3797630709695
517.5747178670391
516.749860867817
515.9062855039555
515.0450641078767
514.1672349230093
513.2738428023054
512.365853297342
511.4442424254004
510.50993855189915
509.56384017206426
508.60681947008527
507.6397131972936
506.6633203182504
505.6784133861561
504.68573177304427
503.6859831601672
502.6798408422965
501.66795375969343
500.65093307063705
499.6293688445203
498.6040291558271
497.5747995100677
496.5428277217119
495.5083743955108
494.47189149362623
493.43380648592716
492.39452194815476
491.35442239389204
490.31386702357054
489.27319530170956
488.2327208865157
487.1927664467828
486.1535936235284
485.11547920675184
484.07865971728097
483.0433983516407
482.00988921352985
480.97834685884493
479.9489603138477
478.92190722390507
477.89737294278507
476.87550882770597
475.85645498043255
474.84033866265054
473.8272894160791
472.81743340350397
471.8108772764268
470.80770539364084
469.80802716063545
468.8119187647857
467.819461585068
466.8307202307635
465.8457679676847
464.86466435280096
463.88744898018956
462.9141767055981
461.9448995909697
460.9796767329849
460.0184535834742
459.0613546911386
458.1083583119763
457.15952267769273
456.2148298306645
455.2743208435361
454.3379927907399
453.4058593445386
452.47793112644416
451.55421268176383
450.6346912250136
449.71940759470675
448.8083172239842
447.9014266412529
446.99873819635377
446.1002407615392
445.20592430755414
444.3157790912366
443.42979143251756
442.5479521161624
441.67023824951787
440.7966469146246
439.9271516863348
439.061735741354
438.200363992139
437.34307196176337
436.48978199856913
435.6404947395004
434.79518967158066
433.95384024804036
433.11642535320243
432.28292192998015
431.45329552709177
430.6275546084114
429.8056424087532
428.9875447006748
428.17324508591355
427.3626910473006
426.55588728773444
425.7527891663864
424.953380593221
424.1576311112696
423.3655168556326
422.577008529697
421.79197239642326
421.0107098746155
420.2328686070461
419.4585229785929
418.6876511401538
417.920231030589
417.1562360881503
416.3956340737988
415.6384009742628
414.88451055514616
414.1339375149399
413.38664971387084
412.64263791601786
411.9018603740492
411.16429441763995
410.4299228469475
409.6987210701274
408.9706399235393
408.24568098710256
407.52381318930446
406.805398799765
406.08966118330716
405.37693152544097
404.6671892749898
403.9604079691579
403.25656652736234
402.55564031320773
401.8572589696708
401.16213775467
400.46989908423456
399.78049210783047
399.0939072981769
398.4101228815482
397.7291225141819
397.05088609924456
396.37539550220316
395.7026328066804
395.03258354184265
394.3652293605865
393.70055927125776
393.0385497590868
392.37919681796893
391.7224839421911
391.06839369277975
390.416935378374
389.768080796378
389.12171648804923
388.4781750969515
387.83711436877593
387.1986427853865
386.56276186891375
385.9294729335955
385.29881705028646
384.67069024508936
384.04522713620736
383.4223885023313
382.8021987077251
382.1846831979308
381.56985700838305
380.9577893686842
380.34848635655476
379.7420074131088
379.13840758579636
378.53775122819775
377.94011550014307
377.34557745562995
376.75423213128107
376.166180401032
375.5815468379819
375.0004511769525
374.423027931661
373.84941910678026
373.279772480736
372.71423061043606