1.402594208117593
1.4024767951842103
1.4022814473308411
1.4020086348398952
1.4016590976579075
1.4012336444239204
1.4007333523980277
1.4001594379042597
1.39951326765599
1.3987963687430545
1.398010395076597
1.3971571655167965
1.396238459474369
1.3952563755107337
1.3942129161473324
1.3931102513535898
1.3919505513840158
1.390736052488716
1.3894690255871722
1.3881517341573297
1.3867864646126336
1.3853755064945452
1.3839211340115891
1.3824255923219442
1.3808911012081535
1.3793198398818909
1.3777139570944423
1.376075533426925
1.3744066130525092
1.3727091861744105
1.37098516713371
1.3692364289660546
1.3674647609812352
1.3656719001430522
1.3638595115882026
1.3620291986380875
1.3601824867675925
1.3583208677488898
1.3564457182053713
1.354558390770102
1.3526601559115154
1.350752225773549
1.3488357859426983
1.346911822872895
1.3449814906664153
1.3430457261465594
1.3411054542413001
1.3391615614982688
1.3372148639612824
1.3352661446167389
1.3333161372247035
1.3313655379726304
1.3294149839609313
1.3274650929095277
1.3255164058132427
1.3235695294790057
1.3216249149275552
1.3196829891257178
1.3177442434586955
1.3158090695347955
1.3138778334619938
1.3119508800383872
1.3100285704682353
1.308111151108232
1.306198995413591
1.3042922682858056
1.3023912156912867
1.3004961230722267
1.2986071237391512
1.2967244210719215
1.2948481832557115
1.29297855853844
1.2911156907284036
1.289259700880725
1.2874106962132434
1.2855687754779765
1.2837340348553083
1.281906541453921
1.2800864721078435
1.278273579430366
1.2764682166718195
1.2746703258999892
1.2728799343960837
1.271097071637913
1.2693217228845821
1.2675540027090964
1.2657938169177054
1.264041201088621
1.2622961526211394
1.2605586623576435
1.2588287168689645
1.2571062946210723
1.2553913196397881
1.2536839672712734
1.2519839773100998
1.2502914207226123
1.24860625201682
1.2469284311089734
1.2452579171843734
1.2435946788711671
1.2419386661370033
1.2402898215020794
1.2386480928915378
1.2370134755098232
1.2353858498941437
1.2337652376670107
1.2321515256148348
1.230544677046911
1.2289446326124407
1.227351349647725
1.2257647517400199
1.224184785302888
1.2226113925061761
1.2210445101387786
1.2194840486546639
1.2179300400790607
1.216382328460956
1.2148408799804087
1.2133056653960723
1.2117765272120509
1.2102534961991982
1.2087364781969592
1.2072254033261078
1.205720225949639
1.2042208659504212
1.2027272655885837
1.2012393611988377
1.1997570907133936
1.1982803562153332
1.196809166668242
1.195343455296737
1.1938830797524753
1.192428053967089
1.1909782742975519
1.1895336932653124
1.1880942495012439
1.1866598871671141
1.1852305385755382
1.183806149943018
1.1823866609716454
1.1809719919548411
1.179562128673854
1.1781569894478903
1.1767565204595236
1.1753606637444822
1.1739693796191493
1.172582587190242
1.1712002420253633
1.1698236840551945
1.168450088923816
1.167080750220169
1.16571427519684
1.164353391688029
1.162996643616238
1.1616439979960669
1.1602953987487798
1.158950802780855
1.1576101869997175
1.1562734468885119
1.154940602094546
1.1536115943946779
1.1522863861453452
1.1509649376357196
1.1496472202980779
1.1483331985853822
1.1470228434761927
1.1457161258217297
1.144413023496536
1.143113515025138
1.141817559998776
1.1405252078464068
1.1392363883124987
1.1379511086170493
1.1366693728284605
1.135391182916398
1.1341165480793935
1.1328454874615261
1.1315780231912866
1.1303141881716563
1.1290540194797187
1.1277976334349622
1.1265449302786557
1.1252961426127897
1.1240513116030868
1.1228105079189068
1.1215739748880797
1.1203417438196772
1.1191140276344145
1.1178910234673174
1.1166728954362852
1.1154600808308748
1.114252702962223
1.1130511007507076
1.1118556783022562
1.11066681464856
1.1094849362002777
1.1083104998139137
1.1071439881520555
1.1059858989283238
1.1048367379288073