1.3367829420508535
1.3366667512861345
1.3364734626961468
1.3362035349802839
1.3358576787687504
1.3354367604867379
1.3349417982431702
1.3343740424315949
1.3337348601651418
1.333025773609497
1.332248438343452
1.3314046341797747
1.3304962547022634
1.3295252826287494
1.328493768234444
1.3274038968182844
1.3262577838924903
1.3250577537496395
1.3238059978967898
1.322504812284072
1.321156496531578
1.319763311208274
1.3183275747215788
1.3168514923493941
1.3153373067777292
1.3137871983706342
1.3122032952893685
1.3105877042300218
1.3089424649710628
1.3072695636660474
1.3055708715189926
1.303848466332919
1.302103820259626
1.3003388906990363
1.298555253612406
1.296754616254755
1.2949384153661503
1.2931081479934032
1.2912652220393355
1.2894109763614243
1.2875466830157318
1.2856735621641393
1.2837927672021288
1.2819053972567094
1.2800124818113408
1.2781150020885998
1.276213901399928
1.2743101556773329
1.2724042716516406
1.2704973469265923
1.2685900328695598
1.2666829980729897
1.2647768718846533
1.2628723211689743
1.2609699101567107
1.2590701302616583
1.2571735061125509
1.2552805083475445
1.2533915707501557
1.2515071029874716
1.249627486445948
1.2477530715487894
1.2458841578433322
1.2440211380594812
1.2421642073627805
1.2403136458339368
1.2384697030615806
1.236632596273597
1.234802533240512
1.2329796758261053
1.2311642342340756
1.2293563339021165
1.2275560971707873
1.22576371967422
1.223979249216896
1.222202811747102
1.2204344962134672
1.2186743837457619
1.2169225448950352
1.2151790417081654
1.2134439249384668
1.2117172439788915
1.2099990319570106
1.2082893230029284
1.2065881276710893
1.204895476491659
1.2032113759654401
1.2015358302113155
1.1998688411363316
1.1982103937049553
1.1965605548180982
1.1949191384827669
1.193286274296792
1.1916619222350635
1.1900460152769783
1.1884385543074258
1.1868394988781135
1.18524882831276
1.1836664930163046
1.182092460884405
1.1805266938596317
1.1789691458160851
1.1774197786246312
1.1758785430973049
1.1743453940424422
1.172820280402743
1.1713031610065396
1.1697939751628101
1.1682926782285663
1.1667992150685862
1.1653135332235685
1.163835579677264
1.162365297490098
1.1609025991102675
1.159447533323215
1.157999938495893
1.1565597938674312
1.1551270424691507
1.153701609514229
1.1522834936977215
1.1508725798595536
1.1494688366011094
1.148072199626286
1.1466826150117346
1.145300016772431
1.1439243728213644
1.1425555916161545
1.1411936712795634
1.139838505197428
1.1384900212953126
1.1371482185897364
1.1358130183371795
1.1344843684546588
1.1331622162623844
1.1318464979283367
1.1305371695163915
1.129234184515998
1.1279374659335273
1.126646986246118
1.1253626857057655
1.1240845158526795
1.122812425557667
1.1215463625790492
1.1202862838174645
1.1190321398086973
1.1177838853293662
1.1165414653749874
1.1153048504499283
1.1140739837031712
1.1128488257722138
1.111629335043499
1.1104154708307192
1.109207189427039
1.1080044545168564
1.1068072264825668
1.1056154714667423
1.1044291524757006
1.1032482346753545
1.1020726805596834
1.100902476152929
1.0997375759637884
1.0985779606782142
1.0974235983065064
1.0962744708244374
1.0951305551075903
1.0939918334944085
1.0928582901172161
1.091729909962264
1.0906066834551786
1.0894886061256224
1.0883756717599764
1.0872678783507141
1.0861652352829467
1.0850677587376498
1.0839754538510524
1.0828883459298955
1.0818064613861178
1.0807298340867828
1.0796585196686415
1.0785925584958367
1.0775320165834341
1.0764769685783728
1.0754275016338404
1.0743837176588824
1.073345739415631
1.0723136844462826
1.071287741949308
1.0702680328143304
1.0692548090645044
1.0682482790577936
1.0672486994084596
1.066256353974379
1.0652715588043984
1.0642946581312744
1.0633260358866072
1.062366089935764
1.0614152523105522
1.0604739665352179
1.0595426919648352
1.0586218831126994