32.941079859773076
32.93827468389275
32.933607775903695
32.92709659664385
32.91875734109045
32.9086185159577
32.89671003169221
32.883066671312775
32.867729923435235
32.85074571990069
32.832164098759606
32.812037179456645
32.79042335610274
32.76738327055561
32.74298032809703
32.71728155457844
32.69035421512699
32.66226848705742
32.63309558026776
32.602907624753584
32.571776808249936
32.539775440405926
32.506977033689274
32.47345226729619
32.43927231388129
32.404507066212524
32.36922431639354
32.333491536222105
32.29737389516929
32.26093464198105
32.2242355694727
32.18733662157914
32.15029549124557
32.113168663855475
32.07601047614394
32.03887268064719
32.00180496505513
31.96485297870234
31.928057368867343
31.89145406355417
31.855070780444798
31.81892824061812
31.783038225771133
31.747403787730445
31.71202958585348
31.67688394479759
31.64197357056671
31.60727349748665
31.57276264148118
31.53841762459311
31.504214220521472
31.47012720238511
31.436130452355584
31.402198961703647
31.368305734430127
31.334425076193092
31.300530575767297
31.266597206044896
31.232598513415027
31.198510096258445
31.16430597638921
31.12996117118606
31.09545207853418
31.060753624585367
31.025842213441916
30.990692830658325
30.95528353131701
30.919590446041013
30.883591039771247
30.84726281451859
30.810584176568845
30.773533693023538
30.73609078606092
30.69823507722083
30.659947003431498
30.62120802997814
30.582000304533693
30.542307285662012
30.50211268472321
30.461401764416024
30.42016196209945
30.37838040575044
30.3360468061638
30.293151878872255
30.2496879738292
30.205637203572998
30.16103359709086
30.11583689739502
30.070059597099114
30.023703295731774
29.97677280883429
29.92927339993245
29.88121310272348
29.832602141313043
29.78345226815786
29.733777438464877
29.68359411073755
29.632919265108136
29.581772636056638
29.53017468066161
29.478148316341866
29.425717110695842
29.372906260129405
29.319741400574607
29.26624974472113
29.212459309501806
29.15839871162412
29.104096654678987
29.049583137826794
28.994886730020475
28.940038578854136
28.8850687062967
28.830006360314407
28.774884424388723
28.719730127476467
28.66457391985174
28.609445055165992
28.554371470682202
28.499379484282187
28.44449359369947
28.389735910249897
28.335125623161034
28.280678585338762
28.226408132946965
28.172325619970557
28.118440289557388
28.06475496771236
28.01127838305543
27.958013059618278
27.90496175761043
27.85212672778839
27.799508870108966
27.747110779574786
27.694931931928
27.642972924429998
27.591234799183958
27.539717514849414
27.488421980522755
27.437348076125325
27.386496350510182
27.335868067573923
27.285461408216314
27.23527941922111
27.18532226450896
27.135590707323743
27.086085856914167
27.036808528234094
26.987760206713727
26.938942216671208
26.890355871321134
26.842002559198534
26.793884719295313
26.74600320983996
26.69835974630529
26.650956600714927
26.603795285147527
26.556879502666206
26.510205951437033
26.46378182881902
26.417607139985932
26.37168304875824
26.326012347788488
26.280596359706553
26.235438486354003
26.190535700448287
26.145894019296865
26.10151368643218
26.057395816587288
26.01354230736814
25.96995418825057
25.926632598725185
25.88357910215113
25.840793380055665
25.798274356703715
25.75603276844558
25.714059006609208
25.672356141919416
25.630927990076714
25.589771890813687
25.54888951162823
25.508281009215786
25.46794669526279
25.427886826203626
25.38810153025688
25.348591020522825
25.309355606852442
25.270394054356437
25.23170754170163
25.19329553680882
25.155157793351325
25.117294100901148
25.079704177537362
25.042387888109406
25.005345200473283
24.968574112135247
24.93207620883983
24.895850134305018
24.85989566150142
24.82421217873723
24.788799378722388