1.2901881971741935
1.290150552415864
1.290087877878353
1.2900003894341787
1.2898881731532106
1.2897515609345271
1.2895908107540326
1.2894062411104878
1.2891982510791538
1.2889672971559607
1.2887138031077023
1.2884382876248324
1.2881412806590125
1.287823355669146
1.2874850739996098
1.2871270658039013
1.2867499463572154
1.286354337898064
1.285940891632015
1.285510226460852
1.2850630107567456
1.284599870387052
1.2841214359611581
1.2836283372736803
1.2831211625445151
1.2826005219360646
1.2820669558589934
1.2815210316441412
1.2809632687502441
1.280394158847724
1.2798141711957856
1.2792237555729487
1.278623299461186
1.2780131928945302
1.2773937974032363
1.2767653978398308
1.2761282963165637
1.2754827299661526
1.274828911391539
1.2741670209138243
1.2734971998593858
1.272819569191313
1.2721342058847513
1.2714411654251208
1.270740461789247
1.270032108271042
1.2693161354583138
1.2685923064051232
1.267860768478669
1.2671213470952571
1.2663739923943824
1.265618571352019
1.264854963277893
1.264083053540639
1.2633026971009815
1.2625137732796805
1.261716110875531
1.2609095802489723
1.26009401338708
1.2592692640463783
1.2584351644739482
1.2575915641681943
1.2567383066359352
1.2558752363152725
1.2550022058316097
1.2541190616169637
1.253225661015745
1.2523218645338177
1.2514075411399723
1.2504825610124766
1.249546827203873
1.2486002181954154
1.2476426333370605
1.2466739969404592
1.245694234427567
1.244703302380717
1.243701109433778
1.2426876753117235
1.2416629637252123
1.2406269748449812
1.2395797375914128
1.2385212898783016
1.237451688404888
1.2363710036906332
1.235279333557052
1.234176813532242
1.2330635505293652
1.2319397328511896
1.2308055183594966
1.2296611074135781
1.2285067279228084
1.227342610856563
1.226169007868101
1.2249862043924222
1.2237944719447975
1.2225941276460117
1.2213855035794723
1.2201689106763707
1.2189447075254847
1.2177132449528374
1.2164748640736727
1.2152299579999783
1.2139809470061138
1.212722041632095
1.211459786502756
1.2101924798588228
1.208920528061394
1.2076442882068295
1.2063641115730364
1.205080350926469
1.2037933438867887
1.2025034397407817
1.2012109345559132
1.199916133069895
1.1986193140539658
1.197320713133772
1.1960205895980416
1.1947191189565332
1.1934164870785602
1.192112708396222
1.190808237141832
1.1895028149415052
1.18819665434728
1.1868898116116051
1.185582445264639
1.184274352150974
1.1829658784845345
1.1816570000103654
1.1803478039182695
1.1790383677448055
1.177728785425843
1.1764191341958297
1.1751095221681718
1.1738000374824393
1.1724907885983307
1.1711818813000539
1.1698734314410406
1.168565551474518
1.1672583655526303
1.1659520064952642
1.16464659483981
1.1633422843569812
1.1620392164972548
1.160737538937052
1.15943740211609
1.1581389781318587
1.1568424158763282
1.155547898628937
1.1542555957226313
1.1529656754738407
1.1516783274883442
1.1503937242377336
1.1491120628389053
1.147833509488202
1.1465582604860092
1.145286491129625
1.144018397912829
1.142754155195504
1.1414939492821472
1.14023794952048
1.1389863439394328
1.1377392943675415
1.1364969849743862
1.1352595653492736
1.1340272059657952
1.1328000468992725
1.1315782811632242
1.1303620062486928
1.1291513965577944
1.1279465851704151
1.1267476905617642
1.1255548434240923
1.1243681667346361
1.1231877721328587
1.1220137735433366
1.120846271054504
1.1196853621516452
1.1185311544200023
1.1173837207891466
1.1162431536138264
1.1151095336852845
1.113982925006854
1.1128634096995238
1.1117510487698394
1.1106459097607373
1.1095480454335087
1.108457508772265
1.1073743581837978
1.1062986382525082
1.1052303926002451
1.1041696601524766
1.1031164870946821
1.1020709039072418
1.1010329489787034
1.1000026502716735
1.0989800398845295
1.0979651424750365
1.0969579889307346
1.0959586020449614
1.0949670025242102