1.323468428927752
1.3233948398185404
1.3232722270769486
1.3231005940801075
1.3228799680766479
1.3226103877697086
1.3222918867995355
1.3219246383917829
1.3215085887247258
1.3210440325541244
1.32053110501228
1.3199700667477592
1.3193611894819575
1.3187048326997517
1.3180014066570649
1.3172514134628706
1.3164553948901467
1.3156139896136556
1.3147279136905619
1.3137979738236365
1.3128250213396202
1.311809956937064
1.3107538196923607
1.3096576708035852
1.3085226329035984
1.3073499329053357
1.3061407065224782
1.3048962612362685
1.3036178891400463
1.3023068764306236
1.3009645463690012
1.2995921772826275
1.2981910717042033
1.296762523629556
1.295307807507438
1.2938281829787215
1.2923249751785855
1.2907995029157646
1.2892532443905165
1.287687737001265
1.286104689172189
1.2845059762149784
1.2828935928120981
1.2812696188519461
1.2796361250355521
1.2779952060373438
1.27634876723698
1.2746986368851405
1.273046474082343
1.2713937119910284
1.2697416515910487
1.2680913610431774
1.2664437563746438
1.2647996180293077
1.263159526177711
1.2615239561483358
1.2598932491225265
1.2582676370303043
1.256647248523575
1.255032130943001
1.2534221134200771
1.2518174798882746
1.250217669799699
1.2486225994716282
1.2470319974666935
1.2454455546385348
1.2438629382109438
1.2422837798058661
1.2407076795633565
1.2391342393100633
1.2375630419577999
1.2359936469484825
1.2344256269757978
1.2328585431569985
1.231291969344431
1.2297254635267787
1.2281586250489245
1.2265910523073436
1.2250223361951351
1.2234521304874573
1.221880083607085
1.2203058816948127
1.2187292250928103
1.2171498592277799
1.21556754221097
1.213982099908557
1.212393351254261
1.210801190804102
1.2092055307775327
1.2076063114680216
1.2060035624643917
1.20439727655585
1.202787555894574
1.2011745118107806
1.1995582773865392
1.197939045007846
1.1963170478709133
1.1946925248532556
1.1930657578017783
1.191437054578661
1.1898067528465308
1.1881752065862399
1.1865427880771644
1.1849099034190187
1.1832769418968794
1.181644316391775
1.1800124748663214
1.1783818032055107
1.1767527615520932
1.1751257667795865
1.1735012492489263
1.171879626151875
1.1702613082567965
1.1686467082802532
1.1670362022950922
1.1654301477230968
1.1638288948196258
1.1622327456010373
1.1606419377380732
1.159056704159894
1.1574771907235606
1.1559035052470363
1.1543357186140057
1.1527738756315082
1.1512179903701778
1.1496680932352825
1.1481241792596513
1.14658626716164
1.1450543655527972
1.1435284963595216
1.1420086920912964
1.140494974945442
1.1389873957275638
1.1374860092992862
1.135990875544705
1.1345020616654584
1.1330196588185408
1.1315437574613734
1.1300744554425257
1.1286118667120797
1.1271561075213854
1.1257073392579695
1.1242656014099295
1.1228311343357977
1.1214040548745625
1.119984517889531
1.1185726814115144
1.1171687127293857
1.1157727794820447
1.1143850448282355
1.11300568596914
1.1116348715894337
1.1102727708373885
1.1089195521643291
1.1075753884668496
1.1062404307846627
1.1049148509929698
1.1035988001048966
1.1022924344667409
1.1009958758611262
1.0997092840371396
1.09843279870937
1.0971665001398765
1.0959105466956593
1.0946650360058294
1.0934300635491312
1.092205726259675
1.09099209823708
1.089789273267212
1.0885973183167077
1.0874162864660517
1.0862462305778526
1.0850871960810584
1.0839392285637641
1.082802352125496
1.081676588998274
1.0805619608162744
1.0794584817245962
1.078366146094999
1.0772849662907633
1.0762149239972847
1.0751560131527917
1.074108216754445
1.073071509216134
1.0720458732843843
1.0710312728655165
1.0700276722696087
1.069035045611453
1.0680533468365885
1.0670825300726496
1.0661225536543264
1.065173371234812
1.0642349322802567
1.0633071802627105
1.062390077706237
1.061483553392449
1.0605875580341142
1.0597020369913461
1.0588269877497585
1.0579621839095592