18.482799
18.479546
18.479713
18.477154
18.47273
18.467122
18.460326
18.452345
18.443183
18.432844
18.421332
18.408658
18.394815
18.37982
18.363676
18.346392
18.327974
18.308431
18.287771
18.266003
18.243142
18.219185
18.194151
18.168051
18.140895
18.112694
18.08346
18.053205
18.021942
17.989684
17.956443
17.922232
17.887066
17.850959
17.813924
17.775976
17.737129
17.697398
17.656799
17.615345
17.573053
17.529938
17.486015
17.4413
17.395809
17.34956
17.302562
17.254836
17.206398
17.157263
17.107447
17.056967
17.005838
16.954077
16.9017
16.848723
16.795161
16.741031
16.686349
16.63113
16.575391
16.519147
16.462414
16.405207
16.347543
16.289435
16.2309
16.171953
16.112609
16.052883
15.992789
15.932343
15.871558
15.81045
15.749032
15.687318
15.625322
15.563059
15.50054
15.437781