1.33256719212802
1.3325868372762453
1.3326195678460313
1.3326653666939414
1.3327242095332124
1.3327960646706258
1.3328808926475963
1.332978645787178
1.3330892676663528
1.3332126924885834
1.333348844359185
1.3334976364581916
1.333658970106334
1.3338327337055622
1.3340188015685057
1.3342170325967544
1.334427268831498
1.3346493338458107
1.3348830309429305
1.3351281412348295
1.3353844214697592
1.335651601659455
1.335929382505405
1.3362174325629743
1.3365153851443878
1.3368228349624118
1.337139334443544
1.3374643897647005
1.33779745655983
1.3381379352735563
1.338485166231548
1.3388384243428462
1.3391969137683355
1.3395597617886785
1.339926013459267
1.3402946255843329
1.3406644618329202
1.3410342880528523
1.3414027696980346
1.3417684718911724
1.3421298638975063
1.3424853307766393
1.3428331965248246
1.343171765442704
1.3434993928117567
1.3438146039884873
1.344116293210093
1.3444040609399937
1.3446787949588774
1.3449437034328295
1.3452062260339872
1.3454817587441072
1.3458013863195393
1.3462289601894124
1.3468973042689742
1.3479792117911698
1.3479878710307434
1.3443866917993963
1.3395334585641887
1.334644965519972
1.3300136843195605
1.3257032421459547
1.3217117689250435
1.3180173116391722
1.314592776516891
1.3114112701824319
1.308447979790787
1.3056806696252743
1.3030897025232049
1.30065781742528
1.2983698622398823
1.2962125296133364
1.294174099354241
1.2922442263268574
1.290413792769081
1.2886745088876572
1.2870192654839845
1.285441496489942
1.2839353858990696
1.2824956741605662