1.3368196584643748
1.3368475777135393
1.3368941298685997
1.3369593450530546
1.3370432655737798
1.3371459459496835
1.3372674530624962
1.3374078663164122
1.33756727777363
1.3377457923844491
1.337943528223387
1.338160616735533
1.3383972030402762
1.3386534462711448
1.338929519928285
1.3392256122914696
1.3395419268529465
1.339878682808286
1.3402361155778801
1.3406144773774686
1.3410140378558804
1.3414350847563268
1.3418779246584889
1.3423428837652418
1.3428303087516689
1.3433405677148407
1.3438740511576648
1.344431173068291
1.3450123721081877
1.3456181128208797
1.3462488870551859
1.3469052153350276
1.3475876484858331
1.348296769253223
1.3490331940563765
1.3497975748551103
1.3505906010509205
1.3514130013674537
1.352265545744258
1.3531490469826262
1.354064361948316
1.3550123920993473
1.3559940826056889
1.357010419346644
1.358062422190449
1.3591511325070427
1.3602775912450262
1.3614428017484759
1.3626476683615052
1.3638928955817393
1.3651788232005972
1.3665051553427476
1.3678705097290997
1.369271651057144
1.3707021392871095
1.372149815296735
1.3735917585097233
1.3749831000627513
1.3762286223987796
1.3770949374997135
1.3183774716003258
1.3024498967693372
1.291464894063695
1.2821757355685337
1.2738780861420795
1.2662803726992717
1.259226760605365
1.2526204473435159
1.2463949823055607
1.2405014587495795
1.2349020426871102
1.2295663623231394
1.2244693875393737
1.2195900370149855
1.2149102800036768
1.2104144931475942
1.2060889997409685
1.2019217324287006
1.197901961131745
1.1940200773908585