1.3325775402183195
1.3325973568542604
1.3326303741978476
1.3326765765585904
1.3327359416288473
1.3328084402295333
1.3328940359168318
1.3329926844601117
1.333104333266689
1.333228920675599
1.3333663751285876
1.3335166142194774
1.3336795436100495
1.3338550557568492
1.3340430285178644
1.334243323499701
1.3344557842506906
1.3346802341873365
1.3349164741569028
1.3351642798947463
1.3354233988529927
1.3356935467927644
1.335974403825265
1.336265609861839
1.3365667594211397
1.3368773956384488
1.3371970033180243
1.3375250008986412
1.337860730996955
1.3382034493602208
1.3385523118133706
1.3389063586994792
1.3392644962782911
1.3396254742564828
1.3399878584760714
1.340349997411475
1.3407099802832585
1.3410655853078013
1.3414142132409497
1.3417528023613787
1.3420777175410206
1.3423846032053801
1.342668184917044
1.3429219961187966
1.3431379929074345
1.343305996531846
1.3434128610299805
1.3434411847877432
1.3433672284923879
1.3431573682612066
1.34276165040494
1.342101070709933
1.3410396097385475
1.3393131012162467
1.3363086334714414
1.3302451555263768
1.3180315296997367
1.304994732288185
1.294248451942728
1.2849865131619063
1.2766961652226572
1.2691122709093232
1.262081133123252
1.255503810192351
1.2493113287053312
1.2434526740706908
1.2378884117829398
1.2325870237958867
1.2275226635863314
1.2226737126655585
1.2180217933041835
1.2135510817541098
1.209247811368007
1.2050998880747337
1.201096614039852
1.197228461444257
1.1934868951644462
1.1898642305658156
1.1863535172172388
1.1829484429630504